Date	Open	High	Low	Close	Volume	Date
<<<<<<< HEAD:data/raw/7703.txt
2023/12/21 	121.89627148104202	143.13577333001146	121.89627148104202	135.28639221191406	249019	2023/12/21 
2023/12/22 	133.90121624033938	135.2864012359291	123.74319293934812	128.82220458984375	143465	2023/12/22 
2023/12/25 	128.82220507170024	131.5925750732422	128.36047673810992	131.5925750732422	50418	2023/12/25 
2023/12/26 	131.59258254030917	131.59258254030917	129.74566910114694	130.2073974609375	22608	2023/12/26 
2023/12/27 	130.20739222935268	130.6691205705915	128.82220720563615	129.283935546875	40400	2023/12/27 
2023/12/28 	129.74566687607185	135.28640709853755	129.74566687607185	132.5160369873047	71759	2023/12/28 
2023/12/29 	133.43948888614824	134.36294555664062	132.51603221565588	134.36294555664062	79810	2023/12/29 
2024/01/02 	134.3629429258149	134.82467125202047	132.97775794719826	133.90121459960938	57440	2024/01/02 
2024/01/03 	132.97775532547578	133.90121195968047	132.97775532547578	133.43948364257812	9200	2024/01/03 
2024/01/04 	133.90120930141873	133.90120930141873	132.05429606967502	132.97775268554688	27201	2024/01/04 
2024/01/05 	132.97776533917684	133.43949369104897	132.5160369873047	132.5160369873047	6160	2024/01/05 
2024/01/08 	132.97776007401316	133.43948840760348	131.5925750732422	131.5925750732422	20994	2024/01/08 
2024/01/09 	129.2839229488712	129.7456512451172	128.82219465262526	129.7456512451172	16825	2024/01/09 
2024/01/10 	129.2839229488712	129.7456512451172	129.2839229488712	129.7456512451172	10193	2024/01/10 
2024/01/11 	129.74566431645746	132.05430603027344	129.28393597369427	132.05430603027344	42240	2024/01/11 
2024/01/12 	131.1308414742298	132.05429810433	130.6691131591797	130.6691131591797	3040	2024/01/12 
2024/01/15 	130.6691131591797	130.6691131591797	130.6691131591797	130.6691131591797	0	2024/01/15 
2024/01/16 	132.97776533917684	132.97776533917684	132.05430863543256	132.5160369873047	21710	2024/01/16 
2024/01/17 	132.97776533917684	132.97776533917684	132.05430863543256	132.5160369873047	8550	2024/01/17 
2024/01/18 	131.5925724405638	132.05430076491666	131.13084411621094	131.13084411621094	15490	2024/01/18 
2024/01/19 	131.5925697892799	131.5925697892799	130.2073848441296	130.6691131591797	19042	2024/01/19 
2024/01/22 	132.0543034068325	132.0543034068325	131.13084673965187	131.5925750732422	7860	2024/01/22 
2024/01/23 	130.66911840606153	131.5925750732422	130.66911840606153	131.5925750732422	6361	2024/01/23 
2024/01/24 	131.13084411621094	131.13084411621094	131.13084411621094	131.13084411621094	400	2024/01/24 
2024/01/25 	131.13084411621094	131.13084411621094	130.66911579185808	131.13084411621094	3250	2024/01/25 
2024/01/26 	130.66911579185808	131.13084411621094	129.28393081879952	131.13084411621094	7977	2024/01/26 
2024/01/29 	131.13084411621094	131.13084411621094	130.66911579185808	131.13084411621094	8310	2024/01/29 
2024/01/30 	129.74565652907947	130.6691131591797	129.74565652907947	130.6691131591797	22155	2024/01/30 
2024/01/31 	130.66911579185808	131.13084411621094	130.66911579185808	131.13084411621094	16550	2024/01/31 
2024/02/01 	131.13084779302758	154.21726465799722	130.66911945572818	153.29380798339844	277271	2024/02/01 
2024/02/02 	154.21727421598615	155.1407309478184	144.98270689766363	146.82962036132812	136634	2024/02/02 
2024/02/05 	147.75306384784346	147.75306384784346	143.13578060259835	144.52096557617188	30414	2024/02/05 
2024/02/15 	146.8296103477478	149.1382520198822	146.36788201332092	147.75306701660156	150831	2024/02/15 
2024/02/16 	152.37035175752357	156.9876351441152	152.37035175752357	156.06417846679688	94794	2024/02/16 
2024/02/19 	155.60244691636828	167.1456551445855	153.75553359985352	166.22219848632812	173323	2024/02/19 
2024/02/20 	167.14565952845982	171.7629429408482	155.14072265625	161.60491943359375	203932	2024/02/20 
2024/02/21 	160.6814610700528	166.68392944335938	159.75800439723642	166.68392944335938	75904	2024/02/21 
2024/02/22 	167.14564767155622	181.920953543075	166.2221910545863	178.2271270751953	261022	2024/02/22 
2024/02/23 	180.07403966000206	184.69132272820724	173.6098433645148	175.45675659179688	173859	2024/02/23 
2024/02/26 	178.22714272323918	183.7678829115264	178.22714272323918	180.9975128173828	108658	2024/02/26 
2024/02/27 	177.76540080393394	183.7678688830278	174.53330260749877	175.91848754882812	93139	2024/02/27 
2024/02/29 	176.3802132054379	177.30366981907895	173.6098433645148	175.45675659179688	51309	2024/02/29 
2024/03/01 	174.53329997815584	177.76539812589945	174.53329997815584	175.45675659179688	66407	2024/03/01 
2024/03/04 	176.38022375106812	178.22713708877563	173.60985374450684	177.30368041992188	68923	2024/03/04 
2024/03/05 	178.68886761426296	179.1505959543515	174.53331255346615	174.9950408935547	67783	2024/03/05 
2024/03/06 	176.38021384125545	179.6123120006502	175.45675722428552	178.2271270751953	91939	2024/03/06 
2024/03/07 	178.68887329101562	179.15060164577275	177.30368822674419	178.68887329101562	29495	2024/03/07 
2024/03/08 	178.6888589395059	178.6888589395059	169.9160209037162	170.8394775390625	85163	2024/03/08 
2024/03/11 	169.4543003767489	172.68639874905747	169.4543003767489	172.22467041015625	9437	2024/03/11 
2024/03/12 	172.22466567466998	175.45676395810884	170.37775236984777	174.0715789794922	28524	2024/03/12 
2024/03/13 	174.99504044356357	176.38022546026724	171.76294207125503	172.22467041015625	30240	2024/03/13 
2024/03/14 	171.762939453125	171.762939453125	170.37775445753527	171.762939453125	17054	2024/03/14 
2024/03/15 	172.68639080975507	172.68639080975507	170.37774922138937	170.8394775390625	17242	2024/03/15 
2024/03/18 	170.8394775390625	170.8394775390625	170.8394775390625	170.8394775390625	0	2024/03/18 
2024/03/19 	169.9160235217318	171.76293682088107	169.9160235217318	171.30120849609375	7048	2024/03/19 
2024/03/20 	172.22466514566838	172.22466514566838	169.9160235217318	171.30120849609375	4294	2024/03/20 
2024/03/21 	170.83948017130643	171.30120849609375	170.37775184651912	171.30120849609375	17050	2024/03/21 
2024/03/22 	171.762939453125	172.68639611685148	171.762939453125	171.762939453125	30293	2024/03/22 
2024/03/25 	171.762939453125	171.762939453125	171.762939453125	171.762939453125	0	2024/03/25 
2024/03/26 	171.762939453125	171.762939453125	171.762939453125	171.762939453125	0	2024/03/26 
2024/03/27 	174.9950408935547	174.9950408935547	173.6098558732891	174.9950408935547	9580	2024/03/27 
2024/03/28 	174.99504309669535	175.45677144259693	171.76294467538435	172.6864013671875	20247	2024/03/28 
2024/03/29 	171.30121327745817	171.76294161513326	168.53084325140765	169.4542999267578	62218	2024/03/29 
2024/04/01 	170.37775880592304	170.37775880592304	167.14566040039062	167.14566040039062	39999	2024/04/01 
2024/04/02 	168.53084625407337	173.60985805899065	167.6073895622702	172.6864013671875	63145	2024/04/02 
2024/04/03 	172.68639400087554	174.53330730569772	171.3012090222589	174.0715789794922	123199	2024/04/03 
2024/04/08 	174.07157949741455	180.99750441110476	173.6098511698352	176.84194946289062	98459	2024/04/08 
2024/04/09 	176.8419489367255	176.8419489367255	173.60985065328663	174.0715789794922	45036	2024/04/09 
2024/04/10 	173.6098439903457	179.15058369216524	173.6098439903457	178.2271270751953	97701	2024/04/10 
2024/04/11 	177.30367726293102	177.76540558913658	172.68639400087554	174.0715789794922	66323	2024/04/11 
2024/04/12 	174.53331298828124	177.76541137695312	173.60985630580356	177.76541137695312	79068	2024/04/12 
2024/04/15 	177.30366981907895	177.30366981907895	174.53329997815584	175.45675659179688	21018	2024/04/15 
2024/04/16 	174.99504309669535	175.45677144259693	172.6864013671875	172.6864013671875	20390	2024/04/16 
2024/04/17 	175.45676660285423	175.45676660285423	173.60985327019262	174.53330993652344	31176	2024/04/17 
2024/04/18 	174.0715716713353	175.45675659179688	173.6098433645148	175.45675659179688	15153	2024/04/18 
2024/04/19 	174.53330944430445	175.4567661080309	171.762939453125	171.762939453125	38594	2024/04/19 
2024/04/22 	174.07157035495922	174.07157035495922	168.99255901834238	169.916015625	23311	2024/04/22 
2024/04/23 	169.91602612567203	171.762939453125	169.91602612567203	171.762939453125	10780	2024/04/23 
2024/04/24 	172.6864013671875	172.6864013671875	172.6864013671875	172.6864013671875	1122	2024/04/24 
2024/04/25 	171.762939453125	172.68639611685148	171.762939453125	171.762939453125	6534	2024/04/25 
2024/04/26 	172.22467302128592	173.60985805899065	172.22467302128592	172.6864013671875	11252	2024/04/26 
2024/04/29 	172.6864013671875	172.6864013671875	171.76294467538435	172.6864013671875	7353	2024/04/29 
2024/04/30 	172.22467041015625	172.22467041015625	172.22467041015625	172.22467041015625	3072	2024/04/30 
2024/05/02 	172.22466778498824	172.22466778498824	170.83948278939852	171.762939453125	9239	2024/05/02 
2024/05/03 	171.762939453125	171.762939453125	171.762939453125	171.762939453125	606	2024/05/03 
2024/05/06 	171.76294689643674	171.76294689643674	166.6839350258432	170.3777618408203	15392	2024/05/06 
2024/05/07 	170.37774392832878	170.37774392832878	168.53083071501356	169.916015625	6294	2024/05/07 
2024/05/08 	169.4542999267578	169.4542999267578	168.06911491373253	169.4542999267578	8636	2024/05/08 
2024/05/09 	169.45429730024495	169.45429730024495	168.0691123086898	168.99256896972656	11346	2024/05/09 
2024/05/10 	168.9925679352324	168.9925679352324	156.0641747598594	163.4518280029297	164084	2024/05/10 
2024/05/13 	163.91356709239247	168.53085067245985	161.60492530235877	168.06912231445312	47813	2024/05/13 
2024/05/14 	168.06910968937285	169.4542946593402	167.14565304272796	168.5308380126953	23171	2024/05/14 
2024/05/15 	168.9925737749806	168.9925737749806	167.14566040039062	167.14566040039062	10459	2024/05/15 
2024/05/16 	168.99256633601775	168.99256633601775	166.22219639608304	168.5308380126953	67417	2024/05/16 
2024/05/17 	168.99256633601775	169.4542946593402	168.06910968937285	168.5308380126953	8412	2024/05/17 
2024/05/20 	168.9925737749806	168.9925737749806	167.14566040039062	167.14566040039062	13227	2024/05/20 
2024/05/21 	167.60737814450397	167.60737814450397	163.45182331447495	165.29873657226562	21324	2024/05/21 
2024/05/22 	165.29873392227987	165.29873392227987	163.91354900114342	164.83700561523438	6832	2024/05/22 
2024/05/23 	164.83701514651236	164.83701514651236	159.29627514158756	161.1431884765625	54818	2024/05/23 
2024/05/24 	160.68146534455127	162.52837873931622	160.68146534455127	162.066650390625	8132	2024/05/24 
2024/05/27 	162.0666482046749	164.3752899169922	162.0666482046749	164.3752899169922	8577	2024/05/27 
2024/05/28 	164.3752773081889	166.22219053637082	164.3752773081889	164.83700561523438	19660	2024/05/28 
2024/05/29 	165.29873657226562	165.29873657226562	164.3752799433703	165.29873657226562	4107	2024/05/29 
2024/05/30 	165.76047015719942	166.22219848632812	164.83701349894204	166.22219848632812	23982	2024/05/30 
2024/05/31 	165.76047015719942	166.6839268154568	165.29874182807075	166.22219848632812	27622	2024/05/31 
2024/06/03 	166.22219320116096	166.68392151560863	164.3752799433703	165.29873657226562	26976	2024/06/03 
2024/06/04 	165.76048278808594	166.22221115239816	164.8370260594615	165.76048278808594	26509	2024/06/04 
2024/06/05 	165.2987444341348	166.68392944335938	165.2987444341348	166.68392944335938	16231	2024/06/05 
2024/06/06 	170.04642205036862	171.48749342367682	168.12499355262435	170.5267791748047	26869	2024/06/06 
2024/06/07 	168.6053514914079	169.08570861816406	168.12499436465177	169.08570861816406	8405	2024/06/07 
2024/06/11 	169.08571517020894	169.08571517020894	164.2821437165098	166.68392944335938	25281	2024/06/11 
2024/06/12 	166.6839246363998	166.6839246363998	164.7624961103318	166.2035675048828	20844	2024/06/12 
2024/06/13 	165.2428540822021	166.68392548408175	161.88035414448285	164.7624969482422	60127	2024/06/13 
2024/06/14 	164.2821398142823	164.7624969482422	162.84106841240262	164.7624969482422	25737	2024/06/14 
2024/06/17 	163.32142471578078	166.2035675048828	163.32142471578078	166.2035675048828	11298	2024/06/17 
2024/06/18 	167.16429138183594	167.64464854097915	165.7232199044063	167.16429138183594	6638	2024/06/18 
2024/06/19 	167.64464285714286	168.60535714285714	167.1642857142857	168.125	8560	2024/06/19 
2024/06/20 	167.16429138183594	167.16429138183594	166.20357706354952	167.16429138183594	6167	2024/06/20 
2024/06/21 	166.2035675048828	166.6839246363998	165.2428532418488	166.2035675048828	5484	2024/06/21 
2024/06/24 	166.203563489412	166.203563489412	164.28213500976562	164.28213500976562	3626	2024/06/24 
2024/06/25 	164.7624969482422	166.20356835012186	164.7624969482422	164.7624969482422	8138	2024/06/25 
2024/06/26 	164.28214285714287	169.0857142857143	164.28214285714287	168.125	18107	2024/06/26 
2024/06/27 	170.04642205036862	174.8499932947293	168.12499355262435	170.5267791748047	56864	2024/06/27 
2024/06/28 	170.5267799984325	171.00713712518865	168.12499436465177	169.08570861816406	11150	2024/06/28 
2024/07/01 	170.0464324951172	170.0464324951172	168.12500387935316	170.0464324951172	10162	2024/07/01 
2024/07/02 	169.0857142857143	170.04642857142858	167.1642857142857	168.125	24821	2024/07/02 
2024/07/03 	168.60536285926554	170.04643433669517	166.20357706354952	167.16429138183594	17505	2024/07/03 
2024/07/04 	166.2035761558772	168.60536193847656	166.2035761558772	168.60536193847656	13444	2024/07/04 
2024/07/05 	168.60536302839006	176.7714347420158	168.60536302839006	174.85000610351562	47952	2024/07/05 
2024/07/08 	173.88927822006482	174.3696353422197	171.9678497314453	171.9678497314453	14810	2024/07/08 
2024/07/09 	171.96786111088124	171.96786111088124	170.0464324951172	170.0464324951172	15700	2024/07/09 
2024/07/10 	171.48750395694023	171.48750395694023	169.5660753411762	170.0464324951172	12111	2024/07/10 
2024/07/11 	169.0857142857143	170.04642857142858	166.20357142857142	168.125	28803	2024/07/11 
2024/07/12 	168.12500087946913	168.12500087946913	165.24285800724965	166.68392944335938	8586	2024/07/12 
2024/07/15 	167.16429138183594	168.60536285926554	166.68393422269273	167.16429138183594	14162	2024/07/15 
2024/07/16 	166.68393422269273	168.12500570012236	166.20357706354952	167.16429138183594	8656	2024/07/16 
2024/07/17 	166.2035675048828	167.1642817679168	165.2428532418488	166.2035675048828	20374	2024/07/17 
2024/07/18 	165.24285888671875	166.20357318257177	163.32143029501273	165.24285888671875	10527	2024/07/18 
2024/07/19 	165.24285888671875	166.20357318257177	164.28214459086576	165.24285888671875	8225	2024/07/19 
2024/07/22 	165.24285006452803	165.24285006452803	155.63570761891594	162.841064453125	35955	2024/07/22 
2024/07/23 	162.84106365003083	164.28213500976562	162.84106365003083	164.28213500976562	11125	2024/07/23 
2024/07/26 	161.8803510211763	162.36070814586822	159.4785653977167	161.39999389648438	37630	2024/07/26 
2024/07/29 	160.43928130178742	161.39999556107955	156.59642426461883	158.51785278320312	55612	2024/07/29 
2024/07/30 	157.55714416503906	158.0375013118837	155.1553584308159	157.55714416503906	24971	2024/07/30 
2024/07/31 	157.076783074273	157.076783074273	154.67499740035447	155.63571166992188	19706	2024/07/31 
2024/08/01 	156.59642987134978	158.0375013118837	156.11607272450516	157.55714416503906	27141	2024/08/01 
2024/08/02 	154.67499825070578	155.6357125255549	149.87142687646028	154.19464111328125	45900	2024/08/02 
2024/08/05 	149.3910624560188	152.75356225406424	130.65713500976562	130.65713500976562	121903	2024/08/05 
2024/08/06 	134.49999746566826	138.82321166992188	133.0589260642504	138.82321166992188	19196	2024/08/06 
2024/08/07 	140.74464711507161	144.10714721679688	140.74464711507161	144.10714721679688	10886	2024/08/07 
2024/08/08 	143.6267852783203	143.6267852783203	143.14642813692126	143.6267852783203	4030	2024/08/08 
2024/08/09 	145.54821128349798	148.430354081191	144.10713988465147	147.9499969482422	11595	2024/08/09 
2024/08/12 	146.9892865694486	149.87142944335938	146.9892865694486	149.87142944335938	12603	2024/08/12 
2024/08/13 	150.83213487870853	157.55713452298218	150.35177776126042	156.59642028808594	18030	2024/08/13 
2024/08/14 	158.51785114833285	163.80177951994395	157.55713689894904	161.39999389648438	41480	2024/08/14 
2024/08/15 	161.88036033677758	161.88036033677758	153.71428874708852	154.6750030517578	32369	2024/08/15 
2024/08/16 	156.11606317063783	156.59642028808594	148.91070640891607	156.59642028808594	37967	2024/08/16 
2024/08/19 	156.59642028808594	157.55713452298218	154.67499181829348	156.59642028808594	9010	2024/08/19 
2024/08/20 	156.11606966297944	156.11606966297944	150.83214115130937	154.19464111328125	29600	2024/08/20 
2024/08/21 	150.83214462922228	151.79285892622372	146.98928744121662	148.43035888671875	58518	2024/08/21 
2024/08/22 	148.91070955118556	150.83213806152344	148.91070955118556	150.83213806152344	10427	2024/08/22 
2024/08/23 	150.83213806152344	150.83213806152344	148.43035242360108	150.83213806152344	680	2024/08/23 
2024/08/26 	148.43035242360108	150.83213806152344	148.43035242360108	150.83213806152344	467	2024/08/26 
2024/08/27 	148.43035978429458	149.39107408710555	146.50893117867264	146.98928833007812	19633	2024/08/27 
2024/08/28 	148.43035978429458	148.43035978429458	146.02857402726715	146.98928833007812	11662	2024/08/28 
2024/08/29 	145.06785972445618	146.98928833007812	144.1071454216452	146.98928833007812	7872	2024/08/29 
2024/08/30 	146.9892786929482	146.9892786929482	144.10713597347862	146.028564453125	6349	2024/08/30 
2024/09/02 	144.1071454216452	146.98928833007812	144.1071454216452	146.98928833007812	10765	2024/09/02 
2024/09/03 	146.50892077517432	147.46963500976562	146.50892077517432	147.46963500976562	3708	2024/09/03 
2024/09/04 	146.98927789246997	147.46963500976562	146.50892077517432	147.46963500976562	10200	2024/09/04 
2024/09/05 	147.9499969482422	148.430354081191	147.46963981529333	147.9499969482422	7030	2024/09/05 
2024/09/06 	148.91070955118556	150.83213806152344	147.46963816843214	150.83213806152344	14750	2024/09/06 
2024/09/09 	150.83214948100428	150.83214948100428	148.9107208251953	148.9107208251953	11466	2024/09/09 
2024/09/10 	148.9107208251953	149.87143515309978	147.95000649729081	148.9107208251953	10012	2024/09/10 
2024/09/11 	149.8714238063545	151.79285231669238	149.8714238063545	150.83213806152344	19305	2024/09/11 
2024/09/12 	151.3125057037646	151.3125057037646	149.8714342208716	150.35179138183594	15600	2024/09/12 
2024/09/13 	149.8714342208716	150.35179138183594	149.39107705990727	150.35179138183594	15862	2024/09/13 
2024/09/16 	150.83214285714286	151.3125	150.3517857142857	151.3125	10782	2024/09/16 
2024/09/18 	151.3125	151.79285714285714	150.3517857142857	151.3125	15803	2024/09/18 
2024/09/19 	151.3124951891079	151.3124951891079	150.83213806152344	150.83213806152344	5089	2024/09/19 
2024/09/20 	150.3517904643771	151.79286193847656	150.3517904643771	151.79286193847656	5151	2024/09/20 
2024/09/23 	151.7928612552472	163.32143299615205	151.31250409937616	160.91964721679688	106854	2024/09/23 
2024/09/24 	160.91964813600103	160.91964813600103	158.9982195015413	159.47857666015625	32988	2024/09/24 
2024/09/25 	159.95892333984375	159.95892333984375	158.9982090855504	159.95892333984375	15281	2024/09/25 
2024/09/26 	159.9589329050548	160.91964721679688	159.47857574918376	160.91964721679688	23373	2024/09/26 
2024/09/27 	160.9196490719688	160.9196490719688	157.55714894210678	158.03750610351562	24112	2024/09/27 
2024/09/30 	158.03749565355704	159.47856704249526	158.03749565355704	158.51785278320312	7982	2024/09/30 
2024/10/01 	159.47857186585395	160.43928615420248	158.9982147216797	158.9982147216797	24693	2024/10/01 
2024/10/04 	159.9589290100282	160.43928615420248	158.9982147216797	158.9982147216797	15825	2024/10/04 
2024/10/07 	158.99820827302477	161.8803510211763	158.99820827302477	161.39999389648438	35551	2024/10/07 
2024/10/08 	161.8803510211763	162.36070814586822	160.91963677179245	161.39999389648438	13001	2024/10/08 
2024/10/09 	161.8803549822639	163.32142639160156	161.399997845818	163.32142639160156	43571	2024/10/09 
2024/10/11 	163.8017903732778	169.08571909499645	163.8017903732778	168.60536193847656	58478	2024/10/11 
2024/10/14 	168.12500387935316	171.00714680299922	168.12500387935316	170.0464324951172	46875	2024/10/14 
2024/10/15 	170.04642287167636	172.92856563221324	169.08570861816406	169.08570861816406	71221	2024/10/15 
2024/10/16 	170.0464334080362	170.52679056455608	168.1250047819567	168.60536193847656	40118	2024/10/16 
2024/10/17 	168.60536103329417	172.44821826482223	165.2428609557071	170.0464324951172	76992	2024/10/17 
2024/10/18 	169.08571256144663	172.92856966511587	169.08571256144663	171.00714111328125	50155	2024/10/18 
2024/10/21 	171.00713629924076	172.92856479698503	170.5267791748047	170.5267791748047	57200	2024/10/21 
2024/10/22 	171.0071419778019	171.0071419778019	169.08571341625355	169.56607055664062	60440	2024/10/22 
2024/10/23 	170.52679056455608	170.52679056455608	167.64464762543682	168.60536193847656	54569	2024/10/23 
2024/10/24 	168.12499519063954	168.60535231975567	166.2035666741751	167.64463806152344	32658	2024/10/24 
2024/10/25 	167.64464285714286	169.56607142857143	167.1642857142857	168.125	48372	2024/10/25 
2024/10/28 	168.60535892220432	169.08571607013081	163.32143029501273	165.24285888671875	46472	2024/10/28 
2024/10/29 	165.72321428571428	170.04642857142858	163.32142857142858	168.125	119780	2024/10/29 
2024/10/30 	168.12500586876502	174.85000610351562	167.16429154951496	174.85000610351562	134241	2024/10/30 
2024/11/01 	175.8107124928678	175.8107124928678	165.24285545777738	171.00714111328125	120881	2024/11/01 
2024/11/04 	171.48750487759582	171.48750487759582	166.2035761558772	168.60536193847656	107803	2024/11/04 
2024/11/05 	168.60535802483903	168.60535802483903	166.68392944335938	166.68392944335938	40003	2024/11/05 
2024/11/06 	168.12499275420632	171.9678497314453	167.16427850989658	171.9678497314453	82264	2024/11/06 
2024/11/07 	171.48749739878025	172.9285688054927	170.0464259920678	172.44821166992188	71697	2024/11/07 
2024/11/08 	170.04642769702772	172.44821339896313	166.68392771431812	169.56607055664062	83422	2024/11/08 
2024/11/11 	169.08571341625355	171.96785625857606	168.60535627586646	169.56607055664062	81508	2024/11/11 
2024/11/12 	170.04642769702772	171.0071419778019	166.68392771431812	169.56607055664062	98223	2024/11/12 
2024/11/13 	159.95892176628112	161.8803502559662	142.18570823669435	153.7142791748047	1323000	2024/11/13 
2024/11/14 	144.10714721679688	150.3517902628581	142.66607574462893	144.10714721679688	450000	2024/11/14 
2024/11/15 	144.1071351369222	146.0285636054145	137.38213549719916	138.3428497314453	407000	2024/11/15 
2024/11/18 	137.38214285714287	137.38214285714287	132.09821428571428	134.5	219000	2024/11/18 
2024/11/19 	135.46072014010684	144.10714908522004	135.46072014010684	141.22500610351562	207000	2024/11/19 
2024/11/20 	144.10713431761437	145.06784854639847	137.38213471612568	139.78392028808594	123697	2024/11/20 
2024/11/21 	138.34284894490978	140.26427740247797	135.94106337294954	139.78392028808594	71000	2024/11/21 
2024/11/22 	140.2642822265625	142.18571075021404	139.30356796473674	140.2642822265625	83000	2024/11/22 
2024/11/25 	142.66606788112693	143.14642501203983	140.2642822265625	140.2642822265625	67000	2024/11/25 
2024/11/26 	139.30356796473674	140.2642822265625	137.3821394410852	140.2642822265625	75000	2024/11/26 
2024/11/27 	140.26427740247797	141.22499163126207	139.78392028808594	139.78392028808594	43000	2024/11/27 
2024/11/28 	139.30356396569147	139.30356396569147	136.421421262953	138.3428497314453	68000	2024/11/28 
2024/11/29 	138.3428553868007	138.3428553868007	137.38214111328125	137.38214111328125	19000	2024/11/29 
2024/12/02 	137.38214773809358	137.38214773809358	134.01964761862976	134.98036193847656	72000	2024/12/02 
2024/12/03 	136.9017823101723	146.50892492843002	135.46071091743366	140.2642822265625	145000	2024/12/03 
2024/12/04 	140.26428701771812	142.18571560700192	137.3821441337924	140.74464416503906	80000	2024/12/04 
2024/12/05 	141.22500517874053	143.62679098110007	139.30357653685292	142.66607666015625	93000	2024/12/05 
2024/12/06 	142.18571385412312	144.58749956111845	141.224999571325	143.6267852783203	109000	2024/12/06 
2024/12/09 	144.1071384235964	144.58749555167506	141.70535278320312	141.70535278320312	64000	2024/12/09 
2024/12/10 	144.1071432989997	144.1071432989997	141.70535757734967	142.1857147216797	74000	2024/12/10 
2024/12/11 	141.70535361930115	142.66606788112693	140.2642822265625	140.2642822265625	34000	2024/12/11 
2024/12/12 	140.26427740247797	141.22499163126207	139.78392028808594	139.78392028808594	37000	2024/12/12 
2024/12/13 	140.26428790914602	140.26428790914602	138.34285930765085	139.30357360839844	31000	2024/12/13 
2024/12/16 	139.30357543515487	139.30357543515487	135.94107533844422	136.4214324951172	42000	2024/12/16 
2024/12/17 	136.90178965179012	137.38214680846306	136.4214324951172	136.4214324951172	29000	2024/12/17 
2024/12/18 	136.4214324951172	136.4214324951172	134.50000386842538	136.4214324951172	53000	2024/12/18 
2024/12/19 	134.49999518719198	134.98035231286053	132.5785666845178	134.01963806152344	95000	2024/12/19 
2024/12/20 	134.01963491538135	140.26427740247797	133.5392778009893	139.78392028808594	81000	2024/12/20 
2024/12/23 	139.7839316657196	139.7839316657196	137.8625030517578	137.8625030517578	144000	2024/12/23 
2024/12/24 	137.8624934146279	137.8624934146279	135.4607078150699	136.9017791748047	49000	2024/12/24 
2024/12/25 	136.4214220548931	137.38213629471628	136.4214220548931	136.9017791748047	30000	2024/12/25 
2024/12/26 	135.94107443779603	137.38214589826737	135.94107443779603	137.8625030517578	30000	2024/12/26 
2024/12/27 	137.38214773809358	137.38214773809358	134.98036193847656	134.98036193847656	44000	2024/12/27 
2024/12/30 	134.50000477855318	134.98036193847656	134.01964761862976	134.98036193847656	26000	2024/12/30 
2024/12/31 	135.9410649349815	136.9017791748047	135.9410649349815	136.9017791748047	24000	2024/12/31 
2025/01/02 	136.90178874477692	138.8232173587387	136.90178874477692	137.8625030517578	34000	2025/01/02 
2025/01/03 	138.3428553868007	138.3428553868007	135.94106970300209	137.38214111328125	54000	2025/01/03 
2025/01/06 	139.3035718556997	144.1071432989997	137.8625004227097	142.1857147216797	166000	2025/01/06 
2025/01/07 	142.18572043075042	142.18572043075042	139.30357744904603	141.22500610351562	65000	2025/01/07 
2025/01/08 	139.7839259375338	139.7839259375338	137.382140268504	138.82321166992188	20000	2025/01/08 
2025/01/09 	139.30356396569147	139.30356396569147	136.421421262953	138.3428497314453	39000	2025/01/09 
2025/01/10 	143.14642501203983	143.14642501203983	139.7839250956496	140.2642822265625	126000	2025/01/10 
2025/01/13 	140.2642822265625	140.7446393574754	138.34285370291096	140.2642822265625	80000	2025/01/13 
2025/01/14 	140.2642908577967	142.66607666015625	138.823219376381	142.66607666015625	42000	2025/01/14 
2025/01/15 	140.26429177628083	142.18572043075042	139.78393461266344	141.22500610351562	39000	2025/01/15 
2025/01/16 	142.18570671951343	147.94999212706128	141.70534960221778	147.46963500976562	198000	2025/01/16 
2025/01/17 	145.54821977219262	152.27322002569326	145.54821977219262	150.35179138183594	201000	2025/01/17 
2025/01/20 	150.35177853232938	164.28213500976562	149.39106429250617	155.1553497314453	612000	2025/01/20 
2025/01/21 	155.1553593092698	159.47857365534855	155.1553593092698	156.11607360839844	153000	2025/01/21 
2025/01/22 	157.07678701819444	160.91964419295147	157.07678701819444	157.55714416503906	308000	2025/01/22 
2025/02/03 	154.6749991171015	155.63571339733195	148.91071343571883	152.75357055664062	133015	2025/02/03 
2025/02/04 	152.75357414694395	152.75357414694395	145.54821687586167	146.98928833007812	107200	2025/02/04 
2025/02/05 	147.46963898391968	150.35178176536436	147.46963898391968	149.3910675048828	51000	2025/02/05 
2025/02/06 	150.83213889560517	150.83213889560517	147.94999611416048	149.3910675048828	48101	2025/02/06 
2025/02/07 	149.3910675048828	151.79285315608672	147.94999611416048	149.3910675048828	41100	2025/02/07 
2025/02/10 	149.39106667877002	152.7535665718613	147.94999529601662	150.83213806152344	97100	2025/02/10 
2025/02/11 	149.87143240901744	154.67500396058853	149.87143240901744	153.2339324951172	93020	2025/02/11 
2025/02/12 	152.2732134165254	153.23392769675584	150.83214199617973	152.75357055664062	105000	2025/02/12 
2025/02/13 	153.71428483687106	155.63571339733195	152.2732134165254	152.75357055664062	100000	2025/02/13 
2025/02/14 	151.79285802596655	151.79285802596655	148.9107151520558	149.87142944335938	63030	2025/02/14 
2025/02/17 	150.8321432707173	161.400000442551	149.87142898236877	158.9982147216797	333020	2025/02/17 
2025/02/18 	158.99821560557294	159.4785727524176	156.11607272450516	157.55714416503906	102000	2025/02/18 
2025/02/19 	158.03749565355704	159.95892417214134	156.11606713497278	158.51785278320312	96000	2025/02/19 
2025/02/20 	159.95893474915107	160.9196490719688	158.03750610351562	158.03750610351562	96000	2025/02/20 
2025/02/21 	158.99820587532653	161.8803485800152	155.6357060531897	156.59642028808594	226010	2025/02/21 
2025/02/24 	154.67499181829348	157.55713452298218	154.67499181829348	156.59642028808594	25000	2025/02/24 
2025/02/25 	156.11606397126852	156.11606397126852	154.19463549162214	155.1553497314453	34000	2025/02/25 
2025/02/26 	155.15535538813035	155.15535538813035	153.7142839758567	154.19464111328125	47007	2025/02/26 
2025/02/27 	154.67500488667548	156.11607636077494	151.79286193847656	151.79286193847656	72000	2025/02/27 
2025/03/03 	149.39106347894824	149.8714205962439	146.02856365787866	147.46963500976562	63000	2025/03/03 
2025/03/04 	146.9892894780748	153.7142896502743	146.02857516776058	153.2339324951172	145100	2025/03/04 
2025/03/05 	153.23392369944577	155.15535220978364	150.35178093393895	150.83213806152344	60000	2025/03/05 
2025/03/06 	151.3124951891079	151.3124951891079	148.43035242360108	150.83213806152344	35000	2025/03/06 
2025/03/07 	148.9107208251953	148.9107208251953	147.46964933333857	148.9107208251953	26000	2025/03/07 
2025/03/10 	153.71429246471774	153.71429246471774	147.95000649729081	148.9107208251953	41020	2025/03/10 
2025/03/11 	149.87142687646028	155.6357125255549	144.10714122736564	154.19464111328125	115000	2025/03/11 
2025/03/12 	154.1946468054314	156.11607542605984	153.2339324951172	153.2339324951172	115210	2025/03/12 
2025/03/13 	156.11607450876176	157.55714596576573	154.19464589942316	154.6750030517578	141020	2025/03/13 
2025/03/14 	154.67499181829348	157.07677740553405	154.67499181829348	156.59642028808594	70001	2025/03/14 
2025/03/17 	157.0767857142857	157.0767857142857	151.3125	151.3125	89000	2025/03/17 
2025/03/18 	151.31250088031476	152.27321517161835	149.39107229770758	149.87142944335938	37001	2025/03/18 
2025/03/19 	148.9107063616526	148.9107063616526	147.46963500976562	147.46963500976562	21000	2025/03/19 
2025/03/20 	147.46964933333857	149.87143515309978	147.46964933333857	148.9107208251953	10000	2025/03/20 
2025/03/21 	148.91071037464204	150.35178176536436	148.91071037464204	149.3910675048828	5000	2025/03/21 
2025/03/24 	149.87142548003754	149.87142548003754	146.9892826823445	147.9499969482422	19000	2025/03/24 
2025/03/25 	151.7928540118329	151.7928540118329	147.9499969482422	147.9499969482422	16000	2025/03/25 
2025/03/26 	148.43034924435693	149.39106347894824	147.46963500976562	147.46963500976562	30000	2025/03/26 
2025/03/27 	146.9892786929482	146.9892786929482	145.5482073332134	146.028564453125	24000	2025/03/27 
2025/03/28 	143.14642008883027	143.14642008883027	137.38213471612568	139.78392028808594	87000	2025/03/28 
2025/03/31 	140.26428481462565	140.26428481462565	134.49999913731227	135.94107055664062	60001	2025/03/31 
2025/04/01 	135.94107443779603	138.8232173587387	135.94107443779603	137.8625030517578	15001	2025/04/01 
2025/04/02 	139.30356966032014	139.30356966032014	136.4214268397618	137.38214111328125	15000	2025/04/02 
2025/04/07 	123.93214416503906	123.93214416503906	123.93214416503906	123.93214416503906	13876	2025/04/07 
2025/04/08 	112.40356925802028	117.2071405938331	111.92321212443899	112.88392639160156	124000	2025/04/08 
2025/04/09 	112.88393074611449	112.88393074611449	101.8357162475586	101.8357162475586	104000	2025/04/09 
2025/04/10 	111.92321014404297	111.92321014404297	111.92321014404297	111.92321014404297	14000	2025/04/10 
2025/04/11 	111.92321710737924	122.4910745166597	101.35535969809881	121.05000305175781	84008	2025/04/11 
2025/04/14 	123.45178593571478	129.69642880405834	121.05000021712111	121.53035736083984	72000	2025/04/14 
2025/04/15 	122.01071223506221	129.69642639160156	122.01071223506221	129.69642639160156	49000	2025/04/15 
2025/04/16 	124.89285476335132	127.29464043187731	124.89285476335132	125.85356903076172	21000	2025/04/16 
2025/04/17 	128.25535849637765	128.25535849637765	121.05000127748002	123.93214416503906	37004	2025/04/17 
2025/04/18 	123.93213853102465	125.85356703538162	123.93213853102465	124.89285278320312	21000	2025/04/18 
2025/04/21 	122.49107164827731	122.97142879199605	121.05000021712111	121.53035736083984	19000	2025/04/21 
2025/04/22 	120.08928861774382	120.08928861774382	117.20714569091797	117.20714569091797	27000	2025/04/22 
2025/04/23 	120.56964307340237	125.37321451058972	120.56964307340237	121.53035736083984	38000	2025/04/23 
2025/04/24 	128.2553564608097	128.2553564608097	122.97142791748047	122.97142791748047	7000	2025/04/24 
2025/04/25 	124.89285278320312	126.33392416147086	123.93213853102465	124.89285278320312	27000	2025/04/25 
2025/04/28 	124.89285040078997	133.05892138853392	124.89285040078997	129.216064453125	81000	2025/04/28 
2025/04/29 	127.77500169294593	131.61785888671875	127.77500169294593	131.61785888671875	33125	2025/04/29 
2025/04/30 	131.13749663155033	134.49999654517984	126.81428245688384	127.29463958740234	65001	2025/04/30 
2025/05/02 	126.33393111000203	133.53928839764473	126.33393111000203	130.17678833007812	27012	2025/05/02 
2025/05/05 	129.69642788171768	129.69642788171768	122.01071363687515	122.97142791748047	29010	2025/05/05 
2025/05/06 	122.97142427884616	124.89285278320312	122.97142427884616	124.89285278320312	21000	2025/05/06 
2025/05/07 	124.89285846089209	125.3732156088186	123.93214416503906	123.93214416503906	7000	2025/05/07 
2025/05/08 	124.89285757715218	125.37321472167969	124.41250043262467	125.37321472167969	9000	2025/05/08 
2025/05/09 	126.33393096923828	127.29464527318686	125.85357381726398	126.33393096923828	15000	2025/05/09 
2025/05/12 	127.77499785246673	131.6178549307364	127.77499785246673	129.69642639160156	42000	2025/05/12 
2025/05/13 	131.61785324760106	138.34285304857337	131.61785324760106	132.5785675048828	68000	2025/05/13 
2025/05/14 	133.53928401920345	137.38214111328125	133.05892688244373	137.38214111328125	54000	2025/05/14 
2025/05/15 	138.3428521925403	138.3428521925403	134.01963806152344	134.01963806152344	29000	2025/05/15 
2025/05/16 	134.98035714285714	136.42142857142858	134.5	134.5	9000	2025/05/16 
2025/05/19 	132.5785750204058	132.5785750204058	128.7357177734375	128.7357177734375	12000	2025/05/19 
2025/05/20 	129.69642639160156	131.6178549307364	129.69642639160156	129.69642639160156	14000	2025/05/20 
2025/05/21 	129.69642078175264	131.13749212377212	129.69642078175264	130.65713500976562	8000	2025/05/21 
2025/05/22 	131.6178609283877	140.7446469051737	131.6178609283877	136.4214324951172	88000	2025/05/22 
2025/05/23 	140.26427984575852	140.26427984575852	135.46070861816406	135.46070861816406	19000	2025/05/23 
2025/05/26 	134.98035714285714	134.98035714285714	134.01964285714286	134.5	7000	2025/05/26 
2025/05/27 	132.57857705534792	133.53929138183594	131.61786272885988	133.53929138183594	10001	2025/05/27 
2025/05/28 	133.53928658936428	136.90178661139862	131.61785800534466	133.05892944335938	18000	2025/05/28 
2025/05/29 	135.46071608049155	135.46071608049155	131.13750173749716	131.61785888671875	14010	2025/05/29 
2025/06/02 	129.69643028983234	131.61785888671875	128.73571599138913	131.61785888671875	7000	2025/06/02 
2025/06/03 	131.61784923777861	131.61784923777861	130.65713500976562	130.65713500976562	17039	2025/06/03 
2025/06/04 	132.09821603594034	134.50000178204834	131.13750173749716	131.61785888671875	29000	2025/06/04 
2025/06/05 	131.61785407992073	131.61785407992073	129.69642555320655	131.1374969482422	9000	2025/06/05 
2025/06/06 	133.05893515846947	133.05893515846947	131.13750649192116	132.0982208251953	8000	2025/06/06 
2025/06/09 	133.53929045870635	135.9410762583234	133.53929045870635	134.98036193847656	40000	2025/06/09 
2025/06/10 	142.1857116065636	143.1464258741755	136.4214260008921	138.82321166992188	86000	2025/06/10 
2025/06/11 	138.82321166992188	139.30356880372784	135.46071173328016	138.82321166992188	30000	2025/06/11 
2025/06/12 	138.34286112180897	138.34286112180897	134.98036102509835	136.4214324951172	21000	2025/06/12 
2025/06/13 	134.49999913731227	135.94107055664062	134.49999913731227	135.94107055664062	35000	2025/06/13 
2025/06/16 	136.4214268397618	138.3428553868007	135.46071256624234	137.38214111328125	33000	2025/06/16 
2025/06/17 	137.38214589826737	139.7839316657196	137.38214589826737	137.8625030517578	48000	2025/06/17 
2025/06/18 	137.38214111328125	137.86249825004097	136.90178397652153	137.38214111328125	11000	2025/06/18 
2025/06/19 	136.90178571428572	136.90178571428572	132.57857142857142	134.5	42002	2025/06/19 
2025/06/20 	138.5	138.5	135.5	137.0	23012	2025/06/20 
2025/06/23 	137.0	141.5	136.5	140.0	37000	2025/06/23 
2025/06/24 	141.0	150.5	141.0	150.0	197000	2025/06/24 
2025/06/25 	151.0	152.0	146.5	147.0	80001	2025/06/25 
2025/06/26 	146.0	146.0	143.0	144.5	34000	2025/06/26 
2025/06/27 	144.0	144.5	143.0	143.5	25000	2025/06/27 
2025/06/30 	146.0	146.5	139.0	141.0	38000	2025/06/30 
2025/07/01 	143.5	145.0	142.0	142.0	37000	2025/07/01 
2025/07/02 	140.0	144.0	140.0	144.0	25000	2025/07/02 
2025/07/03 	144.5	149.0	142.0	147.0	115000	2025/07/03 
2025/07/04 	148.0	148.0	142.5	144.0	48000	2025/07/04 
2025/07/07 	144.0	150.0	143.5	150.0	75240	2025/07/07 
2025/07/08 	147.0	153.5	146.0	151.5	100006	2025/07/08 
2025/07/09 	149.5	153.0	147.5	152.0	83000	2025/07/09 
2025/07/10 	157.5	159.5	152.0	152.5	161160	2025/07/10 
2025/07/11 	154.5	157.5	154.5	154.5	141014	2025/07/11 
2025/07/14 	154.5	162.0	154.5	159.5	209015	2025/07/14 
2025/07/15 	159.0	161.5	158.0	158.5	162015	2025/07/15 
2025/07/16 	158.5	159.5	152.0	153.0	223151	2025/07/16 
2025/07/17 	154.0	157.0	152.5	157.0	68079	2025/07/17 
2025/07/18 	157.0	157.5	155.5	157.5	55000	2025/07/18 
2025/07/21 	158.5	158.5	154.0	157.5	73339	2025/07/21 
2025/07/22 	157.5	158.0	153.0	153.5	81022	2025/07/22 
2025/07/23 	155.5	157.5	155.0	157.0	114002	2025/07/23 
2025/07/24 	159.0	166.5	158.0	162.0	352030	2025/07/24 
2025/07/25 	163.5	164.5	160.5	163.0	66000	2025/07/25 
2025/07/28 	164.5	164.5	160.5	162.0	101030	2025/07/28 
2025/07/29 	161.5	163.0	158.0	159.0	157002	2025/07/29 
2025/07/30 	159.0	159.0	156.0	157.0	119004	2025/07/30 
2025/07/31 	158.0	161.5	158.0	161.5	104000	2025/07/31 
2025/08/04 	167.0	167.0	163.5	166.0	125020	2025/08/04 
2025/08/05 	166.0	167.5	165.0	166.0	120050	2025/08/05 
2025/08/06 	166.0	166.5	162.0	164.5	138005	2025/08/06 
2025/08/07 	166.0	180.5	165.0	174.5	687051	2025/08/07 
2025/08/08 	174.5	177.0	171.5	173.0	431608	2025/08/08 
2025/08/11 	171.0	173.0	167.5	170.0	239030	2025/08/11 
2025/08/12 	170.0	177.5	170.0	177.5	262018	2025/08/12 
2025/08/13 	181.0	182.5	175.5	179.0	615000	2025/08/13 
2025/08/14 	180.5	185.0	179.5	183.0	286106	2025/08/14 
2025/08/15 	184.0	200.5	184.0	198.0	718311	2025/08/15 
2025/08/18 	200.0	217.5	200.0	217.5	679156	2025/08/18 
2025/08/19 	224.5	234.5	218.0	229.5	1498651	2025/08/19 
2025/08/20 	226.0	238.5	220.0	228.5	1031841	2025/08/20 
2025/08/21 	231.0	235.0	222.0	224.0	744120	2025/08/21 
2025/08/22 	227.0	227.0	208.0	216.5	693400	2025/08/22 
2025/08/25 	225.5	229.5	216.0	216.0	472428	2025/08/25 
2025/08/26 	219.0	222.0	215.5	221.0	399136	2025/08/26 
2025/08/27 	224.0	237.5	219.0	229.5	970300	2025/08/27 
2025/08/28 	230.5	252.0	226.5	252.0	967063	2025/08/28 
2025/08/29 	270.5	277.0	270.5	277.0	635000	2025/08/29 
2025/09/01 	295.5	300.0	281.0	289.0	2804452	2025/09/01 
2025/09/02 	290.0	310.0	281.0	284.5	2531730	2025/09/02 
2025/09/03 	291.5	298.0	284.5	285.5	1174124	2025/09/03 
2025/09/04 	275.5	278.5	268.0	268.0	548908	2025/09/04 
2025/09/05 	268.5	276.5	268.0	268.5	256666	2025/09/05 
2025/09/08 	271.0	272.0	258.0	272.0	305340	2025/09/08 
2025/09/09 	273.5	274.0	270.0	273.5	172110	2025/09/09 
2025/09/10 	282.0	284.0	275.5	281.0	224228	2025/09/10 
2025/09/11 	279.0	279.0	267.0	267.0	167100	2025/09/11 
2025/09/12 	274.5	274.5	263.0	265.0	113031	2025/09/12 
2025/09/15 	264.0	264.0	256.0	257.0	152048	2025/09/15 
2025/09/16 	253.5	255.0	248.0	251.0	159074	2025/09/16 
2025/09/17 	246.0	250.0	237.0	237.0	284027	2025/09/17 
2025/09/18 	237.5	260.5	237.5	260.5	1257000	2025/09/18 
2025/09/19 	260.0	260.0	234.5	236.0	1046010	2025/09/19 
2025/09/22 	236.0	239.0	222.5	239.0	628034	2025/09/22 
2025/09/23 	241.0	242.5	231.0	240.0	437050	2025/09/23 
2025/09/24 	236.0	242.0	235.5	236.0	247001	2025/09/24 
2025/09/25 	236.0	238.5	230.0	230.5	239020	2025/09/25 
2025/09/26 	227.0	231.0	221.5	226.0	244000	2025/09/26 
2025/09/30 	226.0	229.0	223.0	226.0	204000	2025/09/30 
2025/10/01 	227.0	236.5	227.0	228.5	241001	2025/10/01 
2025/10/02 	230.5	232.5	225.5	227.0	150632	2025/10/02 
2025/10/03 	223.0	228.5	221.5	225.0	275000	2025/10/03 
2025/10/07 	223.5	235.0	222.5	230.0	242002	2025/10/07 
2025/10/08 	228.5	231.5	223.0	231.0	134050	2025/10/08 
2025/10/09 	230.0	246.0	230.0	237.5	400050	2025/10/09 
2025/10/13 	222.5	233.0	222.0	230.0	229118	2025/10/13 
2025/10/14 	235.0	244.0	226.0	226.0	317018	2025/10/14 
2025/10/15 	230.0	241.0	230.0	239.5	275190	2025/10/15 
2025/10/16 	241.0	243.5	234.5	235.5	330001	2025/10/16 
2025/10/17 	233.5	234.5	224.5	225.5	290486	2025/10/17 
2025/10/20 	230.5	230.5	225.5	226.0	124099	2025/10/20 
2025/10/21 	227.0	230.5	226.0	226.0	94001	2025/10/21 
2025/10/22 	225.0	225.0	213.0	213.5	399041	2025/10/22 
2025/10/23 	210.5	215.0	207.5	212.5	176000	2025/10/23 
2025/10/27 	217.0	217.0	212.0	215.0	127120	2025/10/27 
2025/10/28 	215.0	215.0	210.5	212.5	71100	2025/10/28 
2025/10/29 	216.0	222.5	212.0	216.0	185010	2025/10/29 
2025/10/30 	216.0	223.5	215.0	217.0	164005	2025/10/30 
2025/10/31 	219.0	221.5	213.5	213.5	140061	2025/10/31 
2025/11/03 	209.5	214.5	208.5	210.5	149000	2025/11/03 
2025/11/04 	209.5	222.0	209.0	214.5	217100	2025/11/04 
2025/11/05 	208.0	220.0	205.5	220.0	134003	2025/11/05 
2025/11/06 	221.0	223.0	214.0	214.0	141004	2025/11/06 
2025/11/07 	208.5	210.5	203.0	204.5	273000	2025/11/07 
2025/11/10 	204.5	207.0	195.5	198.5	273000	2025/11/10 
2025/11/11 	218.0	218.0	203.0	205.0	417102	2025/11/11 
2025/11/12 	207.0	210.0	198.5	201.0	156002	2025/11/12 
2025/11/13 	199.0	205.5	199.0	202.0	86001	2025/11/13 
2025/11/14 	202.0	202.0	196.5	196.5	96003	2025/11/14 
2025/11/17 	199.0	202.0	197.0	197.0	76005	2025/11/17 
2025/11/18 	200.0	200.0	187.0	189.0	112000	2025/11/18 
2025/11/19 	188.5	193.5	182.0	189.0	92002	2025/11/19 
2025/11/20 	195.5	195.5	192.0	192.5	34129	2025/11/20 
2025/11/21 	190.0	190.0	183.5	186.0	48219	2025/11/21 
2025/11/24 	187.0	189.0	187.0	187.0	48250	2025/11/24 
2025/11/25 	190.0	195.0	187.5	188.0	138000	2025/11/25 
2025/11/26 	192.0	197.5	192.0	194.5	65000	2025/11/26 
2025/11/27 	198.0	198.5	192.5	194.0	32000	2025/11/27 
2025/11/28 	195.0	202.0	195.0	201.0	69002	2025/11/28 
2025/12/01 	200.0	200.0	193.0	195.0	62053	2025/12/01 
2025/12/02 	195.5	195.5	192.0	192.5	22029	2025/12/02 
2025/12/03 	195.0	205.0	195.0	203.0	156002	2025/12/03 
2025/12/04 	206.0	209.5	205.5	207.5	222008	2025/12/04 
2025/12/05 	207.5	213.0	205.0	205.5	144040	2025/12/05 
2025/12/08 	207.5	213.0	207.5	208.5	124001	2025/12/08 
2025/12/09 	210.0	214.5	209.0	213.0	96005	2025/12/09 
2025/12/10 	222.0	231.0	220.5	226.5	654150	2025/12/10 
2025/12/11 	232.5	239.0	227.0	227.5	380002	2025/12/11 
2025/12/12 	230.5	237.0	226.5	226.5	245075	2025/12/12 
2025/12/15 	222.0	236.5	220.0	233.0	254272	2025/12/15 
2025/12/16 	233.0	233.0	224.5	228.0	192001	2025/12/16 
2025/12/17 	226.0	233.5	225.0	230.0	183050	2025/12/17 
2025/12/18 	226.5	229.0	225.5	228.5	119002	2025/12/18 
2025/12/19 	228.0	237.0	228.0	234.5	236030	2025/12/19 
2025/12/22 	238.0	245.0	235.0	240.0	395020	2025/12/22 
2025/12/23 	240.0	240.5	233.0	234.5	120007	2025/12/23 
2025/12/24 	233.5	234.0	228.5	229.5	138002	2025/12/24 
2025/12/26 	230.0	233.5	228.0	232.5	132013	2025/12/26 
2025/12/29 	235.0	235.0	225.0	227.0	163032	2025/12/29 
2025/12/30 	226.5	230.5	226.5	229.0	102309	2025/12/30 
2025/12/31 	232.0	235.0	231.5	232.0	125118	2025/12/31 
2026/01/02 	232.5	234.0	227.5	229.0	133006	2026/01/02 
2026/01/05 	234.0	238.0	232.5	234.0	263019	2026/01/05 
2026/01/06 	238.0	243.0	233.0	238.5	331331	2026/01/06 
2026/01/07 	242.0	243.5	236.0	236.0	229001	2026/01/07 
2026/01/08 	236.0	240.0	230.5	234.0	186105	2026/01/08 
2026/01/09 	238.0	242.0	233.0	241.5	278350	2026/01/09 
2026/01/12 	237.0	240.5	225.0	239.5	893523	2026/01/12 
2026/01/13 	241.0	258.0	241.0	250.0	1148077	2026/01/13 
2026/01/14 	255.0	255.0	239.0	245.0	627014	2026/01/14 
2026/01/15 	245.0	245.0	239.0	240.5	174378	2026/01/15 
2026/01/16 	250.0	256.0	237.0	238.0	481500	2026/01/16 
2026/01/19 	235.5	235.5	228.0	228.0	286100	2026/01/19 
2026/01/20 	226.0	226.0	220.5	222.0	257031	2026/01/20 
2026/01/21 	222.0	222.5	215.0	215.0	173000	2026/01/21 
2026/01/22 	218.5	218.5	215.0	216.5	109025	2026/01/22 
2026/01/23 	219.5	221.0	217.0	218.5	134130	2026/01/23 
2026/01/26 	221.0	223.0	218.0	222.0	103050	2026/01/26 
2026/01/27 	221.0	221.0	218.0	219.0	74101	2026/01/27 
2026/01/28 	221.0	222.0	217.5	218.0	84264	2026/01/28 
2026/01/29 	218.0	221.0	215.0	215.5	132101	2026/01/29 
2026/01/30 	215.0	215.0	205.5	206.0	166200	2026/01/30 
2026/02/02 	201.0	206.5	200.0	206.0	99098	2026/02/02 
2026/02/03 	210.0	210.0	206.0	210.0	50004	2026/02/03 
2026/02/04 	209.5	209.5	205.5	209.0	37066	2026/02/04 
2026/02/05 	209.0	209.5	203.5	203.5	42007	2026/02/05 
2026/02/06 	199.0	199.0	195.0	196.5	98000	2026/02/06 
2026/02/09 	198.0	200.0	196.5	198.0	39010	2026/02/09 
2026/02/10 	198.5	201.0	195.5	198.0	46002	2026/02/10 
2026/02/11 	197.0	201.0	195.0	201.0	34060	2026/02/11 
2026/02/23 	206.5	210.0	203.0	206.5	91015	2026/02/23 
2026/02/24 	206.5	210.5	205.5	210.5	60100	2026/02/24 
2026/02/25 	211.0	216.0	210.5	216.0	109020	2026/02/25 
2026/02/26 	212.5	221.0	212.5	217.0	191101	2026/02/26 
2026/03/02 	214.5	214.5	210.0	211.5	110000	2026/03/02 
2026/03/03 	211.0	213.5	204.0	205.0	88000	2026/03/03 
2026/03/04 	205.5	205.5	193.0	195.5	106100	2026/03/04 
2026/03/05 	206.5	206.5	201.0	205.0	52000	2026/03/05 
2026/03/06 	202.0	209.0	199.0	199.5	201029	2026/03/06 
2026/03/09 	199.0	199.5	185.0	193.0	110000	2026/03/09 
2026/03/10 	200.0	200.5	193.5	198.5	77001	2026/03/10 
2026/03/11 	199.0	203.0	199.0	202.5	53000	2026/03/11 
2026/03/12 	200.5	201.5	198.0	200.0	55000	2026/03/12 
2026/03/13 	201.0	201.0	195.5	196.0	37204	2026/03/13 
2026/03/16 	198.0	204.0	195.0	202.0	76001	2026/03/16 
2026/03/17 	206.0	208.0	204.0	205.0	52200	2026/03/17 
2026/03/18 	209.5	209.5	204.0	206.0	46154	2026/03/18 
2026/03/19 	204.5	204.5	201.5	204.5	65000	2026/03/19 
2026/03/20 	206.0	212.0	203.0	208.0	80227	2026/03/20 
2026/03/23 	202.0	214.5	202.0	206.0	173050	2026/03/23 
2026/03/24 	211.0	215.0	206.5	206.5	200000	2026/03/24 
2026/03/25 	215.0	227.0	212.0	227.0	477000	2026/03/25 
2026/03/26 	231.0	246.0	218.0	218.0	1013254	2026/03/26 
2026/03/27 	218.0	235.0	215.0	235.0	361418	2026/03/27 
2026/03/30 	231.0	231.5	219.0	225.0	226030	2026/03/30 
2026/03/31 	222.5	222.5	207.5	212.0	200026	2026/03/31 
2026/04/01 	220.5	220.5	213.5	215.0	87006	2026/04/01 
2026/04/02 	220.0	230.0	220.0	224.0	381011	2026/04/02 
=======
2023/12/21 	126.88088478895584	148.98891774460725	126.88088478895584	140.8185577392578	249019	2023/12/21 
2023/12/22 	139.3767304232471	140.81855866900483	128.8033232876904	134.09002685546875	143465	2023/12/22 
2023/12/25 	134.09002219752261	136.9736785888672	133.6094127989652	136.9736785888672	50418	2023/12/25 
2023/12/26 	136.97368865317486	136.97368865317486	135.0512509176917	135.5318603515625	22608	2023/12/26 
2023/12/27 	135.53185174124582	136.01246114458357	134.09002353123256	134.5706329345703	40400	2023/12/27 
2023/12/28 	135.05124943430832	140.81856257741043	135.05124943430832	137.93490600585938	71759	2023/12/28 
2023/12/29 	138.8961267110818	139.8573455810547	137.93490784110892	139.8573455810547	79810	2023/12/29 
2024/01/02 	139.857333637106	140.33794303104796	138.41550545528017	139.37672424316406	57440	2024/01/02 
2024/01/03 	138.41550875865053	139.3767275694745	138.41550875865053	138.8961181640625	9200	2024/01/03 
2024/01/04 	139.37673091888428	139.37673091888428	137.4542932510376	138.41551208496094	27201	2024/01/04 
2024/01/05 	138.4155154344512	138.89612486304307	137.93490600585938	137.93490600585938	6160	2024/01/05 
2024/01/08 	138.41550678453947	138.8961161830969	136.9736785888672	136.9736785888672	20994	2024/01/08 
2024/01/09 	134.57062962216415	135.05123901367188	134.09002023065642	135.05123901367188	16825	2024/01/09 
2024/01/10 	134.57062962216415	135.05123901367188	134.57062962216415	135.05123901367188	10193	2024/01/10 
2024/01/11 	135.05125272524108	137.4542999267578	134.57064328493772	137.4542999267578	42240	2024/01/11 
2024/01/12 	136.49307585268053	137.4542946967135	136.01246643066406	136.01246643066406	3040	2024/01/12 
2024/01/15 	136.01246643066406	136.01246643066406	136.01246643066406	136.01246643066406	0	2024/01/15 
2024/01/16 	138.4155154344512	138.4155154344512	137.45429657726754	137.93490600585938	21710	2024/01/16 
2024/01/17 	138.4155154344512	138.4155154344512	137.45429657726754	137.93490600585938	8550	2024/01/17 
2024/01/18 	136.97368192001127	137.45429133025695	136.49307250976562	136.49307250976562	15490	2024/01/18 
2024/01/19 	136.97368527469703	136.97368527469703	135.53185700864756	136.01246643066406	19042	2024/01/19 
2024/01/22 	137.4542879874246	137.4542879874246	136.49306919030977	136.9736785888672	7860	2024/01/22 
2024/01/23 	136.01245979175232	136.9736785888672	136.01245979175232	136.9736785888672	6361	2024/01/23 
2024/01/24 	136.49307250976562	136.49307250976562	136.49307250976562	136.49307250976562	400	2024/01/24 
2024/01/25 	136.49307250976562	136.49307250976562	136.01246309951998	136.49307250976562	3250	2024/01/25 
2024/01/26 	136.01246309951998	136.49307250976562	134.570634868783	136.49307250976562	7977	2024/01/26 
2024/01/29 	136.49307250976562	136.49307250976562	136.01246309951998	136.49307250976562	8310	2024/01/29 
2024/01/30 	135.0512475866311	136.01246643066406	135.0512475866311	136.01246643066406	22155	2024/01/30 
2024/01/31 	136.01246309951998	136.49307250976562	136.01246309951998	136.49307250976562	16550	2024/01/31 
2024/02/01 	136.49307931187641	160.5235510217138	136.01246987767968	159.5623321533203	277271	2024/02/01 
2024/02/02 	160.52355227680326	161.48477115271226	150.91136351771326	152.83380126953125	136634	2024/02/02 
2024/02/05 	153.79500611521567	153.79500611521567	148.98891217411517	150.4307403564453	30414	2024/02/05 
2024/02/15 	152.83379459381104	155.23684167861938	152.35318517684937	153.79501342773438	150831	2024/02/15 
2024/02/16 	158.6011085284532	163.40720272628513	158.6011085284532	162.44598388671875	94794	2024/02/16 
2024/02/19 	161.96537708706325	173.98061277601454	160.04293937683104	173.01939392089844	173323	2024/02/19 
2024/02/20 	173.98061584472657	178.78671020507812	161.4847705078125	168.2133026123047	203932	2024/02/20 
2024/02/21 	167.2520775623269	173.5	166.29085872576178	173.5	75904	2024/02/21 
2024/02/22 	173.98060267947497	189.36010346882082	173.01938388014088	185.51522827148438	261022	2024/02/22 
2024/02/23 	187.43767065750924	192.24376477693258	180.7091388903166	182.63157653808594	173859	2024/02/23 
2024/02/26 	185.51523870351363	191.28255182383012	185.51523870351363	188.39889526367188	108658	2024/02/26 
2024/02/27 	185.03462022996638	191.2825424714977	181.67035440760336	183.1121826171875	93139	2024/02/27 
2024/02/29 	183.59279536197062	184.55401418585527	180.7091388903166	182.63157653808594	51309	2024/02/29 
2024/03/01 	181.6703577142013	185.0346235977976	181.6703577142013	182.63157653808594	66407	2024/03/01 
2024/03/04 	183.5927972793579	185.5152349472046	180.7091407775879	184.55401611328125	68923	2024/03/04 
2024/03/05 	185.99584582487321	186.47645524560932	181.67036103824827	182.15097045898438	67783	2024/03/05 
2024/03/06 	183.59279067281614	186.95705647048555	182.63157187348202	185.51522827148438	91939	2024/03/06 
2024/03/07 	185.995849609375	186.4764590398902	184.55402131782947	185.995849609375	29495	2024/03/07 
2024/03/08 	185.99584536165804	185.99584536165804	176.86426639041386	177.8254852294922	85163	2024/03/08 
2024/03/11 	176.38366212410196	179.74792815916658	176.38366212410196	179.26731872558594	9437	2024/03/11 
2024/03/12 	179.2673054500347	182.63157123596028	177.34486785807724	181.1897430419922	28524	2024/03/12 
2024/03/13 	182.1509753270699	183.59280362781186	178.78670929200527	179.26731872558594	30240	2024/03/13 
2024/03/14 	178.7866973876953	178.7866973876953	177.34486918295585	178.7866973876953	17054	2024/03/14 
2024/03/15 	179.74792290764887	179.74792290764887	177.344875809953	177.8254852294922	17242	2024/03/15 
2024/03/18 	177.8254852294922	177.8254852294922	177.8254852294922	177.8254852294922	0	2024/03/18 
2024/03/19 	176.86426307698787	178.78670071912904	176.86426307698787	178.30609130859375	7048	2024/03/19 
2024/03/20 	179.26731012966434	179.26731012966434	176.86426307698787	178.30609130859375	4294	2024/03/20 
2024/03/21 	177.82548189805846	178.30609130859375	177.34487248752316	178.30609130859375	17050	2024/03/21 
2024/03/22 	178.7866973876953	179.74791619085497	178.7866973876953	178.7866973876953	30293	2024/03/22 
2024/03/25 	178.7866973876953	178.7866973876953	178.7866973876953	178.7866973876953	0	2024/03/25 
2024/03/26 	178.7866973876953	178.7866973876953	178.7866973876953	178.7866973876953	0	2024/03/26 
2024/03/27 	182.15097045898438	182.15097045898438	180.70914219677604	182.15097045898438	9580	2024/03/27 
2024/03/28 	182.15097192774482	182.63158135235628	178.78670595546456	179.7479248046875	20247	2024/03/28 
2024/03/29 	178.30608935447088	178.786698759739	175.4224329228622	176.38365173339844	62218	2024/03/29 
2024/04/01 	177.34487194250963	177.34487194250963	173.98060607910156	173.98060607910156	39999	2024/04/01 
2024/04/02 	175.42243998318432	180.70914365391042	174.4612211339614	179.7479248046875	63145	2024/04/02 
2024/04/03 	179.74791484802407	181.67035243998154	178.30608665405597	181.1897430419922	123199	2024/04/03 
2024/04/08 	181.18975348011944	188.39889486527008	180.70914405444273	184.0734100341797	98459	2024/04/08 
2024/04/09 	184.0733994299284	184.0733994299284	180.7091336440028	181.1897430419922	45036	2024/04/09 
2024/04/10 	180.70913427481378	186.4764470708185	180.70913427481378	185.51522827148438	97701	2024/04/10 
2024/04/11 	184.55400882791776	185.03461822590714	179.74791484802407	181.1897430419922	66323	2024/04/11 
2024/04/12 	181.6703563343395	185.0346221923828	180.7091375177557	185.0346221923828	79068	2024/04/12 
2024/04/15 	184.55401418585527	184.55401418585527	181.6703577142013	182.63157653808594	21018	2024/04/15 
2024/04/16 	182.15097192774482	182.63158135235628	179.7479248046875	179.7479248046875	20390	2024/04/16 
2024/04/17 	182.63158323903562	182.63158323903562	180.70914552073	181.6703643798828	31176	2024/04/17 
2024/04/18 	181.18974830225895	182.63157653808594	180.7091388903166	182.63157653808594	15153	2024/04/18 
2024/04/19 	181.67035379717427	182.63157260033393	178.7866973876953	178.7866973876953	38594	2024/04/19 
2024/04/22 	181.18974237856656	181.18974237856656	175.90303902004075	176.8642578125	23311	2024/04/22 
2024/04/23 	176.864259781376	178.7866973876953	176.864259781376	178.7866973876953	10780	2024/04/23 
2024/04/24 	179.7479248046875	179.7479248046875	179.7479248046875	179.7479248046875	1122	2024/04/24 
2024/04/25 	178.7866973876953	179.74791619085497	178.7866973876953	178.7866973876953	6534	2024/04/25 
2024/04/26 	179.26731538007604	180.70914365391042	179.26731538007604	179.7479248046875	11252	2024/04/26 
2024/04/29 	179.7479248046875	179.7479248046875	178.78670595546456	179.7479248046875	7353	2024/04/29 
2024/04/30 	179.26731872558594	179.26731872558594	179.26731872558594	179.26731872558594	3072	2024/04/30 
2024/05/02 	179.26730678927515	179.26730678927515	177.82547858453566	178.7866973876953	9239	2024/05/02 
2024/05/03 	178.7866973876953	178.7866973876953	178.7866973876953	178.7866973876953	606	2024/05/03 
2024/05/06 	178.78670743616615	178.78670743616615	173.50000372165587	177.34487915039062	15392	2024/05/06 
2024/05/07 	177.34486720872962	177.34486720872962	175.42242962381115	176.8642578125	6294	2024/05/07 
2024/05/08 	176.38365173339844	176.38365173339844	174.9418235175941	176.38365173339844	8636	2024/05/08 
2024/05/09 	176.38365506865287	176.38365506865287	174.94182682558488	175.90304565429688	11346	2024/05/09 
2024/05/10 	175.9030397059554	175.9030397059554	162.4459765590517	170.13572692871094	164084	2024/05/10 
2024/05/13 	170.61634860195957	175.42244292877533	168.2133014385517	174.94183349609375	47813	2024/05/13 
2024/05/14 	174.94183015170162	176.3836584221827	173.98061130471424	175.4224395751953	23171	2024/05/14 
2024/05/15 	175.90304371533475	175.90304371533475	173.98060607910156	173.98060607910156	10459	2024/05/15 
2024/05/16 	175.903048998689	175.903048998689	173.0193924577269	175.4224395751953	67417	2024/05/16 
2024/05/17 	175.903048998689	176.3836584221827	174.94183015170162	175.4224395751953	8412	2024/05/17 
2024/05/20 	175.90304371533475	175.90304371533475	173.98060607910156	173.98060607910156	13227	2024/05/20 
2024/05/21 	174.46121352211722	174.46121352211722	170.13572888933746	172.05816650390625	21324	2024/05/21 
2024/05/22 	172.05816983775932	172.05816983775932	170.61634159889542	171.5775604248047	6832	2024/05/22 
2024/05/23 	171.57755648987342	171.57755648987342	165.81024366668439	167.73268127441406	54818	2024/05/23 
2024/05/24 	167.25208041199252	169.17451811787748	167.25208041199252	168.69390869140625	8132	2024/05/24 
2024/05/27 	168.69390723410618	171.09695434570312	168.69390723410618	171.09695434570312	8577	2024/05/27 
2024/05/28 	171.09695101185005	173.0193886636686	171.09695101185005	171.5775604248047	19660	2024/05/28 
2024/05/29 	172.05816650390625	172.05816650390625	171.09694769662187	172.05816650390625	4107	2024/05/29 
2024/05/30 	172.5387844933404	173.01939392089844	171.57756563822429	173.01939392089844	23982	2024/05/30 
2024/05/31 	172.5387844933404	173.5000033484565	172.05817506578234	173.01939392089844	27622	2024/05/31 
2024/06/03 	173.01938531119063	173.49999471483284	171.09694769662187	172.05816650390625	26976	2024/06/03 
2024/06/04 	172.53878784179688	173.0193972786821	171.5775689680264	172.53878784179688	26509	2024/06/04 
2024/06/05 	172.05817174515235	173.5	172.05817174515235	173.5	16231	2024/06/05 
2024/06/06 	177.0	178.5	175.0	177.5	26869	2024/06/06 
2024/06/07 	175.5	176.0	175.0	176.0	8405	2024/06/07 
2024/06/11 	176.0	176.0	171.0	173.5	25281	2024/06/11 
2024/06/12 	173.5	173.5	171.5	173.0	20844	2024/06/12 
2024/06/13 	172.0	173.5	168.5	171.5	60127	2024/06/13 
2024/06/14 	171.0	171.5	169.5	171.5	25737	2024/06/14 
2024/06/17 	170.0	173.0	170.0	173.0	11298	2024/06/17 
2024/06/18 	174.0	174.5	172.5	174.0	6638	2024/06/18 
2024/06/19 	174.5	175.5	174.0	175.0	8560	2024/06/19 
2024/06/20 	174.0	174.0	173.0	174.0	6167	2024/06/20 
2024/06/21 	173.0	173.5	172.0	173.0	5484	2024/06/21 
2024/06/24 	173.0	173.0	171.0	171.0	3626	2024/06/24 
2024/06/25 	171.5	173.0	171.5	171.5	8138	2024/06/25 
2024/06/26 	171.0	176.0	171.0	175.0	18107	2024/06/26 
2024/06/27 	177.0	182.0	175.0	177.5	56864	2024/06/27 
2024/06/28 	177.5	178.0	175.0	176.0	11150	2024/06/28 
2024/07/01 	177.0	177.0	175.0	177.0	10162	2024/07/01 
2024/07/02 	176.0	177.0	174.0	175.0	24821	2024/07/02 
2024/07/03 	175.5	177.0	173.0	174.0	17505	2024/07/03 
2024/07/04 	173.0	175.5	173.0	175.5	13444	2024/07/04 
2024/07/05 	175.5	184.0	175.5	182.0	47952	2024/07/05 
2024/07/08 	181.0	181.5	179.0	179.0	14810	2024/07/08 
2024/07/09 	179.0	179.0	177.0	177.0	15700	2024/07/09 
2024/07/10 	178.5	178.5	176.5	177.0	12111	2024/07/10 
2024/07/11 	176.0	177.0	173.0	175.0	28803	2024/07/11 
2024/07/12 	175.0	175.0	172.0	173.5	8586	2024/07/12 
2024/07/15 	174.0	175.5	173.5	174.0	14162	2024/07/15 
2024/07/16 	173.5	175.0	173.0	174.0	8656	2024/07/16 
2024/07/17 	173.0	174.0	172.0	173.0	20374	2024/07/17 
2024/07/18 	172.0	173.0	170.0	172.0	10527	2024/07/18 
2024/07/19 	172.0	173.0	171.0	172.0	8225	2024/07/19 
2024/07/22 	172.0	172.0	162.0	169.5	35955	2024/07/22 
2024/07/23 	169.5	171.0	169.5	171.0	11125	2024/07/23 
2024/07/26 	168.5	169.0	166.0	168.0	37630	2024/07/26 
2024/07/29 	167.0	168.0	163.0	165.0	55612	2024/07/29 
2024/07/30 	164.0	164.5	161.5	164.0	24971	2024/07/30 
2024/07/31 	163.5	163.5	161.0	162.0	19706	2024/07/31 
2024/08/01 	163.0	164.5	162.5	164.0	27141	2024/08/01 
2024/08/02 	161.0	162.0	156.0	160.5	45900	2024/08/02 
2024/08/05 	155.5	159.0	136.0	136.0	121903	2024/08/05 
2024/08/06 	140.0	144.5	138.5	144.5	19196	2024/08/06 
2024/08/07 	146.5	150.0	146.5	150.0	10886	2024/08/07 
2024/08/08 	149.5	149.5	149.0	149.5	4030	2024/08/08 
2024/08/09 	151.5	154.5	150.0	154.0	11595	2024/08/09 
2024/08/12 	153.0	156.0	153.0	156.0	12603	2024/08/12 
2024/08/13 	157.0	164.0	156.5	163.0	18030	2024/08/13 
2024/08/14 	165.0	170.5	164.0	168.0	41480	2024/08/14 
2024/08/15 	168.5	168.5	160.0	161.0	32369	2024/08/15 
2024/08/16 	162.5	163.0	155.0	163.0	37967	2024/08/16 
2024/08/19 	163.0	164.0	161.0	163.0	9010	2024/08/19 
2024/08/20 	162.5	162.5	157.0	160.5	29600	2024/08/20 
2024/08/21 	157.0	158.0	153.0	154.5	58518	2024/08/21 
2024/08/22 	155.0	157.0	155.0	157.0	10427	2024/08/22 
2024/08/23 	157.0	157.0	154.5	157.0	680	2024/08/23 
2024/08/26 	154.5	157.0	154.5	157.0	467	2024/08/26 
2024/08/27 	154.5	155.5	152.5	153.0	19633	2024/08/27 
2024/08/28 	154.5	154.5	152.0	153.0	11662	2024/08/28 
2024/08/29 	151.0	153.0	150.0	153.0	7872	2024/08/29 
2024/08/30 	153.0	153.0	150.0	152.0	6349	2024/08/30 
2024/09/02 	150.0	153.0	150.0	153.0	10765	2024/09/02 
2024/09/03 	152.5	153.5	152.5	153.5	3708	2024/09/03 
2024/09/04 	153.0	153.5	152.5	153.5	10200	2024/09/04 
2024/09/05 	154.0	154.5	153.5	154.0	7030	2024/09/05 
2024/09/06 	155.0	157.0	153.5	157.0	14750	2024/09/06 
2024/09/09 	157.0	157.0	155.0	155.0	11466	2024/09/09 
2024/09/10 	155.0	156.0	154.0	155.0	10012	2024/09/10 
2024/09/11 	156.0	158.0	156.0	157.0	19305	2024/09/11 
2024/09/12 	157.5	157.5	156.0	156.5	15600	2024/09/12 
2024/09/13 	156.0	156.5	155.5	156.5	15862	2024/09/13 
2024/09/16 	157.0	157.5	156.5	157.5	10782	2024/09/16 
2024/09/18 	157.5	158.0	156.5	157.5	15803	2024/09/18 
2024/09/19 	157.5	157.5	157.0	157.0	5089	2024/09/19 
2024/09/20 	156.5	158.0	156.5	158.0	5151	2024/09/20 
2024/09/23 	158.0	170.0	157.5	167.5	106854	2024/09/23 
2024/09/24 	167.5	167.5	165.5	166.0	32988	2024/09/24 
2024/09/25 	166.5	166.5	165.5	166.5	15281	2024/09/25 
2024/09/26 	166.5	167.5	166.0	167.5	23373	2024/09/26 
2024/09/27 	167.5	167.5	164.0	164.5	24112	2024/09/27 
2024/09/30 	164.5	166.0	164.5	165.0	7982	2024/09/30 
2024/10/01 	166.0	167.0	165.5	165.5	24693	2024/10/01 
2024/10/04 	166.5	167.0	165.5	165.5	15825	2024/10/04 
2024/10/07 	165.5	168.5	165.5	168.0	35551	2024/10/07 
2024/10/08 	168.5	169.0	167.5	168.0	13001	2024/10/08 
2024/10/09 	168.5	170.0	168.0	170.0	43571	2024/10/09 
2024/10/11 	170.5	176.0	170.5	175.5	58478	2024/10/11 
2024/10/14 	175.0	178.0	175.0	177.0	46875	2024/10/14 
2024/10/15 	177.0	180.0	176.0	176.0	71221	2024/10/15 
2024/10/16 	177.0	177.5	175.0	175.5	40118	2024/10/16 
2024/10/17 	175.5	179.5	172.0	177.0	76992	2024/10/17 
2024/10/18 	176.0	180.0	176.0	178.0	50155	2024/10/18 
2024/10/21 	178.0	180.0	177.5	177.5	57200	2024/10/21 
2024/10/22 	178.0	178.0	176.0	176.5	60440	2024/10/22 
2024/10/23 	177.5	177.5	174.5	175.5	54569	2024/10/23 
2024/10/24 	175.0	175.5	173.0	174.5	32658	2024/10/24 
2024/10/25 	174.5	176.5	174.0	175.0	48372	2024/10/25 
2024/10/28 	175.5	176.0	170.0	172.0	46472	2024/10/28 
2024/10/29 	172.5	177.0	170.0	175.0	119780	2024/10/29 
2024/10/30 	175.0	182.0	174.0	182.0	134241	2024/10/30 
2024/11/01 	183.0	183.0	172.0	178.0	120881	2024/11/01 
2024/11/04 	178.5	178.5	173.0	175.5	107803	2024/11/04 
2024/11/05 	175.5	175.5	173.5	173.5	40003	2024/11/05 
2024/11/06 	175.0	179.0	174.0	179.0	82264	2024/11/06 
2024/11/07 	178.5	180.0	177.0	179.5	71697	2024/11/07 
2024/11/08 	177.0	179.5	173.5	176.5	83422	2024/11/08 
2024/11/11 	176.0	179.0	175.5	176.5	81508	2024/11/11 
2024/11/12 	177.0	178.0	173.5	176.5	98223	2024/11/12 
2024/11/13 	166.5	168.5	148.0	160.0	1323000	2024/11/13 
2024/11/14 	150.0	156.5	148.5	150.0	450000	2024/11/14 
2024/11/15 	150.0	152.0	143.0	144.0	407000	2024/11/15 
2024/11/18 	143.0	143.0	137.5	140.0	219000	2024/11/18 
2024/11/19 	141.0	150.0	141.0	147.0	207000	2024/11/19 
2024/11/20 	150.0	151.0	143.0	145.5	123697	2024/11/20 
2024/11/21 	144.0	146.0	141.5	145.5	71000	2024/11/21 
2024/11/22 	146.0	148.0	145.0	146.0	83000	2024/11/22 
2024/11/25 	148.5	149.0	146.0	146.0	67000	2024/11/25 
2024/11/26 	145.0	146.0	143.0	146.0	75000	2024/11/26 
2024/11/27 	146.0	147.0	145.5	145.5	43000	2024/11/27 
2024/11/28 	145.0	145.0	142.0	144.0	68000	2024/11/28 
2024/11/29 	144.0	144.0	143.0	143.0	19000	2024/11/29 
2024/12/02 	143.0	143.0	139.5	140.5	72000	2024/12/02 
2024/12/03 	142.5	152.5	141.0	146.0	145000	2024/12/03 
2024/12/04 	146.0	148.0	143.0	146.5	80000	2024/12/04 
2024/12/05 	147.0	149.5	145.0	148.5	93000	2024/12/05 
2024/12/06 	148.0	150.5	147.0	149.5	109000	2024/12/06 
2024/12/09 	150.0	150.5	147.5	147.5	64000	2024/12/09 
2024/12/10 	150.0	150.0	147.5	148.0	74000	2024/12/10 
2024/12/11 	147.5	148.5	146.0	146.0	34000	2024/12/11 
2024/12/12 	146.0	147.0	145.5	145.5	37000	2024/12/12 
2024/12/13 	146.0	146.0	144.0	145.0	31000	2024/12/13 
2024/12/16 	145.0	145.0	141.5	142.0	42000	2024/12/16 
2024/12/17 	142.5	143.0	142.0	142.0	29000	2024/12/17 
2024/12/18 	142.0	142.0	140.0	142.0	53000	2024/12/18 
2024/12/19 	140.0	140.5	138.0	139.5	95000	2024/12/19 
2024/12/20 	139.5	146.0	139.0	145.5	81000	2024/12/20 
2024/12/23 	145.5	145.5	143.5	143.5	144000	2024/12/23 
2024/12/24 	143.5	143.5	141.0	142.5	49000	2024/12/24 
2024/12/25 	142.0	143.0	142.0	142.5	30000	2024/12/25 
2024/12/26 	141.5	143.0	141.5	143.5	30000	2024/12/26 
2024/12/27 	143.0	143.0	140.5	140.5	44000	2024/12/27 
2024/12/30 	140.0	140.5	139.5	140.5	26000	2024/12/30 
2024/12/31 	141.5	142.5	141.5	142.5	24000	2024/12/31 
2025/01/02 	142.5	144.5	142.5	143.5	34000	2025/01/02 
2025/01/03 	144.0	144.0	141.5	143.0	54000	2025/01/03 
2025/01/06 	145.0	150.0	143.5	148.0	166000	2025/01/06 
2025/01/07 	148.0	148.0	145.0	147.0	65000	2025/01/07 
2025/01/08 	145.5	145.5	143.0	144.5	20000	2025/01/08 
2025/01/09 	145.0	145.0	142.0	144.0	39000	2025/01/09 
2025/01/10 	149.0	149.0	145.5	146.0	126000	2025/01/10 
2025/01/13 	146.0	146.5	144.0	146.0	80000	2025/01/13 
2025/01/14 	146.0	148.5	144.5	148.5	42000	2025/01/14 
2025/01/15 	146.0	148.0	145.5	147.0	39000	2025/01/15 
2025/01/16 	148.0	154.0	147.5	153.5	198000	2025/01/16 
2025/01/17 	151.5	158.5	151.5	156.5	201000	2025/01/17 
2025/01/20 	156.5	171.0	155.5	161.5	612000	2025/01/20 
2025/01/21 	161.5	166.0	161.5	162.5	153000	2025/01/21 
2025/01/22 	163.5	167.5	163.5	164.0	308000	2025/01/22 
2025/02/03 	161.0	162.0	155.0	159.0	133015	2025/02/03 
2025/02/04 	159.0	159.0	151.5	153.0	107200	2025/02/04 
2025/02/05 	153.5	156.5	153.5	155.5	51000	2025/02/05 
2025/02/06 	157.0	157.0	154.0	155.5	48101	2025/02/06 
2025/02/07 	155.5	158.0	154.0	155.5	41100	2025/02/07 
2025/02/10 	155.5	159.0	154.0	157.0	97100	2025/02/10 
2025/02/11 	156.0	161.0	156.0	159.5	93020	2025/02/11 
2025/02/12 	158.5	159.5	157.0	159.0	105000	2025/02/12 
2025/02/13 	160.0	162.0	158.5	159.0	100000	2025/02/13 
2025/02/14 	158.0	158.0	155.0	156.0	63030	2025/02/14 
2025/02/17 	157.0	168.0	156.0	165.5	333020	2025/02/17 
2025/02/18 	165.5	166.0	162.5	164.0	102000	2025/02/18 
2025/02/19 	164.5	166.5	162.5	165.0	96000	2025/02/19 
2025/02/20 	166.5	167.5	164.5	164.5	96000	2025/02/20 
2025/02/21 	165.5	168.5	162.0	163.0	226010	2025/02/21 
2025/02/24 	161.0	164.0	161.0	163.0	25000	2025/02/24 
2025/02/25 	162.5	162.5	160.5	161.5	34000	2025/02/25 
2025/02/26 	161.5	161.5	160.0	160.5	47007	2025/02/26 
2025/02/27 	161.0	162.5	158.0	158.0	72000	2025/02/27 
2025/03/03 	155.5	156.0	152.0	153.5	63000	2025/03/03 
2025/03/04 	153.0	160.0	152.0	159.5	145100	2025/03/04 
2025/03/05 	159.5	161.5	156.5	157.0	60000	2025/03/05 
2025/03/06 	157.5	157.5	154.5	157.0	35000	2025/03/06 
2025/03/07 	155.0	155.0	153.5	155.0	26000	2025/03/07 
2025/03/10 	160.0	160.0	154.0	155.0	41020	2025/03/10 
2025/03/11 	156.0	162.0	150.0	160.5	115000	2025/03/11 
2025/03/12 	160.5	162.5	159.5	159.5	115210	2025/03/12 
2025/03/13 	162.5	164.0	160.5	161.0	141020	2025/03/13 
2025/03/14 	161.0	163.5	161.0	163.0	70001	2025/03/14 
2025/03/17 	163.5	163.5	157.5	157.5	89000	2025/03/17 
2025/03/18 	157.5	158.5	155.5	156.0	37001	2025/03/18 
2025/03/19 	155.0	155.0	153.5	153.5	21000	2025/03/19 
2025/03/20 	153.5	156.0	153.5	155.0	10000	2025/03/20 
2025/03/21 	155.0	156.5	155.0	155.5	5000	2025/03/21 
2025/03/24 	156.0	156.0	153.0	154.0	19000	2025/03/24 
2025/03/25 	158.0	158.0	154.0	154.0	16000	2025/03/25 
2025/03/26 	154.5	155.5	153.5	153.5	30000	2025/03/26 
2025/03/27 	153.0	153.0	151.5	152.0	24000	2025/03/27 
2025/03/28 	149.0	149.0	143.0	145.5	87000	2025/03/28 
2025/03/31 	146.0	146.0	140.0	141.5	60001	2025/03/31 
2025/04/01 	141.5	144.5	141.5	143.5	15001	2025/04/01 
2025/04/02 	145.0	145.0	142.0	143.0	15000	2025/04/02 
2025/04/07 	129.0	129.0	129.0	129.0	13876	2025/04/07 
2025/04/08 	117.0	122.0	116.5	117.5	124000	2025/04/08 
2025/04/09 	117.5	117.5	106.0	106.0	104000	2025/04/09 
2025/04/10 	116.5	116.5	116.5	116.5	14000	2025/04/10 
2025/04/11 	116.5	127.5	105.5	126.0	84008	2025/04/11 
2025/04/14 	128.5	135.0	126.0	126.5	72000	2025/04/14 
2025/04/15 	127.0	135.0	127.0	135.0	49000	2025/04/15 
2025/04/16 	130.0	132.5	130.0	131.0	21000	2025/04/16 
2025/04/17 	133.5	133.5	126.0	129.0	37004	2025/04/17 
2025/04/18 	129.0	131.0	129.0	130.0	21000	2025/04/18 
2025/04/21 	127.5	128.0	126.0	126.5	19000	2025/04/21 
2025/04/22 	125.0	125.0	122.0	122.0	27000	2025/04/22 
2025/04/23 	125.5	130.5	125.5	126.5	38000	2025/04/23 
2025/04/24 	133.5	133.5	128.0	128.0	7000	2025/04/24 
2025/04/25 	130.0	131.5	129.0	130.0	27000	2025/04/25 
2025/04/28 	130.0	138.5	130.0	134.5	81000	2025/04/28 
2025/04/29 	133.0	137.0	133.0	137.0	33125	2025/04/29 
2025/04/30 	136.5	140.0	132.0	132.5	65001	2025/04/30 
2025/05/02 	131.5	139.0	131.5	135.5	27012	2025/05/02 
2025/05/05 	135.0	135.0	127.0	128.0	29010	2025/05/05 
2025/05/06 	128.0	130.0	128.0	130.0	21000	2025/05/06 
2025/05/07 	130.0	130.5	129.0	129.0	7000	2025/05/07 
2025/05/08 	130.0	130.5	129.5	130.5	9000	2025/05/08 
2025/05/09 	131.5	132.5	131.0	131.5	15000	2025/05/09 
2025/05/12 	133.0	137.0	133.0	135.0	42000	2025/05/12 
2025/05/13 	137.0	144.0	137.0	138.0	68000	2025/05/13 
2025/05/14 	139.0	143.0	138.5	143.0	54000	2025/05/14 
2025/05/15 	144.0	144.0	139.5	139.5	29000	2025/05/15 
2025/05/16 	140.5	142.0	140.0	140.0	9000	2025/05/16 
2025/05/19 	138.0	138.0	134.0	134.0	12000	2025/05/19 
2025/05/20 	135.0	137.0	135.0	135.0	14000	2025/05/20 
2025/05/21 	135.0	136.5	135.0	136.0	8000	2025/05/21 
2025/05/22 	137.0	146.5	137.0	142.0	88000	2025/05/22 
2025/05/23 	146.0	146.0	141.0	141.0	19000	2025/05/23 
2025/05/26 	140.5	140.5	139.5	140.0	7000	2025/05/26 
2025/05/27 	138.0	139.0	137.0	139.0	10001	2025/05/27 
2025/05/28 	139.0	142.5	137.0	138.5	18000	2025/05/28 
2025/05/29 	141.0	141.0	136.5	137.0	14010	2025/05/29 
2025/06/02 	135.0	137.0	134.0	137.0	7000	2025/06/02 
2025/06/03 	137.0	137.0	136.0	136.0	17039	2025/06/03 
2025/06/04 	137.5	140.0	136.5	137.0	29000	2025/06/04 
2025/06/05 	137.0	137.0	135.0	136.5	9000	2025/06/05 
2025/06/06 	138.5	138.5	136.5	137.5	8000	2025/06/06 
>>>>>>> 95872d704 (Add new data files and update analysis modules):data/raw/archive_temp/7703.txt
