Date	Open	High	Low	Close	Volume	Date
2021/10/29 	22.708616793098077	31.22434787050719	22.708616793098077	26.20952796936035	170979	2021/10/29 
2021/11/01 	25.736432729270415	25.862592817564533	22.61399826432687	24.50638198852539	92974	2021/11/01 
2021/11/02 	24.096365940309173	24.916400363630583	23.15017318725586	23.15017318725586	20700	2021/11/02 
2021/11/03 	23.33941059991521	23.844045639038086	22.70861548099572	23.844045639038086	12143	2021/11/03 
2021/11/04 	23.78096785689136	23.78096785689136	22.771694274827333	23.46556854248047	7317	2021/11/04 
2021/11/05 	23.623269591128896	27.50265921061741	23.623269591128896	26.68262481689453	248011	2021/11/05 
2021/11/08 	27.061102090218583	27.124181254061273	25.736432609436864	25.862592697143555	68107	2021/11/08 
2021/11/09 	25.547195585561035	25.862593170569276	23.875588913023744	24.537921905517578	71686	2021/11/09 
2021/11/10 	23.844047570503708	24.537921905517578	23.59173091051419	24.537921905517578	11710	2021/11/10 
2021/11/11 	23.65480795820907	23.970205514986603	22.582456969173933	22.960933685302734	146301	2021/11/11 
2021/11/12 	23.560188214959684	23.71788787841797	22.771695177731996	23.71788787841797	6639	2021/11/12 
2021/11/15 	23.780968424558935	23.970205905697284	22.582457337264522	23.33941078186035	26656	2021/11/15 
2021/11/16 	23.686349868774414	23.686349868774414	23.686349868774414	23.686349868774414	2	2021/11/16 
2021/11/17 	23.087094507774424	23.52865219116211	22.613999001312045	23.52865219116211	27962	2021/11/17 
2021/11/18 	22.803238259909822	23.52865219116211	22.803238259909822	23.52865219116211	10257	2021/11/18 
2021/11/19 	23.52865034911132	24.348682965451705	23.465569427836396	24.222524642944336	91077	2021/11/19 
2021/11/22 	26.367227741843845	31.602826495952936	25.831053089689657	29.836599349975586	488942	2021/11/22 
2021/11/23 	28.73270789721043	30.088918680524575	27.565736359946552	28.89040756225586	208289	2021/11/23 
2021/11/24 	27.881134919773565	28.29115300743423	25.23179594114811	27.439579010009766	172512	2021/11/24 
2021/11/25 	27.344958662049496	27.344958662049496	26.24106807228391	27.12417984008789	14963	2021/11/25 
2021/11/26 	26.20952691637951	26.619544982910156	25.86259153088951	26.619544982910156	28086	2021/11/26 
2021/11/29 	26.114909508917055	26.114909508917055	24.88486052655389	25.20025634765625	44075	2021/11/29 
2021/11/30 	25.421035345299845	25.86259301771447	25.421035345299845	25.547195434570312	14628	2021/11/30 
2021/12/01 	24.727159757796965	25.042557324913187	24.66408059637797	24.916399002075195	33660	2021/12/01 
2021/12/02 	25.231795176274787	25.294876098632812	25.231795176274787	25.294876098632812	4388	2021/12/02 
2021/12/03 	25.294877016050716	25.95721176465132	25.231796091404817	25.547195434570312	42422	2021/12/03 
2021/12/06 	25.925670476638953	27.881135144225702	25.547195488098552	26.93494415283203	73679	2021/12/06 
2021/12/07 	26.398767805839505	26.49338655323798	26.177988968555052	26.430307388305664	17565	2021/12/07 
2021/12/08 	26.430307722432975	26.46184730529785	26.14644971662772	26.46184730529785	25234	2021/12/08 
2021/12/09 	26.209527325992113	26.58800581793868	26.17798774500011	26.493385314941406	20450	2021/12/09 
2021/12/10 	26.36722776790638	26.36722776790638	25.294876702516728	25.862592697143555	80456	2021/12/10 
2021/12/13 	26.272608604498238	26.871862411499023	26.177988100217032	26.871862411499023	22105	2021/12/13 
2021/12/14 	26.80878448486328	26.871863650611928	26.241070233104082	26.80878448486328	21065	2021/12/14 
2021/12/15 	26.146449386088893	26.49338655323798	26.083370221156574	26.430307388305664	23698	2021/12/15 
2021/12/16 	25.767971629110264	26.493385517515538	25.767971629110264	25.988750457763672	33938	2021/12/16 
2021/12/17 	26.493385626012692	26.80878319965722	26.114908889643516	26.177988052368164	40221	2021/12/17 
2021/12/20 	26.619545711483273	26.682624874207924	26.177988052368164	26.177988052368164	26337	2021/12/20 
2021/12/21 	26.177988052368164	26.177988052368164	26.177988052368164	26.177988052368164	0	2021/12/21 
2021/12/22 	26.177988052368164	26.177988052368164	26.177988052368164	26.177988052368164	0	2021/12/22 
2021/12/23 	26.430307388305664	26.524927895725483	25.9887514737581	26.430307388305664	12595	2021/12/23 
2021/12/24 	26.556467056274414	26.556467056274414	26.556467056274414	26.556467056274414	4388	2021/12/24 
2021/12/27 	26.588006638239488	26.588006638239488	26.051830224790635	26.556467056274414	11717	2021/12/27 
2021/12/28 	25.925669641448287	26.27260855647642	25.011018261898307	26.177988052368164	76236	2021/12/28 
2021/12/29 	26.49338596527754	26.49338596527754	25.767972064612117	26.20952796936035	32914	2021/12/29 
2021/12/30 	26.20952796936035	26.335688056446493	26.17798838759414	26.20952796936035	29842	2021/12/30 
2022/01/03 	26.36722810909909	26.493386438416962	25.894132614135742	25.894132614135742	17583	2022/01/03 
2022/01/04 	25.894132801243273	25.925670623779297	25.231796287474495	25.925670623779297	13897	2022/01/04 
2022/01/05 	25.862592529153368	25.862592529153368	25.231795614759875	25.515653610229492	21211	2022/01/05 
2022/01/06 	25.042556468932947	25.357954025268555	24.85331899114429	25.357954025268555	19172	2022/01/06 
2022/01/07 	24.91639911159094	25.231794920072186	24.853319949894694	25.105636596679688	16237	2022/01/07 
2022/01/10 	25.168718338012695	25.168718338012695	24.60100234421637	25.168718338012695	4391	2022/01/10 
2022/01/11 	24.632541633455656	24.947939208482087	24.033286064903308	24.28560447692871	87778	2022/01/11 
2022/01/12 	24.28560447692871	24.28560447692871	24.28560447692871	24.28560447692871	0	2022/01/12 
2022/01/13 	24.033286064903308	25.04255795298363	24.033286064903308	24.28560447692871	10239	2022/01/13 
2022/01/14 	25.04255668138514	25.04255668138514	24.348682403564453	24.348682403564453	8923	2022/01/14 
2022/01/17 	25.105637162294336	25.673353150393375	24.97947883605957	24.97947883605957	24871	2022/01/17 
2022/01/18 	25.04255687643183	25.547193678788858	25.04255687643183	25.231794357299805	1465	2022/01/18 
2022/01/19 	25.13717674385303	25.13717674385303	24.97947883605957	24.97947883605957	21945	2022/01/19 
2022/01/20 	24.979477716142505	25.231794357299805	24.979477716142505	25.231794357299805	11702	2022/01/20 
2022/01/21 	24.916399002075195	24.916399002075195	24.632541015668473	24.916399002075195	15213	2022/01/21 
2022/01/24 	25.168718338012695	25.168718338012695	25.168718338012695	25.168718338012695	4388	2022/01/24 
2022/01/25 	25.231794357299805	25.231794357299805	25.231794357299805	25.231794357299805	1462	2022/01/25 
2022/01/26 	25.231794357299805	25.231794357299805	25.231794357299805	25.231794357299805	0	2022/01/26 
2022/02/07 	25.231794357299805	25.231794357299805	25.231794357299805	25.231794357299805	7315	2022/02/07 
2022/02/08 	25.263336181640625	25.263336181640625	25.263336181640625	25.263336181640625	1462	2022/02/08 
2022/02/09 	24.979477309670063	25.547193263078395	24.947937730038618	25.357954025268555	46811	2022/02/09 
2022/02/10 	25.73643115965683	25.73643115965683	25.231794357299805	25.231794357299805	3086	2022/02/10 
2022/02/11 	25.641813051200554	26.871861987222278	25.641813051200554	25.799510955810547	39789	2022/02/11 
2022/02/14 	25.610274934287457	25.610274934287457	25.5787353515625	25.5787353515625	8777	2022/02/14 
2022/02/15 	25.673353777808135	26.24106977978122	25.673353777808135	25.894132614135742	36278	2022/02/15 
2022/02/16 	25.894131714064184	26.272608448883403	25.862592132831022	25.988750457763672	23990	2022/02/16 
2022/02/17 	25.862592132831022	25.988750457763672	25.862592132831022	25.988750457763672	10239	2022/02/17 
2022/02/18 	25.547195434570312	25.547195434570312	25.547195434570312	25.547195434570312	1	2022/02/18 
2022/02/21 	26.051829620229995	26.083369201463157	25.988750457763672	25.988750457763672	10239	2022/02/21 
2022/02/22 	25.92566894137163	25.95721028190352	25.578733555754432	25.76797103881836	12320	2022/02/22 
2022/02/23 	25.610273722944452	25.988750457763672	25.610273722944452	25.988750457763672	4103	2022/02/23 
2022/02/24 	25.610273329902217	25.610273329902217	25.263336181640625	25.263336181640625	8791	2022/02/24 
2022/02/25 	25.263337120595384	25.862592697143555	25.263337120595384	25.862592697143555	7314	2022/02/25 
2022/03/01 	25.263336569358394	25.988750457763672	25.263336569358394	25.988750457763672	149	2022/03/01 
2022/03/02 	25.263337852426627	25.547195857962873	25.263337852426627	25.421035766601562	9508	2022/03/02 
2022/03/03 	25.26333569746568	25.421033598188995	25.231794357299805	25.231794357299805	13165	2022/03/03 
2022/03/04 	25.231793946721602	25.357954025268555	25.231793946721602	25.357954025268555	13165	2022/03/04 
2022/03/07 	25.26333569746568	25.357954437899668	24.72715931496399	25.231794357299805	40008	2022/03/07 
2022/03/08 	25.231794546236614	25.231794546236614	24.72715950012207	24.72715950012207	10239	2022/03/08 
2022/03/09 	24.72715931496399	25.231794357299805	24.72715931496399	25.231794357299805	9069	2022/03/09 
2022/03/10 	25.137175616865818	25.231794357299805	25.137175616865818	25.231794357299805	4388	2022/03/10 
2022/03/11 	24.853320759239327	25.168718338012695	24.790239835467602	25.168718338012695	11095	2022/03/11 
2022/03/14 	25.1687165474799	25.357954025268555	25.1687165474799	25.357954025268555	19748	2022/03/14 
2022/03/15 	25.231795613835548	28.385771385580966	25.231795613835548	27.06110191345215	248055	2022/03/15 
2022/03/16 	26.39876709234869	26.493385837189866	25.231795532555694	25.67335319519043	67876	2022/03/16 
2022/03/17 	26.177987996138715	26.74570397948369	26.177987996138715	26.68262481689453	29842	2022/03/17 
2022/03/18 	26.58800544670069	26.808782510562093	25.98874989617727	26.11490821838379	12873	2022/03/18 
2022/03/21 	26.11490821838379	26.11490821838379	26.11490821838379	26.11490821838379	0	2022/03/21 
2022/03/22 	26.11490821838379	26.11490821838379	26.11490821838379	26.11490821838379	0	2022/03/22 
2022/03/23 	27.124181117294125	28.385771427871887	26.998022790244868	27.754976272583008	119239	2022/03/23 
2022/03/24 	27.754976272583008	27.754976272583008	27.754976272583008	27.754976272583008	2046	2022/03/24 
2022/03/25 	27.8811349031278	27.8811349031278	26.556467174627258	27.092641830444336	42152	2022/03/25 
2022/03/28 	26.556465821911974	27.061100869918665	26.556465821911974	26.619544982910156	14555	2022/03/28 
2022/03/29 	27.06110135303375	29.647361080300918	27.06110135303375	28.385770797729492	78866	2022/03/29 
2022/03/30 	28.25961252670438	28.25961252670438	27.092640985121584	27.881134033203125	36812	2022/03/30 
2022/03/31 	28.19653331135654	28.385770797729492	27.439578085800925	28.385770797729492	13253	2022/03/31 
2022/04/01 	28.385771468099847	28.448850631713867	28.385771468099847	28.448850631713867	17561	2022/04/01 
2022/04/06 	28.54346870304029	28.54346870304029	28.385770797729492	28.385770797729492	5851	2022/04/06 
2022/04/07 	28.51192969063902	28.51192969063902	28.16499253201446	28.259613037109375	10678	2022/04/07 
2022/04/08 	28.322692200491787	28.322692200491787	28.259613037109375	28.259613037109375	2311	2022/04/08 
2022/04/11 	28.196533937298007	28.480391933180133	27.439578694938564	27.754976272583008	29264	2022/04/11 
2022/04/12 	28.32269321379481	28.701169967651367	27.660358454540496	28.701169967651367	74020	2022/04/12 
2022/04/13 	28.385771817516655	28.890408652683313	27.754976653568995	28.827327728271484	83718	2022/04/13 
2022/04/14 	28.953488415136643	29.741981506347656	28.448851569546218	29.741981506347656	29044	2022/04/14 
2022/04/15 	28.70116836837235	29.016565939015205	28.228072892418698	28.385770797729492	32372	2022/04/15 
2022/04/18 	28.89040700130619	29.016565322875977	28.322691034199707	29.016565322875977	15732	2022/04/18 
2022/04/19 	29.52120018005371	29.52120018005371	28.95348597660542	29.52120018005371	9069	2022/04/19 
2022/04/20 	29.521199929869212	31.03510856628418	29.331962450330593	31.03510856628418	49254	2022/04/20 
2022/04/21 	30.15199556450406	32.549017899778946	30.15199556450406	31.255887985229492	106109	2022/04/21 
2022/04/22 	31.098187726130387	31.098187726130387	30.151993288352482	31.03510856628418	46019	2022/04/22 
2022/04/25 	30.78279303862371	30.908951362872344	28.259612473480857	28.385770797729492	69014	2022/04/25 
2022/04/26 	29.331964177546634	29.710440918931724	28.89040827260092	29.647361755371094	33660	2022/04/26 
2022/04/27 	29.142724990844727	29.142724990844727	28.25961317901386	29.142724990844727	41281	2022/04/27 
2022/04/28 	29.142724990844727	29.142724990844727	29.142724990844727	29.142724990844727	0	2022/04/28 
2022/04/29 	29.584281975757047	30.278156280517578	29.584281975757047	30.278156280517578	13311	2022/04/29 
2022/05/03 	29.331964177546634	29.647361755371094	29.331964177546634	29.647361755371094	2925	2022/05/03 
2022/05/04 	29.33196302276102	30.404314041137695	29.33196302276102	30.404314041137695	2954	2022/05/04 
2022/05/05 	29.331963566747415	30.40431460501176	29.331963566747415	30.278156280517578	3453	2022/05/05 
2022/05/06 	30.278156280517578	30.278156280517578	30.278156280517578	30.278156280517578	0	2022/05/06 
2022/05/09 	29.237342198318956	29.6473602608365	28.764246735441844	29.52120018005371	38034	2022/05/09 
2022/05/10 	29.836599246052984	29.836599246052984	29.521201668228528	29.647361755371094	10241	2022/05/10 
2022/05/11 	29.647361755371094	29.647361755371094	29.647361755371094	29.647361755371094	0	2022/05/11 
2022/05/12 	29.0165663059968	29.0165663059968	28.76424789428711	28.76424789428711	11702	2022/05/12 
2022/05/13 	28.764247478215264	28.89040756225586	28.764247478215264	28.89040756225586	7314	2022/05/13 
2022/05/16 	29.33196438058871	31.382046010606818	29.016566800581	30.025836944580078	73727	2022/05/16 
2022/05/17 	30.215077225240435	30.46739387512207	30.02583621778666	30.46739387512207	6304	2022/05/17 
2022/05/18 	30.46739387512207	30.46739387512207	30.46739387512207	30.46739387512207	0	2022/05/18 
2022/05/19 	29.647361755371094	29.647361755371094	29.647361755371094	29.647361755371094	1464	2022/05/19 
2022/05/20 	29.016565365410944	29.331962929818967	28.385770236594894	28.51192855834961	30719	2022/05/20 
2022/05/23 	28.291153399141688	28.858867645263672	27.881135305804086	28.858867645263672	34523	2022/05/23 
2022/05/24 	27.754975961051937	28.07037353515625	27.754975961051937	28.07037353515625	6658	2022/05/24 
2022/05/25 	27.818055686330766	28.07037410272018	27.4395789417573	27.944215774536133	35839	2022/05/25 
2022/05/26 	28.51192855834961	28.51192855834961	28.51192855834961	28.51192855834961	336	2022/05/26 
2022/05/27 	28.51192912197813	28.54346870304029	28.385770797729492	28.385770797729492	9069	2022/05/27 
2022/05/30 	29.64736237357404	29.64736237357404	28.32269287109375	28.32269287109375	9277	2022/05/30 
2022/05/31 	29.52120018005371	29.52120018005371	29.52120018005371	29.52120018005371	51	2022/05/31 
2022/06/01 	29.521200942373788	29.521200942373788	28.164991919080908	28.89040756225586	29256	2022/06/01 
2022/06/02 	28.448850631713867	28.448850631713867	28.448850631713867	28.448850631713867	1462	2022/06/02 
2022/06/06 	28.44885052725661	29.01656651774091	27.944215460176018	28.259613037109375	61688	2022/06/06 
2022/06/07 	28.385770797729492	28.385770797729492	28.070373227086638	28.385770797729492	126097	2022/06/07 
2022/06/08 	28.89040662620314	28.89040662620314	28.38576982643358	28.63808822631836	20479	2022/06/08 
2022/06/09 	29.016566559713894	29.142724886661206	28.82732730927162	28.953487396240234	23698	2022/06/09 
2022/06/10 	28.953486724265527	29.205803372304192	28.89040756225586	28.89040756225586	24137	2022/06/10 
2022/06/13 	29.016567555868725	29.205805052786324	28.070374791216654	28.701169967651367	86452	2022/06/13 
2022/06/14 	28.3857713638742	28.85886684926358	27.944215460176018	28.259613037109375	33755	2022/06/14 
2022/06/15 	27.754975961051937	28.32269194644396	27.754975961051937	28.07037353515625	14628	2022/06/15 
2022/06/16 	27.6288166445655	27.9442142073587	26.9664819387019	27.12417984008789	24649	2022/06/16 
2022/06/17 	27.124181428743814	27.439579010009766	26.808783847477862	27.439579010009766	60488	2022/06/17 
2022/06/20 	26.745703722898696	26.998022130855986	26.304147828989386	26.493385314941406	36205	2022/06/20 
2022/06/21 	26.808782884882707	27.061101292839997	26.493385314941406	26.493385314941406	14774	2022/06/21 
2022/06/22 	25.988751127655778	26.241069544046166	25.862592799471244	26.051830291748047	19163	2022/06/22 
2022/06/23 	25.799511438617852	26.808783327072913	25.673353112568954	25.831052780151367	35541	2022/06/23 
2022/06/24 	25.673352522781403	25.736431684356752	25.610273361206055	25.610273361206055	8850	2022/06/24 
2022/06/27 	26.05183030856079	26.398767471313477	26.05183030856079	26.398767471313477	8777	2022/06/27 
2022/06/28 	26.398767471313477	26.398767471313477	26.398767471313477	26.398767471313477	0	2022/06/28 
2022/06/29 	25.73643298236875	26.93494415283203	25.73643298236875	26.93494415283203	133	2022/06/29 
2022/06/30 	26.93494415283203	26.93494415283203	26.93494415283203	26.93494415283203	0	2022/06/30 
2022/07/01 	25.862592733000202	26.556467056274414	25.54719515332817	26.556467056274414	32915	2022/07/01 
2022/07/04 	26.556467056274414	26.556467056274414	26.556467056274414	26.556467056274414	0	2022/07/04 
2022/07/05 	26.493385314941406	26.493385314941406	26.493385314941406	26.493385314941406	8045	2022/07/05 
2022/07/06 	26.493385314941406	26.493385314941406	26.493385314941406	26.493385314941406	0	2022/07/06 
2022/07/07 	26.524927474309344	26.556467056274414	26.524927474309344	26.556467056274414	8777	2022/07/07 
2022/07/08 	26.619545319005038	26.651084899902344	26.619545319005038	26.651084899902344	8777	2022/07/08 
2022/07/11 	26.651084899902344	26.651084899902344	26.651084899902344	26.651084899902344	0	2022/07/11 
2022/07/12 	26.493386217512942	26.68262546993319	26.398767471313477	26.398767471313477	5851	2022/07/12 
2022/07/13 	26.398767471313477	26.398767471313477	26.398767471313477	26.398767471313477	0	2022/07/13 
2022/07/14 	27.439579010009766	27.439579010009766	27.439579010009766	27.439579010009766	2925	2022/07/14 
2022/07/15 	27.439579010009766	27.439579010009766	27.439579010009766	27.439579010009766	0	2022/07/15 
2022/07/18 	27.439579010009766	27.439579010009766	27.439579010009766	27.439579010009766	296	2022/07/18 
2022/07/19 	27.439579010009766	27.439579010009766	27.439579010009766	27.439579010009766	43	2022/07/19 
2022/07/20 	27.439577402881092	27.439577402881092	27.12417984008789	27.12417984008789	8045	2022/07/20 
2022/07/21 	27.565737338507613	27.628818262777866	27.18726059299274	27.439579010009766	26989	2022/07/21 
2022/07/22 	26.998022790244868	27.754976272583008	26.998022790244868	27.754976272583008	38171	2022/07/22 
2022/07/25 	27.31341998839818	27.31341998839818	26.80878316716995	27.02956199645996	56334	2022/07/25 
2022/07/26 	27.691896182549907	30.593551687770344	27.691896182549907	29.55274200439453	154038	2022/07/26 
2022/07/27 	30.46739472915638	30.59355305763355	28.953487747345008	29.33196449279785	98888	2022/07/27 
2022/07/28 	30.27815644357219	30.27815644357219	29.016566151751363	29.962757110595703	33901	2022/07/28 
2022/07/29 	29.96275694923959	30.46739376725885	29.016565995490698	30.278156280517578	56863	2022/07/29 
2022/08/01 	30.278155384686794	30.53047202620994	29.52120018005371	29.52120018005371	196621	2022/08/01 
2022/08/02 	29.773519672010426	30.845872477842033	29.773519672010426	30.656631469726562	130546	2022/08/02 
2022/08/03 	31.224346722695795	31.350505045123036	30.530472429303497	31.098188400268555	81643	2022/08/03 
2022/08/04 	31.813180205844255	33.13140798589059	29.87978274714936	30.1434268951416	175341	2022/08/04 
2022/08/05 	30.187371263444675	30.187371263444675	29.352492843731966	29.528257369995117	75624	2022/08/05 
2022/08/08 	29.528256929506313	29.528256929506313	28.385793685913086	28.385793685913086	53308	2022/08/08 
2022/08/09 	29.000968248891464	29.000968248891464	27.946386337280273	27.946386337280273	66496	2022/08/09 
2022/08/10 	27.94638565042096	29.132789611816406	27.94638565042096	29.132789611816406	2311	2022/08/10 
2022/08/11 	29.13278990825614	30.80254149755493	29.000967831211284	29.04490852355957	43789	2022/08/11 
2022/08/12 	29.04490785205706	30.3191931807605	29.00096716072466	30.231311798095703	9482	2022/08/12 
2022/08/15 	30.231311798095703	30.7586000940845	30.055545512723537	30.231311798095703	22057	2022/08/15 
2022/08/16 	30.2313134063612	30.319194793701172	29.35249425289735	30.319194793701172	5674	2022/08/16 
2022/08/17 	30.319192961738374	30.319192961738374	29.176729715285145	29.308551788330078	23208	2022/08/17 
2022/08/18 	29.44037523754131	29.879783928252156	28.737322388416768	29.791902542114258	7668	2022/08/18 
2022/08/19 	29.791901681529552	29.791901681529552	28.82520294189453	28.82520294189453	15802	2022/08/19 
2022/08/22 	28.82520435440622	29.616140365600586	28.82520435440622	29.616140365600586	1156	2022/08/22 
2022/08/23 	29.616140365600586	29.616140365600586	29.616140365600586	29.616140365600586	107	2022/08/23 
2022/08/24 	29.616140365600586	29.616140365600586	29.616140365600586	29.616140365600586	1481	2022/08/24 
2022/08/25 	29.616140365600586	29.616140365600586	29.26461305395627	29.616140365600586	5565	2022/08/25 
2022/08/26 	29.879783630371094	29.879783630371094	29.000968017731942	29.879783630371094	459	2022/08/26 
2022/08/29 	29.000966735478105	29.87978230926115	28.5615563085547	29.70401954650879	11361	2022/08/29 
2022/08/30 	28.8252035362033	28.8252035362033	28.64944076538086	28.64944076538086	4200	2022/08/30 
2022/08/31 	28.122149540483214	29.00096687862531	28.122149540483214	28.385793685913086	10185	2022/08/31 
2022/09/01 	27.94638616204842	28.64944076538086	27.94638616204842	28.64944076538086	7045	2022/09/01 
2022/09/02 	28.737319946289062	28.737319946289062	27.946384018219838	28.737319946289062	36183	2022/09/02 
2022/09/05 	29.00096612020861	29.00096612020861	28.03426742553711	28.03426742553711	6301	2022/09/05 
2022/09/06 	29.30855120428634	29.48431396484375	28.385793191317454	29.48431396484375	6510	2022/09/06 
2022/09/07 	29.791902542114258	29.791902542114258	29.000968306851814	29.791902542114258	1833	2022/09/07 
2022/09/08 	29.79190122608038	29.79190122608038	29.000967025756836	29.000967025756836	3161	2022/09/08 
2022/09/12 	29.791901656310017	30.055545806884766	29.791901656310017	30.055545806884766	5463	2022/09/12 
2022/09/13 	29.44037564023732	30.363135487371157	29.44037564023732	30.319194793701172	11886	2022/09/13 
2022/09/14 	29.704020859847528	29.879783630371094	29.000968017731942	29.879783630371094	4473	2022/09/14 
2022/09/15 	29.87978260833619	29.87978260833619	29.000967025756836	29.000967025756836	8400	2022/09/15 
2022/09/16 	29.00096621785792	29.00096621785792	28.825201698221417	28.9570255279541	14385	2022/09/16 
2022/09/19 	28.9570255279541	28.9570255279541	28.9570255279541	28.9570255279541	0	2022/09/19 
2022/09/20 	28.9570255279541	28.9570255279541	28.9570255279541	28.9570255279541	0	2022/09/20 
2022/09/21 	28.9570255279541	28.9570255279541	28.9570255279541	28.9570255279541	0	2022/09/21 
2022/09/22 	28.9570255279541	28.9570255279541	28.9570255279541	28.9570255279541	0	2022/09/22 
2022/09/23 	28.9570255279541	28.9570255279541	28.9570255279541	28.9570255279541	0	2022/09/23 
2022/09/26 	27.770623010923707	28.913084525666918	26.49633765984758	26.89180564880371	34876	2022/09/26 
2022/09/27 	27.37515465132425	27.37515465132425	26.672100067138672	26.672100067138672	9450	2022/09/27 
2022/09/28 	26.71603994969279	26.803923090070874	26.36451442826539	26.628158569335938	18477	2022/09/28 
2022/09/29 	26.80392531136841	26.80392531136841	25.79328407344697	26.540279388427734	4412	2022/09/29 
2022/09/30 	25.88116565148214	27.111510283885764	25.83722496032715	25.83722496032715	14487	2022/09/30 
2022/10/03 	25.83722488570381	26.672099775258655	25.83722488570381	26.14480972290039	4201	2022/10/03 
2022/10/04 	25.74934210157797	26.36451530456543	25.485697951744452	26.36451530456543	4937	2022/10/04 
2022/10/05 	25.661460144623135	25.925106048583984	25.661460144623135	25.925106048583984	5777	2022/10/05 
2022/10/06 	25.925106048583984	25.925106048583984	25.925106048583984	25.925106048583984	0	2022/10/06 
2022/10/07 	25.661460876464844	25.661460876464844	25.661460876464844	25.661460876464844	1	2022/10/07 
2022/10/11 	25.661460289552313	25.793282362266606	24.95840747505481	25.2220516204834	19135	2022/10/11 
2022/10/12 	25.573579206427517	25.573579206427517	24.914467075136727	25.134170532226562	13160	2022/10/12 
2022/10/13 	24.95840656926727	25.046287947887418	24.2114113309536	24.255352020263672	11762	2022/10/13 
2022/10/14 	24.958406448364258	24.958406448364258	24.958406448364258	24.958406448364258	3780	2022/10/14 
2022/10/17 	24.958408779531936	24.958408779531936	23.859886169433594	23.859886169433594	3551	2022/10/17 
2022/10/18 	22.9810687601698	23.99170998275746	22.849246680710202	22.9371280670166	8666	2022/10/18 
2022/10/19 	22.9371280670166	23.99170998275746	22.849246680710202	22.9371280670166	7848	2022/10/19 
2022/10/20 	22.937127602588493	23.728063583374023	22.76136483353452	23.728063583374023	7562	2022/10/20 
2022/10/21 	23.684121702563296	23.684121702563296	22.849245071411133	22.849245071411133	2378	2022/10/21 
2022/10/24 	23.640183347630227	26.23269487728612	23.640183347630227	24.91446876525879	45752	2022/10/24 
2022/10/25 	24.958408060100187	25.83722541883821	24.738702840405026	25.046289443969727	21442	2022/10/25 
2022/10/26 	25.134171330863328	25.134171330863328	22.76136511879091	23.640182495117188	49719	2022/10/26 
2022/10/27 	23.991709697575722	23.991709697575722	22.40983772277832	22.40983772277832	13869	2022/10/27 
2022/10/28 	23.200773239135742	23.200773239135742	23.200773239135742	23.200773239135742	1172	2022/10/28 
2022/10/31 	23.200773685632388	23.200773685632388	23.025009155273438	23.025009155273438	6300	2022/10/31 
2022/11/01 	23.200774018875077	23.200774018875077	22.321956634521484	22.321956634521484	1058	2022/11/01 
2022/11/02 	23.28865494049906	23.28865494049906	22.409837573685362	22.49772071838379	3295	2022/11/02 
2022/11/03 	23.025009155273438	23.025009155273438	23.025009155273438	23.025009155273438	1680	2022/11/03 
2022/11/04 	22.321956313901627	23.025009155273438	22.321956313901627	23.025009155273438	262	2022/11/04 
2022/11/07 	23.025009485991546	23.025009485991546	22.14619386165931	22.321956634521484	4353	2022/11/07 
2022/11/08 	23.025008654426124	23.025008654426124	22.27801513671875	22.27801513671875	6305	2022/11/08 
2022/11/09 	22.146193400235727	23.112892150878906	22.146193400235727	23.112892150878906	2325	2022/11/09 
2022/11/10 	23.112892150878906	23.112892150878906	23.112892150878906	23.112892150878906	647	2022/11/10 
2022/11/11 	23.11289262498893	23.859886169433594	23.11289262498893	23.859886169433594	9535	2022/11/11 
2022/11/14 	23.859886169433594	23.859886169433594	23.859886169433594	23.859886169433594	105	2022/11/14 
2022/11/15 	23.859886563954856	23.859886563954856	23.025009859281475	23.464420318603516	9797	2022/11/15 
2022/11/16 	22.937127602588493	23.903826352428	22.937127602588493	23.728063583374023	8897	2022/11/16 
2022/11/17 	23.991708292993366	23.991708292993366	22.849245071411133	22.849245071411133	3150	2022/11/17 
2022/11/18 	22.849246421289852	23.94776725769043	22.849246421289852	23.94776725769043	1925	2022/11/18 
2022/11/21 	23.94776725769043	23.94776725769043	23.94776725769043	23.94776725769043	108	2022/11/21 
2022/11/22 	23.94776725769043	23.94776725769043	23.94776725769043	23.94776725769043	577	2022/11/22 
2022/11/23 	23.94776630456643	23.991708755493164	23.94776630456643	23.991708755493164	2100	2022/11/23 
2022/11/24 	23.991708755493164	23.991708755493164	23.991708755493164	23.991708755493164	525	2022/11/24 
2022/11/25 	22.849245511887112	23.991708755493164	22.849245511887112	23.991708755493164	109	2022/11/25 
2022/11/28 	22.849245233332127	24.07958984375	22.849245233332127	24.07958984375	17168	2022/11/28 
2022/11/29 	23.464418848145	23.903825759887695	23.376535705775186	23.903825759887695	8578	2022/11/29 
2022/11/30 	22.893187973414825	23.37653737077985	22.76136589050293	22.76136589050293	9450	2022/11/30 
2022/12/01 	22.761365294403802	23.025009453323	22.761365294403802	22.9371280670166	2730	2022/12/01 
2022/12/02 	23.728063583374023	23.903826352428	23.288654900717766	23.728063583374023	8998	2022/12/02 
2022/12/05 	24.25535297043126	25.617519672468045	24.25535297043126	25.529638290405273	41237	2022/12/05 
2022/12/06 	26.100869670891452	28.649440373043706	26.100869670891452	26.89180564880371	25035	2022/12/06 
2022/12/07 	27.155450327145484	28.82520183126084	26.979685806697763	28.253971099853516	37648	2022/12/07 
2022/12/08 	27.243333055479876	28.385794574828598	27.243333055479876	28.122150421142578	7668	2022/12/08 
2022/12/09 	27.243332491427402	28.38579398712233	26.97968658317865	27.682741165161133	13707	2022/12/09 
2022/12/12 	27.06756795948988	28.473675363099467	27.06756795948988	28.29791259765625	15549	2022/12/12 
2022/12/13 	28.12214902953365	28.253971099853516	28.12214902953365	28.253971099853516	3151	2022/12/13 
2022/12/14 	28.253972671552418	28.253972671552418	26.71604139218437	27.419095993041992	23216	2022/12/14 
2022/12/15 	27.243332491427402	28.56155675260731	26.628159292187412	27.682741165161133	22975	2022/12/15 
2022/12/16 	27.594858303884223	28.210031509399414	27.506976920245283	28.210031509399414	11555	2022/12/16 
2022/12/19 	28.210031674569347	28.210031674569347	26.803924248049622	27.506977081298828	21496	2022/12/19 
2022/12/20 	26.803923980975917	27.331214040664246	25.96904731979386	26.36451530456543	26461	2022/12/20 
2022/12/21 	26.36451530456543	26.36451530456543	26.36451530456543	26.36451530456543	220	2022/12/21 
2022/12/22 	25.397817286330643	26.540278821276573	25.309935900568853	26.10087013244629	16893	2022/12/22 
2022/12/23 	25.397815413321727	25.48569679260254	25.22205089473889	25.48569679260254	29400	2022/12/23 
2022/12/26 	26.10087013244629	26.10087013244629	25.309935900568853	26.10087013244629	6473	2022/12/26 
2022/12/27 	24.958408882944305	26.012989044189453	24.958408882944305	26.012989044189453	5598	2022/12/27 
2022/12/28 	26.012989044189453	26.012989044189453	26.012989044189453	26.012989044189453	0	2022/12/28 
2022/12/29 	24.958407330860393	25.309934616088867	24.82658349888643	25.309934616088867	7518	2022/12/29 
2022/12/30 	24.51899810047117	25.48569679260254	24.51899810047117	25.48569679260254	4918	2022/12/30 
2023/01/03 	25.48569679260254	25.48569679260254	25.48569679260254	25.48569679260254	210	2023/01/03 
2023/01/04 	25.48569920461365	25.617521286010742	25.046290506601963	25.617521286010742	3780	2023/01/04 
2023/01/05 	25.617521286010742	25.617521286010742	25.617521286010742	25.617521286010742	0	2023/01/05 
2023/01/06 	25.61752002666121	26.36451530456543	25.57357933502229	26.36451530456543	6615	2023/01/06 
2023/01/09 	26.36451530456543	26.36451530456543	26.36451530456543	26.36451530456543	0	2023/01/09 
2023/01/10 	26.540279388427734	26.540279388427734	26.540279388427734	26.540279388427734	210	2023/01/10 
2023/01/11 	26.540279388427734	26.540279388427734	26.540279388427734	26.540279388427734	0	2023/01/11 
2023/01/12 	25.222051478035883	25.925106048583984	25.178110787379282	25.925106048583984	11979	2023/01/12 
2023/01/13 	26.36451530456543	26.36451530456543	26.36451530456543	26.36451530456543	126	2023/01/13 
2023/01/16 	26.36451530456543	26.36451530456543	25.925106628154943	26.36451530456543	5365	2023/01/16 
2023/01/17 	25.74934196472168	26.36451516443953	25.485697816289417	25.74934196472168	12705	2023/01/17 
2023/01/30 	26.276635039298668	27.24333381652832	26.276635039298668	27.24333381652832	12012	2023/01/30 
2023/01/31 	26.188753128051758	26.188753128051758	26.188753128051758	26.188753128051758	525	2023/01/31 
2023/02/01 	27.02362823486328	27.02362823486328	27.02362823486328	27.02362823486328	42	2023/02/01 
2023/02/02 	27.02362713417439	27.243332349910627	26.803923678459427	27.067567825317383	39478	2023/02/02 
2023/02/03 	26.276634466675016	27.419095993041992	26.276634466675016	27.419095993041992	13020	2023/02/03 
2023/02/06 	26.452396175339075	27.463035583496094	26.452396175339075	27.463035583496094	325	2023/02/06 
2023/02/07 	27.463035583496094	27.463035583496094	27.463035583496094	27.463035583496094	0	2023/02/07 
2023/02/08 	27.4630372840708	27.726683205143146	27.24333381652832	27.24333381652832	15120	2023/02/08 
2023/02/09 	28.122150421142578	28.29791319026659	27.85850450743524	28.122150421142578	22226	2023/02/09 
2023/02/10 	27.594858009563268	28.913084030151367	27.550917318212463	28.913084030151367	22155	2023/02/10 
2023/02/13 	27.858503422097755	28.781261444091797	27.68274065982127	28.781261444091797	21810	2023/02/13 
2023/02/14 	27.770622040959513	28.781261444091797	27.770622040959513	28.781261444091797	1155	2023/02/14 
2023/02/15 	27.682740871607393	28.122149540681537	27.682740871607393	27.77062225341797	8926	2023/02/15 
2023/02/16 	28.82520266085606	28.82520266085606	27.682741165161133	27.682741165161133	10513	2023/02/16 
2023/02/17 	27.419094600793603	27.682740502733502	27.375153910473827	27.55091667175293	12600	2023/02/17 
2023/02/20 	28.297912604379842	28.297912604379842	27.682741165161133	27.682741165161133	6825	2023/02/20 
2023/02/21 	28.47367506772304	28.47367506772304	27.50697634777099	28.385793685913086	18900	2023/02/21 
2023/02/22 	27.506977647447616	27.946386337280273	27.24333348956083	27.946386337280273	12152	2023/02/22 
2023/02/23 	27.24333381652832	27.24333381652832	27.24333381652832	27.24333381652832	1	2023/02/23 
2023/02/24 	27.946385762087576	27.946385762087576	27.506977081298828	27.506977081298828	3675	2023/02/24 
2023/03/01 	27.506977081298828	27.506977081298828	27.506977081298828	27.506977081298828	3150	2023/03/01 
2023/03/02 	28.122150421142578	28.122150421142578	28.122150421142578	28.122150421142578	2100	2023/03/02 
2023/03/03 	28.25397249798559	28.25397249798559	27.68274173831123	28.122150421142578	8190	2023/03/03 
2023/03/06 	28.122150421142578	28.51761665167161	28.122150421142578	28.122150421142578	28070	2023/03/06 
2023/03/07 	28.561555862426758	29.220669732495335	28.385793102419793	28.561555862426758	33287	2023/03/07 
2023/03/08 	29.132790095624614	30.670719617769794	29.132790095624614	29.879783630371094	40543	2023/03/08 
2023/03/09 	29.87978317147702	30.758600530640614	29.87978317147702	30.670719146728516	45983	2023/03/09 
2023/03/10 	30.67072034306106	30.89042381141099	29.7479622559486	30.319194793701172	49297	2023/03/10 
2023/03/13 	30.75860082799504	31.066185674660915	29.39643408412504	30.58283805847168	60932	2023/03/13 
2023/03/14 	29.879782168788722	31.198009923319105	29.879782168788722	30.407073974609375	52914	2023/03/14 
2023/03/15 	30.407073985628873	31.63741683959961	29.74796010812482	31.63741683959961	51204	2023/03/15 
2023/03/16 	30.75860173040103	30.846483117741002	29.923725030628542	30.319194793701172	16905	2023/03/16 
2023/03/17 	30.75859949846148	30.75859949846148	30.407073974609375	30.407073974609375	6300	2023/03/17 
2023/03/20 	30.846481618052724	30.89042230958641	30.75860023498535	30.75860023498535	8557	2023/03/20 
2023/03/21 	30.978302001953125	30.978302001953125	30.978302001953125	30.978302001953125	1	2023/03/21 
2023/03/22 	30.143426957630265	31.066184997558594	30.143426957630265	31.066184997558594	15962	2023/03/22 
2023/03/23 	31.066184997558594	31.066184997558594	31.066184997558594	31.066184997558594	249	2023/03/23 
2023/03/24 	30.319193243365362	31.32983266613995	30.319193243365362	31.066184997558594	4620	2023/03/24 
2023/03/27 	30.319194793701172	30.494957568381114	30.143428498978473	30.319194793701172	11550	2023/03/27 
2023/03/28 	30.055545710718906	30.31919338049269	26.979686737060547	26.979686737060547	79388	2023/03/28 
2023/03/29 	28.03426755686635	28.03426755686635	26.27663291831301	27.331212997436523	27633	2023/03/29 
2023/03/30 	27.155452429511328	27.90244597917713	26.540279200349644	27.24333381652832	38612	2023/03/30 
2023/03/31 	28.297911696636614	28.297911696636614	27.067567097645032	27.331212997436523	11553	2023/03/31 
2023/04/06 	27.858503341674805	27.858503341674805	27.858503341674805	27.858503341674805	105	2023/04/06 
2023/04/07 	27.858503341674805	27.858503341674805	27.858503341674805	27.858503341674805	6	2023/04/07 
2023/04/10 	27.990326519940716	28.12215035650204	27.243332992859354	27.814563751220703	22785	2023/04/10 
2023/04/11 	28.25397249798559	28.25397249798559	28.122150421142578	28.122150421142578	4407	2023/04/11 
2023/04/12 	28.2539719130086	28.2539719130086	27.41909525691238	27.682741165161133	19231	2023/04/12 
2023/04/13 	27.41909582460389	28.29791319026659	27.41909582460389	28.122150421142578	7456	2023/04/13 
2023/04/14 	28.2539719130086	28.2539719130086	27.41909525691238	27.682741165161133	23210	2023/04/14 
2023/04/17 	27.770623898651642	27.90244597917713	27.067569282472967	27.24333381652832	13473	2023/04/17 
2023/04/18 	27.067569282472967	27.858505285668635	27.067569282472967	27.24333381652832	16978	2023/04/18 
2023/04/19 	27.111509681341087	27.243331751876358	26.27663304790854	26.628158569335938	11841	2023/04/19 
2023/04/20 	26.056929773372772	26.276635000613165	25.397817611694336	25.397817611694336	14118	2023/04/20 
2023/04/21 	25.134170940805795	26.276634216308594	25.134170940805795	26.276634216308594	1156	2023/04/21 
2023/04/24 	26.276634216308594	26.276634216308594	26.276634216308594	26.276634216308594	0	2023/04/24 
2023/04/25 	25.090228825817668	25.48569679260254	25.090228825817668	25.48569679260254	2992	2023/04/25 
2023/04/26 	25.48569679260254	25.48569679260254	25.48569679260254	25.48569679260254	0	2023/04/26 
2023/04/27 	25.48569679260254	25.48569679260254	25.48569679260254	25.48569679260254	0	2023/04/27 
2023/04/28 	26.18875327822942	26.27663466399121	26.10087013244629	26.10087013244629	31605	2023/04/28 
2023/05/02 	25.48569679260254	25.48569679260254	25.48569679260254	25.48569679260254	2100	2023/05/02 
2023/05/03 	26.36451530456543	26.36451530456543	26.36451530456543	26.36451530456543	105	2023/05/03 
2023/05/04 	26.36451530456543	26.36451530456543	26.36451530456543	26.36451530456543	3150	2023/05/04 
2023/05/05 	26.540278071121108	26.540278071121108	26.36451530456543	26.36451530456543	9450	2023/05/05 
2023/05/08 	26.803923460215756	26.847864151000977	26.803923460215756	26.847864151000977	2509	2023/05/08 
2023/05/09 	25.925106902475978	26.89180564880371	25.925106902475978	26.89180564880371	2100	2023/05/09 
2023/05/10 	26.979686737060547	26.979686737060547	26.979686737060547	26.979686737060547	199	2023/05/10 
2023/05/11 	26.979686737060547	27.243332646813037	26.71604082730806	26.979686737060547	8401	2023/05/11 
2023/05/12 	26.979686737060547	26.979686737060547	26.979686737060547	26.979686737060547	0	2023/05/12 
2023/05/15 	25.92510773120933	27.24333381652832	25.92510773120933	27.24333381652832	157	2023/05/15 
2023/05/16 	25.925106902475978	27.287273637759842	25.925106902475978	26.89180564880371	13912	2023/05/16 
2023/05/17 	27.287273406982422	27.287273406982422	27.287273406982422	27.287273406982422	105	2023/05/17 
2023/05/18 	26.10086945014784	27.287273406982422	26.10086945014784	27.287273406982422	2625	2023/05/18 
2023/05/19 	27.287273963817402	27.287273963817402	26.188753128051758	26.188753128051758	16032	2023/05/19 
2023/05/22 	26.891806096303043	26.891806096303043	26.716041564941406	26.716041564941406	11997	2023/05/22 
2023/05/23 	27.28727412029446	27.331214813175354	26.10087013244629	26.10087013244629	14700	2023/05/23 
2023/05/24 	26.10087013244629	26.10087013244629	26.10087013244629	26.10087013244629	0	2023/05/24 
2023/05/25 	27.24333324645853	27.24333324645853	26.71604141534748	26.803924560546875	18335	2023/05/25 
2023/05/26 	26.364516022260815	27.243333399004975	26.364516022260815	26.716041564941406	7350	2023/05/26 
2023/05/29 	27.155451861280465	27.24333324645853	26.803924560546875	26.803924560546875	7350	2023/05/29 
2023/05/30 	26.935746817225965	26.935746817225965	26.10087013244629	26.10087013244629	7350	2023/05/30 
2023/05/31 	26.276634216308594	26.276634216308594	26.276634216308594	26.276634216308594	1050	2023/05/31 
2023/06/01 	26.891805713240174	27.24333301093474	26.80392432882186	27.199392318725586	9451	2023/06/01 
2023/06/02 	27.199392318725586	27.199392318725586	27.199392318725586	27.199392318725586	0	2023/06/02 
2023/06/05 	27.199392318725586	27.199392318725586	27.199392318725586	27.199392318725586	0	2023/06/05 
2023/06/06 	27.199392318725586	27.199392318725586	27.199392318725586	27.199392318725586	0	2023/06/06 
2023/06/07 	27.199392318725586	27.199392318725586	27.199392318725586	27.199392318725586	7	2023/06/07 
2023/06/08 	26.364515583535976	27.067568417219185	26.27663419932824	26.89180564880371	13135	2023/06/08 
2023/06/09 	27.067567825317383	27.067567825317383	27.067567825317383	27.067567825317383	1050	2023/06/09 
2023/06/12 	26.27663362472224	27.067567825317383	26.100869100128996	27.067567825317383	30450	2023/06/12 
2023/06/13 	26.716040606320686	27.375154495239258	26.716040606320686	27.375154495239258	5250	2023/06/13 
2023/06/14 	27.946384442381152	28.561555862426758	27.419094402339027	28.561555862426758	54706	2023/06/14 
2023/06/15 	27.68274173831123	28.56155734395261	27.5948585937279	28.122150421142578	6300	2023/06/15 
2023/06/16 	27.68274173831123	28.122150421142578	27.375155132322885	28.122150421142578	9471	2023/06/16 
2023/06/19 	27.331215203545312	27.331215203545312	27.24333381652832	27.24333381652832	5773	2023/06/19 
2023/06/20 	27.419095482179166	27.419095482179166	27.287273406982422	27.287273406982422	7875	2023/06/20 
2023/06/21 	27.287273406982422	27.287273406982422	27.287273406982422	27.287273406982422	0	2023/06/21 
2023/06/26 	27.243332945655972	27.68274162671597	26.89180564880371	26.89180564880371	4741	2023/06/26 
2023/06/27 	26.89180564880371	26.89180564880371	26.89180564880371	26.89180564880371	0	2023/06/27 
2023/06/28 	27.067567825317383	27.067567825317383	27.067567825317383	27.067567825317383	2152	2023/06/28 
2023/06/29 	26.452396984837648	26.540278369102175	26.276634216308594	26.276634216308594	21525	2023/06/29 
2023/06/30 	26.276634216308594	26.803924281917073	26.276634216308594	26.276634216308594	4200	2023/06/30 
2023/07/03 	26.23269322964867	27.243332657386407	26.23269322964867	26.36451530456543	18900	2023/07/03 
2023/07/04 	26.36451530456543	26.36451530456543	26.36451530456543	26.36451530456543	0	2023/07/04 
2023/07/05 	26.27663392128759	26.803923980975917	26.27663392128759	26.36451530456543	13091	2023/07/05 
2023/07/06 	27.419095423942085	27.419095423942085	26.36451530456543	26.36451530456543	1053	2023/07/06 
2023/07/07 	27.419095993041992	27.419095993041992	27.419095993041992	27.419095993041992	1050	2023/07/07 
2023/07/10 	27.419095993041992	27.419095993041992	27.419095993041992	27.419095993041992	0	2023/07/10 
2023/07/11 	26.36451501052456	26.803923682034366	26.27663362822685	26.452396392822266	16023	2023/07/11 
2023/07/12 	26.496337087673314	26.496337087673314	25.397816288755944	25.83722496032715	35301	2023/07/12 
2023/07/13 	25.83722496032715	25.83722496032715	25.83722496032715	25.83722496032715	2100	2023/07/13 
2023/07/14 	26.36451635127829	26.36451635127829	25.925107657422586	26.012989044189453	13650	2023/07/14 
2023/07/17 	25.573580350333746	26.188753577744556	25.397817576800012	26.012989044189453	38850	2023/07/17 
2023/07/18 	26.36451420521286	26.8039228633008	26.36451420521286	26.40845489501953	9450	2023/07/18 
2023/07/19 	25.88116651962799	26.45239728382527	25.88116651962799	26.188753128051758	38692	2023/07/19 
2023/07/20 	26.89180564880371	26.89180564880371	26.89180564880371	26.89180564880371	21	2023/07/20 
2023/07/21 	27.067568417219185	27.243332945655972	26.716041120366924	26.89180564880371	15750	2023/07/21 
2023/07/24 	26.71604141534748	27.155451861280465	26.71604141534748	26.803924560546875	9766	2023/07/24 
2023/07/25 	27.68274162671597	27.68274162671597	26.89180564880371	26.89180564880371	4265	2023/07/25 
2023/07/26 	27.858503635228544	27.990325707944407	27.59485772977555	27.77062225341797	10614	2023/07/26 
2023/07/27 	26.979687330903005	27.331214631636595	26.71604141534748	26.803924560546875	43051	2023/07/27 
2023/07/28 	27.50697679654423	27.50697679654423	26.979686737060547	26.979686737060547	1060	2023/07/28 
2023/07/31 	26.97968808664794	26.97968808664794	26.540279388427734	26.540279388427734	1943	2023/07/31 
2023/08/01 	26.979687330903005	26.979687330903005	26.27663448945716	26.803924560546875	99718	2023/08/01 
2023/08/02 	26.364516613148204	26.540279388427734	26.364516613148204	26.540279388427734	24255	2023/08/02 
2023/08/04 	26.803924597286716	27.726682662963867	26.803924597286716	27.726682662963867	21336	2023/08/04 
2023/08/07 	28.236395415560853	28.236395415560853	27.12908510121681	28.144119262695312	68450	2023/08/07 
2023/08/08 	28.144119262695312	28.144119262695312	28.144119262695312	28.144119262695312	0	2023/08/08 
2023/08/09 	27.59046485737959	27.59046485737959	27.313638151260506	27.405914306640625	9060	2023/08/09 
2023/08/10 	27.68274070908107	28.69777488708496	27.590464554713215	28.69777488708496	51000	2023/08/10 
2023/08/11 	28.69777531515975	28.69777531515975	28.005706787109375	28.005706787109375	23001	2023/08/11 
2023/08/14 	27.359774140058924	27.682739789608597	27.129084641812188	27.590463638305664	33003	2023/08/14 
2023/08/15 	27.682741994220102	27.867294311523438	27.682741994220102	27.867294311523438	12000	2023/08/15 
2023/08/16 	27.22136116027832	27.22136116027832	27.22136116027832	27.22136116027832	100	2023/08/16 
2023/08/17 	27.867294311523438	27.867294311523438	27.175225761667935	27.867294311523438	9016	2023/08/17 
2023/08/18 	27.867294311523438	27.867294311523438	27.867294311523438	27.867294311523438	0	2023/08/18 
2023/08/21 	27.959567872804232	27.959567872804232	27.682741165161133	27.682741165161133	2050	2023/08/21 
2023/08/22 	27.267498255984577	27.267498255984577	26.298603057861328	26.298603057861328	32520	2023/08/22 
2023/08/23 	26.759983504012038	27.31363868713379	26.759983504012038	27.31363868713379	6864	2023/08/23 
2023/08/24 	27.313638735918527	27.313638735918527	26.990673065185547	26.990673065185547	470	2023/08/24 
2023/08/25 	26.852258682250977	26.852258682250977	26.852258682250977	26.852258682250977	1367	2023/08/25 
2023/08/28 	26.852258682250977	26.852258682250977	26.852258682250977	26.852258682250977	0	2023/08/28 
2023/08/29 	27.63660430908203	27.63660430908203	27.63660430908203	27.63660430908203	50	2023/08/29 
2023/08/30 	27.682741165161133	27.682741165161133	27.682741165161133	27.682741165161133	1113	2023/08/30 
2023/08/31 	27.68274155587452	27.68274155587452	27.31363868713379	27.31363868713379	3200	2023/08/31 
2023/09/01 	27.31363868713379	27.31363868713379	27.31363868713379	27.31363868713379	0	2023/09/01 
2023/09/04 	27.22136153753534	27.22136153753534	26.759982528424572	26.852258682250977	8100	2023/09/04 
2023/09/05 	26.483156355758748	26.75998306274414	26.390880200089857	26.75998306274414	6300	2023/09/05 
2023/09/06 	26.75998306274414	26.75998306274414	26.75998306274414	26.75998306274414	0	2023/09/06 
2023/09/07 	26.390880584716797	26.483156741730543	26.29860442770305	26.390880584716797	11450	2023/09/07 
2023/09/08 	26.390880584716797	26.390880584716797	26.390880584716797	26.390880584716797	0	2023/09/08 
2023/09/11 	26.759983600761434	26.759983600761434	26.575431285713176	26.667707443237305	9250	2023/09/11 
2023/09/12 	27.129086077450726	27.129086077450726	26.852259368913785	27.03680992126465	12000	2023/09/12 
2023/09/13 	27.129087448120117	27.129087448120117	27.03681128727188	27.129087448120117	3850	2023/09/13 
2023/09/14 	26.34473991394043	26.34473991394043	26.34473991394043	26.34473991394043	1000	2023/09/14 
2023/09/15 	27.12908538370894	27.12908538370894	26.852258682250977	26.852258682250977	4060	2023/09/15 
2023/09/18 	27.03680992126465	27.03680992126465	27.03680992126465	27.03680992126465	3000	2023/09/18 
2023/09/19 	27.03680992126465	27.03680992126465	27.03680992126465	27.03680992126465	0	2023/09/19 
2023/09/20 	26.483156204223633	26.85225906476593	26.483156204223633	26.483156204223633	3350	2023/09/20 
2023/09/21 	26.483157424359565	26.944536461299478	26.114052786790555	26.57543182373047	16224	2023/09/21 
2023/09/22 	26.57543182373047	26.57543182373047	26.160191746497357	26.57543182373047	1200	2023/09/22 
2023/09/25 	26.57543182373047	26.57543182373047	26.57543182373047	26.57543182373047	31	2023/09/25 
2023/09/26 	26.57543182373047	26.57543182373047	26.57543182373047	26.57543182373047	2500	2023/09/26 
2023/09/27 	26.57543182373047	26.57543182373047	26.57543182373047	26.57543182373047	3000	2023/09/27 
2023/09/28 	26.944535525099862	27.175225035554412	26.852259368913785	27.03680992126465	33059	2023/09/28 
2023/10/02 	27.129087448120117	27.129087448120117	27.03681128727188	27.129087448120117	22103	2023/10/02 
2023/10/03 	26.852258682250977	26.852258682250977	26.852258682250977	26.852258682250977	238	2023/10/03 
2023/10/04 	26.437016406161618	26.437016406161618	26.298603057861328	26.298603057861328	3050	2023/10/04 
2023/10/05 	26.298605520528746	27.129087448120117	26.298605520528746	27.129087448120117	2606	2023/10/05 
2023/10/06 	27.129087448120117	27.129087448120117	27.129087448120117	27.129087448120117	0	2023/10/06 
2023/10/11 	27.12908637275277	28.513223450546494	27.03681021556226	27.31363868713379	41620	2023/10/11 
2023/10/12 	28.144120184580487	28.144120184580487	27.498188853384878	27.682741165161133	11020	2023/10/12 
2023/10/13 	27.221362145741782	28.144120184580487	27.221362145741782	27.682741165161133	7369	2023/10/13 
2023/10/16 	28.420948028564453	28.420948028564453	28.420948028564453	28.420948028564453	20	2023/10/16 
2023/10/17 	27.359774851583357	27.682740509532145	27.17522430419922	27.17522430419922	12085	2023/10/17 
2023/10/18 	27.5904657987638	27.5904657987638	26.944536209106445	26.944536209106445	11306	2023/10/18 
2023/10/19 	26.944536209106445	26.944536209106445	26.944536209106445	26.944536209106445	0	2023/10/19 
2023/10/20 	26.944536209106445	26.944536209106445	26.944536209106445	26.944536209106445	0	2023/10/20 
2023/10/23 	26.944536209106445	26.944536209106445	26.944536209106445	26.944536209106445	0	2023/10/23 
2023/10/24 	26.852258682250977	26.852258682250977	26.852258682250977	26.852258682250977	205	2023/10/24 
2023/10/25 	26.852258682250977	26.852258682250977	26.852258682250977	26.852258682250977	0	2023/10/25 
2023/10/26 	26.852258682250977	26.852258682250977	26.852258682250977	26.852258682250977	0	2023/10/26 
2023/10/27 	26.852258682250977	26.852258682250977	26.852258682250977	26.852258682250977	0	2023/10/27 
2023/10/30 	26.852258682250977	26.852258682250977	26.852258682250977	26.852258682250977	0	2023/10/30 
2023/10/31 	26.75998306274414	26.75998306274414	26.75998306274414	26.75998306274414	2000	2023/10/31 
2023/11/01 	26.75998306274414	26.75998306274414	26.75998306274414	26.75998306274414	0	2023/11/01 
2023/11/02 	26.75998306274414	26.75998306274414	26.75998306274414	26.75998306274414	0	2023/11/02 
2023/11/03 	27.682741165161133	27.682741165161133	27.682741165161133	27.682741165161133	10	2023/11/03 
2023/11/06 	27.682740593702178	28.60549861349225	27.636603396721174	28.09798240661621	23099	2023/11/06 
2023/11/07 	28.236396253453854	28.328672409057617	28.236396253453854	28.328672409057617	2040	2023/11/07 
2023/11/08 	27.867293391060073	28.328672409057617	27.867293391060073	28.328672409057617	6010	2023/11/08 
2023/11/09 	28.328672409057617	28.328672409057617	28.328672409057617	28.328672409057617	0	2023/11/09 
2023/11/10 	27.682741994220102	27.867294311523438	27.682741994220102	27.867294311523438	2600	2023/11/10 
2023/11/13 	27.867294311523438	27.867294311523438	27.867294311523438	27.867294311523438	0	2023/11/13 
2023/11/14 	27.77501678466797	27.77501678466797	27.77501678466797	27.77501678466797	1000	2023/11/14 
2023/11/15 	28.051843643188477	28.051843643188477	28.051843643188477	28.051843643188477	5	2023/11/15 
2023/11/16 	28.144119262695312	28.144119262695312	28.144119262695312	28.144119262695312	1	2023/11/16 
2023/11/17 	28.144119262695312	28.144119262695312	28.144119262695312	28.144119262695312	0	2023/11/17 
2023/11/20 	28.144119262695312	28.144119262695312	28.144119262695312	28.144119262695312	0	2023/11/20 
2023/11/21 	27.17522430419922	27.17522430419922	27.17522430419922	27.17522430419922	4000	2023/11/21 
2023/11/22 	27.175224057660195	28.144119262695312	27.175224057660195	28.144119262695312	1310	2023/11/22 
2023/11/23 	28.144119262695312	28.144119262695312	28.144119262695312	28.144119262695312	0	2023/11/23 
2023/11/24 	28.144119262695312	28.144119262695312	28.144119262695312	28.144119262695312	0	2023/11/24 
2023/11/27 	28.144119262695312	28.144119262695312	28.144119262695312	28.144119262695312	1	2023/11/27 
2023/11/28 	27.77501678466797	27.77501678466797	27.77501678466797	27.77501678466797	7	2023/11/28 
2023/11/29 	27.175223964015153	27.22136116027832	27.175223964015153	27.22136116027832	2791	2023/11/29 
2023/11/30 	27.17522430419922	27.221361501039944	27.17522430419922	27.17522430419922	2737	2023/11/30 
2023/12/01 	27.175223597474254	27.590463638305664	27.129084641812188	27.590463638305664	15230	2023/12/01 
2023/12/04 	27.12908510121681	28.51322211413625	27.12908510121681	28.144119262695312	15100	2023/12/04 
2023/12/05 	27.498189241493503	27.498189241493503	27.31363868713379	27.31363868713379	6000	2023/12/05 
2023/12/06 	27.22136177165084	28.051843643188477	27.22136177165084	28.051843643188477	1502	2023/12/06 
2023/12/07 	27.12908500773076	27.22136116027832	27.12908500773076	27.22136116027832	383	2023/12/07 
2023/12/08 	27.49818870199947	27.49818870199947	27.405914306640625	27.405914306640625	6000	2023/12/08 
2023/12/11 	27.405914306640625	27.405914306640625	27.405914306640625	27.405914306640625	0	2023/12/11 
2023/12/12 	27.12908500773076	27.22136116027832	27.12908500773076	27.22136116027832	6161	2023/12/12 
2023/12/13 	27.129087448120117	27.221363608968353	27.129087448120117	27.129087448120117	4250	2023/12/13 
2023/12/14 	27.12908500773076	27.22136116027832	27.12908500773076	27.22136116027832	10000	2023/12/14 
2023/12/15 	27.129087448120117	27.405915930664825	27.129087448120117	27.129087448120117	16350	2023/12/15 
2023/12/18 	27.12908500773076	27.22136116027832	27.12908500773076	27.22136116027832	5000	2023/12/18 
2023/12/19 	27.129087448120117	27.221363608968353	27.03681128727188	27.129087448120117	12450	2023/12/19 
2023/12/20 	27.267499923706055	27.267499923706055	27.129086566940195	27.267499923706055	25100	2023/12/20 
2023/12/21 	27.129084641812188	27.590463638305664	27.129084641812188	27.590463638305664	5320	2023/12/21 
2023/12/22 	27.12908500773076	27.22136116027832	27.12908500773076	27.22136116027832	7501	2023/12/22 
2023/12/25 	27.22136116027832	27.22136116027832	27.22136116027832	27.22136116027832	0	2023/12/25 
2023/12/26 	27.3136387858849	27.3136387858849	26.667707443237305	26.667707443237305	6050	2023/12/26 
2023/12/27 	27.682740162994904	27.682740162994904	26.298603154845157	27.22136116027832	19125	2023/12/27 
2023/12/28 	27.22136116027832	27.22136116027832	27.22136116027832	27.22136116027832	0	2023/12/28 
2023/12/29 	26.66770690707525	26.75998306274414	26.66770690707525	26.75998306274414	11250	2023/12/29 
2024/01/02 	27.49818992614746	27.49818992614746	27.49818992614746	27.49818992614746	1100	2024/01/02 
2024/01/03 	27.49818992614746	27.49818992614746	27.49818992614746	27.49818992614746	1000	2024/01/03 
2024/01/04 	27.49818992614746	27.49818992614746	27.49818992614746	27.49818992614746	0	2024/01/04 
2024/01/05 	26.29860389394185	26.483156204223633	26.29860389394185	26.483156204223633	1100	2024/01/05 
2024/01/08 	26.483156204223633	26.483156204223633	26.483156204223633	26.483156204223633	0	2024/01/08 
2024/01/09 	26.483156204223633	26.483156204223633	26.483156204223633	26.483156204223633	0	2024/01/09 
2024/01/10 	26.298605520528746	27.221363608968353	26.298605520528746	27.129087448120117	30194	2024/01/10 
2024/01/11 	26.75998215756174	27.22136116027832	26.75998215756174	27.22136116027832	5000	2024/01/11 
2024/01/12 	27.22136116027832	27.22136116027832	27.22136116027832	27.22136116027832	0	2024/01/12 
2024/01/15 	27.22136116027832	27.22136116027832	27.22136116027832	27.22136116027832	0	2024/01/15 
2024/01/16 	27.22136116027832	27.22136116027832	27.22136116027832	27.22136116027832	0	2024/01/16 
2024/01/17 	26.390880584716797	26.390880584716797	26.390880584716797	26.390880584716797	142	2024/01/17 
2024/01/18 	26.390880584716797	26.390880584716797	26.390880584716797	26.390880584716797	0	2024/01/18 
2024/01/19 	26.390880584716797	27.221362477797896	26.29860442770305	26.390880584716797	18500	2024/01/19 
2024/01/22 	26.390880584716797	26.390880584716797	26.390880584716797	26.390880584716797	0	2024/01/22 
2024/01/23 	26.390880584716797	26.390880584716797	26.390880584716797	26.390880584716797	0	2024/01/23 
2024/01/24 	26.390880584716797	26.390880584716797	26.390880584716797	26.390880584716797	0	2024/01/24 
2024/01/25 	27.405914306640625	27.405914306640625	27.405914306640625	27.405914306640625	47	2024/01/25 
2024/01/26 	27.405914306640625	27.405914306640625	27.405914306640625	27.405914306640625	0	2024/01/26 
2024/01/29 	27.4059148443243	27.4059148443243	27.221362529943278	27.31363868713379	5511	2024/01/29 
2024/01/30 	27.498187857899783	27.498187857899783	27.22136116027832	27.22136116027832	9000	2024/01/30 
2024/01/31 	27.26749893126441	27.26749893126441	26.806119918823242	26.806119918823242	1001	2024/01/31 
2024/02/01 	26.75998408688873	26.89839744567871	26.75998408688873	26.89839744567871	9000	2024/02/01 
2024/02/02 	26.89839744567871	26.89839744567871	26.89839744567871	26.89839744567871	0	2024/02/02 
2024/02/05 	26.759982528424572	26.852258682250977	26.252466322411227	26.852258682250977	19047	2024/02/05 
2024/02/15 	27.544328689575195	27.544328689575195	27.544328689575195	27.544328689575195	1000	2024/02/15 
2024/02/16 	26.759981796621645	27.590463638305664	26.759981796621645	27.590463638305664	8050	2024/02/16 
2024/02/19 	27.682741012759713	27.682741012759713	26.759982979001055	27.405914306640625	20010	2024/02/19 
2024/02/20 	27.08294781146759	27.22136116027832	27.08294781146759	27.22136116027832	8100	2024/02/20 
2024/02/21 	27.0368088551832	27.22136116027832	27.0368088551832	27.22136116027832	6000	2024/02/21 
2024/02/22 	26.990674430019574	27.082950592041016	26.990674430019574	27.082950592041016	6000	2024/02/22 
2024/02/23 	27.682741165161133	27.682741165161133	26.944535438098683	27.682741165161133	1491	2024/02/23 
2024/02/26 	27.682741165161133	27.682741165161133	27.682741165161133	27.682741165161133	0	2024/02/26 
2024/02/27 	26.944536209106445	27.221362924670835	26.759983892049295	26.944536209106445	8200	2024/02/27 
2024/02/29 	26.75998306274414	26.75998306274414	26.75998306274414	26.75998306274414	1000	2024/02/29 
2024/03/01 	27.682741012759713	28.05184387425892	27.405914306640625	27.405914306640625	18500	2024/03/01 
2024/03/04 	27.22136116027832	27.22136116027832	27.22136116027832	27.22136116027832	2000	2024/03/04 
2024/03/05 	27.129087448120117	27.405915930664825	26.75998456474855	27.129087448120117	15100	2024/03/05 
2024/03/06 	26.990672723182254	27.03680992126465	26.759983212727708	27.03680992126465	30250	2024/03/06 
2024/03/07 	27.03680992126465	27.03680992126465	27.03680992126465	27.03680992126465	0	2024/03/07 
2024/03/08 	26.806121286478273	26.9445364052896	26.806121286478273	26.89839744567871	8000	2024/03/08 
2024/03/11 	26.806121286478273	27.082949764079586	26.806121286478273	26.89839744567871	22700	2024/03/11 
2024/03/12 	26.852258876080114	27.036809425043828	26.713845524352017	26.806119918823242	33000	2024/03/12 
2024/03/13 	26.298604044420966	26.75998306274414	26.298604044420966	26.75998306274414	6000	2024/03/13 
2024/03/14 	26.29860389394185	26.483156204223633	26.29860389394185	26.483156204223633	6000	2024/03/14 
2024/03/15 	26.483156204223633	26.483156204223633	26.483156204223633	26.483156204223633	0	2024/03/15 
2024/03/18 	26.483156204223633	26.483156204223633	26.483156204223633	26.483156204223633	0	2024/03/18 
2024/03/19 	26.483156204223633	26.483156204223633	26.483156204223633	26.483156204223633	0	2024/03/19 
2024/03/20 	26.34473991394043	26.34473991394043	26.34473991394043	26.34473991394043	100	2024/03/20 
2024/03/21 	26.34473991394043	26.34473991394043	26.34473991394043	26.34473991394043	0	2024/03/21 
2024/03/22 	26.34474128497733	26.4370174407959	26.34474128497733	26.4370174407959	5435	2024/03/22 
2024/03/25 	26.48315688821036	27.728878854711514	26.48315688821036	26.667707443237305	13003	2024/03/25 
2024/03/26 	26.667707443237305	26.667707443237305	26.667707443237305	26.667707443237305	0	2024/03/26 
2024/03/27 	26.759982979001055	27.405914306640625	26.759982979001055	27.405914306640625	2001	2024/03/27 
2024/03/28 	26.29860389394185	26.483156204223633	26.29860389394185	26.483156204223633	27580	2024/03/28 
2024/03/29 	26.4370174407959	26.4370174407959	26.4370174407959	26.4370174407959	3000	2024/03/29 
2024/04/01 	26.4370174407959	26.4370174407959	26.4370174407959	26.4370174407959	0	2024/04/01 
2024/04/02 	26.4370174407959	26.4370174407959	26.4370174407959	26.4370174407959	0	2024/04/02 
2024/04/03 	26.4370174407959	26.4370174407959	26.4370174407959	26.4370174407959	0	2024/04/03 
2024/04/08 	27.405914306640625	27.405914306640625	27.405914306640625	27.405914306640625	1	2024/04/08 
2024/04/09 	27.405914306640625	27.405914306640625	27.405914306640625	27.405914306640625	1000	2024/04/09 
2024/04/10 	26.34474115980115	27.405914306640625	26.34474115980115	27.405914306640625	7011	2024/04/10 
2024/04/11 	27.405914546008958	27.405914546008958	27.03680992126465	27.03680992126465	6000	2024/04/11 
2024/04/12 	27.359775885718392	27.54432820009941	27.03681021556226	27.31363868713379	8322	2024/04/12 
2024/04/15 	27.313638882642223	27.405915040493237	27.129086566940195	27.267499923706055	5164	2024/04/15 
2024/04/16 	27.26749835654149	27.26749835654149	26.39087930739272	27.22136116027832	10238	2024/04/16 
2024/04/17 	27.221363608968353	27.221363608968353	27.129087448120117	27.129087448120117	1020	2024/04/17 
2024/04/18 	26.84251196897094	27.70223617553711	26.84251196897094	27.70223617553711	22057	2024/04/18 
2024/04/19 	27.70223617553711	27.70223617553711	27.70223617553711	27.70223617553711	1	2024/04/19 
2024/04/22 	27.70223617553711	27.70223617553711	26.746986652242725	27.70223617553711	12304	2024/04/22 
2024/04/23 	27.129086135166776	27.27237319946289	26.746986689712514	27.27237319946289	2854	2024/04/23 
2024/04/24 	27.27237302948503	27.27237302948503	26.746986523009184	27.224611282348633	574	2024/04/24 
2024/04/25 	27.272374519350826	27.272374519350826	26.746987984173575	27.129087448120117	3002	2024/04/25 
2024/04/26 	27.129087448120117	27.129087448120117	26.55593734120332	27.129087448120117	803	2024/04/26 
2024/04/29 	27.129087448120117	27.129087448120117	27.129087448120117	27.129087448120117	1	2024/04/29 
2024/04/30 	27.32013702392578	27.32013702392578	27.32013702392578	27.32013702392578	5	2024/04/30 
2024/05/02 	27.32013702392578	27.32013702392578	27.32013702392578	27.32013702392578	10	2024/05/02 
2024/05/03 	27.320137780924135	27.511186599731445	27.320137780924135	27.511186599731445	3054	2024/05/03 
2024/05/06 	27.511186599731445	27.511186599731445	27.511186599731445	27.511186599731445	1	2024/05/06 
2024/05/07 	27.511186599731445	27.511186599731445	27.511186599731445	27.511186599731445	0	2024/05/07 
2024/05/08 	27.511186599731445	27.511186599731445	26.746987680514327	27.511186599731445	6021	2024/05/08 
2024/05/09 	27.511186599731445	27.511186599731445	27.511186599731445	27.511186599731445	1	2024/05/09 
2024/05/10 	26.317124649708482	27.511186599731445	26.317124649708482	27.511186599731445	621	2024/05/10 
2024/05/13 	26.317124327342942	27.511186262739518	26.317124327342942	27.41566276550293	143	2024/05/13 
2024/05/14 	27.511186852558108	27.558950424194336	26.317124891561765	27.558950424194336	31457	2024/05/14 
2024/05/15 	27.558950424194336	27.558950424194336	27.558950424194336	27.558950424194336	26	2024/05/15 
2024/05/16 	27.558950424194336	27.558950424194336	27.558950424194336	27.558950424194336	0	2024/05/16 
2024/05/17 	27.558950424194336	27.558950424194336	27.558950424194336	27.558950424194336	101	2024/05/17 
2024/05/20 	26.317123379108256	26.746986389160156	25.361873865209677	26.746986389160156	49007	2024/05/20 
2024/05/21 	26.746987763940684	26.746987763940684	26.173837661743164	26.173837661743164	102	2024/05/21 
2024/05/22 	26.65146255493164	26.65146255493164	26.65146255493164	26.65146255493164	113	2024/05/22 
2024/05/23 	26.65146255493164	26.65146255493164	26.65146255493164	26.65146255493164	760	2024/05/23 
2024/05/24 	26.65146255493164	26.65146255493164	26.65146255493164	26.65146255493164	50	2024/05/24 
2024/05/27 	26.65146255493164	26.65146255493164	26.65146255493164	26.65146255493164	1301	2024/05/27 
2024/05/28 	26.65146255493164	26.65146255493164	26.65146255493164	26.65146255493164	1	2024/05/28 
2024/05/29 	26.65146255493164	26.65146255493164	26.269363092529996	26.65146255493164	2002	2024/05/29 
2024/05/30 	26.65146255493164	26.65146255493164	26.65146255493164	26.65146255493164	1	2024/05/30 
2024/05/31 	26.65146255493164	26.65146255493164	26.65146255493164	26.65146255493164	1	2024/05/31 
2024/06/03 	26.65146255493164	26.65146255493164	26.65146255493164	26.65146255493164	1102	2024/06/03 
2024/06/04 	26.65146255493164	26.65146255493164	26.65146255493164	26.65146255493164	1	2024/06/04 
2024/06/05 	26.65146255493164	26.65146255493164	26.65146255493164	26.65146255493164	2001	2024/06/05 
2024/06/06 	26.842512130737305	26.842512130737305	25.69621196707832	26.842512130737305	5	2024/06/06 
2024/06/07 	26.746986389160156	26.746986389160156	26.746986389160156	26.746986389160156	1	2024/06/07 
2024/06/11 	26.746986389160156	26.746986389160156	26.746986389160156	26.746986389160156	0	2024/06/11 
2024/06/12 	26.746986389160156	26.746986389160156	26.746986389160156	26.746986389160156	1	2024/06/12 
2024/06/13 	26.746986389160156	26.746986389160156	26.746986389160156	26.746986389160156	0	2024/06/13 
2024/06/14 	26.794748306274414	26.794748306274414	26.794748306274414	26.794748306274414	1	2024/06/14 
2024/06/17 	26.794748306274414	26.794748306274414	26.746986559073612	26.794748306274414	102	2024/06/17 
2024/06/18 	26.794748306274414	26.794748306274414	26.794748306274414	26.794748306274414	1	2024/06/18 
2024/06/19 	25.696211559472953	26.746986389160156	25.600686243684322	26.746986389160156	4207	2024/06/19 
2024/06/20 	26.65146107337153	26.746986389160156	25.50516274988955	26.746986389160156	10203	2024/06/20 
2024/06/21 	26.746986389160156	26.746986389160156	26.746986389160156	26.746986389160156	1	2024/06/21 
2024/06/24 	26.74698681343341	27.702236342484603	26.651461496129514	26.842512130737305	34587	2024/06/24 
2024/06/25 	27.12908626065511	27.12908626065511	25.791737284382215	26.842512130737305	8008	2024/06/25 
2024/06/26 	26.842512130737305	26.842512130737305	26.842512130737305	26.842512130737305	1	2024/06/26 
2024/06/27 	25.79173687526158	26.842511704948787	25.79173687526158	26.746986389160156	10204	2024/06/27 
2024/06/28 	26.651462132940875	26.651462132940875	26.555936813354492	26.555936813354492	1382	2024/06/28 
2024/07/01 	26.651462910526092	27.176851272583008	26.4604140877732	27.176851272583008	9009	2024/07/01 
2024/07/02 	26.460413879260777	27.17685105842494	26.221601486206055	26.221601486206055	3068	2024/07/02 
2024/07/03 	26.22160144899632	27.129087448120117	26.22160144899632	27.129087448120117	4	2024/07/03 
2024/07/04 	26.5559357575829	27.033560514532187	26.17383631642224	26.746986389160156	5009	2024/07/04 
2024/07/05 	26.84251302806351	26.84251302806351	25.887263467079	26.603700637817383	4873	2024/07/05 
2024/07/08 	26.603699326474143	27.797761218847363	25.79173687526158	26.746986389160156	28595	2024/07/08 
2024/07/09 	26.746987680514327	27.511186599731445	26.412649970109108	27.511186599731445	10003	2024/07/09 
2024/07/10 	27.511185307000794	27.511185307000794	26.317123413085938	26.317123413085938	48	2024/07/10 
2024/07/11 	27.511185707876813	27.511185707876813	26.651461496129514	26.842512130737305	6156	2024/07/11 
2024/07/12 	26.269363403320312	27.511187126316045	26.269363403320312	26.269363403320312	1255	2024/07/12 
2024/07/15 	27.60671192013207	27.60671192013207	26.269362900505143	27.511186599731445	2121	2024/07/15 
2024/07/16 	27.511186599731445	27.511186599731445	26.269362900505143	27.511186599731445	2118	2024/07/16 
2024/07/17 	26.555937444858653	27.606712341308594	26.269363301278656	27.606712341308594	6003	2024/07/17 
2024/07/18 	27.22461234654436	27.22461234654436	26.55593692853342	27.03356170654297	3002	2024/07/18 
2024/07/19 	26.460413734727798	27.033562017333285	26.173837771431096	26.65146255493164	8641	2024/07/19 
2024/07/22 	26.65146255493164	26.65146255493164	26.65146255493164	26.65146255493164	301	2024/07/22 
2024/07/23 	26.269362927074017	26.603700637817383	26.269362927074017	26.603700637817383	2002	2024/07/23 
2024/07/26 	26.65146255493164	26.65146255493164	26.65146255493164	26.65146255493164	1	2024/07/26 
2024/07/29 	26.842512130737305	26.842512130737305	26.842512130737305	26.842512130737305	1	2024/07/29 
2024/07/30 	26.173836731603917	26.842512130737305	26.173836731603917	26.842512130737305	863	2024/07/30 
2024/07/31 	26.842512130737305	26.842512130737305	26.842512130737305	26.842512130737305	1	2024/07/31 
2024/08/01 	26.74698723469762	26.938037872314453	26.74698723469762	26.938037872314453	2001	2024/08/01 
2024/08/02 	26.842512130737305	26.842512130737305	26.07831141430002	26.842512130737305	1052	2024/08/02 
2024/08/05 	25.98278915381929	25.98278915381929	24.072290004920635	25.791738510131836	39004	2024/08/05 
2024/08/06 	25.791738510131836	25.791738510131836	24.645438291995056	25.791738510131836	4326	2024/08/06 
2024/08/07 	25.505163192749023	25.505163192749023	25.314112557854454	25.505163192749023	5203	2024/08/07 
2024/08/08 	25.5051636492125	26.078311920166016	25.314113010898716	26.078311920166016	8003	2024/08/08 
2024/08/09 	26.126075744628906	26.126075744628906	26.126075744628906	26.126075744628906	1	2024/08/09 
2024/08/12 	26.126075744628906	26.126075744628906	26.126075744628906	26.126075744628906	1	2024/08/12 
2024/08/13 	26.126074569524853	26.746986389160156	26.126074569524853	26.746986389160156	16002	2024/08/13 
2024/08/14 	26.65146107337153	26.746986389160156	26.126074569524853	26.746986389160156	4403	2024/08/14 
2024/08/15 	26.746986389160156	26.746986389160156	26.746986389160156	26.746986389160156	1308	2024/08/15 
2024/08/16 	26.74698770756627	26.74698770756627	25.79173814658176	26.603700637817383	6836	2024/08/16 
2024/08/19 	26.60370038414465	26.60370038414465	25.505163763886063	26.555936813354492	13002	2024/08/19 
2024/08/20 	26.460412683515607	26.842512130737305	26.364887366211708	26.842512130737305	14003	2024/08/20 
2024/08/21 	26.842511704948787	26.842511704948787	26.746986389160156	26.746986389160156	3001	2024/08/21 
2024/08/22 	26.842512553506037	26.938037872314453	26.74698723469762	26.938037872314453	5681	2024/08/22 
2024/08/23 	26.938038637321142	29.469449636666585	26.842513315799927	28.944061279296875	115564	2024/08/23 
2024/08/26 	29.61273642147289	29.66049817077446	27.176850767213825	28.41867446899414	47421	2024/08/26 
2024/08/27 	28.418673489272997	28.418673489272997	25.31411251985662	26.842512130737305	109881	2024/08/27 
2024/08/28 	26.746986389160156	26.746986389160156	25.696211559472953	26.746986389160156	27645	2024/08/28 
2024/08/29 	26.746986389160156	26.746986389160156	26.746986389160156	26.746986389160156	1	2024/08/29 
2024/08/30 	26.746986389160156	26.746986389160156	26.746986389160156	26.746986389160156	41	2024/08/30 
2024/09/02 	26.746986389160156	26.746986389160156	26.746986389160156	26.746986389160156	1	2024/09/02 
2024/09/03 	26.746986389160156	26.746986389160156	26.746986389160156	26.746986389160156	300	2024/09/03 
2024/09/04 	26.746986389160156	26.746986389160156	26.746986389160156	26.746986389160156	0	2024/09/04 
2024/09/05 	26.746986389160156	26.746986389160156	26.746986389160156	26.746986389160156	0	2024/09/05 
2024/09/06 	26.746986389160156	26.746986389160156	26.746986389160156	26.746986389160156	0	2024/09/06 
2024/09/09 	26.746986389160156	26.746986389160156	26.746986389160156	26.746986389160156	500	2024/09/09 
2024/09/10 	26.746986389160156	26.746986389160156	26.746986389160156	26.746986389160156	0	2024/09/10 
2024/09/11 	26.746986859025952	30.0903602164042	26.5559362240925	29.08734893798828	152475	2024/09/11 
2024/09/12 	29.039586113169868	32.717297265023895	29.039586113169868	31.523235321044922	148441	2024/09/12 
2024/09/13 	32.3829609054813	32.43072265374552	30.75903595658325	30.95008659362793	47675	2024/09/13 
2024/09/16 	30.806798231066953	30.90232172922705	29.89931042259454	30.18588638305664	55040	2024/09/16 
2024/09/18 	29.612736420554715	31.14113426208496	29.612736420554715	31.14113426208496	16714	2024/09/18 
2024/09/19 	29.803786625098837	30.56798553466797	29.612735986709595	30.56798553466797	37105	2024/09/19 
2024/09/20 	30.711273570394017	30.950085950742373	30.23364698770343	30.376934051513672	32111	2024/09/20 
2024/09/23 	30.663508935657237	31.427711486816406	30.567985438756256	31.427711486816406	32661	2024/09/23 
2024/09/24 	31.427712448555173	31.427712448555173	30.759037017822266	30.759037017822266	2155	2024/09/24 
2024/09/25 	31.379945755004883	31.379945755004883	30.47245979030259	31.379945755004883	180	2024/09/25 
2024/09/26 	31.379946244173638	31.379946244173638	30.13812255859375	30.13812255859375	38351	2024/09/26 
2024/09/27 	31.23666000366211	31.23666000366211	30.138121599091658	31.23666000366211	7220	2024/09/27 
2024/09/30 	30.376934945974032	30.376934945974032	29.51721071580381	30.13812255859375	18500	2024/09/30 
2024/10/01 	30.567986207763948	30.711275100708008	30.090361423267638	30.711275100708008	4010	2024/10/01 
2024/10/04 	30.71127526791019	30.759037017822266	30.567986374186017	30.759037017822266	10155	2024/10/04 
2024/10/07 	30.424698801276	30.663509368896484	29.70826163243274	30.663509368896484	4001	2024/10/07 
2024/10/08 	30.042599673615587	30.711275100708008	30.042599673615587	30.711275100708008	4011	2024/10/08 
2024/10/09 	30.71127442445686	31.523235082626343	30.56798553466797	30.56798553466797	23520	2024/10/09 
2024/10/11 	30.567984903665412	32.096382691253574	30.37693426921995	31.762046813964844	51726	2024/10/11 
2024/10/14 	30.615746861872985	30.615746861872985	28.179861276904244	29.564973831176758	90859	2024/10/14 
2024/10/15 	29.517210006713867	29.517210006713867	29.517210006713867	29.517210006713867	39	2024/10/15 
2024/10/16 	28.657486086986104	29.13511085510254	28.657486086986104	29.13511085510254	3159	2024/10/16 
2024/10/17 	28.65748697075962	28.896299362182617	28.65748697075962	28.896299362182617	3001	2024/10/17 
2024/10/18 	28.753011279519217	28.753011279519217	28.370911831092474	28.657485961914062	19003	2024/10/18 
2024/10/21 	28.6574855365241	28.6574855365241	28.179860777582032	28.561960220336914	4102	2024/10/21 
2024/10/22 	27.89328810313499	28.4664363861084	27.89328810313499	28.4664363861084	3001	2024/10/22 
2024/10/23 	28.51420021057129	28.51420021057129	28.51420021057129	28.51420021057129	3000	2024/10/23 
2024/10/24 	27.702237460814548	28.56196170726862	27.702237460814548	28.4664363861084	2102	2024/10/24 
2024/10/25 	28.4664363861084	28.4664363861084	27.2246126770074	28.4664363861084	1107	2024/10/25 
2024/10/28 	28.4664363861084	28.56196170726862	28.17986224462169	28.4664363861084	8101	2024/10/28 
2024/10/29 	28.4664363861084	28.4664363861084	28.4664363861084	28.4664363861084	0	2024/10/29 
2024/10/30 	27.702236018639965	28.561960220336914	27.702236018639965	28.561960220336914	5005	2024/10/30 
2024/11/01 	27.79776133482715	28.561960220336914	27.79776133482715	28.561960220336914	61	2024/11/01 
2024/11/04 	27.79776133482715	28.561960220336914	27.79776133482715	28.561960220336914	4	2024/11/04 
2024/11/05 	28.657486086986104	29.13511085510254	28.036574252833518	29.13511085510254	19353	2024/11/05 
2024/11/06 	28.275386636891735	29.13511085510254	28.275386636891735	29.13511085510254	2	2024/11/06 
2024/11/07 	28.27538622448283	29.469448127358003	28.27538622448283	29.03958511352539	31254	2024/11/07 
2024/11/08 	28.753012235562426	29.326162338256836	28.179862132868017	29.326162338256836	11598	2024/11/08 
2024/11/11 	28.657485797196742	29.517210006713867	28.657485797196742	29.517210006713867	178	2024/11/11 
2024/11/12 	28.6574863844775	29.517210611613045	28.275386930416584	28.75301170349121	7441	2024/11/12 
2024/11/13 	28.65748650223618	29.517210732904477	28.65748650223618	29.230636596679688	7323	2024/11/13 
2024/11/14 	28.65748655224304	29.230636647686687	28.65748655224304	28.80077362060547	1608	2024/11/14 
2024/11/15 	28.800773570348575	29.230636596679688	28.800773570348575	29.230636596679688	3996	2024/11/15 
2024/11/18 	28.657485797196742	29.517210006713867	28.657485797196742	29.517210006713867	8618	2024/11/18 
2024/11/19 	29.517211494355845	30.32917399726407	29.087350278929584	29.42168617248535	13441	2024/11/19 
2024/11/20 	29.42168617248535	29.42168617248535	29.42168617248535	29.42168617248535	0	2024/11/20 
2024/11/21 	28.657486914781032	29.326162338256836	28.179862132868017	29.326162338256836	4007	2024/11/21 
2024/11/22 	28.56196159399964	29.326162338256836	28.56196159399964	29.326162338256836	15	2024/11/22 
2024/11/25 	29.326162338256836	29.326162338256836	29.326162338256836	29.326162338256836	0	2024/11/25 
2024/11/26 	28.56196118282994	29.230636596679688	28.56196118282994	29.230636596679688	2300	2024/11/26 
2024/11/27 	29.03958511352539	29.03958511352539	28.27538622448283	29.03958511352539	1031	2024/11/27 
2024/11/28 	28.275386636891735	29.13511085510254	28.275386636891735	29.13511085510254	107	2024/11/28 
2024/11/29 	29.13511085510254	29.13511085510254	29.13511085510254	29.13511085510254	0	2024/11/29 
2024/12/02 	29.13511085510254	29.13511085510254	29.13511085510254	29.13511085510254	0	2024/12/02 
2024/12/03 	28.275386636891735	29.13511085510254	28.275386636891735	29.13511085510254	181	2024/12/03 
2024/12/04 	27.89328677996155	29.03958511352539	27.89328677996155	29.03958511352539	2	2024/12/04 
2024/12/05 	29.03958511352539	29.03958511352539	29.03958511352539	29.03958511352539	0	2024/12/05 
2024/12/06 	29.03958511352539	29.03958511352539	29.03958511352539	29.03958511352539	0	2024/12/06 
2024/12/09 	29.03958511352539	29.03958511352539	27.797761463332762	29.03958511352539	18	2024/12/09 
2024/12/10 	29.03958511352539	29.03958511352539	29.03958511352539	29.03958511352539	0	2024/12/10 
2024/12/11 	29.03958511352539	29.03958511352539	29.03958511352539	29.03958511352539	0	2024/12/11 
2024/12/12 	27.797761747455418	29.039585410340806	27.70223642985026	28.657485961914062	2006	2024/12/12 
2024/12/13 	28.944061279296875	28.944061279296875	28.944061279296875	28.944061279296875	1	2024/12/13 
2024/12/16 	28.944061279296875	28.944061279296875	28.944061279296875	28.944061279296875	0	2024/12/16 
2024/12/17 	28.944061279296875	28.944061279296875	28.944061279296875	28.944061279296875	0	2024/12/17 
2024/12/18 	28.944061279296875	28.944061279296875	28.036575279830224	28.944061279296875	2021	2024/12/18 
2024/12/19 	28.944061279296875	28.944061279296875	28.944061279296875	28.944061279296875	0	2024/12/19 
2024/12/20 	27.98881138334593	28.84853744506836	27.98881138334593	28.84853744506836	164	2024/12/20 
2024/12/23 	27.988811492919922	27.988811492919922	27.988811492919922	27.988811492919922	4770	2024/12/23 
2024/12/24 	27.988811492919922	27.988811492919922	27.988811492919922	27.988811492919922	0	2024/12/24 
2024/12/25 	27.988811492919922	27.988811492919922	27.988811492919922	27.988811492919922	0	2024/12/25 
2024/12/26 	27.988811492919922	27.988811492919922	27.988811492919922	27.988811492919922	0	2024/12/26 
2024/12/27 	28.84853744506836	28.84853744506836	28.84853744506836	28.84853744506836	1	2024/12/27 
2024/12/30 	28.848537141048656	29.326161916085926	27.893287590974115	29.230636596679688	19483	2024/12/30 
2024/12/31 	29.230636596679688	29.230636596679688	29.230636596679688	29.230636596679688	2265	2024/12/31 
2025/01/02 	29.326162338256836	29.326162338256836	29.326162338256836	29.326162338256836	1	2025/01/02 
2025/01/03 	28.179861068725586	28.179861068725586	28.179861068725586	28.179861068725586	1000	2025/01/03 
2025/01/06 	28.179861068725586	28.179861068725586	28.179861068725586	28.179861068725586	300	2025/01/06 
2025/01/07 	28.657486914781032	29.326162338256836	28.657486914781032	29.326162338256836	2002	2025/01/07 
2025/01/08 	28.84853755634382	29.326162338256836	28.84853755634382	29.326162338256836	2001	2025/01/08 
2025/01/09 	29.326162338256836	29.326162338256836	29.326162338256836	29.326162338256836	0	2025/01/09 
2025/01/10 	29.326162338256836	29.326162338256836	29.326162338256836	29.326162338256836	0	2025/01/10 
2025/01/13 	27.988811491305228	29.326162338256836	27.988811491305228	29.326162338256836	802	2025/01/13 
2025/01/14 	29.230636596679688	29.230636596679688	29.230636596679688	29.230636596679688	1	2025/01/14 
2025/01/15 	29.230636596679688	29.230636596679688	29.230636596679688	29.230636596679688	0	2025/01/15 
2025/01/16 	29.230636596679688	29.230636596679688	29.230636596679688	29.230636596679688	0	2025/01/16 
2025/01/17 	29.230636596679688	29.230636596679688	29.230636596679688	29.230636596679688	4	2025/01/17 
2025/01/20 	29.230636596679688	29.230636596679688	29.230636596679688	29.230636596679688	0	2025/01/20 
2025/01/21 	29.230636596679688	29.230636596679688	29.230636596679688	29.230636596679688	0	2025/01/21 
2025/01/22 	29.230636596679688	29.230636596679688	29.230636596679688	29.230636596679688	0	2025/01/22 
2025/02/03 	29.230636596679688	29.230636596679688	29.230636596679688	29.230636596679688	1	2025/02/03 
2025/02/04 	27.893287590974115	29.230636596679688	27.893287590974115	29.230636596679688	51	2025/02/04 
2025/02/05 	29.230636596679688	29.230636596679688	29.230636596679688	29.230636596679688	0	2025/02/05 
2025/02/06 	29.23063604555112	29.23063604555112	28.657485961914062	28.657485961914062	3001	2025/02/06 
2025/02/07 	29.230636596679688	29.230636596679688	29.230636596679688	29.230636596679688	1	2025/02/07 
2025/02/10 	29.230636596679688	29.230636596679688	29.230636596679688	29.230636596679688	0	2025/02/10 
2025/02/11 	29.230637017475445	29.326162338256836	28.800773984956148	29.326162338256836	7103	2025/02/11 
2025/02/12 	29.32616149114667	29.421684987174842	29.039585537080473	29.13511085510254	18463	2025/02/12 
2025/02/13 	28.944060219058407	29.13511085510254	28.944060219058407	29.13511085510254	15000	2025/02/13 
2025/02/14 	29.13511085510254	29.13511085510254	29.13511085510254	29.13511085510254	3300	2025/02/14 
2025/02/17 	28.848536274879272	30.376934051513672	28.848536274879272	30.376934051513672	29315	2025/02/17 
2025/02/18 	29.13511139314521	30.13812269591493	29.13511139314521	29.708261489868164	3101	2025/02/18 
2025/02/19 	29.70826179938846	29.70826179938846	29.326162338256836	29.326162338256836	8545	2025/02/19 
2025/02/20 	29.326162338256836	29.326162338256836	29.326162338256836	29.326162338256836	0	2025/02/20 
2025/02/21 	29.03958594104325	30.13812255859375	29.03958594104325	30.13812255859375	10470	2025/02/21 
2025/02/24 	30.13812255859375	30.13812255859375	30.13812255859375	30.13812255859375	6	2025/02/24 
2025/02/25 	29.039585537080473	29.13511085510254	29.039585537080473	29.13511085510254	6000	2025/02/25 
2025/02/26 	29.182873009072633	30.13812255859375	29.182873009072633	30.13812255859375	1001	2025/02/26 
2025/02/27 	28.944060341306237	29.612735748291016	28.944060341306237	29.612735748291016	4000	2025/02/27 
2025/03/03 	30.090360641479492	30.090360641479492	30.090360641479492	30.090360641479492	1	2025/03/03 
2025/03/04 	29.994834899902344	29.994834899902344	29.994834899902344	29.994834899902344	29	2025/03/04 
2025/03/05 	29.039585204948434	29.947072982788086	29.039585204948434	29.947072982788086	6001	2025/03/05 
2025/03/06 	29.03958595786721	29.230636596679688	29.03958595786721	29.230636596679688	12030	2025/03/06 
2025/03/07 	29.039585778489364	30.090360641479492	28.944060459673185	30.090360641479492	5780	2025/03/07 
2025/03/10 	30.09036004718543	30.09036004718543	29.039585204948434	29.947072982788086	9037	2025/03/10 
2025/03/11 	29.039585659731763	29.612735748291016	29.039585659731763	29.612735748291016	5002	2025/03/11 
2025/03/12 	29.899309319196743	29.899309319196743	29.03958511352539	29.03958511352539	1001	2025/03/12 
2025/03/13 	29.89931017121347	30.233647877944648	29.708261354505602	30.13812255859375	17916	2025/03/13 
2025/03/14 	29.61273685965951	30.37693579175636	29.61273685965951	30.329174041748047	34001	2025/03/14 
2025/03/17 	30.32917381551579	30.711275100708008	30.23364849421774	30.711275100708008	9268	2025/03/17 
2025/03/18 	30.711275100708008	30.711275100708008	30.711275100708008	30.711275100708008	1069	2025/03/18 
2025/03/19 	30.71127413032964	30.71127413032964	30.042598724365234	30.042598724365234	6002	2025/03/19 
2025/03/20 	30.281410979343647	30.47245979309082	29.708260894114343	30.47245979309082	7001	2025/03/20 
2025/03/21 	30.47245979309082	30.47245979309082	30.47245979309082	30.47245979309082	400	2025/03/21 
2025/03/24 	30.47245979309082	30.47245979309082	30.47245979309082	30.47245979309082	1041	2025/03/24 
2025/03/25 	30.47245979309082	30.47245979309082	30.47245979309082	30.47245979309082	1250	2025/03/25 
2025/03/26 	29.66049754310083	29.899309928542845	28.657486253041927	29.182872772216797	34108	2025/03/26 
2025/03/27 	28.561960644308904	28.753011279519217	28.561960644308904	28.657485961914062	6000	2025/03/27 
2025/03/28 	28.466435326703746	28.657485961914062	28.17986119588216	28.657485961914062	7270	2025/03/28 
2025/03/31 	28.65748583260229	28.65748583260229	28.179861068725586	28.179861068725586	9801	2025/03/31 
2025/04/01 	28.17986119588216	28.657485961914062	28.17986119588216	28.657485961914062	9135	2025/04/01 
2025/04/02 	28.657485961914062	28.657485961914062	28.657485961914062	28.657485961914062	1001	2025/04/02 
2025/04/07 	27.320137363095554	27.320137363095554	23.88123863522445	24.263338088989258	36188	2025/04/07 
2025/04/08 	23.88123788133537	24.454387954886187	23.88123788133537	24.072288513183594	27950	2025/04/08 
2025/04/09 	23.929001107044442	24.072290000782385	23.929001107044442	23.976764678955078	12329	2025/04/09 
2025/04/10 	24.59767664129084	26.269363403320312	24.59767664129084	26.269363403320312	18959	2025/04/10 
2025/04/11 	26.269363006731442	29.85154887128573	26.078312365157633	27.988811492919922	55984	2025/04/11 
2025/04/14 	27.988810168494208	29.421684446512558	27.12908596608197	27.224611282348633	58411	2025/04/14 
2025/04/15 	27.893286979617123	28.227622857220197	27.22461158042321	27.749998092651367	35820	2025/04/15 
2025/04/16 	28.100000381469727	28.25	25.549999237060547	26.799999237060547	71721	2025/04/16 
2025/04/17 	26.799999237060547	26.799999237060547	25.5	26.0	17263	2025/04/17 
2025/04/18 	26.100000381469727	26.799999237060547	25.850000381469727	26.799999237060547	9122	2025/04/18 
2025/04/21 	25.850000381469727	26.799999237060547	25.850000381469727	26.799999237060547	3072	2025/04/21 
2025/04/22 	26.799999237060547	26.799999237060547	26.5	26.5	8027	2025/04/22 
2025/04/23 	26.799999237060547	26.799999237060547	26.799999237060547	26.799999237060547	2000	2025/04/23 
2025/04/24 	26.799999237060547	26.799999237060547	26.799999237060547	26.799999237060547	0	2025/04/24 
2025/04/25 	26.25	26.799999237060547	26.25	26.799999237060547	11021	2025/04/25 
2025/04/28 	26.799999237060547	26.799999237060547	26.799999237060547	26.799999237060547	2	2025/04/28 
2025/04/29 	26.799999237060547	26.899999618530273	26.799999237060547	26.899999618530273	5650	2025/04/29 
2025/04/30 	27.049999237060547	27.049999237060547	26.700000762939453	26.950000762939453	4224	2025/04/30 
2025/05/02 	26.950000762939453	26.950000762939453	26.950000762939453	26.950000762939453	1	2025/05/02 
2025/05/05 	26.0	26.950000762939453	26.0	26.950000762939453	542	2025/05/05 
2025/05/06 	26.0	26.0	26.0	26.0	23	2025/05/06 
2025/05/07 	26.0	26.950000762939453	26.0	26.950000762939453	44	2025/05/07 
2025/05/08 	26.950000762939453	26.950000762939453	26.899999618530273	26.899999618530273	335	2025/05/08 
2025/05/09 	26.899999618530273	26.899999618530273	26.049999237060547	26.899999618530273	1511	2025/05/09 
2025/05/12 	26.899999618530273	26.899999618530273	26.899999618530273	26.899999618530273	1	2025/05/12 
2025/05/13 	26.899999618530273	26.950000762939453	26.899999618530273	26.950000762939453	6000	2025/05/13 
2025/05/14 	27.100000381469727	27.100000381469727	27.100000381469727	27.100000381469727	1	2025/05/14 
2025/05/15 	27.850000381469727	27.850000381469727	27.850000381469727	27.850000381469727	1	2025/05/15 
2025/05/16 	27.850000381469727	27.850000381469727	27.850000381469727	27.850000381469727	4	2025/05/16 
2025/05/19 	26.700000762939453	27.850000381469727	26.700000762939453	27.850000381469727	101	2025/05/19 
2025/05/20 	27.850000381469727	27.850000381469727	27.850000381469727	27.850000381469727	1	2025/05/20 
2025/05/21 	27.850000381469727	28.0	27.299999237060547	28.0	6102	2025/05/21 
2025/05/22 	28.0	28.0	26.700000762939453	27.5	10009	2025/05/22 
2025/05/23 	27.5	27.5	27.5	27.5	0	2025/05/23 
2025/05/26 	27.5	27.5	27.5	27.5	322	2025/05/26 
2025/05/27 	27.5	27.5	27.5	27.5	0	2025/05/27 
2025/05/28 	26.700000762939453	27.299999237060547	26.450000762939453	26.600000381469727	10230	2025/05/28 
2025/05/29 	27.299999237060547	27.299999237060547	27.299999237060547	27.299999237060547	1658	2025/05/29 
2025/06/02 	26.5	27.299999237060547	26.5	27.299999237060547	2	2025/06/02 
2025/06/03 	26.5	27.299999237060547	26.5	27.299999237060547	2	2025/06/03 
2025/06/04 	27.299999237060547	27.299999237060547	27.299999237060547	27.299999237060547	1	2025/06/04 
2025/06/05 	27.299999237060547	27.5	27.0	27.5	4454	2025/06/05 
2025/06/06 	27.5	27.600000381469727	27.0	27.5	9040	2025/06/06 
2025/06/09 	27.0	27.5	26.450000762939453	27.5	13051	2025/06/09 
2025/06/10 	26.450000762939453	26.450000762939453	26.149999618530273	26.399999618530273	11333	2025/06/10 
2025/06/11 	26.399999618530273	27.0	26.399999618530273	27.0	7100	2025/06/11 
2025/06/12 	27.100000381469727	27.350000381469727	27.100000381469727	27.350000381469727	2002	2025/06/12 
2025/06/13 	27.350000381469727	27.350000381469727	27.350000381469727	27.350000381469727	0	2025/06/13 
2025/06/16 	27.299999237060547	27.299999237060547	27.100000381469727	27.299999237060547	3002	2025/06/16 
2025/06/17 	27.299999237060547	27.299999237060547	27.299999237060547	27.299999237060547	2001	2025/06/17 
2025/06/18 	27.350000381469727	27.649999618530273	27.0	27.200000762939453	19002	2025/06/18 
2025/06/19 	27.25	27.649999618530273	27.25	27.649999618530273	6001	2025/06/19 
2025/06/20 	27.649999618530273	28.299999237060547	27.600000381469727	27.600000381469727	9001	2025/06/20 
2025/06/23 	27.0	27.299999237060547	27.0	27.299999237060547	8276	2025/06/23 
2025/06/24 	27.299999237060547	27.299999237060547	27.0	27.200000762939453	5002	2025/06/24 
2025/06/25 	27.0	27.100000381469727	26.899999618530273	27.0	15004	2025/06/25 
2025/06/26 	27.100000381469727	27.100000381469727	26.149999618530273	27.100000381469727	252	2025/06/26 
2025/06/27 	27.100000381469727	28.100000381469727	27.100000381469727	28.100000381469727	18003	2025/06/27 
