Date	Open	High	Low	Close	Volume	Date
2022/09/30 	17.223248218996083	27.1553228784012	17.223248218996083	24.169960021972656	332633	2022/09/30 
2022/10/03 	23.45232277157877	29.56657600402832	22.361516725995493	29.56657600402832	226728	2022/10/03 
2022/10/04 	29.394342177744445	33.355687136926	29.394342177744445	32.60934829711914	219665	2022/10/04 
2022/10/05 	32.43711967171103	36.8577521618257	32.26488789234595	36.34105682373047	367651	2022/10/05 
2022/10/06 	36.80033975047964	48.3973274230957	36.62810797400135	48.3973274230957	669274	2022/10/06 
2022/10/07 	47.53616899756652	48.97143862098752	35.59471405299567	42.02472686767578	516708	2022/10/07 
2022/10/11 	42.311784122286774	42.311784122286774	37.37445250481244	40.87651443481445	135667	2022/10/11 
2022/10/12 	40.99133397473109	43.63223334246217	40.876513986853276	41.909908294677734	138402	2022/10/12 
2022/10/13 	42.08213804111385	42.88588873003635	35.47989354567886	38.40784454345703	226386	2022/10/13 
2022/10/14 	41.50802839928254	42.08213548445779	38.58007397515832	39.613468170166016	71243	2022/10/14 
2022/10/17 	39.67088145888336	39.67088145888336	32.89640534346344	35.47989273071289	177804	2022/10/17 
2022/10/18 	36.11141024770073	36.68551733259941	33.183455824987035	33.240867614746094	114388	2022/10/18 
2022/10/19 	32.838994475055465	34.44649586118508	26.954382948303284	28.705413818359375	269076	2022/10/19 
2022/10/20 	28.648003633268942	31.51854463527946	26.753446896322775	29.394344329833984	118899	2022/10/20 
2022/10/21 	29.796219253776417	29.796219253776417	27.93036663759877	28.76282501220703	57343	2022/10/21 
2022/10/24 	28.188718502211746	29.279524629148764	28.045190811157227	28.045190811157227	18231	2022/10/24 
2022/10/25 	28.04518961000322	28.70541443761531	27.98777961730957	27.98777961730957	13644	2022/10/25 
2022/10/26 	27.98777911565578	28.274832678209826	26.98308894354346	27.528491973876953	21303	2022/10/26 
2022/10/27 	27.528491777595484	28.47577014917352	26.32286394008006	28.217422485351562	112433	2022/10/27 
2022/10/28 	27.356261198745266	28.217423720064637	26.75344815466791	27.4423770904541	40902	2022/10/28 
2022/10/31 	26.92567993808558	27.78684245940495	26.896974040144134	27.4423770904541	31574	2022/10/31 
2022/11/01 	27.384966189613912	28.64800403181589	27.270142601651422	28.188716888427734	54080	2022/11/01 
2022/11/02 	28.188717314699414	28.24612730743337	25.92098926257197	27.155323028564453	98500	2022/11/02 
2022/11/03 	27.643314339944833	28.504476847810363	27.557198449581378	28.475770950317383	63270	2022/11/03 
2022/11/04 	27.097910728988168	28.30353857509986	26.75344717476949	27.528491973876953	55013	2022/11/04 
2022/11/07 	27.930367031179742	29.394344329833984	27.844251143521358	29.394344329833984	60975	2022/11/07 
2022/11/08 	29.853631869819253	30.025863647460938	28.935057583422413	30.025863647460938	24812	2022/11/08 
2022/11/09 	29.04987847575259	30.19809449631821	28.820234911216385	29.107290267944336	72491	2022/11/09 
2022/11/10 	29.509166316550683	29.68139809304916	28.877647399902344	28.877647399902344	58053	2022/11/10 
2022/11/11 	28.82023811340332	29.451757084987605	28.705416318377488	28.82023811340332	23394	2022/11/11 
2022/11/14 	28.64800313887193	29.164700258020687	28.64800313887193	29.107290267944336	297	2022/11/14 
2022/11/15 	28.61929793303919	28.992469184939807	28.61929793303919	28.877647399902344	38906	2022/11/15 
2022/11/16 	27.84425191335534	28.992469787597656	27.84425191335534	28.992469787597656	16524	2022/11/16 
2022/11/17 	28.76282501220703	28.992468577470316	28.676709125762148	28.76282501220703	16473	2022/11/17 
2022/11/18 	28.820236615257606	28.99247019990103	28.619298934936523	28.619298934936523	28471	2022/11/18 
2022/11/21 	28.935059189273275	29.049880981445312	28.705415604929204	29.049880981445312	18121	2022/11/21 
2022/11/22 	28.648003829827413	28.877647399902344	28.61929793303919	28.877647399902344	24060	2022/11/22 
2022/11/23 	28.82023560632589	28.877647399902344	28.705413821288428	28.877647399902344	5348	2022/11/23 
2022/11/24 	28.619297626702156	28.820235297838053	28.561885833740234	28.561885833740234	22579	2022/11/24 
2022/11/25 	28.70541321983351	28.76282501220703	28.131306108790692	28.76282501220703	9599	2022/11/25 
2022/11/28 	28.705413818359375	28.705413818359375	28.705413818359375	28.705413818359375	4937	2022/11/28 
2022/11/29 	28.76282489455884	28.76282489455884	28.10260009765625	28.10260009765625	3620	2022/11/29 
2022/11/30 	28.561886645193113	28.705414329560174	28.160011291503906	28.160011291503906	13932	2022/11/30 
2022/12/01 	28.64800483272968	28.70541482620049	28.160011778708053	28.619298934936523	8333	2022/12/01 
2022/12/02 	28.59059322432346	29.049880383558843	28.13130786720359	28.93505859375	399007	2022/12/02 
2022/12/05 	29.222111787875225	32.264888277252886	29.222111787875225	31.46113395690918	132695	2022/12/05 
2022/12/06 	31.34631441666071	31.34631441666071	30.083276529305856	30.4277400970459	19709	2022/12/06 
2022/12/07 	29.623989701680543	29.911043278721227	29.623989701680543	29.738811492919922	5990	2022/12/07 
2022/12/08 	28.877649911974032	29.738812473609983	28.504478627611178	28.82023811340332	31104	2022/12/08 
2022/12/09 	28.877647591580335	30.025863647460938	28.877647591580335	30.025863647460938	4958	2022/12/09 
2022/12/12 	29.79622092118536	29.79622092118536	28.619298934936523	28.619298934936523	17698	2022/12/12 
2022/12/13 	28.619297242776057	29.107290267944336	28.619297242776057	29.107290267944336	51	2022/12/13 
2022/12/14 	28.762824404718256	28.87764618492479	28.64800262451172	28.64800262451172	13908	2022/12/14 
2022/12/15 	28.590592135826	28.820235706700732	28.53318214416504	28.53318214416504	8228	2022/12/15 
2022/12/16 	28.13130820473208	28.13130820473208	27.95907461689454	28.073896408081055	5119	2022/12/16 
2022/12/19 	27.901662543527408	28.76282501220703	27.901662543527408	28.76282501220703	329	2022/12/19 
2022/12/20 	28.76282501220703	28.935056785096794	28.76282501220703	28.76282501220703	21427	2022/12/20 
2022/12/21 	28.82023811340332	28.82023811340332	28.82023811340332	28.82023811340332	3	2022/12/21 
2022/12/22 	28.82023811340332	28.82023811340332	28.82023811340332	28.82023811340332	0	2022/12/22 
2022/12/23 	28.820235603385125	28.820235603385125	28.705413818359375	28.705413818359375	9874	2022/12/23 
2022/12/26 	28.705413818359375	28.705413818359375	28.705413818359375	28.705413818359375	0	2022/12/26 
2022/12/27 	28.76282746431427	28.76282746431427	28.045190811157227	28.045190811157227	23040	2022/12/27 
2022/12/28 	28.246125061678004	28.246125061678004	28.016483306884766	28.016483306884766	3291	2022/12/28 
2022/12/29 	28.016483306884766	28.016483306884766	28.016483306884766	28.016483306884766	0	2022/12/29 
2022/12/30 	28.016483306884766	28.016483306884766	28.016483306884766	28.016483306884766	0	2022/12/30 
2023/01/03 	28.217422485351562	28.217422485351562	28.217422485351562	28.217422485351562	1645	2023/01/03 
2023/01/04 	27.758136749267578	27.758136749267578	27.758136749267578	27.758136749267578	2871	2023/01/04 
2023/01/05 	26.92567964304428	27.52849268051624	26.89697374541738	27.47108268737793	14075	2023/01/05 
2023/01/06 	27.47108268737793	27.47108268737793	27.47108268737793	27.47108268737793	0	2023/01/06 
2023/01/09 	27.47108249479582	27.47108249479582	26.983089447021484	26.983089447021484	12013	2023/01/09 
2023/01/10 	27.270144458695807	27.270144458695807	26.52380550303898	26.69603729248047	3377	2023/01/10 
2023/01/11 	27.069206537656783	27.12661652911663	26.983088847293857	27.04050064086914	18925	2023/01/11 
2023/01/12 	27.126617431640625	27.126617431640625	27.126617431640625	27.126617431640625	1645	2023/01/12 
2023/01/13 	27.18402581337532	27.212731709416172	27.040499937401854	27.097909927368164	8228	2023/01/13 
2023/01/16 	27.614607561840494	27.64331345841806	27.55719757080078	27.55719757080078	14811	2023/01/16 
2023/01/17 	27.557197166335133	27.672018948844702	27.557197166335133	27.585901260375977	18596	2023/01/17 
2023/01/30 	27.786843591621107	28.648006148029825	27.70072769640335	28.504478454589844	58782	2023/01/30 
2023/01/31 	28.30353685196281	28.30353685196281	28.016483306884766	28.016483306884766	16457	2023/01/31 
2023/02/01 	28.274835037559512	28.82023811340332	28.274835037559512	28.82023811340332	51271	2023/02/01 
2023/02/02 	28.64800382690422	28.820235603385125	28.64800382690422	28.705413818359375	11521	2023/02/02 
2023/02/03 	28.87764739695572	28.87764739695572	28.705413818359375	28.705413818359375	6582	2023/02/03 
2023/02/06 	28.82023811340332	28.82023811340332	28.61930042263701	28.82023811340332	23073	2023/02/06 
2023/02/07 	28.648003229575387	28.76282501220703	28.619297333388626	28.76282501220703	13465	2023/02/07 
2023/02/08 	28.820236918543557	28.820236918543557	28.41836155367231	28.590593338012695	65667	2023/02/08 
2023/02/09 	28.504478454589844	28.504478454589844	28.16001307160324	28.504478454589844	8477	2023/02/09 
2023/02/10 	28.41836255937209	28.504478454589844	28.41836255937209	28.504478454589844	4940	2023/02/10 
2023/02/13 	28.475770350388633	28.53318214416504	28.41836035872767	28.53318214416504	2480	2023/02/13 
2023/02/14 	28.561884937770298	28.64800262451172	28.475769053144237	28.64800262451172	26338	2023/02/14 
2023/02/15 	28.648004533159778	28.648004533159778	28.418360957446904	28.475770950317383	19957	2023/02/15 
2023/02/16 	28.475770950317383	28.475770950317383	28.475770950317383	28.475770950317383	0	2023/02/16 
2023/02/17 	28.561887139350215	28.619298934936523	28.160011778708053	28.619298934936523	14823	2023/02/17 
2023/02/20 	28.64800536401363	28.676711262339143	28.073896408081055	28.073896408081055	50963	2023/02/20 
2023/02/21 	28.64800311239685	28.64800311239685	27.29884762252233	28.10260009765625	78231	2023/02/21 
2023/02/22 	28.13130619406247	28.246126174926758	28.13130619406247	28.246126174926758	6625	2023/02/22 
2023/02/23 	28.13130619406247	28.33224386374808	28.13130619406247	28.246126174926758	13183	2023/02/23 
2023/02/24 	28.820236803941153	29.50916754279423	28.561887326342372	28.93505859375	61912	2023/02/24 
2023/03/01 	29.73881018706912	29.968451957348627	29.16470125608172	29.8536319732666	121453	2023/03/01 
2023/03/02 	29.968451444751068	30.083275031099994	29.049878972998474	29.222110748291016	32550	2023/03/02 
2023/03/03 	29.509168883558317	29.509168883558317	28.332246836130228	28.82023811340332	61102	2023/03/03 
2023/03/06 	28.877648000173423	29.853632292221654	28.70541441797934	28.992469787597656	76631	2023/03/06 
2023/03/07 	28.70541441797934	29.279523355100498	28.70541441797934	28.992469787597656	96327	2023/03/07 
2023/03/08 	29.27952254146548	29.27952254146548	28.992468981939435	29.222110748291016	60921	2023/03/08 
2023/03/09 	29.336933092657812	33.011226654052734	29.336933092657812	33.011226654052734	211017	2023/03/09 
2023/03/10 	32.609349318269	32.609349318269	30.427737311050038	31.00184440612793	146058	2023/03/10 
2023/03/13 	31.05925802392274	31.05925802392274	28.61929822102608	29.681398391723633	94497	2023/03/13 
2023/03/14 	29.738808882547644	29.796218872070312	29.279521757904796	29.796218872070312	24677	2023/03/14 
2023/03/15 	29.796220672522704	30.083276043827645	29.681398884423825	29.96845245361328	28589	2023/03/15 
2023/03/16 	29.73881039682881	30.02586396328949	28.762826108323953	29.164701461791992	43490	2023/03/16 
2023/03/17 	29.22211205374805	29.45175563247406	28.705414902672278	29.279523849487305	9276	2023/03/17 
2023/03/20 	29.279523963176537	29.681399326449743	28.61929912230455	28.93505859375	67835	2023/03/20 
2023/03/21 	28.992468986017904	29.796219673650064	28.992468986017904	29.394344329833984	17462	2023/03/21 
2023/03/22 	29.394345142524728	29.394345142524728	28.619298527940035	28.992469787597656	28987	2023/03/22 
2023/03/23 	28.992469787597656	28.992469787597656	28.53318263790073	28.992469787597656	14709	2023/03/23 
2023/03/24 	28.70541321983351	28.992468577470316	28.619297333388626	28.76282501220703	9383	2023/03/24 
2023/03/27 	28.59059203333363	29.107290967007216	28.56188613654833	28.705413818359375	21068	2023/03/27 
2023/03/28 	28.705413821288428	29.04987917640082	28.61929793303919	28.877647399902344	33182	2023/03/28 
2023/03/29 	28.992470389712178	28.992470389712178	28.64800502028564	28.93505859375	10247	2023/03/29 
2023/03/30 	28.93505848139829	29.279523849487305	28.87764848777454	29.279523849487305	13211	2023/03/30 
2023/03/31 	29.279521514589984	29.279521514589984	28.64800262451172	28.64800262451172	36719	2023/03/31 
2023/04/06 	28.93505859375	28.93505859375	28.762826810094484	28.93505859375	3362	2023/04/06 
2023/04/07 	28.992469787597656	28.992469787597656	28.992469787597656	28.992469787597656	7257	2023/04/07 
2023/04/10 	29.164700958462372	29.164700958462372	28.705413818359375	28.705413818359375	6648	2023/04/10 
2023/04/11 	29.049878784655363	30.829613725562712	29.049878784655363	29.911041259765625	84949	2023/04/11 
2023/04/12 	29.911043527785946	32.551941144050986	29.62398994835501	32.20747756958008	368437	2023/04/12 
2023/04/13 	33.35568744362493	33.35568744362493	30.427736637993565	31.231487274169922	193299	2023/04/13 
2023/04/14 	32.150066136259845	32.150066136259845	30.542564631562424	31.346315383911133	69663	2023/04/14 
2023/04/17 	30.944438228289812	31.346313581354494	30.427739286217545	30.829614639282227	38829	2023/04/17 
2023/04/18 	30.714792660704333	31.116667987681925	30.599969079150338	31.00184440612793	54444	2023/04/18 
2023/04/19 	31.001849036796024	31.116672635500933	30.88702904232235	30.944440841674805	20675	2023/04/19 
2023/04/20 	31.116668701171875	31.174080493265297	30.887025137028964	31.116668701171875	37265	2023/04/20 
2023/04/21 	31.11667094955439	31.17408274579619	30.198096626609765	30.255508422851562	97165	2023/04/21 
2023/04/24 	30.255506918562034	30.887025833129883	30.255506918562034	30.887025833129883	13228	2023/04/24 
2023/04/25 	30.88702750666989	32.264888997236355	30.48515213964577	31.575958251953125	74655	2023/04/25 
2023/04/26 	31.3463144520499	32.09265338440626	31.2889026559514	31.920421600341797	33587	2023/04/26 
2023/04/27 	31.001846799752098	32.379708259399294	31.001846799752098	31.805601119995117	61713	2023/04/27 
2023/04/28 	31.863008406056693	34.96319480010135	31.633368440201636	34.38908767700195	231934	2023/04/28 
2023/05/02 	34.38908824772075	37.431859294452934	34.33167645318875	36.34105682373047	309919	2023/05/02 
2023/05/03 	36.45587719707095	37.43185969336131	36.45587719707095	36.628108978271484	195025	2023/05/03 
2023/05/04 	36.570698610132126	37.94855638193701	36.22623146400783	37.4892692565918	51954	2023/05/04 
2023/05/05 	38.63748662827501	38.63748662827501	36.800338147895296	36.857749938964844	112587	2023/05/05 
2023/05/08 	37.2022179303289	38.75230749074322	37.2022179303289	38.46525573730469	233367	2023/05/08 
2023/05/09 	38.80972147989863	39.72829579305059	38.580077901610636	39.26900863647461	206129	2023/05/09 
2023/05/10 	39.441242332144576	40.4172248840332	39.2690105411326	40.4172248840332	392345	2023/05/10 
2023/05/11 	40.359817238709475	42.484017766617214	40.187585445355296	41.04874801635742	303561	2023/05/11 
2023/05/12 	40.47463582409522	40.704279408651495	37.37445283893229	38.17820358276367	254255	2023/05/12 
2023/05/15 	38.58007610146337	38.58007610146337	35.996588669442296	37.08739471435547	130343	2023/05/15 
2023/05/16 	37.02998411993142	37.317039489746094	35.76694625951637	37.317039489746094	94076	2023/05/16 
2023/05/17 	37.08739550539884	39.44123942005263	37.02998371122338	38.69490051269531	43547	2023/05/17 
2023/05/18 	38.752308683675736	40.87651262905	38.752308683675736	40.35981369018555	89988	2023/05/18 
2023/05/19 	40.41722184506661	45.92866397266321	40.18758187713804	43.689640045166016	485702	2023/05/19 
2023/05/22 	43.861876246159866	45.35455408671161	42.31178300620794	43.28776550292969	227372	2023/05/22 
2023/05/23 	43.000712743579385	43.11553634089327	42.885892750496694	43.05812454223633	22256	2023/05/23 
2023/05/24 	43.632231855299324	43.91928361732549	43.00070932868758	43.689640045166016	120949	2023/05/24 
2023/05/25 	43.689644489560884	45.297149658203125	43.632236293854255	45.297149658203125	149787	2023/05/25 
2023/05/26 	44.95267905314227	46.5027723042719	44.95267905314227	45.92866516113281	223371	2023/05/26 
2023/05/29 	46.33053792735649	49.37331246364461	45.92866258924007	47.823219299316406	181283	2023/05/29 
2023/05/30 	48.39732883635911	49.37331493862087	47.765809901343665	48.282508850097656	86453	2023/05/30 
2023/05/31 	48.79920637385286	49.54554527333572	48.22509564661742	48.3973274230957	111295	2023/05/31 
2023/06/01 	48.626973019523206	49.48813554203179	46.61759620315718	48.22509765625	87872	2023/06/01 
2023/06/02 	48.626968933225946	48.971436075821195	46.73241226375959	47.24911117553711	108391	2023/06/02 
2023/06/05 	47.650988929294016	48.91402677319559	47.36393356323242	47.36393356323242	37369	2023/06/05 
2023/06/06 	47.36393295637781	47.421344749700715	46.904645818256284	47.07687759399414	60826	2023/06/06 
2023/06/07 	47.36393295637781	47.36393295637781	46.904645818256284	47.07687759399414	59453	2023/06/07 
2023/06/08 	48.28250846241539	48.68438381745011	47.0768787930803	47.6509895324707	185967	2023/06/08 
2023/06/09 	48.339916639805594	49.717774381926	48.16768487256938	48.62696838378906	237855	2023/06/09 
2023/06/12 	48.626972793479126	50.46412142188061	48.626972793479126	48.91402816772461	137815	2023/06/12 
2023/06/13 	48.85661496283553	49.086258534762	48.74179497898775	49.028846740722656	47627	2023/06/13 
2023/06/14 	48.626970401416024	48.91402576154065	48.51215041990467	48.7992057800293	96160	2023/06/14 
2023/06/15 	48.856614771181285	48.856614771181285	47.93804409130966	48.05286407470703	99326	2023/06/15 
2023/06/16 	48.22509565245338	48.74179458618164	48.22509565245338	48.74179458618164	76032	2023/06/16 
2023/06/19 	48.33991923375686	48.45473921666542	48.22509564661742	48.3973274230957	31433	2023/06/19 
2023/06/20 	48.56956019753078	48.97143552249217	48.39732482606388	48.62696838378906	108866	2023/06/20 
2023/06/21 	48.91402756658255	49.25849112805894	48.68438399085463	48.971439361572266	64099	2023/06/21 
2023/06/26 	48.97143948395379	52.24385774308132	48.8566158936874	51.612335205078125	148155	2023/06/26 
2023/06/27 	53.105014819249476	56.20520119039489	53.105014819249476	55.11439514160156	351583	2023/06/27 
2023/06/28 	55.573683247654834	59.99431570885372	55.573683247654834	59.7072639465332	357888	2023/06/28 
2023/06/29 	60.568424507538445	60.568424507538445	57.06636623937104	58.55904769897461	193707	2023/06/29 
2023/06/30 	58.27198791503906	58.559043267782705	57.69788081378251	58.27198791503906	87315	2023/06/30 
2023/07/03 	59.133154843674134	59.133154843674134	57.69788517980982	58.55904769897461	65995	2023/07/03 
2023/07/04 	59.99431610107422	60.568423233699455	59.70726433687706	59.99431610107422	83257	2023/07/04 
2023/07/05 	60.85547996883461	67.45772475710798	60.85547996883461	66.88362121582031	359880	2023/07/05 
2023/07/06 	66.59656696566879	74.92113693531961	66.02245620622315	71.76354217529297	465336	2023/07/06 
2023/07/07 	71.9663393218239	82.62801625730347	71.9663393218239	79.2962417602539	239529	2023/07/07 
2023/07/10 	78.62988622538431	80.62895378062275	78.62988622538431	79.96259307861328	173773	2023/07/10 
2023/07/11 	80.29576737294035	81.29530475814512	76.96399306484552	78.29670715332031	178431	2023/07/11 
2023/07/12 	78.96305906312688	78.96305906312688	68.63455963134766	68.63455963134766	279731	2023/07/12 
2023/07/13 	68.96774130750228	68.96774130750228	64.70307200319527	66.96867370605469	176884	2023/07/13 
2023/07/14 	66.96867477319287	66.96867477319287	66.16905063002999	66.635498046875	77011	2023/07/14 
2023/07/17 	65.36943032465244	66.30232521311197	65.1695242771254	65.43606567382812	72784	2023/07/17 
2023/07/18 	67.96820255257988	67.96820255257988	64.76970609284884	64.96961212158203	64242	2023/07/18 
2023/07/19 	65.2361572692701	66.96867628524059	65.169521922502	66.16905212402344	151521	2023/07/19 
2023/07/20 	66.96867563461765	67.30185236522121	66.1024161350484	66.36895751953125	108447	2023/07/20 
2023/07/21 	68.30139049599794	68.30139049599794	65.56933400311057	66.16905212402344	31726	2023/07/21 
2023/07/24 	65.30278820161703	65.7026002551986	64.5031640944539	65.16951751708984	57768	2023/07/24 
2023/07/25 	65.96914802990361	66.56886616850902	65.5693359375	65.5693359375	54409	2023/07/25 
2023/07/26 	66.10241807338117	66.10241807338117	65.50269994070912	65.76924133300781	5994	2023/07/26 
2023/07/27 	65.50270145901395	65.70260750787163	64.8363406874259	65.30279541015625	47302	2023/07/27 
2023/07/28 	65.43606006613388	65.43606006613388	59.43886460347473	59.77204132080078	202417	2023/07/28 
2023/07/31 	60.17185583664922	60.17185583664922	57.106622636790604	57.772979736328125	116677	2023/07/31 
2023/08/01 	57.573070739258945	60.23848808734772	57.373161073282105	59.971946716308594	97395	2023/08/01 
2023/08/02 	59.77204132080078	60.97148114087212	59.37222926000952	59.77204132080078	29060	2023/08/02 
2023/08/04 	60.17185274458794	60.17185274458794	58.70587156617524	59.971946716308594	47763	2023/08/04 
2023/08/07 	60.171852111816406	60.30512279593449	59.438863349166965	60.171852111816406	16587	2023/08/07 
2023/08/08 	59.77204026851996	60.10521697998047	58.83914183873305	60.10521697998047	43149	2023/08/08 
2023/08/09 	59.305593288710774	60.17185274458794	59.305593288710774	59.971946716308594	10661	2023/08/09 
2023/08/10 	59.77204480758043	60.10522154434222	57.77298074931191	58.63924026489258	67944	2023/08/10 
2023/08/11 	58.639240696907265	60.10522198715728	58.5059700012207	58.5059700012207	11952	2023/08/11 
2023/08/14 	60.57166739208939	60.57166739208939	58.239426658038326	59.172325134277344	21971	2023/08/14 
2023/08/15 	58.639239834837134	58.77251052856445	57.03998787241156	58.77251052856445	36652	2023/08/15 
2023/08/16 	57.972883254651315	58.77250737409742	55.97381568064099	57.30652618408203	21504	2023/08/16 
2023/08/17 	57.50643501473616	57.50643501473616	55.50737098106098	56.440269470214844	19285	2023/08/17 
2023/08/18 	55.77391425050233	56.30700067846136	53.90812084689029	54.5744743347168	109588	2023/08/18 
2023/08/21 	57.43979830826093	58.17279074046274	55.773911046690145	58.10615539550781	86038	2023/08/21 
2023/08/22 	58.10615351341711	58.10615351341711	56.440266305805345	57.439796447753906	14340	2023/08/22 
2023/08/23 	57.43979665895956	57.43979665895956	56.44026651333573	57.37316131591797	7787	2023/08/23 
2023/08/24 	57.43979944996242	57.43979944996242	56.50690460205078	56.50690460205078	8626	2023/08/24 
2023/08/25 	54.50783771013763	56.44026628833761	54.50783771013763	56.240360260009766	3806	2023/08/25 
2023/08/28 	56.17372512817383	56.2403604712	55.040920659031386	56.17372512817383	11975	2023/08/28 
2023/08/29 	56.107086181640625	56.107086181640625	54.90765000643861	56.107086181640625	10538	2023/08/29 
2023/08/30 	55.50736966687044	59.43886593230396	55.307463632005664	58.10615539550781	42716	2023/08/30 
2023/08/31 	57.97288745301893	60.904850045380975	57.70634242286964	60.83821105957031	54326	2023/08/31 
2023/09/01 	58.90577780185912	60.70493933810299	58.90577780185912	59.905311584472656	49858	2023/09/01 
2023/09/04 	60.305127420880474	61.5712062924958	60.305127420880474	61.10475158691406	31776	2023/09/04 
2023/09/05 	60.97148561048223	60.97148561048223	59.905316399184116	60.771575927734375	44951	2023/09/05 
2023/09/06 	61.038116239744596	61.238022281252995	59.37223256050795	61.10475158691406	41196	2023/09/06 
2023/09/07 	61.17138778191656	63.503632240568145	60.30512825670718	63.30372619628906	146252	2023/09/07 
2023/09/08 	63.30372619628906	63.30372619628906	63.30372619628906	63.30372619628906	0	2023/09/08 
2023/09/11 	64.2366167021789	66.3689549715749	64.2366167021789	64.76970672607422	27706	2023/09/11 
2023/09/12 	64.76970672607422	66.635496345825	64.4365227328665	64.76970672607422	103347	2023/09/12 
2023/09/13 	66.23568435562203	66.23568435562203	64.43652280210543	64.63642883300781	33841	2023/09/13 
2023/09/14 	66.10241475697458	66.10241475697458	63.17045231339216	64.30325317382812	17665	2023/09/14 
2023/09/15 	63.1038211772836	65.43606567382812	63.1038211772836	65.43606567382812	5392	2023/09/15 
2023/09/18 	65.43606567382812	65.43606567382812	63.17045652645928	65.43606567382812	5770	2023/09/18 
2023/09/19 	65.43606505868787	65.43606505868787	63.17045593261719	63.17045593261719	40155	2023/09/19 
2023/09/20 	64.23661932869933	64.23661932869933	63.237089134392406	63.83680725097656	18921	2023/09/20 
2023/09/21 	63.97007658119297	63.97007658119297	58.90577945813146	60.5716667175293	144625	2023/09/21 
2023/09/22 	65.63596473773919	68.63456240699203	63.30372048934365	63.903438568115234	27087	2023/09/22 
2023/09/25 	64.90297747808026	64.90297747808026	62.10428577026125	62.23755645751953	5400	2023/09/25 
2023/09/26 	64.8363387603738	64.8363387603738	62.43746624538031	63.43699645996094	15870	2023/09/26 
2023/09/27 	65.10288610582738	65.10288610582738	62.50410032523399	63.83680725097656	25088	2023/09/27 
2023/09/28 	62.504099488829716	65.03624988925178	62.504099488829716	64.10334777832031	7215	2023/09/28 
2023/10/02 	62.90391240295676	63.83680725097656	62.770641710382506	63.83680725097656	4466	2023/10/02 
2023/10/03 	64.23662150940545	64.23662150940545	62.837279189870856	63.17045593261719	26078	2023/10/03 
2023/10/04 	62.03765629237593	63.10382189124958	62.03765629237593	62.77064514160156	8803	2023/10/04 
2023/10/05 	62.77064514160156	62.903915841460766	60.038588519092066	62.77064514160156	20916	2023/10/05 
2023/10/06 	62.03765629237593	62.77064514160156	61.63784419279831	62.77064514160156	12916	2023/10/06 
2023/10/11 	61.637835413287206	62.7040008602994	60.105215307812436	61.971012115478516	2870	2023/10/11 
2023/10/12 	59.838676614185225	63.50362777709961	59.838676614185225	63.50362777709961	23628	2023/10/12 
2023/10/13 	61.77110926254674	63.436992858950305	61.77110926254674	62.170921325683594	4778	2023/10/13 
2023/10/16 	62.17091946729879	62.17091946729879	60.43839330343184	61.437923431396484	3182	2023/10/16 
2023/10/17 	60.43839624059074	60.571666930795985	59.77204278956449	60.50503158569336	25161	2023/10/17 
2023/10/18 	60.37175877286728	60.37175877286728	59.43886397423034	59.971946716308594	17825	2023/10/18 
2023/10/19 	60.17185528530125	60.371761322021484	59.37223113842031	60.371761322021484	9455	2023/10/19 
2023/10/20 	60.37176100947549	62.304193296495484	60.171854973790175	61.77111053466797	15650	2023/10/20 
2023/10/23 	62.57073760858051	62.57073760858051	60.305128489284236	60.771575927734375	1439	2023/10/23 
2023/10/24 	60.771575672265925	60.904850006103516	59.97195149542711	60.904850006103516	12093	2023/10/24 
2023/10/25 	60.904850006103516	60.904850006103516	60.904850006103516	60.904850006103516	0	2023/10/25 
2023/10/26 	62.03765106201172	62.03765106201172	60.771572244695975	62.03765106201172	1446	2023/10/26 
2023/10/27 	62.170921113890394	62.23755645751953	60.838206965912484	62.23755645751953	14479	2023/10/27 
2023/10/30 	61.97101755493697	65.10288610582738	61.97101755493697	63.83680725097656	55654	2023/10/30 
2023/10/31 	63.836804069670556	64.30325147043506	62.30419118144434	63.636898040771484	66503	2023/10/31 
2023/11/01 	63.63689846391849	63.63689846391849	63.30372174687128	63.50362777709961	7284	2023/11/01 
2023/11/02 	63.57026396171431	66.30232035304894	62.30419242018139	64.4365234375	67705	2023/11/02 
2023/11/03 	64.76970850767	64.76970850767	63.30372363357502	64.10334777832031	6026	2023/11/03 
2023/11/06 	64.30325141707638	65.5693302077816	64.1033453883432	64.96961212158203	47819	2023/11/06 
2023/11/07 	64.76971261320242	65.56933680863317	63.836810443137445	65.30279541015625	116623	2023/11/07 
2023/11/08 	64.0367094232138	65.8358709397258	64.0367094232138	65.16951751708984	25100	2023/11/08 
2023/11/09 	64.30325296115292	64.36988830566406	64.16998227213064	64.36988830566406	10522	2023/11/09 
2023/11/10 	64.36988958969057	65.3027917068509	63.97007751464844	63.97007751464844	17589	2023/11/10 
2023/11/13 	63.9700811423759	65.43606610939472	63.9700811423759	65.30279541015625	14028	2023/11/13 
2023/11/14 	65.30278757097757	66.23568235365879	64.43652085452156	65.36942291259766	56355	2023/11/14 
2023/11/15 	65.36943032465244	65.76924241970653	65.30279497547676	65.43606567382812	2875	2023/11/15 
2023/11/16 	65.16951772773288	65.16951772773288	64.30325100011123	65.1028823852539	12178	2023/11/16 
2023/11/17 	64.1699814275689	64.90297748293942	64.1699814275689	64.63642883300781	10239	2023/11/17 
2023/11/20 	64.8363406874259	65.43606610939472	64.56979928894897	65.30279541015625	61786	2023/11/20 
2023/11/21 	65.56933147781798	66.96867370605469	65.10288406840576	66.96867370605469	178181	2023/11/21 
2023/11/22 	67.30185193149853	67.30185193149853	65.96914501767284	66.50222778320312	91810	2023/11/22 
2023/11/23 	66.50222994340182	66.50222994340182	65.23615833414149	65.83587646484375	67203	2023/11/23 
2023/11/24 	65.76924004341485	66.36895816432772	65.63596934987866	66.16905212402344	24421	2023/11/24 
2023/11/27 	66.16905190930751	66.63549933517058	65.50269844378884	66.23568725585938	11749	2023/11/27 
2023/11/28 	66.23568790195715	66.23568790195715	65.43606373553479	66.03578186035156	21274	2023/11/28 
2023/11/29 	66.30232260241124	66.43559329551498	64.43652562356355	66.23568725585938	24970	2023/11/29 
2023/11/30 	64.43652458437288	66.56886291503906	64.43652458437288	66.56886291503906	7875	2023/11/30 
2023/12/01 	66.30232195955563	66.43559265136719	64.43652499879838	66.43559265136719	15791	2023/12/01 
2023/12/04 	65.10288678741608	66.1024169921875	64.50316866455323	66.1024169921875	82836	2023/12/04 
2023/12/05 	66.10241807338117	66.10241807338117	64.50316971958905	65.76924133300781	21775	2023/12/05 
2023/12/06 	65.96914629821798	66.1024169921875	65.4360635223399	66.1024169921875	4301	2023/12/06 
2023/12/07 	65.6359699914186	65.96914672851562	65.43606394916038	65.96914672851562	43029	2023/12/07 
2023/12/08 	65.96914354302848	67.63502714807217	65.96914354302848	66.96867370605469	45061	2023/12/08 
2023/12/11 	66.96867119603469	71.29998295759883	66.96867119603469	70.30044555664062	193160	2023/12/11 
2023/12/12 	70.3004431161211	70.63361981307578	67.63502226508896	68.63455963134766	73390	2023/12/12 
2023/12/13 	68.6345661911237	69.63409637751825	68.3013894623255	68.96774291992188	24372	2023/12/13 
2023/12/14 	69.30092228658395	73.2990504597419	68.30139206214338	72.96587371826172	149731	2023/12/14 
2023/12/15 	72.96586470637527	72.96586470637527	67.63502295030389	70.96680450439453	51668	2023/12/15 
2023/12/18 	70.63362877619676	70.63362877619676	67.96820758693349	68.3013916015625	33206	2023/12/18 
2023/12/19 	68.63457052746217	70.63363102655212	66.63550275297644	69.96727752685547	36787	2023/12/19 
2023/12/20 	68.63457052746217	70.3004542767038	68.63457052746217	69.96727752685547	3085	2023/12/20 
2023/12/21 	68.63456408259337	69.63409423828125	68.63456408259337	69.63409423828125	6615	2023/12/21 
2023/12/22 	70.30044983511463	70.30044983511463	68.6345661911237	68.96774291992188	3593	2023/12/22 
2023/12/25 	68.30139377761385	71.29999180164455	68.30139377761385	69.96727752685547	5968	2023/12/25 
2023/12/26 	69.96727095684388	69.96727095684388	68.63456408259337	69.63409423828125	7720	2023/12/26 
2023/12/27 	68.967740801156	69.96727095684388	68.63456408259337	69.63409423828125	12217	2023/12/27 
2023/12/28 	69.96727095684388	70.3004476754065	69.30091751971862	69.63409423828125	17248	2023/12/28 
2023/12/29 	69.63409637751825	69.96727310631644	68.6345661911237	68.96774291992188	20879	2023/12/29 
2024/01/02 	69.96727102813496	78.29671082687298	69.96727102813496	74.63175964355469	145123	2024/01/02 
2024/01/03 	75.29811751198169	76.96400120451463	74.29858729646193	75.63129425048828	117602	2024/01/03 
2024/01/04 	75.96446990966797	77.29717684475881	75.29811644212255	75.96446990966797	134147	2024/01/04 
2024/01/05 	76.63082229792784	76.63082229792784	74.96493865252697	76.29764556884766	22238	2024/01/05 
2024/01/08 	76.29764344757305	76.96399688720703	75.2981132881221	76.96399688720703	28111	2024/01/08 
2024/01/09 	76.96399688720703	76.96399688720703	75.96446672775606	76.96399688720703	24542	2024/01/09 
2024/01/10 	77.29717121905838	77.29717121905838	74.96493425239001	75.29811096191406	62566	2024/01/10 
2024/01/11 	74.9649403356402	75.29811707220085	70.96681222151679	73.2990493774414	168153	2024/01/11 
2024/01/12 	70.96680999988745	71.63316345214844	70.30044927223118	71.63316345214844	28650	2024/01/12 
2024/01/15 	71.63316345214844	71.63316345214844	71.63316345214844	71.63316345214844	0	2024/01/15 
2024/01/16 	75.29811751198169	77.29717794302121	74.9649407734751	75.63129425048828	46126	2024/01/16 
2024/01/17 	76.96399902700801	76.96399902700801	75.29811538160713	76.29764556884766	25411	2024/01/17 
2024/01/18 	76.2976445035989	77.29717467688423	75.63129105474202	76.63082122802734	49097	2024/01/18 
2024/01/19 	76.63082016739004	77.29717360702402	75.96446672775606	76.96399688720703	43414	2024/01/19 
2024/01/22 	76.96399513510171	77.63035583496094	76.63081842286958	77.63035583496094	47109	2024/01/22 
2024/01/23 	77.63035760223613	77.96353432205312	76.63082016739004	76.96399688720703	44373	2024/01/23 
2024/01/24 	77.63035919447182	81.2953104630237	77.29717519242594	78.96306610107422	43920	2024/01/24 
2024/01/25 	78.62989479990846	80.2957785481079	78.29671805026857	79.62942504882812	69192	2024/01/25 
2024/01/26 	78.29671264777302	79.96259628102602	76.63082173912474	78.96306610107422	49409	2024/01/26 
2024/01/29 	78.62988937442361	79.96259628102602	78.29671264777302	78.96306610107422	49811	2024/01/29 
2024/01/30 	78.96306610107422	79.29624282772483	78.29671264777302	78.96306610107422	41170	2024/01/30 
2024/01/31 	78.29671371072075	79.29624390424208	76.96399951063029	78.62989044189453	64682	2024/01/31 
2024/02/01 	78.96307154954835	81.29531607242335	77.29718052595312	79.62942504882812	76235	2024/02/01 
2024/02/02 	79.2962417602539	79.62941848241934	78.29671159375759	79.2962417602539	37388	2024/02/02 
2024/02/05 	79.62942121367256	87.29250791250361	78.96306774648606	83.29437255859375	172946	2024/02/05 
2024/02/15 	90.95745561621526	90.95745561621526	85.6266135413367	86.9593276977539	162071	2024/02/15 
2024/02/16 	87.6256779670951	88.95838479988657	85.95978715071091	87.95885467529297	69308	2024/02/16 
2024/02/19 	88.62520599365234	88.95838269396288	87.29249919241023	88.62520599365234	22932	2024/02/19 
2024/02/20 	88.62520599365234	88.62520599365234	87.29249919241023	88.62520599365234	39743	2024/02/20 
2024/02/21 	87.62568007313921	87.95885678934484	85.95978921671608	87.2925033569336	42268	2024/02/21 
2024/02/22 	87.29250729110166	87.29250729110166	85.95979309082031	85.95979309082031	51650	2024/02/22 
2024/02/23 	86.9593331631167	87.62568664550781	84.96026544054777	87.62568664550781	95274	2024/02/23 
2024/02/26 	87.29250548724735	87.62568221158392	84.96026114149615	86.62615203857422	33082	2024/02/26 
2024/02/27 	86.62615382865867	87.62568402232316	84.96026289715584	85.95979309082031	39178	2024/02/27 
2024/02/29 	86.62615642192114	89.29157035148559	86.29297240532999	87.62568664550781	56847	2024/02/29 
2024/03/01 	85.95979355726585	89.29156816295544	85.95979355726585	88.29203796386719	22586	2024/03/01 
2024/03/04 	88.29203350555045	88.62521022175608	86.95932664072798	87.2925033569336	19717	2024/03/04 
2024/03/05 	88.62521153637692	96.2882979489616	87.95885809408134	94.28923034667969	125042	2024/03/05 
2024/03/06 	94.62240970424807	96.95465409266001	93.62287951295524	95.95512390136719	93111	2024/03/06 
2024/03/07 	94.28923248573284	97.28783031948456	92.95651829551247	93.62287902832031	103652	2024/03/07 
2024/03/08 	94.62240248510393	104.28454875662122	93.28969566505802	98.287353515625	315515	2024/03/08 
2024/03/11 	99.9532491152665	113.6135237782054	98.28735823482766	111.61445617675781	435464	2024/03/11 
2024/03/12 	113.28035252722508	114.61305947561316	108.61586365707578	109.94857788085938	178391	2024/03/12 
2024/03/13 	109.282220712415	110.28175088991726	107.94950653368339	108.61585998535156	103625	2024/03/13 
2024/03/14 	109.28221945221016	109.61539617420216	106.28362167888689	106.6167984008789	119667	2024/03/14 
2024/03/15 	108.94904981883033	109.61540330616967	106.28362859407731	109.2822265625	113101	2024/03/15 
2024/03/18 	108.61585944868001	111.61445724176598	108.61585944868001	111.28128051757812	100854	2024/03/18 
2024/03/19 	111.28128471728185	119.943901699275	110.94810798052006	117.27848052978516	196251	2024/03/19 
2024/03/20 	118.61119734044061	121.94297205615665	114.61306186126484	118.94437408447266	106968	2024/03/20 
2024/03/21 	119.94389950758254	119.94389950758254	115.27941800275434	117.94483184814453	72333	2024/03/21 
2024/03/22 	119.61071883394844	120.2770722733297	118.27801195518595	119.27754211425781	55047	2024/03/22 
2024/03/25 	119.27754335971322	121.94296442046475	117.27847574530078	121.27660369873047	90672	2024/03/25 
2024/03/26 	120.27706595606314	126.94062182607357	120.27706595606314	123.94202423095703	166818	2024/03/26 
2024/03/27 	125.60791667223505	125.60791667223505	121.94297247528588	123.60885620117188	66926	2024/03/27 
2024/03/28 	123.94203399889045	125.6079103657408	122.60931253430329	123.27568054199219	121934	2024/03/28 
2024/03/29 	124.60838773727907	128.93969249229755	123.27568082047196	127.94015502929688	173013	2024/03/29 
2024/04/01 	129.60604409386863	153.59482645587835	129.60604409386863	153.2616424560547	338263	2024/04/01 
2024/04/02 	156.26025026782412	158.59249476371886	151.2625918056448	157.5929718017578	314517	2024/04/02 
2024/04/03 	160.25837963231587	178.24996686827689	159.92519562389103	176.58407592773438	418112	2024/04/03 
2024/04/08 	182.2480837265456	190.91070769970688	181.58173027488556	190.24435424804688	327191	2024/04/08 
2024/04/09 	193.24295463704868	200.57285725400456	147.26444945205048	169.58734130859375	642006	2024/04/09 
2024/04/10 	187.24576322811419	187.24576322811419	161.5910889306266	165.92239379882812	334888	2024/04/10 
2024/04/11 	159.92519598067182	163.25697786918977	150.26304887507698	151.92893981933594	285326	2024/04/11 
2024/04/12 	151.26258490762433	155.59388968071224	142.59997536144854	144.9322052001953	320108	2024/04/12 
2024/04/15 	141.26725579457417	145.93174463659253	131.93829266132835	139.60137939453125	367047	2024/04/15 
2024/04/16 	138.26866142163368	138.26866142163368	129.27288206997355	133.60418701171875	191597	2024/04/16 
2024/04/17 	137.93548550303112	153.26164409190542	136.6027785910926	150.26304626464844	211006	2024/04/17 
2024/04/18 	152.26212168401048	154.59436606296703	147.2644489216219	152.5952911376953	78102	2024/04/18 
2024/04/19 	148.59716527755842	150.26304159026418	140.93407894610934	146.9312744140625	95873	2024/04/19 
2024/04/22 	149.59669068994438	152.26211902686165	143.59949512036854	150.9293975830078	106597	2024/04/22 
2024/04/23 	154.59436606296703	154.59436606296703	150.26304675873877	152.5952911376953	70845	2024/04/23 
2024/04/24 	147.5976329260974	154.59436606296703	147.2644489216219	152.5952911376953	87695	2024/04/24 
2024/04/25 	147.93082111591067	152.92847946890504	147.93082111591067	151.26258850097656	32772	2024/04/25 
2024/04/26 	151.26257684907517	153.9279905518085	144.9321974788986	147.59762573242188	78816	2024/04/26 
2024/04/29 	149.92988111597177	149.92988111597177	146.2649297275388	148.9303436279297	25060	2024/04/29 
2024/04/30 	149.26352719815907	151.92894109064434	145.59857582059632	146.5980987548828	73664	2024/04/30 
2024/05/02 	149.59669665932424	149.59669665932424	144.59903833551886	146.5980987548828	64389	2024/05/02 
2024/05/03 	149.26351365747178	155.9270623349811	146.59808545599427	153.59481811523438	100123	2024/05/03 
2024/05/06 	154.26118423114033	154.92753769868577	151.26258635179053	151.92893981933594	65349	2024/05/06 
2024/05/07 	153.59482448102386	154.26117792131308	149.9298732840381	151.59576416015625	58253	2024/05/07 
2024/05/08 	152.9284772960495	152.9284772960495	150.5962328842451	151.92893981933594	21699	2024/05/08 
2024/05/09 	154.92753722100701	154.92753722100701	148.2639880153073	149.59669494628906	21119	2024/05/09 
2024/05/10 	147.59763578803194	148.26398925911298	135.6032442069918	144.26585388183594	148496	2024/05/10 
2024/05/13 	149.92987521177025	158.9256685975239	149.26352176291337	153.2616424560547	136378	2024/05/13 
2024/05/14 	154.92753769868577	154.92753769868577	150.92940234262238	151.92893981933594	28655	2024/05/14 
2024/05/15 	153.92799117577565	156.26023545051635	148.930333187497	149.92987060546875	49834	2024/05/15 
2024/05/16 	151.59577036095865	151.92893981933594	148.26398847244073	151.92893981933594	40180	2024/05/16 
2024/05/17 	151.26258635179053	153.92800022197218	150.5962328842451	151.92893981933594	64259	2024/05/17 
2024/05/20 	151.92894706230894	156.92660558255048	151.92894706230894	154.59437561035156	143019	2024/05/20 
2024/05/21 	156.92660558255048	157.25978960760264	152.2621310873611	154.59437561035156	29771	2024/05/21 
2024/05/22 	159.59202667486173	166.255575907477	157.25978226082776	164.2565155029297	272069	2024/05/22 
2024/05/23 	166.58873134966672	167.25509931257292	155.59387822355927	161.25790405273438	117588	2024/05/23 
2024/05/24 	163.25697058181188	166.25556832731186	156.92659109651623	161.59107971191406	96894	2024/05/24 
2024/05/27 	161.92427294393025	165.92239379882812	159.9251979656903	165.92239379882812	80795	2024/05/27 
2024/05/28 	163.92333551143733	165.92239596498445	163.2569820269216	165.25604248046875	95714	2024/05/28 
2024/05/29 	165.25603675920672	167.25511169433594	162.5906229134221	167.25511169433594	34501	2024/05/29 
2024/05/30 	163.256964289084	163.92331770120055	158.92565983493165	161.25790405273438	95094	2024/05/30 
2024/05/31 	161.25790405273438	163.5901482705371	160.25836665916472	161.25790405273438	81301	2024/05/31 
2024/06/03 	166.5887399749028	170.92005920410156	160.92472840325962	170.92005920410156	472713	2024/06/03 
2024/06/04 	168.58781646563716	174.91818154398018	166.58874155602103	167.9214630126953	145977	2024/06/04 
2024/06/05 	169.25417207867443	169.25417207867443	164.25651384243287	167.25511169433594	101939	2024/06/05 
2024/06/06 	168.72694299249397	178.29393415364592	164.37829869370347	175.68475341796875	498053	2024/06/06 
2024/06/07 	177.4242039296229	180.90311647739665	176.11962085482836	177.85906982421875	179087	2024/06/07 
2024/06/11 	182.64256565024945	184.81688051665785	166.98748108131736	174.38015747070312	198902	2024/06/11 
2024/06/12 	172.20585166576063	173.51044941964938	167.42235578615617	169.1618194580078	48469	2024/06/12 
2024/06/13 	170.03152561749863	170.03152561749863	160.89940037066745	163.07371520996094	151049	2024/06/13 
2024/06/14 	160.46453582406255	168.72694396972656	160.46453582406255	168.72694396972656	48741	2024/06/14 
2024/06/17 	168.2920765114966	169.16180829000302	164.37829811721048	166.55262756347656	49277	2024/06/17 
2024/06/18 	169.16181555609884	169.16181555609884	165.6829029016344	168.29208374023438	20442	2024/06/18 
2024/06/19 	167.85721961808605	168.2920855306447	165.24803875172776	166.98748779296875	25844	2024/06/19 
2024/06/20 	169.59666865932704	169.59666865932704	165.6829046642864	166.98748779296875	14655	2024/06/20 
2024/06/21 	169.16180986302356	169.16180986302356	165.24803143234357	168.72694396972656	28439	2024/06/21 
2024/06/24 	169.16182127867214	169.16182127867214	164.37831073858965	167.8572235107422	22294	2024/06/24 
2024/06/25 	167.85720983117685	173.94530303404466	166.5526267785582	170.03152465820312	17245	2024/06/25 
2024/06/26 	167.8572235107422	169.16182127867214	165.68290850651957	167.8572235107422	39926	2024/06/26 
2024/06/27 	171.33613230956163	171.33613230956163	165.24803875172776	166.98748779296875	20442	2024/06/27 
2024/06/28 	170.03153276296987	170.46639867090212	166.55263471749888	168.29208374023438	26700	2024/06/28 
2024/07/01 	168.29207423989556	168.72694012327895	164.3782958984375	164.3782958984375	39259	2024/07/01 
2024/07/02 	170.03152722981443	170.03152722981443	162.63885086251875	165.24803161621094	65894	2024/07/02 
2024/07/03 	166.11775943197114	166.11775943197114	162.20398109051308	164.3782958984375	23674	2024/07/03 
2024/07/04 	163.9434453926738	163.9434453926738	160.02966703286648	160.89939880371094	64408	2024/07/04 
2024/07/05 	160.02966874652424	161.33426641676104	157.85535390512246	159.5948028564453	52437	2024/07/05 
2024/07/08 	156.55077270576206	158.29022167777245	144.37460068370316	149.15809631347656	190632	2024/07/08 
2024/07/09 	151.3324111807378	151.3324111807378	146.9837814462153	149.15809631347656	58833	2024/07/09 
2024/07/10 	151.33241694589583	151.33241694589583	145.67918931025542	148.72323608398438	55961	2024/07/10 
2024/07/11 	145.6791824006769	148.28836313883463	141.76541859793673	143.50486755371094	136998	2024/07/11 
2024/07/12 	146.54891845007924	146.54891845007924	140.0259737192548	140.89569091796875	113924	2024/07/12 
2024/07/15 	136.5470600017107	153.50672785295765	136.5470600017107	147.85350036621094	291317	2024/07/15 
2024/07/16 	149.59297038156018	155.681049420708	146.98378947649857	147.4186553955078	98827	2024/07/16 
2024/07/17 	152.2021447608586	152.2021447608586	145.24431957301962	147.85350036621094	125677	2024/07/17 
2024/07/18 	150.4626778148217	150.4626778148217	143.50486739063857	146.98377990722656	84174	2024/07/18 
2024/07/19 	150.4626778148217	150.4626778148217	144.37459917203378	146.98377990722656	19876	2024/07/19 
2024/07/22 	148.72324038562098	150.46268947420884	143.07001258646793	146.1140594482422	51265	2024/07/22 
2024/07/23 	146.1140576384801	148.7232385435417	144.8094744904462	147.4186553955078	20295	2024/07/23 
2024/07/26 	144.37459761496893	148.28836137105213	141.7654169079159	144.80946350097656	78040	2024/07/26 
2024/07/29 	146.1140513737478	147.85350036621094	140.89568978736517	147.85350036621094	25828	2024/07/29 
2024/07/30 	147.85350853683005	147.85350853683005	143.07001258646793	146.1140594482422	10330	2024/07/30 
2024/07/31 	143.5048785108634	148.28837446122552	143.5048785108634	146.1140594482422	21702	2024/07/31 
2024/08/01 	143.50487293425203	146.98378558523092	143.50487293425203	146.54891967773438	16045	2024/08/01 
2024/08/02 	152.63699759197266	156.55077612573695	148.28836776245092	150.02781677246094	40961	2024/08/02 
2024/08/05 	147.41865179923218	147.41865179923218	136.9819284335895	143.07000732421875	119275	2024/08/05 
2024/08/06 	154.81133410916948	154.81133410916948	143.93974443525886	146.1140594482422	32942	2024/08/06 
2024/08/07 	145.67919071605448	151.76728432226227	145.67919071605448	150.89755249023438	71240	2024/08/07 
2024/08/08 	149.59297038156018	150.02782169157558	147.4186553955078	147.4186553955078	14049	2024/08/08 
2024/08/09 	152.2021447608586	152.2021447608586	146.1140513737478	147.85350036621094	58660	2024/08/09 
2024/08/12 	145.6791806639991	150.89754207810518	144.37459761496893	144.80946350097656	85705	2024/08/12 
2024/08/13 	143.07000732421875	145.67918816562943	142.20029011641086	143.07000732421875	35230	2024/08/13 
2024/08/14 	148.28837446122552	148.28837446122552	144.37461035965433	146.1140594482422	6550	2024/08/14 
2024/08/15 	143.93973736843895	146.11405227467282	143.07000556234811	144.37460327148438	9612	2024/08/15 
2024/08/16 	146.54891243601435	146.98377832202198	143.50486584295368	144.80946350097656	61438	2024/08/16 
2024/08/19 	146.1140498558073	146.5489157516537	144.80946677726124	145.67918395996094	37463	2024/08/19 
2024/08/20 	147.41865329452682	147.41865329452682	143.93974060102752	145.24432373046875	28960	2024/08/20 
2024/08/21 	143.939740271979	148.72323608398438	143.939740271979	148.72323608398438	38402	2024/08/21 
2024/08/22 	148.7232385435417	152.20215128662176	147.4186553955078	147.4186553955078	32756	2024/08/22 
2024/08/23 	148.72323308395207	148.72323308395207	142.63515426829596	144.37460327148438	56773	2024/08/23 
2024/08/26 	147.8534938418448	147.8534938418448	140.89568357002796	142.63514709472656	49130	2024/08/26 
2024/08/27 	140.89569335462122	142.20029108874382	133.93788259961468	139.5911102294922	101934	2024/08/27 
2024/08/28 	140.89568357002796	145.2443131637894	140.4608176888533	142.63514709472656	59560	2024/08/28 
2024/08/29 	143.07000428537262	143.93973608370064	137.41679142321985	138.72137451171875	78337	2024/08/29 
2024/08/30 	137.4167866850189	140.46081865622094	131.32869352462953	132.19842529296875	129571	2024/08/30 
2024/09/02 	133.0681666969087	138.7213797734907	120.4571281877749	132.63330078125	291429	2024/09/02 
2024/09/03 	127.41493644769514	127.41493644769514	123.06630659659166	124.80575561523438	138705	2024/09/03 
2024/09/04 	129.58924888314118	130.458980680247	124.3708873184924	126.11033630371094	64457	2024/09/04 
2024/09/05 	130.0241193066883	132.19843426612852	123.93602573306077	125.2406234741211	247057	2024/09/05 
2024/09/06 	130.0241193066883	130.45898522037507	124.80575756043432	125.2406234741211	31373	2024/09/06 
2024/09/09 	126.54520769622619	126.54520769622619	115.67363280537923	118.28280639648438	152419	2024/09/09 
2024/09/10 	121.32684739656885	121.32684739656885	118.282800729379	118.71766662597656	51328	2024/09/10 
2024/09/11 	119.5873938464063	119.5873938464063	112.19471726235632	113.93417358398438	105043	2024/09/11 
2024/09/12 	116.97822231760526	116.97822231760526	111.75986056813693	114.3690414428711	146325	2024/09/12 
2024/09/13 	112.62958111914612	115.23876190185547	111.32499072779146	115.23876190185547	101102	2024/09/13 
2024/09/16 	114.36903949051556	115.23876399908123	112.6295831688875	113.93417358398438	88182	2024/09/16 
2024/09/18 	112.62958167476243	113.4993061717905	108.28095188512556	111.75985717773438	169216	2024/09/18 
2024/09/19 	112.19471740722656	112.62958331431928	108.28095346137908	112.19471740722656	59067	2024/09/19 
2024/09/20 	112.62958123149254	113.49930572509766	110.89013224428227	113.49930572509766	104218	2024/09/20 
2024/09/23 	116.54335165026193	121.32684729067387	115.67362716232245	120.45712280273438	198884	2024/09/23 
2024/09/24 	122.63144023297883	126.54520416259766	120.8919839163175	126.54520416259766	181748	2024/09/24 
2024/09/25 	126.98007303230384	127.41493894774551	121.32685265404628	123.50117492675781	212585	2024/09/25 
2024/09/26 	113.93417219868034	115.67362849915867	109.1506765029857	110.02040100097656	910380	2024/09/26 
2024/09/27 	106.97636413574219	108.71581317286173	105.23690779412587	106.97636413574219	309331	2024/09/27 
2024/09/30 	106.97636075834745	106.97636075834745	101.75799920274632	102.62772369384766	322541	2024/09/30 
2024/10/01 	100.88827663135962	104.8020478725322	100.88827663135962	103.06259155273438	147510	2024/10/01 
2024/10/04 	101.75799964133432	104.36718043038074	100.88827514648438	100.88827514648438	142006	2024/10/04 
2024/10/07 	99.58368545687932	100.45340995788574	95.66991424560547	95.66991424560547	268600	2024/10/07 
2024/10/08 	95.6699141181708	99.14881942205913	95.6699141181708	97.40937042236328	128796	2024/10/08 
2024/10/09 	96.97450396291474	102.19286554100758	96.97450396291474	100.88827514648438	147510	2024/10/09 
2024/10/11 	91.75614573017265	95.23505844540378	90.88642120361328	90.88642120361328	332448	2024/10/11 
2024/10/14 	90.88641944972949	91.75614395950531	83.14585159058356	83.23282623291016	395195	2024/10/14 
2024/10/15 	83.4067749293484	85.58108984070225	83.05888366699219	83.05888366699219	108981	2024/10/15 
2024/10/16 	83.0588807055779	85.66806142797242	82.62401481701336	84.18952178955078	62746	2024/10/16 
2024/10/17 	84.36347198486328	84.71136323860158	83.4937401982693	84.36347198486328	79259	2024/10/17 
2024/10/18 	84.18952178955078	84.79832965084331	83.1458480396937	84.18952178955078	61646	2024/10/18 
2024/10/21 	84.18952523907886	84.97228240966797	84.10255790139972	84.97228240966797	50637	2024/10/21 
2024/10/22 	85.23319704582111	93.06073204685227	85.23319704582111	91.75614166259766	252088	2024/10/22 
2024/10/23 	92.19100969229467	92.19100969229467	86.1898981685461	86.7987060546875	225668	2024/10/23 
2024/10/24 	86.97265277729286	87.40751136630159	84.79833061426336	86.18989562988281	133199	2024/10/24 
2024/10/25 	86.88567873247864	88.27723645312767	84.71136385906108	86.36383819580078	114485	2024/10/25 
2024/10/28 	85.66806615478082	85.66806615478082	82.18915346330523	83.49374389648438	200349	2024/10/28 
2024/10/29 	83.40677706143045	83.40677706143045	80.27575562018792	81.7542953491211	118888	2024/10/29 
2024/10/30 	80.97153918576099	82.537046273914	80.71062255515164	82.01521301269531	49537	2024/10/30 
2024/11/01 	80.8845699235464	82.1021857071262	80.0148381028493	81.5803451538086	36327	2024/11/01 
2024/11/04 	80.8845710046856	81.66732088837945	79.49300591656738	80.01483917236328	69351	2024/11/04 
2024/11/05 	79.49300488427934	80.88456995432684	79.49300488427934	79.75392150878906	38528	2024/11/05 
2024/11/06 	79.40603191783316	80.01483982270895	78.27539075292012	78.36235809326172	84763	2024/11/06 
2024/11/07 	78.36235243446131	80.10180868313527	78.36235243446131	78.7972183227539	61646	2024/11/07 
2024/11/08 	80.10180807867935	81.05850718210658	77.6665766534087	78.62327575683594	70452	2024/11/08 
2024/11/11 	76.70988328379357	77.05777455690688	75.49226017564858	76.44895935058594	149711	2024/11/11 
2024/11/12 	76.36198887754188	76.53593085471323	74.18767398816871	75.66620635986328	49537	2024/11/12 
2024/11/13 	76.97079620998966	79.66694431630422	76.70987959382973	79.14511108398438	93569	2024/11/13 
2024/11/14 	79.14511515847308	79.49300643276169	76.97080017254191	78.275390625	56141	2024/11/14 
2024/11/15 	78.71024878350514	78.71024878350514	77.84052425507053	78.18841552734375	13209	2024/11/15 
2024/11/18 	77.2317153284686	77.92749786376953	75.75318291932668	77.92749786376953	45133	2024/11/18 
2024/11/19 	77.66658076497646	80.44970358469158	77.66658076497646	79.66694641113281	20915	2024/11/19 
2024/11/20 	79.14511451717054	80.44970495905768	79.0581398731789	79.92787170410156	16062	2024/11/20 
2024/11/21 	79.14511361676747	80.1887874193031	78.97117163525992	79.75392150878906	38528	2024/11/21 
2024/11/22 	80.36273031506605	80.36273031506605	79.23208916116218	79.92787170410156	22016	2024/11/22 
2024/11/25 	79.75392032685649	83.49374226656496	79.75392032685649	83.05888366699219	140905	2024/11/25 
2024/11/26 	81.58034100659542	82.36309814453125	81.40639903399655	82.36309814453125	26419	2024/11/26 
2024/11/27 	80.97153729283224	81.66731982785598	79.75392150878906	79.75392150878906	33024	2024/11/27 
2024/11/28 	79.14510957248869	80.71061654404706	78.71024368419612	78.7972183227539	16512	2024/11/28 
2024/11/29 	78.27538867426077	79.31905516661998	77.49263150049464	77.84052276611328	12109	2024/11/29 
2024/12/02 	79.92786563947169	79.92786563947169	77.57960156135302	78.53630065917969	23117	2024/12/02 
2024/12/03 	78.53630065917969	78.53630065917969	77.66657619874533	78.53630065917969	18713	2024/12/03 
2024/12/04 	77.23171076839766	78.97116700394551	77.23171076839766	78.62327575683594	18713	2024/12/04 
2024/12/05 	77.40565228656837	80.62364082512138	76.62290246352633	78.53630065917969	92469	2024/12/05 
2024/12/06 	77.05776985813196	77.05776985813196	74.79648037303129	75.31831359863281	111183	2024/12/06 
2024/12/09 	75.66620635986328	75.66620635986328	74.44859060617404	75.66620635986328	74855	2024/12/09 
2024/12/10 	73.92675315877615	76.5359340569912	73.92675315877615	74.6225357055664	35226	2024/12/10 
2024/12/11 	74.79648499451243	75.05740162343454	74.36161907664429	74.6225357055664	29722	2024/12/11 
2024/12/12 	75.66620998473833	75.66620998473833	74.10070289721241	74.70951080322266	26419	2024/12/12 
2024/12/13 	74.274645547032	74.53556217987048	73.0570297241211	73.0570297241211	35226	2024/12/13 
2024/12/16 	71.31757988861015	71.40454722898083	69.05629025353127	69.23023223876953	162921	2024/12/16 
2024/12/17 	72.18730293442077	76.10107421875	72.18730293442077	76.10107421875	165123	2024/12/17 
2024/12/18 	78.01447008508867	79.8408937051854	76.10107182465501	77.40565490722656	99074	2024/12/18 
2024/12/19 	75.92712445745909	78.27538867426077	75.92712445745909	77.84052276611328	24218	2024/12/19 
2024/12/20 	77.75354915943417	80.44970467777327	77.23171590630258	78.1014404296875	64948	2024/12/20 
2024/12/23 	80.62364344522162	80.62364344522162	78.4493285712269	79.14511108398438	36327	2024/12/23 
2024/12/24 	79.14511316509146	79.66694641113281	78.27538865352362	79.66694641113281	38528	2024/12/24 
2024/12/25 	79.57997698058193	79.57997698058193	78.36235393100809	79.14511108398438	15411	2024/12/25 
2024/12/26 	79.05813852258565	80.0148376766593	78.79722189956497	79.66694641113281	45133	2024/12/26 
2024/12/27 	79.66694189548686	82.18914794921875	79.57997456240723	82.18914794921875	116687	2024/12/27 
2024/12/30 	82.1891554513695	82.2761300968844	80.18878973600542	82.10218811035156	25318	2024/12/30 
2024/12/31 	82.01520896129992	82.01520896129992	80.97153518592111	81.05850982666016	11008	2024/12/31 
2025/01/02 	81.75429132504024	82.97190706223085	81.75429132504024	82.62401580810547	38528	2025/01/02 
2025/01/03 	82.62401423364847	84.88530369012484	82.62401423364847	84.01557922363281	50637	2025/01/03 
2025/01/06 	85.14622698418799	85.14622698418799	81.49337955544995	83.75466918945312	29722	2025/01/06 
2025/01/07 	84.7113679105721	84.7113679105721	82.36310364445208	83.66769409179688	25318	2025/01/07 
2025/01/08 	84.0155859476327	84.0155859476327	82.27612957093878	83.84163665771484	31923	2025/01/08 
2025/01/09 	82.71099446879334	83.75466828190818	82.62401982490957	83.58071899414062	29722	2025/01/09 
2025/01/10 	83.4067750608048	83.4067750608048	80.88456888311953	83.1458511352539	56141	2025/01/10 
2025/01/13 	82.27612663024094	83.3198004189545	80.62364495756863	83.1458511352539	72654	2025/01/13 
2025/01/14 	82.79797013619542	84.0155859476327	82.27612957093878	83.84163665771484	41831	2025/01/14 
2025/01/15 	83.49374389648438	83.49374389648438	81.66732021183229	83.49374389648438	68251	2025/01/15 
2025/01/16 	83.9286117553711	84.45044501894549	83.05888721458145	83.9286117553711	45133	2025/01/16 
2025/01/17 	84.27649743907695	84.7113633328578	82.27612455398008	82.62401580810547	37427	2025/01/17 
2025/01/20 	81.92823537424445	84.01558295184759	80.5366776270057	81.31942749023438	74855	2025/01/20 
2025/01/21 	82.45007426016336	82.45007426016336	80.27575208449835	80.88456726074219	53940	2025/01/21 
2025/01/22 	81.58034611296156	81.75429540094484	79.84089706010992	79.92787170410156	38528	2025/01/22 
2025/02/03 	78.971166541645	79.92786563947169	77.49262692396069	78.53630065917969	53941	2025/02/03 
2025/02/04 	78.2753871635417	79.31905363575808	77.23171338682872	77.49263000488281	15411	2025/02/04 
2025/02/05 	77.840524706015	78.62328189928861	77.31869144683053	78.275390625	25320	2025/02/05 
2025/02/06 	77.66658227118236	78.18841552734375	76.88382508244341	78.18841552734375	42965	2025/02/06 
2025/02/07 	76.70988309855524	78.18841552734375	75.84015126562376	78.18841552734375	92524	2025/02/07 
2025/02/10 	77.40565640487475	77.84052231047677	76.44895725614766	77.75354766845703	24549	2025/02/10 
2025/02/11 	76.27501217882782	77.75354451063197	76.27501217882782	76.97079467773438	37642	2025/02/11 
2025/02/12 	76.36199038680898	77.31868954140171	75.31831658966327	76.01409912109375	44145	2025/02/12 
2025/02/13 	76.01409465888442	76.79684448242188	76.01409465888442	76.79684448242188	2224	2025/02/13 
2025/02/14 	76.97079767420199	78.10143880056863	76.97079767420199	77.66658020019531	24438	2025/02/14 
2025/02/17 	77.84052322073272	78.10143984534638	77.14474068543178	77.92749786376953	29727	2025/02/17 
2025/02/18 	77.57960762698984	78.36235751123192	77.4056583386048	78.18841552734375	24218	2025/02/18 
2025/02/19 	78.275390625	78.36235796519946	76.79685088314916	78.275390625	38528	2025/02/19 
2025/02/20 	77.14473773956442	79.57997652012509	76.97079576462976	79.05813598632812	17614	2025/02/20 
2025/02/21 	78.71024473196232	79.31905260097835	78.71024473196232	79.05813598632812	24223	2025/02/21 
2025/02/24 	79.05813900526097	79.49300491594825	77.84052322073272	77.92749786376953	19818	2025/02/24 
2025/02/25 	78.01447250680634	78.10143984534638	76.70988207924127	77.92749786376953	38528	2025/02/25 
2025/02/26 	77.75354766845703	77.75354766845703	77.75354766845703	77.75354766845703	1100	2025/02/26 
2025/02/27 	78.1014389320393	80.53667777711524	77.49263104689449	77.75354766845703	16512	2025/02/27 
2025/03/03 	77.4926294423095	79.40602770014429	77.40565480209068	79.14511108398438	26419	2025/03/03 
2025/03/04 	79.31905559827503	80.01483813329877	77.9274978327243	79.75392150878906	42184	2025/03/04 
2025/03/05 	79.75392254446534	80.7106217164224	79.14511464453783	80.01483917236328	28621	2025/03/05 
2025/03/06 	80.62364752876998	80.62364752876998	78.71024917402248	80.10181427001953	12241	2025/03/06 
2025/03/07 	80.01483962539548	80.62364752876998	79.14511509264578	80.10181427001953	31323	2025/03/07 
2025/03/10 	79.14511108398438	79.14511108398438	78.2753865952858	79.14511108398438	29832	2025/03/10 
2025/03/11 	79.40602624500922	81.75429035640906	79.40602624500922	80.62364196777344	66049	2025/03/11 
2025/03/12 	81.40640301590516	83.4067759733683	81.05851174919431	83.3198013305664	128868	2025/03/12 
2025/03/13 	83.84163503561012	83.84163503561012	82.79796853428276	83.40677642822266	52889	2025/03/13 
2025/03/14 	83.66769318330655	83.66769318330655	82.18915346330523	83.49374389648438	27521	2025/03/14 
2025/03/17 	83.4937402911707	83.4937402911707	82.45007383329101	82.62401580810547	38528	2025/03/17 
2025/03/18 	83.58071386621242	83.58071386621242	82.36309814453125	82.36309814453125	15412	2025/03/18 
2025/03/19 	82.62401982490957	83.6676936380244	82.62401982490957	83.58071899414062	115586	2025/03/19 
2025/03/20 	84.01558428588812	85.23320007324219	84.01558428588812	85.23320007324219	74855	2025/03/20 
2025/03/21 	85.58109328691336	85.92898456327859	85.23320201054814	85.6680679321289	51749	2025/03/21 
2025/03/24 	84.97228402898726	85.84200855382987	84.71136740198416	85.40714263916016	47336	2025/03/24 
2025/03/25 	85.32017380485776	85.58109042728913	84.53741663306697	85.05924987792969	38528	2025/03/25 
2025/03/26 	84.36347348616451	85.14622334263285	79.75391977047448	84.71136474609375	97974	2025/03/26 
2025/03/27 	82.36310010482616	83.58071585548737	81.49337561213908	82.79796600341797	57242	2025/03/27 
2025/03/28 	81.75429028369066	82.5370401171301	81.31942439544893	82.36309814453125	11128	2025/03/28 
2025/03/31 	80.88456639314387	82.53704071044922	79.14511013216922	82.53704071044922	42989	2025/03/31 
2025/04/01 	80.8845658117036	82.36309814453125	80.8845658117036	82.36309814453125	3304	2025/04/01 
2025/04/02 	82.62401429462784	82.62401429462784	80.53667411260716	82.276123046875	18956	2025/04/02 
2025/04/07 	74.10070037841797	74.10070037841797	74.10070037841797	74.10070037841797	26420	2025/04/07 
2025/04/08 	76.53593432858491	76.53593432858491	66.79500055244544	71.05665588378906	87076	2025/04/08 
2025/04/09 	70.44784699330471	71.75243742878229	67.83866612234958	68.96931457519531	42932	2025/04/09 
2025/04/10 	75.31831568571961	75.84014892578125	75.05739906568878	75.84014892578125	20915	2025/04/10 
2025/04/11 	75.05739748096366	78.44932807874203	74.10069835805217	77.2317123413086	33024	2025/04/11 
2025/04/14 	77.23171383813025	78.79722086009942	74.62253303334941	75.75318145751953	76020	2025/04/14 
2025/04/15 	75.40528974185796	75.75318100069725	74.62253258334539	75.66620635986328	19814	2025/04/15 
2025/04/16 	75.66620740183917	77.05777245635916	74.79648289501252	75.9271240234375	5516	2025/04/16 
2025/04/17 	74.3616155158774	75.57923126220703	74.01372425914087	75.57923126220703	24218	2025/04/17 
2025/04/18 	74.7964829057781	74.7964829057781	73.7528091147379	74.10070037841797	83662	2025/04/18 
2025/04/21 	73.05702555648475	73.83978271484375	72.6221596568968	73.83978271484375	3302	2025/04/21 
2025/04/22 	71.31757669441075	73.92675018310547	71.31757669441075	73.92675018310547	2256	2025/04/22 
2025/04/23 	74.44859268525505	75.31831720439327	73.31794423632826	74.36161804199219	19870	2025/04/23 
2025/04/24 	74.70950989579855	74.70950989579855	73.05702818334314	74.53556060791016	28070	2025/04/24 
2025/04/25 	73.92675258138304	74.97042639341699	73.49189397140819	74.44859313964844	39638	2025/04/25 
2025/04/28 	73.9267516779096	74.88345083445783	73.05702716409213	74.27464294433594	59444	2025/04/28 
2025/04/29 	74.10070037841797	74.7964829057781	73.92675109432959	74.10070037841797	74973	2025/04/29 
2025/04/30 	73.83978671357346	75.05740253296275	73.83978671357346	74.7964859008789	43089	2025/04/30 
2025/05/02 	73.5788629020078	74.88345336914062	73.5788629020078	74.88345336914062	33217	2025/05/02 
2025/05/05 	75.23133749397581	75.23133749397581	73.23096466064453	73.23096466064453	14503	2025/05/05 
2025/05/06 	73.23096766432157	74.44859072444169	72.18730119064233	73.92675018310547	30824	2025/05/06 
2025/05/07 	73.05702521181902	73.9267497023952	72.01335144042969	72.01335144042969	145711	2025/05/07 
2025/05/08 	73.31794067553567	73.49188995361328	72.97004942387686	73.49188995361328	41842	2025/05/08 
2025/05/09 	73.83978271484375	73.83978271484375	72.6221596568968	73.83978271484375	18713	2025/05/09 
2025/05/12 	72.70913741599988	73.23097067428809	71.57849625487646	72.79611206054688	42601	2025/05/12 
2025/05/13 	73.49189527401943	73.66583726019306	69.66509853323018	71.14363098144531	94681	2025/05/13 
2025/05/14 	70.88270825725783	71.49151611328125	70.79573361939839	71.49151611328125	78159	2025/05/14 
2025/05/15 	72.79610905675804	73.49189157543015	70.96968542361621	72.10032653808594	17613	2025/05/15 
2025/05/16 	70.09995463556172	73.14400137259668	70.09995463556172	72.36124420166016	6786	2025/05/16 
2025/05/19 	71.7524363151525	72.36124420166016	70.88271180649824	72.36124420166016	33174	2025/05/19 
2025/05/20 	70.88271227817972	71.66546214982827	69.57812185426872	70.62179565429688	101275	2025/05/20 
2025/05/21 	70.62179415234365	70.62179415234365	69.66509501545536	70.2739028930664	53940	2025/05/21 
2025/05/22 	69.31720642970934	69.31720642970934	68.09959062752439	69.14325714111328	52839	2025/05/22 
2025/05/23 	68.62142135740388	68.70839599849914	68.44747937970992	68.5344467163086	18715	2025/05/23 
2025/05/26 	71.40454657329093	71.66546320100085	70.79573867380216	70.8827133178711	51744	2025/05/26 
2025/05/27 	70.8827138987227	71.1436305285707	69.57812344498574	71.05665588378906	23117	2025/05/27 
2025/05/28 	69.7520614430098	70.0999526977539	69.14325357333172	70.0999526977539	4926	2025/05/28 
2025/05/29 	69.5781203745119	70.2739028930664	69.23022911523465	70.2739028930664	10127	2025/05/29 
2025/06/02 	69.49114418848865	69.49114418848865	68.0995864868164	68.0995864868164	36360	2025/06/02 
2025/06/03 	70.88271502293279	70.88271502293279	67.83866814776854	69.49114990234375	14310	2025/06/03 
2025/06/04 	69.31720688363713	69.31720688363713	67.83866713887578	69.23023223876953	59444	2025/06/04 
2025/06/05 	67.57774504465979	68.70839342302726	67.57774504465979	67.9256362915039	15411	2025/06/05 
2025/06/06 	68.70839388755245	68.70839388755245	67.83866211231388	68.01261138916016	13209	2025/06/06 
2025/06/09 	68.01261138916016	68.01261138916016	67.92563675073703	68.01261138916016	5614	2025/06/09 
2025/06/10 	67.49077131824528	68.0995864868164	67.40380398373206	68.0995864868164	6604	2025/06/10 
2025/06/11 	69.05628666417262	69.05628666417262	68.36050415039062	68.36050415039062	8814	2025/06/11 
2025/06/12 	68.09958857291446	68.62142181396484	67.83866464789261	68.62142181396484	11338	2025/06/12 
2025/06/13 	67.403806642569	68.44748043836466	66.96894073486328	66.96894073486328	33024	2025/06/13 
2025/06/16 	66.88196657890869	66.88196657890869	64.88160091970428	65.2294921875	40180	2025/06/16 
2025/06/17 	64.8816014737365	64.8816014737365	62.62031186600329	62.707279205322266	98051	2025/06/17 
2025/06/18 	62.44636265096898	64.62067761741413	61.663612769207205	63.57701110839844	27850	2025/06/18 
2025/06/19 	61.92452670135976	63.83792495727539	61.66361008546154	63.83792495727539	17613	2025/06/19 
2025/06/20 	63.83792471019244	63.83792471019244	61.837551821887615	62.8812255859375	35259	2025/06/20 
2025/06/23 	61.141774861718595	63.31609344482422	61.141774861718595	63.31609344482422	13424	2025/06/23 
2025/06/24 	62.44635923613459	63.05516710126714	62.09846798398792	62.79425048828125	32694	2025/06/24 
2025/06/25 	62.272420847987874	62.6203121201663	61.837554931640625	61.837554931640625	12109	2025/06/25 
2025/06/26 	61.83755307255664	62.96820149926892	61.83755307255664	62.27241897583008	42932	2025/06/26 
2025/06/27 	61.83755261900603	62.18544387817383	61.22874474158654	62.18544387817383	22032	2025/06/27 
2025/06/30 	62.098468234624846	62.18544287413666	61.0547981262207	61.0547981262207	22363	2025/06/30 
2025/07/01 	61.6636125705471	62.62031173706055	61.6636125705471	62.62031173706055	24218	2025/07/01 
2025/07/02 	61.141775665472025	62.62031173706055	61.141775665472025	62.62031173706055	15411	2025/07/02 
2025/07/03 	62.62030977825772	62.62030977825772	62.18544387817383	62.18544387817383	13220	2025/07/03 
2025/07/04 	62.35939280959528	63.2291173003793	62.18544352874054	62.96820068359375	38648	2025/07/04 
2025/07/07 	62.272419648393914	63.31609344482422	62.272419648393914	63.31609344482422	5531	2025/07/07 
2025/07/08 	62.09847014691586	62.44636141117979	61.22874563850438	62.35939407348633	35226	2025/07/08 
2025/07/09 	63.229118119434325	63.229118119434325	62.27241897583008	62.27241897583008	5518	2025/07/09 
2025/07/10 	62.27241726230948	62.79425048828125	62.1854426231487	62.79425048828125	39640	2025/07/10 
2025/07/11 	62.96820127152944	63.31609253199063	62.70727734781108	63.14214324951172	33039	2025/07/11 
2025/07/14 	63.92490005493164	64.44673329046296	63.22911753789217	63.92490005493164	86979	2025/07/14 
2025/07/15 	64.4971923828125	64.4971923828125	63.67962646484375	64.0429916381836	28621	2025/07/15 
2025/07/16 	64.31551361083984	64.31551361083984	64.31551361083984	64.31551361083984	3307	2025/07/16 
2025/07/17 	64.31551361083984	65.40560913085938	64.31551361083984	65.40560913085938	17943	2025/07/17 
2025/07/18 	65.40560913085938	66.67738342285156	65.22392272949219	66.4957046508789	66049	2025/07/18 
2025/07/21 	65.85980987548828	66.58654022216797	65.85980987548828	66.04149627685547	14310	2025/07/21 
2025/07/22 	65.85980987548828	65.85980987548828	65.40560913085938	65.49644470214844	17613	2025/07/22 
2025/07/23 	66.22317504882812	68.13084411621094	66.13233947753906	68.13084411621094	50858	2025/07/23 
2025/07/24 	67.85831451416016	68.8575668334961	67.31327056884766	68.3125228881836	52859	2025/07/24 
2025/07/25 	68.13084411621094	68.94841003417969	68.13084411621094	68.8575668334961	33575	2025/07/25 
2025/07/28 	68.8575668334961	70.67439270019531	68.8575668334961	69.76598358154297	51771	2025/07/28 
2025/07/29 	70.40187072753906	73.30878448486328	70.40187072753906	72.67289733886719	122741	2025/07/29 
2025/07/30 	72.12785339355469	75.5798110961914	72.12785339355469	74.39888000488281	105801	2025/07/30 
2025/07/31 	76.0	78.9000015258789	76.0	77.0	95012	2025/07/31 
2025/08/04 	76.19999694824219	77.5999984741211	75.5	77.5999984741211	6060	2025/08/04 
2025/08/05 	77.5999984741211	81.0	76.4000015258789	77.9000015258789	18000	2025/08/05 
2025/08/06 	77.0	79.30000305175781	77.0	77.80000305175781	16030	2025/08/06 
2025/08/07 	77.0	79.5	77.0	77.69999694824219	33000	2025/08/07 
2025/08/08 	79.5999984741211	79.5999984741211	77.5	78.5	45000	2025/08/08 
2025/08/11 	77.0	79.5	77.0	78.0	58000	2025/08/11 
2025/08/12 	77.0	81.9000015258789	77.0	79.9000015258789	55000	2025/08/12 
2025/08/13 	79.80000305175781	82.0	79.80000305175781	80.5	44024	2025/08/13 
2025/08/14 	80.5	80.80000305175781	80.4000015258789	80.5999984741211	43000	2025/08/14 
2025/08/15 	80.69999694824219	81.30000305175781	80.69999694824219	80.69999694824219	43016	2025/08/15 
2025/08/18 	80.0	82.9000015258789	80.0	82.0	49500	2025/08/18 
2025/08/19 	81.0	82.0999984741211	78.19999694824219	80.80000305175781	21000	2025/08/19 
2025/08/20 	80.0	81.30000305175781	80.0	80.69999694824219	32000	2025/08/20 
2025/08/21 	80.0	81.0	78.80000305175781	80.69999694824219	29000	2025/08/21 
2025/08/22 	80.0	80.0	77.69999694824219	79.0999984741211	37000	2025/08/22 
2025/08/25 	79.30000305175781	79.30000305175781	78.19999694824219	78.69999694824219	10000	2025/08/25 
2025/08/26 	78.80000305175781	78.9000015258789	77.80000305175781	78.69999694824219	11000	2025/08/26 
2025/08/27 	78.5	78.69999694824219	78.5	78.69999694824219	3000	2025/08/27 
2025/08/28 	78.5999984741211	78.5999984741211	77.30000305175781	78.19999694824219	24000	2025/08/28 
2025/08/29 	77.19999694824219	78.5999984741211	77.0999984741211	78.5999984741211	54022	2025/08/29 
2025/09/01 	78.0999984741211	78.0999984741211	77.30000305175781	78.0	24043	2025/09/01 
2025/09/02 	78.0	84.80000305175781	78.0	81.0	31000	2025/09/02 
2025/09/03 	81.0	85.0	81.0	82.69999694824219	77388	2025/09/03 
2025/09/04 	82.5	83.5	81.19999694824219	81.9000015258789	69001	2025/09/04 
2025/09/05 	81.9000015258789	83.0	80.80000305175781	82.4000015258789	72100	2025/09/05 
2025/09/08 	82.0	83.19999694824219	80.5	82.30000305175781	95100	2025/09/08 
2025/09/09 	81.19999694824219	81.69999694824219	80.0999984741211	81.69999694824219	22500	2025/09/09 
2025/09/10 	81.0999984741211	81.80000305175781	79.5999984741211	81.0999984741211	121100	2025/09/10 
2025/09/11 	81.69999694824219	88.0	81.0	88.0	73394	2025/09/11 
2025/09/12 	86.0	87.0	83.0	83.80000305175781	42000	2025/09/12 
2025/09/15 	82.0999984741211	87.9000015258789	82.0	84.0	49480	2025/09/15 
2025/09/16 	83.5999984741211	83.5999984741211	82.30000305175781	82.80000305175781	18135	2025/09/16 
2025/09/17 	81.19999694824219	81.19999694824219	79.9000015258789	81.0	25700	2025/09/17 
2025/09/18 	81.0	84.0999984741211	81.0	83.0	26170	2025/09/18 
2025/09/19 	81.5	82.69999694824219	80.5	82.5	33379	2025/09/19 
2025/09/22 	82.4000015258789	82.4000015258789	79.9000015258789	82.30000305175781	43552	2025/09/22 
2025/09/23 	82.30000305175781	84.5	80.5	81.5999984741211	27108	2025/09/23 
2025/09/24 	80.5999984741211	82.80000305175781	80.30000305175781	82.80000305175781	30315	2025/09/24 
2025/09/25 	82.69999694824219	82.69999694824219	81.0	82.0	10320	2025/09/25 
2025/09/26 	82.0	82.5	80.30000305175781	81.80000305175781	41200	2025/09/26 
2025/09/30 	81.80000305175781	81.80000305175781	80.4000015258789	81.0999984741211	16200	2025/09/30 
2025/10/01 	80.19999694824219	80.9000015258789	79.69999694824219	80.9000015258789	21200	2025/10/01 
2025/10/02 	80.0	80.0	77.69999694824219	79.69999694824219	52315	2025/10/02 
2025/10/03 	79.30000305175781	79.80000305175781	78.9000015258789	78.9000015258789	6817	2025/10/03 
2025/10/07 	78.19999694824219	78.80000305175781	77.9000015258789	78.80000305175781	14021	2025/10/07 
2025/10/08 	78.0	81.0	78.0	79.69999694824219	30996	2025/10/08 
2025/10/09 	78.30000305175781	79.4000015258789	78.19999694824219	78.9000015258789	11000	2025/10/09 
2025/10/13 	78.9000015258789	78.9000015258789	78.5999984741211	78.9000015258789	10000	2025/10/13 
2025/10/14 	78.9000015258789	79.80000305175781	77.69999694824219	78.9000015258789	38017	2025/10/14 
2025/10/15 	78.5999984741211	79.80000305175781	77.80000305175781	79.80000305175781	46800	2025/10/15 
2025/10/16 	79.5	79.5	78.19999694824219	78.9000015258789	17049	2025/10/16 
2025/10/17 	78.0999984741211	78.0999984741211	77.0999984741211	77.5	39531	2025/10/17 
2025/10/20 	78.0	79.69999694824219	73.5	76.30000305175781	149070	2025/10/20 
2025/10/21 	74.19999694824219	74.19999694824219	72.19999694824219	72.9000015258789	80001	2025/10/21 
2025/10/22 	72.0	79.69999694824219	72.0	76.80000305175781	105110	2025/10/22 
2025/10/23 	77.4000015258789	78.5	77.0	78.19999694824219	52000	2025/10/23 
2025/10/27 	80.0	80.0	75.5	78.19999694824219	83001	2025/10/27 
2025/10/28 	78.0	78.80000305175781	76.19999694824219	78.4000015258789	41396	2025/10/28 
2025/10/29 	78.4000015258789	78.69999694824219	76.69999694824219	76.69999694824219	20239	2025/10/29 
2025/10/30 	77.5	77.5999984741211	74.9000015258789	75.5	35010	2025/10/30 
2025/10/31 	75.5	77.0	75.0999984741211	75.30000305175781	11000	2025/10/31 
2025/11/03 	75.30000305175781	75.30000305175781	74.5	75.30000305175781	42020	2025/11/03 
2025/11/04 	75.5	75.5	73.80000305175781	75.0	22000	2025/11/04 
2025/11/05 	74.30000305175781	74.9000015258789	73.9000015258789	74.5	6111	2025/11/05 
2025/11/06 	74.0	75.5	74.0	74.9000015258789	6000	2025/11/06 
2025/11/07 	73.4000015258789	75.69999694824219	73.19999694824219	73.4000015258789	19000	2025/11/07 
2025/11/10 	73.0999984741211	74.30000305175781	72.80000305175781	74.30000305175781	20002	2025/11/10 
2025/11/11 	73.0	75.69999694824219	72.0	74.69999694824219	66504	2025/11/11 
2025/11/12 	73.19999694824219	73.5	73.0	73.0	26000	2025/11/12 
2025/11/13 	73.5999984741211	73.9000015258789	73.0	73.5	22108	2025/11/13 
2025/11/14 	74.0	74.80000305175781	73.4000015258789	73.4000015258789	21036	2025/11/14 
2025/11/17 	74.5999984741211	76.5	73.5	75.0	31200	2025/11/17 
2025/11/18 	73.0999984741211	75.0	73.0999984741211	75.0	30300	2025/11/18 
2025/11/19 	74.5	74.5	73.69999694824219	74.30000305175781	35000	2025/11/19 
2025/11/20 	75.0999984741211	75.0999984741211	73.80000305175781	74.30000305175781	17472	2025/11/20 
2025/11/21 	74.30000305175781	76.5	73.4000015258789	74.80000305175781	60604	2025/11/21 
2025/11/24 	76.0	76.0	73.9000015258789	74.5	39700	2025/11/24 
2025/11/25 	74.4000015258789	74.4000015258789	73.69999694824219	73.80000305175781	63000	2025/11/25 
2025/11/26 	73.5	75.0	73.5	74.5999984741211	32001	2025/11/26 
2025/11/27 	74.5999984741211	74.5999984741211	74.5999984741211	74.5999984741211	0	2025/11/27 
2025/11/28 	74.5999984741211	74.9000015258789	74.0	74.5999984741211	16000	2025/11/28 
2025/12/01 	74.9000015258789	75.0	74.0	74.80000305175781	18002	2025/12/01 
2025/12/02 	74.5	75.4000015258789	74.0	75.0	29000	2025/12/02 
2025/12/03 	74.30000305175781	75.5	74.19999694824219	75.5	27403	2025/12/03 
2025/12/04 	74.5999984741211	76.69999694824219	74.5999984741211	76.4000015258789	38000	2025/12/04 
2025/12/05 	76.5999984741211	78.5	76.5999984741211	78.0	29000	2025/12/05 
2025/12/08 	79.19999694824219	79.30000305175781	79.0	79.19999694824219	49100	2025/12/08 
2025/12/09 	79.19999694824219	79.19999694824219	78.80000305175781	78.80000305175781	36000	2025/12/09 
2025/12/10 	78.9000015258789	79.5	78.80000305175781	79.5	24383	2025/12/10 
2025/12/11 	79.80000305175781	79.80000305175781	78.0999984741211	79.4000015258789	33203	2025/12/11 
2025/12/12 	78.5999984741211	79.5999984741211	77.5999984741211	78.5	40100	2025/12/12 
2025/12/15 	78.0	78.80000305175781	78.0	78.80000305175781	14033	2025/12/15 
2025/12/16 	78.69999694824219	79.0	77.0	78.4000015258789	21000	2025/12/16 
2025/12/17 	78.0	78.9000015258789	77.30000305175781	78.9000015258789	11000	2025/12/17 
2025/12/18 	77.4000015258789	78.69999694824219	77.0999984741211	78.69999694824219	12300	2025/12/18 
2025/12/19 	78.5999984741211	78.5999984741211	77.0999984741211	78.5	25940	2025/12/19 
2025/12/22 	77.5	78.9000015258789	77.5	78.69999694824219	9100	2025/12/22 
2025/12/23 	77.69999694824219	79.0	77.5	79.0	36399	2025/12/23 
2025/12/24 	78.0	78.80000305175781	77.9000015258789	78.0	14010	2025/12/24 
2025/12/26 	77.5	79.5	77.4000015258789	78.80000305175781	44501	2025/12/26 
2025/12/29 	78.9000015258789	79.19999694824219	77.69999694824219	79.0	32013	2025/12/29 
2025/12/30 	78.19999694824219	78.9000015258789	78.0	78.9000015258789	14349	2025/12/30 
2025/12/31 	79.69999694824219	79.69999694824219	77.69999694824219	78.80000305175781	25000	2025/12/31 
2026/01/02 	78.0	78.80000305175781	77.80000305175781	78.80000305175781	13094	2026/01/02 
2026/01/05 	78.0999984741211	78.5999984741211	77.0999984741211	77.0999984741211	56000	2026/01/05 
2026/01/06 	77.0999984741211	77.30000305175781	76.30000305175781	77.30000305175781	16000	2026/01/06 
2026/01/07 	75.9000015258789	77.0999984741211	75.5999984741211	77.0999984741211	19431	2026/01/07 
2026/01/08 	76.0	77.19999694824219	75.5	77.0	51000	2026/01/08 
2026/01/09 	77.19999694824219	77.4000015258789	76.0	77.30000305175781	122000	2026/01/09 
2026/01/12 	77.0999984741211	77.0999984741211	75.0999984741211	75.80000305175781	86000	2026/01/12 
2026/01/13 	75.80000305175781	75.80000305175781	74.30000305175781	74.30000305175781	82000	2026/01/13 
2026/01/14 	74.0999984741211	74.5999984741211	73.0	74.30000305175781	36001	2026/01/14 
2026/01/15 	74.80000305175781	77.80000305175781	74.4000015258789	77.80000305175781	74001	2026/01/15 
2026/01/16 	78.0	78.4000015258789	77.5999984741211	78.4000015258789	42500	2026/01/16 
2026/01/19 	78.4000015258789	78.80000305175781	77.0	78.5	18978	2026/01/19 
2026/01/20 	77.80000305175781	77.80000305175781	77.0	77.5	75335	2026/01/20 
2026/01/21 	76.5	77.9000015258789	76.0	77.9000015258789	19000	2026/01/21 
2026/01/22 	76.4000015258789	77.0	76.4000015258789	76.69999694824219	15002	2026/01/22 
2026/01/23 	76.69999694824219	77.9000015258789	76.4000015258789	76.69999694824219	19000	2026/01/23 
2026/01/26 	77.69999694824219	77.80000305175781	77.5	77.5	19220	2026/01/26 
2026/01/27 	77.5	77.5	76.5	77.5	15208	2026/01/27 
2026/01/28 	77.0	77.0999984741211	76.0	77.0999984741211	27000	2026/01/28 
2026/01/29 	76.69999694824219	77.0999984741211	76.30000305175781	77.0999984741211	37000	2026/01/29 
2026/01/30 	75.80000305175781	75.9000015258789	75.0	75.9000015258789	34000	2026/01/30 
2026/02/02 	75.0	76.4000015258789	73.5999984741211	75.5	27500	2026/02/02 
2026/02/03 	75.80000305175781	82.30000305175781	75.80000305175781	78.5999984741211	138200	2026/02/03 
2026/02/04 	80.80000305175781	80.80000305175781	77.5999984741211	79.9000015258789	34020	2026/02/04 
2026/02/05 	79.9000015258789	80.4000015258789	78.0999984741211	79.0	22008	2026/02/05 
2026/02/06 	77.5	78.9000015258789	77.4000015258789	78.69999694824219	11260	2026/02/06 
2026/02/09 	80.0	82.5	78.9000015258789	80.5999984741211	165000	2026/02/09 
2026/02/10 	80.69999694824219	80.80000305175781	79.19999694824219	80.5	41050	2026/02/10 
2026/02/11 	80.5	80.69999694824219	78.80000305175781	80.0	66020	2026/02/11 
2026/02/23 	80.0	80.0	77.5999984741211	80.0	58013	2026/02/23 
2026/02/24 	78.80000305175781	79.0	78.4000015258789	78.80000305175781	29076	2026/02/24 
2026/02/25 	78.80000305175781	79.69999694824219	77.19999694824219	78.5999984741211	120462	2026/02/25 
2026/02/26 	78.0	78.9000015258789	77.4000015258789	78.69999694824219	50100	2026/02/26 
2026/03/02 	77.0999984741211	78.5999984741211	77.0999984741211	78.5999984741211	23170	2026/03/02 
2026/03/03 	77.4000015258789	78.69999694824219	76.4000015258789	78.69999694824219	57001	2026/03/03 
2026/03/04 	79.0	81.0	78.0	78.80000305175781	159259	2026/03/04 
2026/03/05 	79.19999694824219	80.5	78.80000305175781	79.30000305175781	242320	2026/03/05 
2026/03/06 	79.30000305175781	87.19999694824219	79.30000305175781	87.19999694824219	348904	2026/03/06 
2026/03/09 	87.0999984741211	95.30000305175781	85.9000015258789	89.5999984741211	825194	2026/03/09 
2026/03/10 	90.5	94.0	89.9000015258789	90.0	210942	2026/03/10 
2026/03/11 	91.80000305175781	92.0	88.9000015258789	91.80000305175781	186200	2026/03/11 
2026/03/12 	89.4000015258789	91.5999984741211	89.4000015258789	90.5999984741211	85003	2026/03/12 
2026/03/13 	90.5999984741211	91.4000015258789	85.0999984741211	87.5999984741211	208118	2026/03/13 
2026/03/16 	88.4000015258789	88.4000015258789	85.19999694824219	85.19999694824219	141125	2026/03/16 
2026/03/17 	87.80000305175781	87.80000305175781	85.9000015258789	87.30000305175781	59061	2026/03/17 
2026/03/18 	86.0999984741211	87.0999984741211	86.0	86.19999694824219	42020	2026/03/18 
2026/03/19 	85.4000015258789	86.19999694824219	83.5999984741211	83.5999984741211	95010	2026/03/19 
2026/03/20 	83.19999694824219	83.5999984741211	82.30000305175781	82.5999984741211	66015	2026/03/20 
2026/03/23 	82.5999984741211	82.5999984741211	81.9000015258789	81.9000015258789	43254	2026/03/23 
2026/03/24 	81.80000305175781	82.0	81.19999694824219	81.19999694824219	37000	2026/03/24 
2026/03/25 	81.30000305175781	82.69999694824219	81.0	81.5999984741211	28000	2026/03/25 
2026/03/26 	82.19999694824219	82.80000305175781	81.0999984741211	81.0999984741211	49627	2026/03/26 
2026/03/27 	80.5999984741211	80.5999984741211	80.5999984741211	80.5999984741211	3039	2026/03/27 
