Date	Open	High	Low	Close	Volume	Date
2023/12/13 	52.43100503631367	80.39420658896661	52.43100503631367	69.82062530517578	399504	2023/12/13 
2023/12/14 	67.28645093145312	69.90800176258206	65.53875037736717	68.1603012084961	238170	2023/12/14 
2023/12/15 	68.16031157036181	71.65571320991162	68.16031157036181	69.90801239013672	108579	2023/12/15 
2023/12/18 	70.78185639479696	70.78185639479696	67.89814758300781	67.89814758300781	40897	2023/12/18 
2023/12/19 	67.89814340526904	69.90800176258206	67.89814340526904	68.1603012084961	88953	2023/12/19 
2023/12/20 	68.160303083327	68.94676971435547	68.160303083327	68.94676971435547	18966	2023/12/20 
2023/12/21 	68.160303083327	68.94676971435547	68.160303083327	68.94676971435547	19413	2023/12/21 
2023/12/22 	69.73322762700221	69.73322762700221	68.1603012084961	68.1603012084961	36483	2023/12/22 
2023/12/25 	69.0341567993164	69.73323299458964	68.1603064550104	69.0341567993164	10608	2023/12/25 
2023/12/26 	69.82062265388612	69.82062265388612	68.94677231978491	69.20892333984375	13668	2023/12/26 
2023/12/27 	69.47108458040096	69.47108458040096	68.16030901471682	69.29631042480469	4407	2023/12/27 
2023/12/28 	68.33506774902344	69.29630168253405	68.33506774902344	68.33506774902344	8467	2023/12/28 
2023/12/29 	68.1603012084961	68.50984267937037	68.1603012084961	68.1603012084961	9180	2023/12/29 
2024/01/02 	68.16030466747	76.02495755996931	68.16030466747	72.52955627441406	247276	2024/01/02 
2024/01/03 	70.08277449236924	71.21878266008142	69.0341567993164	69.0341567993164	49697	2024/01/03 
2024/01/04 	69.03415148553907	69.47107662406056	68.1603012084961	68.1603012084961	30753	2024/01/04 
2024/01/05 	69.90800896549217	72.52956006673031	69.47108378195247	69.6458511352539	60854	2024/01/05 
2024/01/08 	70.78185796281943	71.65570831298828	68.16030691231286	71.65570831298828	413	2024/01/08 
2024/01/09 	71.65570509201672	71.65570509201672	68.59722900390625	68.59722900390625	7308	2024/01/09 
2024/01/10 	68.59722900390625	71.21877993657236	68.59722900390625	68.59722900390625	1430	2024/01/10 
2024/01/11 	71.21878800496789	71.21878800496789	68.16031157036181	69.90801239013672	9592	2024/01/11 
2024/01/12 	68.16030921258394	70.7818603515625	68.16030921258394	70.7818603515625	13775	2024/01/12 
2024/01/15 	70.7818603515625	70.7818603515625	70.7818603515625	70.7818603515625	0	2024/01/15 
2024/01/16 	71.21878554139225	71.21878554139225	69.03415959224345	70.7818603515625	7169	2024/01/16 
2024/01/17 	69.03416198024927	69.90801239013672	68.16031157036181	69.90801239013672	13729	2024/01/17 
2024/01/18 	69.471087185193	69.90801239013672	68.16031157036181	69.90801239013672	5103	2024/01/18 
2024/01/19 	69.90801239013672	69.90801239013672	68.16031157036181	69.90801239013672	3066	2024/01/19 
2024/01/22 	69.90801239013672	69.90801239013672	69.90801239013672	69.90801239013672	3060	2024/01/22 
2024/01/23 	69.03415068264135	69.90800094952105	68.16030041576164	68.33506774902344	14385	2024/01/23 
2024/01/24 	68.1603012084961	68.1603012084961	68.1603012084961	68.1603012084961	3060	2024/01/24 
2024/01/25 	68.5972255492015	68.5972255492015	68.33506774902344	68.33506774902344	36720	2024/01/25 
2024/01/26 	68.33506854379053	68.59722634701758	68.1603012084961	68.1603012084961	5049	2024/01/26 
2024/01/29 	68.16031157036181	69.90801239013672	68.16031157036181	69.90801239013672	1278	2024/01/29 
2024/01/30 	68.24769525129327	69.90801239013672	68.16031157036181	69.90801239013672	7150	2024/01/30 
2024/01/31 	69.90801239013672	69.90801239013672	68.16031157036181	69.90801239013672	4146	2024/01/31 
2024/02/01 	70.78185238733559	70.78185238733559	67.89814373881359	69.47107696533203	28769	2024/02/01 
2024/02/02 	67.72337640266062	69.47107696533203	67.72337640266062	69.47107696533203	9185	2024/02/02 
2024/02/05 	69.47107696533203	69.47107696533203	69.47107696533203	69.47107696533203	3	2024/02/05 
2024/02/15 	69.47107696533203	69.47107696533203	67.28645126199278	69.47107696533203	3269	2024/02/15 
2024/02/16 	69.471087185193	70.34493759508044	68.59723677530555	69.90801239013672	48838	2024/02/16 
2024/02/19 	69.90800632723906	69.90800632723906	68.59723082608726	69.20892333984375	11537	2024/02/19 
2024/02/20 	68.77199368231202	69.29630248848072	66.15044285118307	68.1603012084961	60618	2024/02/20 
2024/02/21 	68.16030863952358	69.03415901183617	65.53875752258581	66.84953308105469	82136	2024/02/21 
2024/02/22 	66.41260528564453	66.41260528564453	66.41260528564453	66.41260528564453	204	2024/02/22 
2024/02/23 	69.0341567993164	69.0341567993164	67.2864561107044	69.0341567993164	2092	2024/02/23 
2024/02/26 	66.41260528564453	66.41260528564453	66.41260528564453	66.41260528564453	1020	2024/02/26 
2024/02/27 	66.41260528564453	66.41260528564453	66.41260528564453	66.41260528564453	0	2024/02/27 
2024/02/29 	69.03415148553907	69.03415148553907	67.28645093145312	68.1603012084961	6887	2024/02/29 
2024/03/01 	67.28646087646484	67.72338607956435	67.28646087646484	67.28646087646484	8160	2024/03/01 
2024/03/04 	66.84953567336534	67.72338607956435	66.84953567336534	67.28646087646484	8205	2024/03/04 
2024/03/05 	68.16029853446621	69.03414877722673	67.3738319559247	67.72337341308594	19380	2024/03/05 
2024/03/06 	69.0341567993164	69.0341567993164	69.0341567993164	69.0341567993164	12	2024/03/06 
2024/03/07 	66.41260503074818	67.72338053268777	63.791054026869006	65.1018295288086	34692	2024/03/07 
2024/03/08 	64.66490173339844	65.53875203250999	64.66490173339844	64.66490173339844	7183	2024/03/08 
2024/03/11 	65.53875203250999	65.53875203250999	64.66490173339844	64.66490173339844	2040	2024/03/11 
2024/03/12 	65.53875732421875	65.53875732421875	65.53875732421875	65.53875732421875	1020	2024/03/12 
2024/03/13 	65.97567986343499	65.97567986343499	65.1018295288086	65.1018295288086	2652	2024/03/13 
2024/03/14 	65.97568250905259	65.97568250905259	65.1018321393849	65.53875732421875	9180	2024/03/14 
2024/03/15 	64.66490253474494	65.10182768971522	64.4901351928711	64.4901351928711	6120	2024/03/15 
2024/03/18 	65.53875732421875	65.53875732421875	65.53875732421875	65.53875732421875	3060	2024/03/18 
2024/03/19 	66.41260769388644	66.41260769388644	65.53875732421875	65.53875732421875	18513	2024/03/19 
2024/03/20 	66.41260528564453	66.41260528564453	65.53875494766423	66.41260528564453	1173	2024/03/20 
2024/03/21 	66.41260528564453	66.41260528564453	66.41260528564453	66.41260528564453	0	2024/03/21 
2024/03/22 	65.45136836265596	65.71351937221807	64.66490173339844	64.66490173339844	7140	2024/03/22 
2024/03/25 	64.66490173339844	64.66490173339844	64.66490173339844	64.66490173339844	0	2024/03/25 
2024/03/26 	64.66490173339844	64.66490173339844	64.66490173339844	64.66490173339844	0	2024/03/26 
2024/03/27 	65.1018295288086	65.1018295288086	65.1018295288086	65.1018295288086	51	2024/03/27 
2024/03/28 	62.48027598561954	64.66490173339844	62.043350836063766	64.66490173339844	21957	2024/03/28 
2024/03/29 	62.567665100097656	62.567665100097656	62.567665100097656	62.567665100097656	1	2024/03/29 
2024/04/01 	62.56766609060764	63.70367431640625	60.557814276107564	63.70367431640625	33663	2024/04/01 
2024/04/02 	61.16950344793642	62.48027895898201	60.55781092956285	60.73257827758789	9306	2024/04/02 
2024/04/03 	60.73257621818618	62.91720199584961	60.73257621818618	62.91720199584961	6173	2024/04/03 
2024/04/08 	63.44151647959541	63.79105799524777	58.5479556613212	63.70367431640625	65851	2024/04/08 
2024/04/09 	63.79104732066354	68.42244952712328	63.79104732066354	67.72337341308594	67369	2024/04/09 
2024/04/10 	67.72338607956435	71.65571290745991	65.97568526716633	67.28646087646484	109280	2024/04/10 
2024/04/11 	69.03415148553907	69.03415148553907	65.53875037736717	68.1603012084961	31577	2024/04/11 
2024/04/12 	67.72338444898274	71.30616966807838	65.53875848608462	67.8107681274414	39685	2024/04/12 
2024/04/15 	69.47108438507232	69.47108438507232	66.49999175115137	67.98553466796875	14285	2024/04/15 
2024/04/16 	68.16030843322183	69.03415880288954	63.52889875386859	65.53875732421875	16938	2024/04/16 
2024/04/17 	63.96582393870244	66.41260769388644	63.35413140004951	65.53875732421875	20861	2024/04/17 
2024/04/18 	64.66490695455106	69.03415880288954	64.66490695455106	65.53875732421875	24703	2024/04/18 
2024/04/19 	66.3252250585605	66.3252250585605	63.091974559842775	63.79105758666992	14791	2024/04/19 
2024/04/22 	63.091972774637085	63.17936325073242	62.30551289206747	63.17936325073242	9181	2024/04/22 
2024/04/23 	63.354129791259766	63.354129791259766	63.354129791259766	63.354129791259766	1020	2024/04/23 
2024/04/24 	63.79105474418898	63.79105474418898	62.2181282043457	62.2181282043457	12853	2024/04/24 
2024/04/25 	64.05321542180167	65.27660051831978	62.91720720327912	63.79105758666992	47940	2024/04/25 
2024/04/26 	64.66490675084023	64.66490675084023	63.35413120046797	64.22798156738281	26826	2024/04/26 
2024/04/29 	63.354132210682835	63.878441079134895	61.16950625856071	62.480281829833984	49777	2024/04/29 
2024/04/30 	61.25688993658835	62.480281829833984	60.29565587771186	62.480281829833984	44212	2024/04/30 
2024/05/02 	62.480276238809424	62.480276238809424	60.295650482177734	60.295650482177734	7149	2024/05/02 
2024/05/03 	61.16950369026493	62.04335403442383	60.732578518185484	62.04335403442383	6223	2024/05/03 
2024/05/06 	62.48028041476866	62.48028041476866	60.73257969265322	61.60643005371094	27710	2024/05/06 
2024/05/07 	60.99473634154753	62.04335403442383	60.732578518185484	62.04335403442383	8211	2024/05/07 
2024/05/08 	60.73257709644965	61.16950225830078	60.295651934598524	61.16950225830078	25551	2024/05/08 
2024/05/09 	60.99473571777344	60.99473571777344	60.99473571777344	60.99473571777344	102	2024/05/09 
2024/05/10 	62.04335403442383	62.04335403442383	60.47042749510938	62.04335403442383	28153	2024/05/10 
2024/05/13 	62.04335403442383	62.04335403442383	60.732578518185484	62.04335403442383	40851	2024/05/13 
2024/05/14 	61.16950369026493	62.480279206503276	60.295653346106036	62.04335403442383	41055	2024/05/14 
2024/05/15 	62.043358670369955	62.043358670369955	60.29565785146209	61.86859130859375	41107	2024/05/15 
2024/05/16 	60.29565272948125	60.99473571777344	60.29565272948125	60.99473571777344	40902	2024/05/16 
2024/05/17 	60.29565451212436	61.60643005371094	59.421804151066645	61.60643005371094	42014	2024/05/17 
2024/05/20 	62.0433552342398	62.0433552342398	59.858729331595505	61.60643005371094	26395	2024/05/20 
2024/05/21 	62.04335365285959	63.004587665465635	61.16950331407484	62.305511474609375	98436	2024/05/21 
2024/05/22 	62.13073732668088	62.305511474609375	61.16950331407484	62.305511474609375	18693	2024/05/22 
2024/05/23 	60.73257709644965	62.043352582003045	60.295651934598524	61.16950225830078	17111	2024/05/23 
2024/05/24 	61.16950078483041	61.519042265948606	59.421800179525064	60.295650482177734	20071	2024/05/24 
2024/05/27 	61.16950225830078	61.16950225830078	59.42180161089627	61.16950225830078	10093	2024/05/27 
2024/05/28 	58.98488113885872	60.29565672863022	58.54795594226822	59.42180633544922	45492	2024/05/28 
2024/05/29 	60.295651934598524	61.60642742015191	59.858726772747396	61.16950225830078	16443	2024/05/29 
2024/05/30 	59.42180494728986	60.64519682922073	58.11102938813952	58.72272872924805	7420	2024/05/30 
2024/05/31 	58.72272401757429	60.295650482177734	57.67409957421971	60.295650482177734	2279	2024/05/31 
2024/06/03 	58.547951930568445	60.295652597178176	58.111026763916016	58.111026763916016	9391	2024/06/03 
2024/06/04 	58.547954559326165	59.42180493186624	57.674104186786096	58.54795455932617	12347	2024/06/04 
2024/06/05 	58.54795154951072	59.42180187712816	57.76149169488368	58.37318420410156	4182	2024/06/05 
2024/06/06 	59.42180371737904	59.42180371737904	56.80025605348218	58.98487854003906	9802	2024/06/06 
2024/06/07 	56.800255832072466	59.42180348575043	56.800255832072466	57.674102783203125	22287	2024/06/07 
2024/06/11 	58.5479504827477	59.77134227917867	56.80025325949936	57.411949157714844	63404	2024/06/11 
2024/06/12 	56.800254821777344	58.11102692523038	56.450713327427906	56.800254821777344	20758	2024/06/12 
2024/06/13 	56.800255832072466	57.674102783203125	55.92640548079881	57.674102783203125	2081	2024/06/13 
2024/06/14 	57.67410175736505	57.67410175736505	56.800254821777344	56.800254821777344	2042	2024/06/14 
2024/06/17 	57.674102783203125	57.674102783203125	57.674102783203125	57.674102783203125	5100	2024/06/17 
2024/06/18 	58.111029373056134	58.547954559326165	56.80025721438911	58.54795455932617	5372	2024/06/18 
2024/06/19 	58.547954559326165	58.547954559326165	55.926406841849044	58.54795455932617	3418	2024/06/19 
2024/06/20 	58.547954559326165	58.547954559326165	57.674104186786096	58.54795455932617	5140	2024/06/20 
2024/06/21 	57.674104186786096	58.547954559326165	56.01379051904581	58.54795455932617	3325	2024/06/21 
2024/06/24 	58.547951930568445	58.81010975067425	56.363329497449215	58.111026763916016	70574	2024/06/24 
2024/06/25 	58.9848797455962	58.9848797455962	56.80025721438911	58.54795455932617	27829	2024/06/25 
2024/06/26 	58.54795336269908	58.98487854003906	57.49933565719754	58.98487854003906	31166	2024/06/26 
2024/06/27 	59.431732177734375	59.431732177734375	56.75060393896166	59.431732177734375	4115	2024/06/27 
2024/06/28 	57.19746017456055	57.64431546801098	57.19746017456055	57.19746017456055	4355	2024/06/28 
2024/07/01 	58.984876891702434	59.431732177734375	56.929346748858215	59.431732177734375	2283	2024/07/01 
2024/07/02 	59.431732177734375	59.431732177734375	59.431732177734375	59.431732177734375	0	2024/07/02 
2024/07/03 	58.984874778706576	59.878585318755356	58.0911677160766	59.25299072265625	55592	2024/07/03 
2024/07/04 	58.091169797057475	60.32544274979825	58.091169797057475	59.431732177734375	74009	2024/07/04 
2024/07/05 	59.87858746376631	60.77229803583019	58.984876891702434	59.431732177734375	38148	2024/07/05 
2024/07/08 	59.87858686922521	62.02349361184907	59.87858686922521	61.66600799560547	75025	2024/07/08 
2024/07/09 	61.666009019716604	63.45343017578125	60.59355910801297	63.45343017578125	83030	2024/07/09 
2024/07/10 	63.4534296564106	63.4534296564106	60.77229794425888	62.55971908569336	54651	2024/07/10 
2024/07/11 	63.45343232402915	63.90028762817382	62.559721715739805	63.90028762817383	40330	2024/07/11 
2024/07/12 	63.45343232402915	64.34714293231849	63.00657701988448	63.90028762817383	28983	2024/07/12 
2024/07/15 	64.34713745117188	64.34713745117188	63.00657165292845	64.34713745117188	32007	2024/07/15 
2024/07/16 	64.34714022712784	64.34714022712784	62.55971908569336	62.55971908569336	33609	2024/07/16 
2024/07/17 	64.34713745117188	64.34713745117188	63.45342691900959	64.34713745117188	9659	2024/07/17 
2024/07/18 	64.34714244026893	64.34714244026893	62.11286593663062	63.00657653808594	12653	2024/07/18 
2024/07/19 	64.34714022712784	64.34714022712784	60.77229794425888	62.55971908569336	56416	2024/07/19 
2024/07/22 	62.55971908569336	62.55971908569336	61.2191532296175	62.55971908569336	6145	2024/07/22 
2024/07/23 	62.55972074521037	64.34714193405964	61.7553798192606	62.11286544799805	22817	2024/07/23 
2024/07/26 	62.112866411595135	63.90028762817382	62.112866411595135	63.90028762817383	12464	2024/07/26 
2024/07/29 	64.34714075381358	64.79399604282973	63.45343017578125	63.45343017578125	15320	2024/07/29 
2024/07/30 	64.70462637599408	65.24085133184589	63.45343017578125	63.45343017578125	23026	2024/07/30 
2024/07/31 	65.24085402572913	65.24085402572913	63.45343279585945	64.79399871826172	46157	2024/07/31 
2024/08/01 	64.79399271725302	64.79399271725302	63.09594131517717	64.34713745117188	36070	2024/08/01 
2024/08/02 	64.34714293231849	64.34714293231849	63.09594668974579	63.90028762817383	38801	2024/08/02 
2024/08/05 	63.09594403715614	63.90028494176922	61.66600851497612	62.55971908569336	48066	2024/08/05 
2024/08/06 	63.90207616838259	64.72250366210938	62.443542265556225	64.72250366210938	9286	2024/08/06 
2024/08/07 	63.8109130859375	63.8109130859375	62.89932861328125	63.8109130859375	14100	2024/08/07 
2024/08/08 	62.89932861328125	63.8109130859375	62.89932861328125	63.8109130859375	5010	2024/08/08 
2024/08/09 	65.17829278397234	68.1865244636293	64.72250052674175	66.54566955566406	122380	2024/08/09 
2024/08/12 	67.45725463835429	75.57035827636719	67.00146237728431	75.57035827636719	358528	2024/08/12 
2024/08/13 	77.48468738132053	82.04261016845703	75.57036120169084	82.04261016845703	298595	2024/08/13 
2024/08/14 	82.49840244717069	83.86577928331164	80.21944105360244	82.04261016845703	143388	2024/08/14 
2024/08/15 	82.49840063661985	82.49840063661985	77.02889341209257	79.2166976928711	265718	2024/08/15 
2024/08/16 	76.57310012291218	81.131022749276	75.38803745812238	79.30785369873047	149169	2024/08/16 
2024/08/19 	78.39626771804184	78.39626771804184	76.11730644716854	77.94047546386719	61327	2024/08/19 
2024/08/20 	77.94047396523612	77.94047396523612	73.65602964031028	76.5730972290039	75813	2024/08/20 
2024/08/21 	76.57309727581001	76.57309727581001	73.38255155598459	74.29413604736328	108539	2024/08/21 
2024/08/22 	73.38255611466774	74.74993293668017	73.38255611466774	73.83834838867188	24280	2024/08/22 
2024/08/23 	75.66151428222656	77.48468330107539	74.74992977280215	75.66151428222656	49960	2024/08/23 
2024/08/26 	77.02889411606473	77.02889411606473	75.66151729743638	76.1173095703125	15003	2024/08/26 
2024/08/27 	76.11730653693877	76.57309879165098	74.74992977280215	75.66151428222656	32300	2024/08/27 
2024/08/28 	74.74992829305263	75.66151278443132	74.29413604736328	74.29413604736328	23810	2024/08/28 
2024/08/29 	75.20572202751435	75.66151428222656	73.9295023233526	75.66151428222656	61130	2024/08/29 
2024/08/30 	74.74993434096828	76.5731034712358	74.74993434096828	75.20572662353516	18020	2024/08/30 
2024/09/02 	77.02889411606473	78.3962709346931	76.1173095703125	76.1173095703125	28328	2024/09/02 
2024/09/03 	77.94047396523612	77.94047396523612	75.20572049277169	76.5730972290039	42120	2024/09/03 
2024/09/04 	74.93224334716797	75.20572147993924	74.93224334716797	74.93224334716797	21000	2024/09/04 
2024/09/05 	74.841091406514	75.4792047750106	74.841091406514	75.20572662353516	11417	2024/09/05 
2024/09/06 	74.84108683277701	75.66151428222656	74.84108683277701	75.66151428222656	3200	2024/09/06 
2024/09/09 	76.57309879165098	76.57309879165098	75.20572202751435	75.66151428222656	1110	2024/09/09 
2024/09/10 	76.57310012291218	83.86577632509429	76.57310012291218	79.30785369873047	234857	2024/09/10 
2024/09/11 	82.04260408208611	82.04260408208611	79.49016472870835	81.13101959228516	46722	2024/09/11 
2024/09/12 	81.13102115284313	81.58681340651079	79.76364439184016	80.21943664550781	32239	2024/09/12 
2024/09/13 	81.40450234882702	81.58681647521628	80.21943966278248	80.67523193359375	26470	2024/09/13 
2024/09/16 	81.40449937752976	81.40449937752976	77.94047546386719	77.94047546386719	52081	2024/09/16 
2024/09/18 	80.21944126674107	80.21944126674107	79.30785670689174	79.7636489868164	10576	2024/09/18 
2024/09/19 	79.76365004718615	79.76365004718615	78.39627318923439	79.67249298095703	16195	2024/09/19 
2024/09/20 	79.76364290094101	79.76364290094101	77.48468167519984	78.85205841064453	33126	2024/09/20 
2024/09/23 	78.39626771804184	79.30785222639118	77.94047546386719	77.94047546386719	33157	2024/09/23 
2024/09/24 	79.30785670689174	81.58681810651507	78.85206442696708	79.7636489868164	55485	2024/09/24 
2024/09/25 	79.49016669757971	84.77735965131747	79.49016669757971	83.22766876220703	191275	2024/09/25 
2024/09/26 	83.22767427071287	83.40998840332031	81.1310269715356	83.40998840332031	31170	2024/09/26 
2024/09/27 	83.40998840332031	83.40998840332031	82.04261154424948	83.40998840332031	8093	2024/09/27 
2024/09/30 	81.13102616214476	83.40998757119377	81.13102616214476	81.22218322753906	7909	2024/09/30 
2024/10/01 	82.95419579775673	83.40998808235979	79.30785752093226	81.95145416259766	38016	2024/10/01 
2024/10/04 	82.04260557395978	82.49839782714844	79.30785205482778	82.49839782714844	3251	2024/10/04 
2024/10/07 	82.04261016845703	82.04261016845703	82.04261016845703	82.04261016845703	2004	2024/10/07 
2024/10/08 	79.30785213817249	80.21943664550781	78.85205988450484	80.21943664550781	39390	2024/10/08 
2024/10/09 	78.85206320756923	78.85206320756923	75.66151729743638	76.1173095703125	99279	2024/10/09 
2024/10/11 	75.6615158639303	75.6615158639303	73.83834680696813	74.74993133544922	45013	2024/10/11 
2024/10/14 	73.83834589852962	75.20572267442832	73.56486776141472	74.11182403564453	30688	2024/10/14 
2024/10/15 	74.74993293668017	75.02341108301793	73.83834838867188	73.83834838867188	34116	2024/10/15 
2024/10/16 	74.74992829305263	75.02340642240132	74.20297898919296	74.29413604736328	53090	2024/10/16 
2024/10/17 	74.47645016370393	75.66151278443132	74.29413604736328	74.29413604736328	29200	2024/10/17 
2024/10/18 	73.83834785138461	74.74993239275973	73.83834785138461	74.65877532958984	73100	2024/10/18 
2024/10/21 	75.66151660596074	79.30785475564561	75.66151660596074	79.2166976928711	37562	2024/10/21 
2024/10/22 	79.21669571676695	79.58133091360702	78.21395414158516	78.66974639892578	47337	2024/10/22 
2024/10/23 	77.4846881308732	81.13102639585546	77.4846881308732	78.94322204589844	46154	2024/10/23 
2024/10/24 	78.66975029693252	79.7636489868164	78.39627214704241	79.7636489868164	25602	2024/10/24 
2024/10/25 	79.76364439184016	82.95419016751376	79.76364439184016	80.21943664550781	123525	2024/10/25 
2024/10/28 	78.8520630237668	80.21943983920785	78.03163554353456	78.39627075195312	69700	2024/10/28 
2024/10/29 	76.5730987013432	78.85205997221651	76.5730987013432	77.94047546386719	17433	2024/10/29 
2024/10/30 	77.94048008638269	80.49291964307673	77.02889552396886	77.48468780517578	21212	2024/10/30 
2024/11/01 	76.66425731539046	77.9404770439193	76.66425731539046	77.02889251708984	21667	2024/11/01 
2024/11/04 	77.02888947441464	79.30785070146833	74.29413600195022	76.5730972290039	23670	2024/11/04 
2024/11/05 	76.5731034712358	76.5731034712358	74.74993434096828	75.20572662353516	38885	2024/11/05 
2024/11/06 	74.74993275168413	76.57310184318862	74.74993275168413	76.1173095703125	30711	2024/11/06 
2024/11/07 	74.74993186066366	76.57310093043596	74.74993186066366	75.47920227050781	27785	2024/11/07 
2024/11/08 	74.74993275168413	76.57310184318862	74.74993275168413	76.1173095703125	53092	2024/11/08 
2024/11/11 	74.74993345265533	75.661518006956	73.83834889835465	74.56761932373047	60266	2024/11/11 
2024/11/12 	73.83834680696813	75.4792017401693	73.38255454272759	74.74993133544922	31006	2024/11/12 
2024/11/13 	73.38255454272759	74.74993133544922	73.38255454272759	74.74993133544922	105	2024/11/13 
2024/11/14 	75.20572053874197	75.20572053874197	72.4709670646059	74.29413604736328	39624	2024/11/14 
2024/11/15 	70.64780379786636	75.20572662353516	70.64780379786636	75.20572662353516	40754	2024/11/15 
2024/11/18 	75.6615158639303	75.6615158639303	73.38255454272759	74.74993133544922	18009	2024/11/18 
2024/11/19 	74.74993133544922	75.20572359968976	73.83834680696813	74.74993133544922	47944	2024/11/19 
2024/11/20 	74.74992977280215	75.66151428222656	73.47371006864039	75.66151428222656	26015	2024/11/20 
2024/11/21 	75.66151278443132	75.66151278443132	73.47370861415492	74.29413604736328	43239	2024/11/21 
2024/11/22 	75.66151437700165	75.66151437700165	73.1090749654809	73.38255310058594	44377	2024/11/22 
2024/11/25 	75.2057195812369	75.2057195812369	73.6560287475586	73.6560287475586	19037	2024/11/25 
2024/11/26 	73.01791543881521	74.29413510146433	73.01791543881521	73.6560287475586	4021	2024/11/26 
2024/11/27 	74.29413604736328	75.66151278443132	73.01791636846556	74.29413604736328	9042	2024/11/27 
2024/11/28 	72.47097156665944	75.66151748468847	72.47097156665944	73.83834838867188	8141	2024/11/28 
2024/11/29 	72.01518087387085	75.66151914596557	71.10359630584716	72.92676544189453	58369	2024/11/29 
2024/12/02 	73.38255630784734	73.38255630784734	71.10359493182723	71.55938720703125	23123	2024/12/02 
2024/12/03 	71.92401885986328	72.01517591942664	70.19200690880824	71.92401885986328	24593	2024/12/03 
2024/12/04 	70.19200439453125	72.01517333984374	70.19200439453125	70.64779663085938	34969	2024/12/04 
2024/12/05 	71.9240193705161	71.9240193705161	69.73621515127329	71.10359191894531	38173	2024/12/05 
2024/12/06 	71.10359335845371	72.4709701538086	69.73621656309884	72.4709701538086	25940	2024/12/06 
2024/12/09 	69.280419921875	72.47096557617188	69.280419921875	70.64779663085938	24591	2024/12/09 
2024/12/10 	70.10085034695341	72.28865456619621	70.00969328674284	71.10359191894531	32268	2024/12/10 
2024/12/11 	72.47096859001965	76.75541300774604	72.01517633473651	73.38255310058594	80260	2024/12/11 
2024/12/12 	73.74718679143544	73.74718679143544	71.55938261973706	72.01517486572266	28867	2024/12/12 
2024/12/13 	71.10359403306842	72.83560604791847	70.46548763778382	70.92127990722656	37084	2024/12/13 
2024/12/16 	71.1035904229856	71.1035904229856	68.36883694517846	69.73621368408203	113815	2024/12/16 
2024/12/17 	70.19201005538007	70.19201005538007	68.55115509033203	68.55115509033203	24086	2024/12/17 
2024/12/18 	70.00969644969844	70.00969644969844	68.36884147242496	69.28042602539062	13463	2024/12/18 
2024/12/19 	68.09536332459997	70.19201057835629	67.4572569194593	69.28042602539062	16304	2024/12/19 
2024/12/20 	70.19201078869048	70.19201078869048	67.00146484375	67.00146484375	12111	2024/12/20 
2024/12/23 	69.2804245916789	69.2804245916789	66.81914913154132	67.91304779052734	22131	2024/12/23 
2024/12/24 	69.28042090912787	69.28042090912787	65.63408296654218	66.72798156738281	33369	2024/12/24 
2024/12/25 	68.36883699571764	69.0069433590759	65.72524057424901	67.4572525024414	37203	2024/12/25 
2024/12/26 	65.8163961438462	68.36883544921875	65.8163961438462	68.36883544921875	3177	2024/12/26 
2024/12/27 	65.8163961438462	68.36883544921875	65.8163961438462	68.36883544921875	29337	2024/12/27 
2024/12/30 	66.54566650390625	68.36883544921875	66.08987426757812	68.36883544921875	40154	2024/12/30 
2024/12/31 	68.36883699571764	68.36883699571764	65.81639763260908	67.4572525024414	12915	2024/12/31 
2025/01/02 	68.36883544921875	68.36883544921875	65.36060390751808	68.36883544921875	24249	2025/01/02 
2025/01/03 	68.36883704979103	68.36883704979103	65.17829132080078	65.17829132080078	34962	2025/01/03 
2025/01/06 	65.17829132080078	68.09535891965676	64.72249907380218	65.17829132080078	54851	2025/01/06 
2025/01/07 	67.4572525024414	67.4572525024414	67.4572525024414	67.4572525024414	48	2025/01/07 
2025/01/08 	67.4572525024414	67.4572525024414	64.72249902261271	67.4572525024414	4030	2025/01/08 
2025/01/09 	67.91304321289063	67.91304321289063	66.08987426757812	66.08987426757812	9136	2025/01/09 
2025/01/10 	65.17829180311348	68.5511516739269	64.54018543452861	68.1865234375	55560	2025/01/10 
2025/01/13 	68.1865228789975	68.1865228789975	65.36060538597097	67.4572525024414	18045	2025/01/13 
2025/01/14 	67.45725552347682	67.91304779052734	65.63408645527474	67.91304779052734	2105	2025/01/14 
2025/01/15 	65.36060831310921	67.91304779052734	65.36060831310921	67.91304779052734	4110	2025/01/15 
2025/01/16 	67.9130499093817	67.9130499093817	65.26945328704213	67.7307357788086	17266	2025/01/16 
2025/01/17 	65.63408203125	68.36883544921875	65.63408203125	68.36883544921875	1005	2025/01/17 
2025/01/20 	68.36883544921875	68.36883544921875	65.63408203125	68.36883544921875	8648	2025/01/20 
2025/01/21 	68.3688411006221	74.20298359884283	67.63957068028022	73.83834838867188	78238	2025/01/21 
2025/01/22 	73.83834838867188	73.83834838867188	71.103594744647	73.83834838867188	21906	2025/01/22 
2025/02/03 	73.83834838867188	73.83834838867188	70.64780247064284	73.83834838867188	22174	2025/02/03 
2025/02/04 	73.8383460131671	73.8383460131671	70.1920079384428	71.8328628540039	39705	2025/02/04 
2025/02/05 	72.4709701538086	72.4709701538086	69.82737362515489	72.4709701538086	2113	2025/02/05 
2025/02/06 	72.4709701538086	72.74444829481477	71.10359335845371	72.4709701538086	8029	2025/02/06 
2025/02/07 	71.55938261973706	72.01517486572266	70.1920058817803	72.01517486572266	22109	2025/02/07 
2025/02/10 	69.91853243053131	70.64780285483913	63.355126431113796	69.28042602539062	142690	2025/02/10 
2025/02/11 	69.91852569580078	69.91852569580078	69.91852569580078	69.91852569580078	3019	2025/02/11 
2025/02/12 	69.91852569580078	69.91852569580078	68.91578417509281	69.91852569580078	5032	2025/02/12 
2025/02/13 	69.91852674686018	70.0096907586166	68.36883591472807	69.8273696899414	16033	2025/02/13 
2025/02/14 	69.82737285551724	69.82737285551724	66.72798409590672	69.55390167236328	18114	2025/02/14 
2025/02/17 	69.5539041732156	70.5566457905102	67.4572569194593	69.28042602539062	46126	2025/02/17 
2025/02/18 	69.28042602539062	69.28042602539062	67.4572569194593	69.28042602539062	12392	2025/02/18 
2025/02/19 	68.82463374890779	69.28042602539062	67.4572569194593	69.28042602539062	19992	2025/02/19 
2025/02/20 	69.28042512240972	69.28042512240972	67.45725604024105	68.64231872558594	12778	2025/02/20 
2025/02/21 	68.64231804952286	70.92127937978805	68.36883990795582	70.19200897216797	14066	2025/02/21 
2025/02/24 	70.19200897216797	70.647801238221	68.09536176638878	70.19200897216797	24063	2025/02/24 
2025/02/25 	70.19201057835629	70.19201057835629	67.54841398378822	69.28042602539062	14624	2025/02/25 
2025/02/26 	69.28042602539062	69.28042602539062	67.4572569194593	69.28042602539062	11246	2025/02/26 
2025/02/27 	67.63957104811715	69.28042602539062	67.54841398378822	69.28042602539062	10033	2025/02/27 
2025/03/03 	69.28042602539062	69.28042602539062	67.4572569194593	69.28042602539062	18066	2025/03/03 
2025/03/04 	69.28042602539062	69.28042602539062	67.4572569194593	69.28042602539062	16393	2025/03/04 
2025/03/05 	69.280419921875	69.280419921875	67.45725097656249	68.36883544921875	22281	2025/03/05 
2025/03/06 	67.45725201437911	68.36883650105992	66.63682458539886	68.27767944335938	23556	2025/03/06 
2025/03/07 	68.27767898047031	68.27767898047031	65.90756072213601	66.81914520263672	33331	2025/03/07 
2025/03/10 	66.8191455798176	68.36883642348144	65.63408296654218	66.72798156738281	27638	2025/03/10 
2025/03/11 	67.91304740512157	67.91304740512157	65.63408608280206	66.45451354980469	24264	2025/03/11 
2025/03/12 	66.4545146073211	66.4545146073211	64.7225025838285	66.36335754394531	9106	2025/03/12 
2025/03/13 	66.45451408246541	68.73347542305176	63.81091753641764	65.63408660888672	136217	2025/03/13 
2025/03/14 	65.63408660888672	65.63408660888672	63.35512526830037	65.63408660888672	32423	2025/03/14 
2025/03/17 	64.72250366210938	65.63408822073063	62.62585639534518	64.72250366210938	94402	2025/03/17 
2025/03/18 	64.72249755859374	65.63408203125	63.8109130859375	63.8109130859375	43201	2025/03/18 
2025/03/19 	64.72249755859374	66.08987426757812	63.8109130859375	66.08987426757812	40404	2025/03/19 
2025/03/20 	66.08987426757812	68.36883544921875	64.54018344599753	68.36883544921875	67808	2025/03/20 
2025/03/21 	68.36883544921875	68.36883544921875	65.63408203125	68.36883544921875	43028	2025/03/21 
2025/03/24 	65.6340885030266	68.36884219065271	65.6340885030266	67.7307357788086	34554	2025/03/24 
2025/03/25 	67.45725407012522	67.73073220639873	66.54566955566406	66.54566955566406	33121	2025/03/25 
2025/03/26 	67.45725552347682	68.36884005757786	66.91030619398381	67.91304779052734	63470	2025/03/26 
2025/03/27 	67.43478642677775	70.49565324622529	67.43478642677775	70.30435180664062	49277	2025/03/27 
2025/03/28 	67.91304732342155	70.30435180664062	67.62608786636241	70.30435180664062	25210	2025/03/28 
2025/03/31 	68.20000389103669	70.30434882804138	67.05217340911263	69.82608795166016	70988	2025/03/31 
2025/04/01 	69.82608495251885	69.82608495251885	66.47825896164467	69.34782409667969	52042	2025/04/01 
2025/04/02 	69.34782543697872	70.78260803222656	67.43478197664828	70.78260803222656	73572	2025/04/02 
2025/04/07 	65.4260895228462	65.4260895228462	55.95652268572552	58.826087951660156	420769	2025/04/07 
2025/04/08 	56.72173944380285	63.130435943603516	56.434783646554656	63.130435943603516	69516	2025/04/08 
2025/04/09 	63.13043546676636	63.13043546676636	59.01739267369976	61.21739196777344	82458	2025/04/09 
2025/04/10 	62.17391462887035	65.33043936756269	61.69565374710981	65.0434799194336	46560	2025/04/10 
2025/04/11 	65.33043840968094	65.33043840968094	60.93043617269268	61.21739196777344	24922	2025/04/11 
2025/04/14 	64.37391596255095	66.0	63.417394223420516	66.0	17277	2025/04/14 
2025/04/15 	65.8087007952643	66.00000223048276	63.79999923706055	63.79999923706055	12014	2025/04/15 
2025/04/16 	66.0	66.0	62.843475341796875	62.843475341796875	13002	2025/04/16 
2025/04/17 	63.8956525350157	66.28695678710938	63.13043225527314	66.28695678710938	27293	2025/04/17 
2025/04/18 	66.28696113108377	66.95652344647576	64.27825958954396	65.0434799194336	34489	2025/04/18 
2025/04/21 	66.95652474602349	67.33913491839432	65.52174207289441	66.47826385498047	42870	2025/04/21 
2025/04/22 	67.33913321928814	67.43478393554688	65.04347954066932	67.43478393554688	82710	2025/04/22 
2025/04/23 	67.33913222509207	67.53043365478516	64.08695683653741	67.53043365478516	124168	2025/04/23 
2025/04/24 	67.5304316502921	67.5304316502921	65.61738821941877	66.9565200805664	7566	2025/04/24 
2025/04/25 	66.9565200805664	67.81739108399572	65.04347664969308	66.9565200805664	11019	2025/04/25 
2025/04/28 	67.81739044189453	67.81739044189453	65.61738759814742	67.81739044189453	23009	2025/04/28 
2025/04/29 	66.76522402304627	67.81739653506243	65.61739349365234	65.61739349365234	39406	2025/04/29 
2025/04/30 	67.43478493398352	67.91304582004014	65.04348050370042	67.3391342163086	28112	2025/04/30 
2025/05/02 	64.2782586129323	66.47826155467781	63.6086963077133	64.37391662597656	84227	2025/05/02 
2025/05/05 	66.47826385498047	66.47826385498047	64.56522029080837	66.47826385498047	20410	2025/05/05 
2025/05/06 	66.47825950339988	66.47825950339988	64.08695520471643	64.56521606445312	38308	2025/05/06 
2025/05/07 	66.47825784056727	67.81738967387037	62.747821768394836	65.52173614501953	72818	2025/05/07 
2025/05/08 	62.74782271861675	65.42608642578125	62.74782271861675	65.42608642578125	39210	2025/05/08 
2025/05/09 	65.3304409244388	67.24348449707031	64.08695968315548	67.24348449707031	62111	2025/05/09 
2025/05/12 	65.99999836512974	67.91304179600307	65.04347664969308	66.9565200805664	82695	2025/05/12 
2025/05/13 	66.47826086956522	68.20000291907269	64.56521739130434	66.0	41958	2025/05/13 
2025/05/14 	65.04347826086956	66.0	64.08695652173913	66.0	40291	2025/05/14 
2025/05/15 	65.90435028076172	66.00000099658271	64.46956765040122	65.90435028076172	29740	2025/05/15 
2025/05/16 	65.90434863168875	67.43478193957542	64.08695588583763	66.86087036132812	41916	2025/05/16 
2025/05/19 	64.08695652173913	66.0	63.130434782608695	66.0	80895	2025/05/19 
2025/05/20 	65.04348162750699	65.04348162750699	63.130438050227376	64.08695983886719	32701	2025/05/20 
2025/05/21 	63.60869727415197	65.0434799194336	62.3652160625018	65.0434799194336	32606	2025/05/21 
2025/05/22 	63.70434653366161	65.52173930231321	63.13043494821419	63.2260856628418	60116	2025/05/22 
2025/05/23 	64.08695770032477	65.52174033540668	63.130435943603516	63.130435943603516	33869	2025/05/23 
2025/05/26 	63.13043190615021	65.9043462827749	62.17391021060247	65.52173614501953	90287	2025/05/26 
2025/05/27 	61.88695376501	63.2260856628418	59.30434798165575	63.2260856628418	1326146	2025/05/27 
2025/05/28 	62.55652717081092	69.63478994936007	62.55652717081092	67.91304779052734	1240020	2025/05/28 
2025/05/29 	68.67826582427723	78.62608636794403	68.67826582427723	78.3391342163086	1721401	2025/05/29 
2025/06/02 	79.39130688535252	86.08695927327382	79.39130688535252	83.02609252929688	2209469	2025/06/02 
2025/06/03 	80.53913008992339	83.02609252929688	78.72174456563317	83.02609252929688	1855300	2025/06/03 
2025/06/04 	83.31304397751673	85.03478606750447	81.11304830440115	84.65217590332031	1274946	2025/06/04 
2025/06/05 	83.98260963122526	85.79999505450473	83.5043487729556	84.26956176757812	1131980	2025/06/05 
2025/06/06 	86.18260754455054	92.68695831298828	85.70434667327369	92.68695831298828	2974500	2025/06/06 
2025/06/09 	92.78261111263937	101.86956787109375	90.96521830141212	101.86956787109375	2434260	2025/06/09 
2025/06/10 	100.43478393554688	109.52174057733444	97.56521868024554	100.43478393554688	2219222	2025/06/10 
2025/06/11 	98.99999896485602	98.99999896485602	90.4869541160712	95.17391204833984	1856501	2025/06/11 
2025/06/12 	95.17391119270681	103.30434581720941	94.2173894721771	102.34782409667969	1782481	2025/06/12 
2025/06/13 	97.56522031930777	102.8260900424077	95.46087534914058	99.47826385498047	1537350	2025/06/13 
2025/06/16 	98.04347895123631	99.00000069710204	94.026090537673	94.21739196777344	971155	2025/06/16 
2025/06/17 	94.21738897051131	94.69564982822963	88.95651953560966	93.73912811279297	1185427	2025/06/17 
2025/06/18 	97.08695746133493	102.82608795166016	94.79130380566849	102.82608795166016	2081901	2025/06/18 
2025/06/19 	104.73913043478261	112.86956521739131	104.26086956521739	110.0	2899909	2025/06/19 
2025/06/20 	105.69565059398782	114.78260697989629	102.82608541949041	110.9565200805664	2248022	2025/06/20 
2025/06/23 	107.60869747254907	118.60869765863185	105.2173930842702	117.65217590332031	1901434	2025/06/23 
2025/06/24 	118.13043661011196	129.13043678028433	115.26087134832787	128.6521759033203	2244463	2025/06/24 
2025/06/25 	123.86956323476937	135.34782392061675	122.43478064903846	124.34782409667969	2570492	2025/06/25 
2025/06/26 	120.52174295905891	128.17391711518965	120.52174295905891	125.30435180664062	1470622	2025/06/26 
2025/06/27 	127.2173906873156	136.78260803222656	124.82608635108787	136.78260803222656	2258242	2025/06/27 
2025/06/30 	133.9130507499722	140.6087032874708	131.04348537675853	134.3913116455078	1790311	2025/06/30 
2025/07/01 	132.95652103786685	135.82608624012298	124.82608629814119	125.78260803222656	1597437	2025/07/01 
2025/07/02 	122.91304314783378	128.65217356718787	121.95652141127476	123.39130401611328	1647671	2025/07/02 
2025/07/03 	125.30434918403625	129.60869705677032	122.43478393554688	122.43478393554688	1562300	2025/07/03 
2025/07/04 	122.91304595440751	123.39130683360753	113.82608924960695	115.26087188720703	1831500	2025/07/04 
2025/07/07 	114.30435264062302	123.86957043481742	113.8260917509133	118.13043975830078	1736280	2025/07/07 
2025/07/08 	119.56521499255471	120.04347585252494	114.78260639285253	115.73912811279297	930040	2025/07/08 
2025/07/09 	116.69565030611479	126.73912840623122	116.21738944420447	124.34782409667969	2484457	2025/07/09 
2025/07/10 	125.30435140659746	132.00000377183548	124.34782964013489	127.6956558227539	2983389	2025/07/10 
2025/07/11 	123.39130826760794	131.52174330849684	123.39130826760794	125.30435180664062	1984454	2025/07/11 
2025/07/14 	126.26087266816867	129.60869883740042	121.47826385498047	121.47826385498047	1559264	2025/07/14 
2025/07/15 	121.95652380222228	125.30434994581269	117.17391502566454	117.65217590332031	1707303	2025/07/15 
2025/07/16 	119.08695720154563	120.04347894613636	115.26087022318272	116.21739196777344	927000	2025/07/16 
2025/07/17 	116.21739493823442	117.65217759179288	113.826090515637	116.6956558227539	677073	2025/07/17 
2025/07/18 	117.6521780101824	118.13043889640265	113.82609092042037	114.30435180664062	571004	2025/07/18 
2025/07/21 	113.34783003420011	116.21739535152163	112.86956914797986	114.30435180664062	421400	2025/07/21 
2025/07/22 	115.26087213218759	115.26087213218759	103.30435012677394	104.26087188720703	1821211	2025/07/22 
2025/07/23 	105.69565217391305	113.34782608695653	105.69565217391305	110.0	1409160	2025/07/23 
2025/07/24 	111.91304610947431	114.3043505135229	108.56521994380628	112.86956787109375	1119090	2025/07/24 
2025/07/25 	113.34782924422298	119.5652207217542	110.47826394690088	119.08695983886719	1746040	2025/07/25 
2025/07/28 	120.04347615302363	120.99999787535849	112.86956323551226	113.34782409667969	1812001	2025/07/28 
2025/07/29 	113.82608525506382	114.30434611748005	109.04347663090147	110.9565200805664	675025	2025/07/29 
2025/07/30 	109.9999986556133	110.95652038305342	107.13043347329295	108.56521606445312	499258	2025/07/30 
2025/07/31 	109.9999986556133	109.9999986556133	106.6521726095729	108.56521606445312	325019	2025/07/31 
2025/08/04 	110.00000466425867	112.39130911348168	109.04348288456946	109.52174377441406	317980	2025/08/04 
2025/08/05 	110.47825951933336	110.95652038305342	107.608694337013	108.56521606445312	339060	2025/08/05 
2025/08/06 	109.52173720734028	113.82608495784712	108.56521548500544	113.34782409667969	1068380	2025/08/06 
2025/08/07 	113.82608525506382	116.21738956714498	109.99999835573394	110.9565200805664	1053200	2025/08/07 
2025/08/08 	110.95652514432385	111.43478602856662	107.60869895462442	108.08695983886719	432012	2025/08/08 
2025/08/11 	105.69564983071801	107.1304324076056	104.26086725383044	104.73912811279297	418200	2025/08/11 
2025/08/12 	104.26087316452647	107.60869936705714	104.26087316452647	105.6956558227539	373042	2025/08/12 
2025/08/13 	108.5652163737529	111.43478156424857	105.69565118325723	106.17391204833984	865063	2025/08/13 
2025/08/14 	107.1304354580966	107.60869633067738	104.73913109519265	105.21739196777344	274511	2025/08/14 
2025/08/15 	106.17391041346959	107.13043212890625	99.47825840541294	107.13043212890625	1038353	2025/08/15 
2025/08/18 	108.08695983886719	110.00000337583829	106.17391630189609	108.08695983886719	725800	2025/08/18 
2025/08/19 	109.04347663090147	116.21738956714498	107.13043318123653	110.9565200805664	1461150	2025/08/19 
2025/08/20 	112.39130867852104	116.6956566704644	109.52174335055881	111.91304779052734	2446000	2025/08/20 
2025/08/21 	115.73913239269721	122.43478467987805	115.26087151504144	117.65217590332031	2516235	2025/08/21 
2025/08/22 	119.56521904326056	121.95652342412576	117.17391466239533	120.0434799194336	2290099	2025/08/22 
2025/08/25 	121.4782618380141	125.30434882503816	120.52174009125808	124.82608795166016	2673166	2025/08/25 
2025/08/26 	125.78260969841618	126.73913144517219	124.34782707828215	124.82608795166016	1930300	2025/08/26 
2025/08/27 	124.34782964013489	135.3478299544545	124.34782964013489	127.6956558227539	2869303	2025/08/27 
2025/08/28 	127.69565344369539	133.43478393554688	125.30434907209062	133.43478393554688	2295222	2025/08/28 
2025/08/29 	143.47825433215957	145.391297723255	129.1304288989436	131.04347229003906	3756564	2025/08/29 
2025/09/01 	128.6521762790102	133.91304594097716	124.82608925212513	126.26087188720703	2027062	2025/09/01 
2025/09/02 	128.65217767012746	138.695656224301	126.2608732524671	136.30435180664062	2376573	2025/09/02 
2025/09/03 	136.782607413627	143.47825952478357	136.782607413627	141.56521606445312	3556039	2025/09/03 
2025/09/04 	142.52174377441406	143.0000046595631	138.69565669322174	142.52174377441406	2502618	2025/09/04 
2025/09/05 	143.47826150747446	149.21739196777344	140.1304354056334	149.21739196777344	3369461	2025/09/05 
2025/09/08 	149.21740006934547	150.65218276231997	146.8260955810547	146.8260955810547	2318064	2025/09/08 
2025/09/09 	147.78261482517584	149.6956583827833	141.08696237354974	143.95652770996094	1778100	2025/09/09 
2025/09/10 	143.9565282039505	143.9565282039505	130.08696236370278	132.95652770996094	2393665	2025/09/10 
2025/09/11 	132.00000810799125	134.39131260270122	126.26087732068727	129.60870361328125	1043134	2025/09/11 
2025/09/12 	132.9565230612259	135.82608830715165	131.0434795639421	133.43478393554688	921204	2025/09/12 
2025/09/15 	133.91304072627315	136.78260588469328	129.13043212890625	129.13043212890625	600188	2025/09/15 
2025/09/16 	130.08695413841392	130.08695413841392	125.304345530384	126.73912811279297	438419	2025/09/16 
2025/09/17 	126.73913490988991	135.82609175248578	125.30435225053267	131.52174377441406	969009	2025/09/17 
2025/09/18 	131.52174503683185	134.86957127413302	126.7391361264016	132.95652770996094	1125032	2025/09/18 
2025/09/19 	131.0434850436538	133.91305040957323	128.17391967773438	128.17391967773438	554500	2025/09/19 
2025/09/22 	128.6521762790102	128.6521762790102	125.7826110088464	126.26087188720703	347000	2025/09/22 
2025/09/23 	126.26087266816867	126.73913354948749	121.47826385498047	121.47826385498047	568020	2025/09/23 
2025/09/24 	121.47826086956522	125.78260869565217	121.0	121.0	479130	2025/09/24 
2025/09/25 	121.4782598378707	121.95652070337412	117.17391204833984	117.17391204833984	336000	2025/09/25 
2025/09/26 	116.6956558227539	119.5652211298708	113.826090515637	116.6956558227539	341001	2025/09/26 
2025/09/30 	118.60869936083184	118.60869936083184	116.21739493823442	116.6956558227539	207000	2025/09/30 
2025/10/01 	116.69565149943033	117.65217323303222	114.78260803222656	114.78260803222656	166030	2025/10/01 
2025/10/02 	115.73913489447699	116.6956566704644	111.91304779052734	111.91304779052734	342000	2025/10/02 
2025/10/03 	111.91304347826087	113.34782608695653	109.52173913043478	110.0	192020	2025/10/03 
2025/10/07 	111.91304211049354	112.86956383793364	108.56521606445312	108.56521606445312	244016	2025/10/07 
2025/10/08 	109.04348120751318	114.3043509148932	109.04348120751318	110.47826385498047	273030	2025/10/08 
2025/10/09 	110.47826293124213	110.47826293124213	106.65217590332031	106.65217590332031	282010	2025/10/09 
2025/10/13 	105.21739377813824	116.21739403676179	104.2608720165188	112.86956787109375	671076	2025/10/13 
2025/10/14 	114.78260585239956	114.78260585239956	107.13043212890625	107.13043212890625	612117	2025/10/14 
2025/10/15 	108.086958538791	109.52174117426168	106.1739150248301	106.65217590332031	206102	2025/10/15 
2025/10/16 	107.13043212890625	109.5217364174979	106.65217127118792	107.13043212890625	234003	2025/10/16 
2025/10/17 	107.13043581940407	107.13043581940407	102.34782707746639	102.82608795166016	287000	2025/10/17 
2025/10/20 	103.30435224053984	103.30435224053984	99.95652601052235	100.91304779052734	287268	2025/10/20 
2025/10/21 	101.86956787109375	102.34782875311767	100.91304610704591	101.86956787109375	125001	2025/10/21 
2025/10/22 	103.30435180664062	111.91304779052734	101.3913082546658	111.91304779052734	879108	2025/10/22 
2025/10/23 	111.91304347826087	118.1304347826087	110.0	110.0	1820318	2025/10/23 
2025/10/27 	110.47826293124213	110.95652380973235	106.1739150248301	106.65217590332031	400001	2025/10/27 
2025/10/28 	106.6521732312743	107.13043409778226	102.82608629921066	103.78260803222656	196000	2025/10/28 
2025/10/29 	105.21739535861545	105.21739535861545	102.82609091864691	103.30435180664062	154010	2025/10/29 
2025/10/30 	103.30434581720941	105.21738925826884	102.34782409667969	102.34782409667969	236002	2025/10/30 
2025/10/31 	103.30434581720941	104.26086753773913	102.34782409667969	102.34782409667969	110000	2025/10/31 
2025/11/03 	102.82609050629905	109.52174291136038	102.34782962022324	105.6956558227539	398000	2025/11/03 
2025/11/04 	106.65217802259657	107.60869979858398	103.30435180664062	103.30435180664062	160055	2025/11/04 
2025/11/05 	103.78260667747426	104.73912839800398	101.86956323641483	102.34782409667969	176503	2025/11/05 
2025/11/06 	102.82608795166016	104.26087057424147	102.34782707746639	102.82608795166016	107100	2025/11/06 
2025/11/07 	102.3478274390811	103.30434919084821	100.43478393554688	100.43478393554688	156001	2025/11/07 
2025/11/10 	101.39130751553391	101.39130751553391	94.79130584979767	95.55652618408203	251000	2025/11/10 
2025/11/11 	96.60869598388672	100.91304382475296	96.60869598388672	96.60869598388672	341104	2025/11/11 
2025/11/12 	97.08695384163168	98.04347555435712	95.36521183965328	96.13043212890625	196105	2025/11/12 
2025/11/13 	95.65217357662075	96.13043444450385	93.26086923720523	94.31304168701172	287020	2025/11/13 
2025/11/14 	93.83478114915931	94.79130288828975	91.92173767089844	91.92173767089844	207002	2025/11/14 
2025/11/17 	92.30434647258649	92.39999718556061	89.91304215982518	90.48695373535156	177067	2025/11/17 
2025/11/18 	90.77391382530642	90.77391382530642	87.0434776110124	88.86087036132812	241010	2025/11/18 
2025/11/19 	89.43478393554688	92.01738975044181	88.95652305888619	89.43478393554688	134000	2025/11/19 
2025/11/20 	92.20869814656838	92.20869814656838	88.66956329345703	88.66956329345703	110000	2025/11/20 
2025/11/21 	87.13912763959826	87.99999865115677	86.27825662803976	86.56521606445312	164015	2025/11/21 
2025/11/24 	86.85217683211617	88.47826086956522	86.85217683211617	88.0	63000	2025/11/24 
2025/11/25 	88.38261214116677	89.43478461831647	88.38261214116677	88.57391357421875	57000	2025/11/25 
2025/11/26 	88.95652305888619	90.67826513393737	88.95652305888619	89.43478393554688	94000	2025/11/26 
2025/11/27 	89.72174406557633	89.72174406557633	88.28696142464078	88.57391357421875	65000	2025/11/27 
2025/11/28 	88.0956520213606	90.86956656552891	88.0956520213606	89.43478393554688	90000	2025/11/28 
2025/12/01 	89.43478294005406	93.93043221155094	89.14782349817905	89.53043365478516	202000	2025/12/01 
2025/12/02 	89.72174238479477	90.48695540034966	88.76522064208984	88.76522064208984	80000	2025/12/02 
2025/12/03 	89.72174138537378	90.96521525842994	88.57391092830464	89.62608337402344	130000	2025/12/03 
2025/12/04 	91.06087030652019	91.53913119531006	90.20000654484402	90.77391815185547	98000	2025/12/04 
2025/12/05 	90.86956454476126	90.86956454476126	89.53043266035476	89.62608337402344	86000	2025/12/05 
2025/12/08 	89.91304413887535	91.53912818827166	89.91304413887535	90.295654296875	81000	2025/12/08 
2025/12/09 	89.53043433661917	89.53043433661917	87.23478067718138	87.90435028076172	125001	2025/12/09 
2025/12/10 	87.23478103118428	88.28696079855435	86.08695784564837	86.27825927734375	130000	2025/12/10 
2025/12/11 	87.23477735225595	87.808696218502	85.70434407018999	86.6608657836914	100000	2025/12/11 
2025/12/12 	87.04347758707792	87.52173845294098	85.704345703125	85.704345703125	131000	2025/12/12 
2025/12/15 	84.36521745089242	85.22608850604071	82.3565231873344	84.55652618408203	97066	2025/12/15 
2025/12/16 	84.84347934038222	85.70435040570791	82.54783289642312	84.46087646484375	134000	2025/12/16 
2025/12/17 	84.55652518669476	85.99130782912391	83.88695557495201	84.65217590332031	57062	2025/12/17 
2025/12/18 	85.89565611079244	85.89565611079244	83.79130388116127	83.98261260986328	82015	2025/12/18 
2025/12/19 	85.03478538766235	87.23478104318924	84.74782594239797	85.51304626464844	120000	2025/12/19 
2025/12/22 	86.66087044055631	87.80870093704749	85.22608779320379	86.18260955810547	84000	2025/12/22 
2025/12/23 	86.46956433942364	87.52173676448773	84.74782233645946	85.8956527709961	80000	2025/12/23 
2025/12/24 	85.41739522642125	85.7999980884207	84.1739140318776	84.7478256225586	53000	2025/12/24 
2025/12/26 	84.26956241730915	84.26956241730915	83.21738998053979	83.40869140625	85009	2025/12/26 
2025/12/29 	83.50434875488281	83.8869516032705	83.31304003300743	83.50434875488281	54010	2025/12/29 
2025/12/30 	83.50434905365675	83.50434905365675	80.92173603171015	81.87825775146484	162010	2025/12/30 
2025/12/31 	81.30435180664062	82.54783304746208	80.8260909136604	81.30435180664062	85016	2025/12/31 
2026/01/02 	81.30434749937099	82.93043153028573	81.30434749937099	82.5478286743164	88024	2026/01/02 
2026/01/05 	82.64347767326399	82.64347767326399	79.39130238124302	80.34782409667969	160002	2026/01/05 
2026/01/06 	79.48695309325038	81.208695100109	79.48695309325038	80.34782409667969	83000	2026/01/06 
2026/01/07 	79.86956787109375	80.15652732143992	78.91304610018246	79.86956787109375	113001	2026/01/07 
2026/01/08 	80.63478918094302	80.82609061836335	79.48695866337476	80.53913116455078	37000	2026/01/08 
2026/01/09 	79.67826739847717	81.2087007908861	79.3913079446646	80.53913116455078	138000	2026/01/09 
2026/01/12 	82.26087217045044	86.0869592481458	81.8782620031445	83.79130554199219	236160	2026/01/12 
2026/01/13 	82.26087388753561	83.12174495752299	81.40000281754824	82.06957244873047	85000	2026/01/13 
2026/01/14 	82.16521918139907	83.98261195259478	82.06956846663756	82.4521713256836	38100	2026/01/14 
2026/01/15 	82.45217300760768	82.45217300760768	81.30434981169185	81.49565124511719	45000	2026/01/15 
2026/01/16 	81.01738838527514	82.93043186353601	80.44347680133322	80.92173767089844	71000	2026/01/16 
2026/01/19 	80.63478751568707	81.7826107118686	80.34782806780073	80.73043823242188	43000	2026/01/19 
2026/01/20 	80.25217345981667	84.1739110372428	80.15652274771975	83.50434875488281	164000	2026/01/20 
2026/01/21 	83.69565421791808	84.17391509916332	81.40000052840452	81.49565124511719	79000	2026/01/21 
2026/01/22 	83.21739096994443	83.21739096994443	81.68695765302202	82.5478286743164	51000	2026/01/22 
2026/01/23 	82.73913277027219	82.73913277027219	81.97391243829517	82.26087188720703	30000	2026/01/23 
2026/01/26 	81.97390818834744	84.36521247969576	81.97390818834744	84.26956176757812	91000	2026/01/26 
2026/01/27 	85.13043342836829	86.94782616334169	83.40869140625	83.40869140625	103000	2026/01/27 
2026/01/28 	83.3130423570405	83.3130423570405	81.68695831298828	81.68695831298828	60004	2026/01/28 
2026/01/29 	81.01739209099222	81.40000226368123	79.77391815185547	79.77391815185547	125000	2026/01/29 
2026/01/30 	80.53912477745328	80.53912477745328	77.28695681312593	78.05216979980469	127000	2026/01/30 
2026/02/02 	78.05217415588226	78.05217415588226	74.60869727944427	76.0434799194336	97000	2026/02/02 
2026/02/03 	76.42609008296712	77.57391327588581	74.13043639944785	76.0434799194336	88000	2026/02/03 
2026/02/04 	76.52174180419034	76.52174180419034	75.94783020019531	75.94783020019531	29042	2026/02/04 
2026/02/05 	74.89565642665009	75.66086945297153	74.51304626464844	74.51304626464844	66080	2026/02/05 
2026/02/06 	73.65217357518783	73.65217357518783	71.54782867782657	72.31304168701172	85000	2026/02/06 
2026/02/09 	72.6956491845645	72.6956491845645	71.93042890565441	72.5999984741211	30012	2026/02/09 
2026/02/10 	72.02609252929688	72.31304468299933	71.93043451371406	72.02609252929688	27010	2026/02/10 
2026/02/11 	76.23478278373976	76.23478278373976	72.50435368787072	73.55652618408203	66000	2026/02/11 
2026/02/23 	75.0869605484591	75.94783161937913	73.65217786281976	74.22608947753906	86008	2026/02/23 
2026/02/24 	75.75652115977246	75.75652115977246	74.60869795643849	75.18260955810547	67005	2026/02/24 
2026/02/25 	74.8956591094467	74.8956591094467	74.03478803852667	74.22608947753906	80005	2026/02/25 
2026/02/26 	74.13043900231405	75.94783186964915	73.93913756267126	75.75652313232422	89005	2026/02/26 
2026/03/02 	74.60869665892875	74.70434737459614	73.7478256225586	73.7478256225586	62000	2026/03/02 
2026/03/03 	73.6521776098954	73.93913706511069	71.93043547396786	72.6956558227539	109000	2026/03/03 
2026/03/04 	72.2173892317147	72.2173892317147	67.434780673323	69.34782409667969	168011	2026/03/04 
2026/03/05 	70.78261270328444	71.35652431972059	70.30435180664062	70.30435180664062	47048	2026/03/05 
2026/03/06 	69.92174162978914	70.6869619834921	69.06087055629385	70.30435180664062	35000	2026/03/06 
2026/03/09 	69.34782875908745	69.34782875908745	66.86087360105658	68.86956787109375	80000	2026/03/09 
2026/03/10 	69.73043424088733	70.7826066641972	68.20000096173828	69.34782409667969	47001	2026/03/10 
2026/03/11 	68.58260611732169	68.58260611732169	64.56521771208678	66.76522064208984	348010	2026/03/11 
2026/03/12 	67.05217018333312	68.58260345458984	65.99999776544921	68.58260345458984	94000	2026/03/12 
2026/03/13 	68.10434457669328	68.39130401611328	67.81739243495495	68.39130401611328	28000	2026/03/13 
2026/03/16 	68.86956324084052	69.34782409667969	68.48695309663287	69.34782409667969	31000	2026/03/16 
2026/03/17 	69.3478277734346	70.3043495358268	68.00869584654913	68.20000457763672	55000	2026/03/17 
2026/03/18 	69.15652732296277	69.53913019521214	68.39130698310004	68.86956787109375	59030	2026/03/18 
2026/03/19 	67.91304750417714	68.6782678599168	66.95652570834366	67.1478271484375	72000	2026/03/19 
2026/03/20 	66.95652504210275	67.7217453902282	66.47826414894487	67.24348449707031	48020	2026/03/20 
2026/03/23 	69.25217744292536	69.25217744292536	66.28696142251	66.57391357421875	33000	2026/03/23 
2026/03/24 	66.66955926060425	66.76521726830414	65.13912600726415	65.52173614501953	64000	2026/03/24 
2026/03/25 	65.90435224526524	66.7652233086791	65.90435224526524	66.47826385498047	31010	2026/03/25 
2026/03/26 	66.95652173913044	66.95652173913044	65.9043492856233	66.0	30000	2026/03/26 
2026/03/27 	67.5	67.5	66.0999984741211	66.19999694824219	15000	2026/03/27 
2026/03/30 	66.9000015258789	66.9000015258789	65.0	65.30000305175781	37000	2026/03/30 
2026/03/31 	65.30000305175781	65.5999984741211	63.70000076293945	63.900001525878906	53002	2026/03/31 
2026/04/01 	64.19999694824219	64.9000015258789	64.0	64.80000305175781	35011	2026/04/01 
2026/04/02 	65.0	65.5	63.900001525878906	64.19999694824219	24000	2026/04/02 
