Date	Open	High	Low	Close	Volume	Date
2021/09/23 	30.42674670773437	47.429928691468284	30.42674670773437	44.11878204345703	180103	2021/09/23 
2021/09/24 	36.959548666692655	38.928338903174236	31.948085713638754	38.6151237487793	226281	2021/09/24 
2021/09/27 	37.406998959750574	38.615121809875305	33.37992962024608	34.45381546020508	99359	2021/09/27 
2021/09/28 	33.64839983462834	34.67754113046747	33.64839983462834	34.00636291503906	8703	2021/09/28 
2021/09/29 	34.49856109507197	34.49856109507197	33.02197100499473	33.60365676879883	56034	2021/09/29 
2021/09/30 	34.498563098980426	34.498563098980426	32.97722497318871	33.55891418457031	36000	2021/09/30 
2021/10/01 	32.977221302434636	33.55891044906737	32.932476771260326	33.46942138671875	30700	2021/10/01 
2021/10/04 	32.88773554724616	33.20095071075185	32.84299101157238	33.1114616394043	31000	2021/10/04 
2021/10/05 	32.395534686028576	32.664005279541016	32.35079015607464	32.664005279541016	29000	2021/10/05 
2021/10/06 	33.290439191034466	33.290439191034466	32.35079039976829	32.842987060546875	47001	2021/10/06 
2021/10/07 	32.350792707533216	32.48502630798183	28.9949014894816	29.173879623413086	208003	2021/10/07 
2021/10/08 	29.442352215476355	29.889804356053265	29.084389137499258	29.531841278076172	41000	2021/10/08 
2021/10/12 	29.39760593825743	29.93455058568657	29.352861404418945	29.352861404418945	37000	2021/10/12 
2021/10/13 	29.352861404418945	29.352861404418945	29.352861404418945	29.352861404418945	0	2021/10/13 
2021/10/14 	30.426746129746885	30.426746129746885	29.531841831813153	30.247764587402344	18000	2021/10/14 
2021/10/15 	30.426746211592537	30.426746211592537	29.845057050855317	30.158275604248047	8000	2021/10/15 
2021/10/18 	30.42674403404122	30.42674403404122	29.80031038587674	29.979291915893555	12000	2021/10/18 
2021/10/19 	29.53183979774589	29.979291915893555	29.53183979774589	29.979291915893555	6000	2021/10/19 
2021/10/20 	29.979291915893555	29.979291915893555	29.979291915893555	29.979291915893555	0	2021/10/20 
2021/10/21 	30.56098468967501	30.60572922408286	29.531843329348714	29.80031394958496	12000	2021/10/21 
2021/10/22 	29.53184233225777	30.560983657836914	29.53184233225777	30.560983657836914	5000	2021/10/22 
2021/10/25 	30.56098468967501	30.60572922408286	29.80031394958496	29.80031394958496	11000	2021/10/25 
2021/10/26 	29.845058483992812	29.979295501005513	29.80031394958496	29.80031394958496	7000	2021/10/26 
2021/10/27 	29.84505577798385	30.829452514648438	29.84505577798385	30.829452514648438	14000	2021/10/27 
2021/10/28 	29.84505491493376	29.979291915893555	29.80031038587674	29.979291915893555	6001	2021/10/28 
2021/10/29 	29.710821327762705	29.979291915893555	29.710821327762705	29.979291915893555	6000	2021/10/29 
2021/11/01 	30.60572983072501	30.60572983072501	30.426748275756836	30.426748275756836	4000	2021/11/01 
2021/11/02 	29.57658432680291	30.06878097400759	29.57658432680291	29.979291915893555	4000	2021/11/02 
2021/11/03 	30.87419803365971	30.87419803365971	30.068782806396484	30.068782806396484	8000	2021/11/03 
2021/11/04 	30.82945592098793	30.87420045628267	30.426748275756836	30.426748275756836	18000	2021/11/04 
2021/11/05 	30.426746755406477	30.87419891357422	30.426746755406477	30.87419891357422	5000	2021/11/05 
2021/11/08 	31.053180459599126	31.32165107174196	30.87419891357422	30.87419891357422	6100	2021/11/08 
2021/11/09 	31.187414016934014	31.276906496720926	30.918943405151367	30.918943405151367	16100	2021/11/09 
2021/11/10 	30.42674632755557	30.87419847943139	30.42674632755557	30.47149085998535	15000	2021/11/10 
2021/11/11 	30.471489238131884	30.60572624206543	30.471489238131884	30.60572624206543	6000	2021/11/11 
2021/11/12 	30.60572624206543	30.60572624206543	30.60572624206543	30.60572624206543	0	2021/11/12 
2021/11/15 	30.42674504042757	31.142667770385742	30.42674504042757	31.142667770385742	6000	2021/11/15 
2021/11/16 	30.247764587402344	30.247764587402344	30.247764587402344	30.247764587402344	3000	2021/11/16 
2021/11/17 	30.426748275756836	30.426748275756836	30.426748275756836	30.426748275756836	3000	2021/11/17 
2021/11/18 	30.426746755406477	31.50063261776687	30.426746755406477	30.87419891357422	37000	2021/11/18 
2021/11/19 	31.14266928731072	31.14266928731072	30.51623558791361	30.69521713256836	17000	2021/11/19 
2021/11/22 	30.47149085998535	30.47149085998535	30.47149085998535	30.47149085998535	3000	2021/11/22 
2021/11/23 	30.69521890131449	30.69521890131449	30.292511256083397	30.426748275756836	10000	2021/11/23 
2021/11/24 	30.426748275756836	30.426748275756836	30.426748275756836	30.426748275756836	0	2021/11/24 
2021/11/25 	30.247764587402344	30.247764587402344	30.247764587402344	30.247764587402344	3000	2021/11/25 
2021/11/26 	30.203017974967388	30.605725564058034	29.80031038587674	29.979291915893555	23000	2021/11/26 
2021/11/29 	29.84505491493376	30.247762504024404	29.80031038587674	29.979291915893555	12000	2021/11/29 
2021/11/30 	30.605729356644844	30.605729356644844	29.666080474853516	29.666080474853516	20000	2021/11/30 
2021/12/01 	29.66607679870569	29.979291915893555	29.66607679870569	29.979291915893555	12000	2021/12/01 
2021/12/02 	29.666079412235998	30.918943405151367	29.666079412235998	30.918943405151367	13000	2021/12/02 
2021/12/03 	29.66607679870569	30.06878097400759	29.66607679870569	29.979291915893555	14000	2021/12/03 
2021/12/06 	29.66608034636141	29.979295501005513	29.66608034636141	29.80031394958496	5000	2021/12/06 
2021/12/07 	29.80031038587674	29.979291915893555	29.80031038587674	29.979291915893555	5500	2021/12/07 
2021/12/08 	29.57658432680291	29.979291915893555	29.57658432680291	29.979291915893555	5500	2021/12/08 
2021/12/09 	29.576587991861047	30.874199978043915	29.5318434572594	29.666080474853516	19000	2021/12/09 
2021/12/10 	29.57658786375656	30.42674767266231	29.57658786375656	29.80031394958496	19500	2021/12/10 
2021/12/13 	29.80031394958496	29.80031394958496	29.80031394958496	29.80031394958496	0	2021/12/13 
2021/12/14 	30.42674767266231	30.69521829289856	29.80031394958496	29.80031394958496	34300	2021/12/14 
2021/12/15 	29.800312201905058	30.068782806396484	29.710823138337567	30.068782806396484	12000	2021/12/15 
2021/12/16 	29.531841597413635	30.068782806396484	29.531841597413635	30.068782806396484	49050	2021/12/16 
2021/12/17 	29.979294061422056	30.605727754418524	29.80031251859607	30.158275604248047	28000	2021/12/17 
2021/12/20 	30.158275604248047	30.158275604248047	30.158275604248047	30.158275604248047	0	2021/12/20 
2021/12/21 	29.621332296611	30.158276949031798	29.487098693847656	29.487098693847656	7000	2021/12/21 
2021/12/22 	29.531841278076172	30.426745559229996	29.487096746776263	29.531841278076172	10000	2021/12/22 
2021/12/23 	29.531841278076172	29.531841278076172	29.531841278076172	29.531841278076172	0	2021/12/23 
2021/12/24 	29.487098794940863	29.80031394958496	29.442354260533016	29.80031394958496	12000	2021/12/24 
2021/12/27 	30.426747285488112	30.426747285488112	29.352861404418945	29.352861404418945	16000	2021/12/27 
2021/12/28 	29.352859739087624	29.979293418653082	29.352859739087624	29.531841278076172	17000	2021/12/28 
2021/12/29 	29.889806051848083	29.889806051848083	29.352861404418945	29.352861404418945	27000	2021/12/29 
2021/12/30 	29.218626145187898	29.71082281706472	29.218626145187898	29.531841278076172	39005	2021/12/30 
2022/01/03 	29.21862788729693	29.5318430388601	29.084390871604644	29.26337242126465	32606	2022/01/03 
2022/01/04 	28.994901339544978	29.173879472550944	28.771175259498456	28.90540885925293	18000	2022/01/04 
2022/01/05 	28.90540870697646	29.084390252828598	28.457956549240635	28.636938095092773	33005	2022/01/05 
2022/01/06 	28.368467093319012	28.368467093319012	27.65254262664449	28.189485549926758	28000	2022/01/06 
2022/01/07 	28.547447168929505	28.547447168929505	27.24983694259765	28.368467330932617	38010	2022/01/07 
2022/01/10 	27.249836327756647	28.502701993044365	27.249836327756647	27.742033004760742	12100	2022/01/10 
2022/01/11 	28.05525016784668	28.05525016784668	28.05525016784668	28.05525016784668	4000	2022/01/11 
2022/01/12 	28.189485549926758	28.189485549926758	28.189485549926758	28.189485549926758	3000	2022/01/12 
2022/01/13 	28.189485549926758	28.189485549926758	28.189485549926758	28.189485549926758	0	2022/01/13 
2022/01/14 	28.010503850068346	28.36846693485328	27.9210147857666	27.9210147857666	13000	2022/01/14 
2022/01/17 	27.921014941732874	28.81591924490515	27.921014941732874	28.189485549926758	13000	2022/01/17 
2022/01/18 	28.189485549926758	28.189485549926758	28.189485549926758	28.189485549926758	0	2022/01/18 
2022/01/19 	28.815919876098633	28.815919876098633	28.815919876098633	28.815919876098633	1000	2022/01/19 
2022/01/20 	28.18948531079485	28.547446687648268	27.83152393394143	28.0105037689209	12000	2022/01/20 
2022/01/21 	27.742033398340617	28.189485549926758	27.742033398340617	28.189485549926758	6000	2022/01/21 
2022/01/24 	27.65254223433423	27.742033004760742	27.56305146390772	27.742033004760742	9000	2022/01/24 
2022/01/25 	28.636937701512895	28.726426766314525	27.742033398340617	28.189485549926758	18000	2022/01/25 
2022/01/26 	27.786777775525007	28.189485392460814	27.786777775525007	27.9210147857666	10000	2022/01/26 
2022/02/07 	28.771174953491013	28.815919486266605	28.189485786041217	28.368467330932617	21000	2022/02/07 
2022/02/08 	28.368467483209088	28.636938095092773	28.368467483209088	28.636938095092773	6000	2022/02/08 
2022/02/09 	28.055250631415106	28.636938095092773	28.055250631415106	28.636938095092773	5000	2022/02/09 
2022/02/10 	28.055250631415106	28.77117510792914	27.742033779621124	28.636938095092773	18000	2022/02/10 
2022/02/11 	27.78677749633789	28.1894851092275	27.78677749633789	27.78677749633789	8000	2022/02/11 
2022/02/14 	28.54744644220381	28.681681744007907	27.607797622680664	27.607797622680664	12000	2022/02/14 
2022/02/15 	27.74203363070723	28.368467330932617	27.607798325485938	28.368467330932617	28000	2022/02/15 
2022/02/16 	28.36846693485328	28.636937541547493	27.9210147857666	27.9210147857666	18000	2022/02/16 
2022/02/17 	27.742033398340617	28.189485549926758	27.742033398340617	28.189485549926758	14000	2022/02/17 
2022/02/18 	27.921014941732874	28.189485549926758	27.921014941732874	28.189485549926758	6000	2022/02/18 
2022/02/21 	28.771175301043577	28.86066436767578	28.6369382873062	28.86066436767578	7000	2022/02/21 
2022/02/22 	28.05525016784668	28.05525016784668	28.05525016784668	28.05525016784668	500	2022/02/22 
2022/02/23 	28.05525016784668	28.05525016784668	27.78677785350455	28.05525016784668	7000	2022/02/23 
2022/02/24 	27.786777775525007	27.9210147857666	27.786777775525007	27.9210147857666	6000	2022/02/24 
2022/02/25 	27.473562790146733	28.189485549926758	27.473562790146733	28.189485549926758	11000	2022/02/25 
2022/03/01 	27.473562400375684	28.189485149998816	27.473562400375684	27.742033004760742	13000	2022/03/01 
2022/03/02 	27.742033004760742	27.742033004760742	27.742033004760742	27.742033004760742	0	2022/03/02 
2022/03/03 	27.428816161715194	27.742033004760742	27.428816161715194	27.742033004760742	10000	2022/03/03 
2022/03/04 	27.384073555462805	27.74203495544446	27.384073555462805	27.697290420532227	6001	2022/03/04 
2022/03/07 	27.38407147069452	27.65254207351826	27.29458070078845	27.473562240600586	11800	2022/03/07 
2022/03/08 	27.47356199782526	27.47356199782526	27.20508969047946	27.294580459594727	9000	2022/03/08 
2022/03/09 	27.473562240600586	27.473562240600586	27.473562240600586	27.473562240600586	6000	2022/03/09 
2022/03/10 	27.115599318669645	27.742033004760742	26.981364016477116	27.742033004760742	7000	2022/03/10 
2022/03/11 	27.742033004760742	27.742033004760742	27.742033004760742	27.742033004760742	5	2022/03/11 
2022/03/14 	27.74203259827661	27.74203259827661	26.98136362113852	27.294580459594727	18010	2022/03/14 
2022/03/15 	26.847129821777344	27.026111370013677	26.847129821777344	26.847129821777344	12000	2022/03/15 
2022/03/16 	27.026111370013677	27.026111370013677	26.712894514047363	26.847129821777344	20000	2022/03/16 
2022/03/17 	26.66814666369046	27.29458033780776	26.66814666369046	27.205089569091797	8000	2022/03/17 
2022/03/18 	26.712894439697266	26.712894439697266	26.712894439697266	26.712894439697266	1000	2022/03/18 
2022/03/21 	26.712894439697266	26.712894439697266	26.712894439697266	26.712894439697266	0	2022/03/21 
2022/03/22 	27.742033004760742	27.742033004760742	27.742033004760742	27.742033004760742	1333	2022/03/22 
2022/03/23 	27.74203230465566	27.74203230465566	26.668146500427348	26.93661880493164	22000	2022/03/23 
2022/03/24 	26.936619090028113	27.294580459594727	26.936619090028113	27.294580459594727	6000	2022/03/24 
2022/03/25 	27.294580459594727	27.294580459594727	27.294580459594727	27.294580459594727	0	2022/03/25 
2022/03/28 	26.757638931274414	26.93662047873225	26.757638931274414	26.757638931274414	7000	2022/03/28 
2022/03/29 	26.712893020687172	27.294580459594727	26.712893020687172	27.294580459594727	6000	2022/03/29 
2022/03/30 	27.786777294424628	27.96575883371821	27.115599082415393	27.563051223754883	19000	2022/03/30 
2022/03/31 	26.936619090028113	27.294580459594727	26.936619090028113	27.294580459594727	6000	2022/03/31 
2022/04/01 	26.847129821777344	27.29458198547363	26.847129821777344	26.847129821777344	14000	2022/04/01 
2022/04/06 	26.75763919439634	27.1156005859375	26.75763919439634	27.1156005859375	6000	2022/04/06 
2022/04/07 	26.757637268595445	26.93661880493164	26.57865743915368	26.93661880493164	7000	2022/04/07 
2022/04/08 	26.668148157545495	26.847129705003333	26.668148157545495	26.757638931274414	6000	2022/04/08 
2022/04/11 	26.578659206317386	26.847129821777344	26.578659206317386	26.847129821777344	6000	2022/04/11 
2022/04/12 	26.847129821777344	26.847129821777344	26.847129821777344	26.847129821777344	0	2022/04/12 
2022/04/13 	26.847129821777344	26.847129821777344	26.847129821777344	26.847129821777344	0	2022/04/13 
2022/04/14 	26.533912658691406	26.533912658691406	26.533912658691406	26.533912658691406	3000	2022/04/14 
2022/04/15 	26.533912658691406	26.533912658691406	26.533912658691406	26.533912658691406	0	2022/04/15 
2022/04/18 	27.742033004760742	27.742033004760742	27.742033004760742	27.742033004760742	50	2022/04/18 
2022/04/19 	27.742033004760742	27.742033004760742	27.742033004760742	27.742033004760742	0	2022/04/19 
2022/04/20 	27.742033004760742	27.742033004760742	27.742033004760742	27.742033004760742	450	2022/04/20 
2022/04/21 	26.847129821777344	26.847129821777344	26.847129821777344	26.847129821777344	1450	2022/04/21 
2022/04/22 	26.847129821777344	26.847129821777344	26.847129821777344	26.847129821777344	0	2022/04/22 
2022/04/25 	27.742032843424326	27.742032843424326	26.847128558152573	27.473562240600586	12000	2022/04/25 
2022/04/26 	27.742033004760742	27.742033004760742	27.742033004760742	27.742033004760742	2000	2022/04/26 
2022/04/27 	27.786779187957595	27.921016205022607	27.38407325744629	27.38407325744629	18160	2022/04/27 
2022/04/28 	27.9210147857666	28.189485392460814	27.9210147857666	27.9210147857666	13500	2022/04/28 
2022/04/29 	28.72642707824707	28.72642707824707	28.72642707824707	28.72642707824707	1010	2022/04/29 
2022/05/03 	27.92101555332407	28.815919876098633	27.92101555332407	28.815919876098633	1655	2022/05/03 
2022/05/04 	28.636937458585244	28.636937458585244	28.0105037689209	28.0105037689209	6500	2022/05/04 
2022/05/05 	28.63693855959393	28.994901657104492	28.63693855959393	28.994901657104492	3001	2022/05/05 
2022/05/06 	28.368467483209088	28.636938095092773	28.368467483209088	28.636938095092773	6000	2022/05/06 
2022/05/09 	28.0105037689209	28.0105037689209	28.0105037689209	28.0105037689209	1000	2022/05/09 
2022/05/10 	28.636937858460094	28.636937858460094	28.457956314086914	28.457956314086914	12000	2022/05/10 
2022/05/11 	28.0105037689209	28.0105037689209	28.0105037689209	28.0105037689209	1000	2022/05/11 
2022/05/12 	28.0105037689209	28.0105037689209	28.0105037689209	28.0105037689209	3000	2022/05/12 
2022/05/13 	28.45795615812064	28.45795615812064	28.189485549926758	28.189485549926758	3333	2022/05/13 
2022/05/16 	28.994901657104492	28.994901657104492	28.994901657104492	28.994901657104492	2010	2022/05/16 
2022/05/17 	29.084389853099033	29.084389853099033	28.189485549926758	28.189485549926758	21000	2022/05/17 
2022/05/18 	28.189485549926758	28.189485549926758	28.189485549926758	28.189485549926758	0	2022/05/18 
2022/05/19 	28.815919876098633	28.815919876098633	28.815919876098633	28.815919876098633	10	2022/05/19 
2022/05/20 	28.815919876098633	28.815919876098633	28.815919876098633	28.815919876098633	0	2022/05/20 
2022/05/23 	28.815919876098633	28.815919876098633	28.815919876098633	28.815919876098633	0	2022/05/23 
2022/05/24 	28.815919876098633	28.815919876098633	28.815919876098633	28.815919876098633	0	2022/05/24 
2022/05/25 	28.815919876098633	28.815919876098633	28.815919876098633	28.815919876098633	0	2022/05/25 
2022/05/26 	29.084388732910156	29.084388732910156	29.084388732910156	29.084388732910156	1000	2022/05/26 
2022/05/27 	28.636938095092773	28.636938095092773	28.636938095092773	28.636938095092773	3000	2022/05/27 
2022/05/30 	28.9054071964114	29.084388732910156	28.9054071964114	29.084388732910156	3040	2022/05/30 
2022/05/31 	29.084388732910156	29.084388732910156	29.084388732910156	29.084388732910156	0	2022/05/31 
2022/06/01 	28.189485549926758	28.189485549926758	28.189485549926758	28.189485549926758	150	2022/06/01 
2022/06/02 	28.189485549926758	28.189485549926758	28.189485549926758	28.189485549926758	0	2022/06/02 
2022/06/06 	28.189485549926758	28.189485549926758	28.189485549926758	28.189485549926758	0	2022/06/06 
2022/06/07 	28.189485549926758	28.189485549926758	28.189485549926758	28.189485549926758	0	2022/06/07 
2022/06/08 	28.189485549926758	28.189485549926758	28.189485549926758	28.189485549926758	0	2022/06/08 
2022/06/09 	29.084388732910156	29.084388732910156	29.084388732910156	29.084388732910156	3000	2022/06/09 
2022/06/10 	28.636937701512895	28.636937701512895	28.189485549926758	28.189485549926758	4000	2022/06/10 
2022/06/13 	29.084388732910156	29.084388732910156	29.084388732910156	29.084388732910156	3000	2022/06/13 
2022/06/14 	29.084388732910156	29.084388732910156	29.084388732910156	29.084388732910156	0	2022/06/14 
2022/06/15 	28.636938095092773	28.636938095092773	28.636938095092773	28.636938095092773	1000	2022/06/15 
2022/06/16 	29.084390168918603	29.084390168918603	28.636938012473703	28.72642707824707	6000	2022/06/16 
2022/06/17 	28.189485856028803	28.72642707824707	28.189485856028803	28.72642707824707	1020	2022/06/17 
2022/06/20 	28.726426766314525	28.726426766314525	27.742033398340617	28.189485549926758	11000	2022/06/20 
2022/06/21 	28.636938095092773	28.636938095092773	28.636938095092773	28.636938095092773	4000	2022/06/21 
2022/06/22 	28.636938095092773	28.636938095092773	28.636938095092773	28.636938095092773	0	2022/06/22 
2022/06/23 	28.01050439150481	28.636938095092773	28.01050439150481	28.636938095092773	9000	2022/06/23 
2022/06/24 	28.636938095092773	28.636938095092773	28.636938095092773	28.636938095092773	0	2022/06/24 
2022/06/27 	28.99490091011198	28.99490091011198	28.278976440429688	28.278976440429688	3000	2022/06/27 
2022/06/28 	28.95015315646952	28.95015315646952	28.72642707824707	28.72642707824707	6050	2022/06/28 
2022/06/29 	28.72642707824707	28.72642707824707	28.72642707824707	28.72642707824707	0	2022/06/29 
2022/06/30 	28.278976440429688	28.99490091011198	28.278976440429688	28.278976440429688	8000	2022/06/30 
2022/07/01 	28.278976440429688	28.278976440429688	28.278976440429688	28.278976440429688	0	2022/07/01 
2022/07/04 	28.950153239992233	28.950153239992233	28.32372124329879	28.636938095092773	6000	2022/07/04 
2022/07/05 	28.636938095092773	28.636938095092773	28.636938095092773	28.636938095092773	0	2022/07/05 
2022/07/06 	28.278976440429688	28.278976440429688	28.278976440429688	28.278976440429688	3000	2022/07/06 
2022/07/07 	28.636937977147333	28.636937977147333	28.278976593811894	28.547447204589844	8000	2022/07/07 
2022/07/08 	28.81591956396999	28.81591956396999	28.502702713012695	28.502702713012695	4000	2022/07/08 
2022/07/11 	28.502702713012695	28.502702713012695	28.502702713012695	28.502702713012695	0	2022/07/11 
2022/07/12 	28.368467366369384	28.636937977147333	28.368467366369384	28.547447204589844	12000	2022/07/12 
2022/07/13 	28.72642707824707	28.72642707824707	28.72642707824707	28.72642707824707	12	2022/07/13 
2022/07/14 	28.922513657257337	29.412725753143054	28.922513657257337	29.167619705200195	10000	2022/07/14 
2022/07/15 	29.167619705200195	29.167619705200195	29.167619705200195	29.167619705200195	0	2022/07/15 
2022/07/18 	30.00097973562244	30.197063446044922	30.00097973562244	30.197063446044922	3080	2022/07/18 
2022/07/19 	30.197063435965692	30.197063435965692	29.902936935424805	29.902936935424805	6000	2022/07/19 
2022/07/20 	29.902936935424805	29.902936935424805	29.902936935424805	29.902936935424805	0	2022/07/20 
2022/07/21 	29.11859893798828	29.11859893798828	29.11859893798828	29.11859893798828	1165	2022/07/21 
2022/07/22 	30.39314842224121	30.39314842224121	30.39314842224121	30.39314842224121	1000	2022/07/22 
2022/07/25 	30.39314842224121	30.39314842224121	30.39314842224121	30.39314842224121	0	2022/07/25 
2022/07/26 	30.39314842224121	30.39314842224121	30.39314842224121	30.39314842224121	0	2022/07/26 
2022/07/27 	30.39314842224121	30.39314842224121	30.39314842224121	30.39314842224121	0	2022/07/27 
2022/07/28 	30.39314842224121	30.39314842224121	30.39314842224121	30.39314842224121	0	2022/07/28 
2022/07/29 	29.118597784796645	30.39314842224121	29.118597784796645	30.39314842224121	200	2022/07/29 
2022/08/01 	30.39314963022868	30.39314963022868	29.4127254486084	29.4127254486084	5000	2022/08/01 
2022/08/02 	29.4127254486084	29.4127254486084	29.4127254486084	29.4127254486084	0	2022/08/02 
2022/08/03 	29.4127254486084	29.4127254486084	29.4127254486084	29.4127254486084	0	2022/08/03 
2022/08/04 	29.4127254486084	29.4127254486084	29.4127254486084	29.4127254486084	0	2022/08/04 
2022/08/05 	29.4127254486084	29.4127254486084	29.4127254486084	29.4127254486084	0	2022/08/05 
2022/08/08 	29.4127254486084	29.4127254486084	29.4127254486084	29.4127254486084	0	2022/08/08 
2022/08/09 	29.4127254486084	29.4127254486084	29.4127254486084	29.4127254486084	0	2022/08/09 
2022/08/10 	29.118599243615922	29.80489505584948	29.118599243615922	29.167619705200195	6000	2022/08/10 
2022/08/11 	29.167619705200195	29.167619705200195	29.167619705200195	29.167619705200195	0	2022/08/11 
2022/08/12 	30.29510683806451	30.29510683806451	29.4127254486084	29.4127254486084	8000	2022/08/12 
2022/08/15 	29.4127254486084	29.4127254486084	29.4127254486084	29.4127254486084	0	2022/08/15 
2022/08/16 	29.4127254486084	29.4127254486084	29.4127254486084	29.4127254486084	0	2022/08/16 
2022/08/17 	29.4127254486084	29.4127254486084	29.4127254486084	29.4127254486084	0	2022/08/17 
2022/08/18 	30.295106887817383	30.295106887817383	30.295106887817383	30.295106887817383	1000	2022/08/18 
2022/08/19 	30.295106887817383	30.295106887817383	30.295106887817383	30.295106887817383	0	2022/08/19 
2022/08/22 	30.295105927654447	30.295105927654447	29.853916181190122	30.148042678833008	9500	2022/08/22 
2022/08/23 	29.412724844503725	30.344128545917282	29.412724844503725	29.608810424804688	510	2022/08/23 
2022/08/24 	29.412724854516203	30.540212266603852	29.412724854516203	29.902936935424805	12130	2022/08/24 
2022/08/25 	29.608810434883917	29.902936935424805	29.11859835397531	29.902936935424805	17910	2022/08/25 
2022/08/26 	30.000980377197266	30.000980377197266	30.000980377197266	30.000980377197266	20	2022/08/26 
2022/08/29 	30.000980377197266	30.000980377197266	30.000980377197266	30.000980377197266	3000	2022/08/29 
2022/08/30 	30.00097912340523	30.099021911621094	30.00097912340523	30.099021911621094	3020	2022/08/30 
2022/08/31 	30.09902250554642	30.09902250554642	29.608810424804688	29.608810424804688	5000	2022/08/31 
2022/09/01 	29.608810424804688	29.608810424804688	29.608810424804688	29.608810424804688	0	2022/09/01 
2022/09/02 	29.069576611039157	29.4127254486084	29.069576611039157	29.4127254486084	3000	2022/09/02 
2022/09/05 	30.000980377197266	30.000980377197266	30.000980377197266	30.000980377197266	1	2022/09/05 
2022/09/06 	30.000980377197266	30.000980377197266	30.000980377197266	30.000980377197266	0	2022/09/06 
2022/09/07 	30.000980377197266	30.000980377197266	30.000980377197266	30.000980377197266	0	2022/09/07 
2022/09/08 	29.95195770263672	29.95195770263672	29.118598652555434	29.95195770263672	6015	2022/09/08 
2022/09/12 	29.95195770263672	29.95195770263672	29.95195770263672	29.95195770263672	0	2022/09/12 
2022/09/13 	29.95195770263672	29.95195770263672	29.95195770263672	29.95195770263672	0	2022/09/13 
2022/09/14 	29.95195770263672	29.95195770263672	29.95195770263672	29.95195770263672	0	2022/09/14 
2022/09/15 	29.95195770263672	29.95195770263672	29.95195770263672	29.95195770263672	0	2022/09/15 
2022/09/16 	29.95195770263672	29.95195770263672	29.95195770263672	29.95195770263672	20	2022/09/16 
2022/09/19 	29.95195770263672	29.95195770263672	29.95195770263672	29.95195770263672	0	2022/09/19 
2022/09/20 	29.95195770263672	29.95195770263672	29.95195770263672	29.95195770263672	0	2022/09/20 
2022/09/21 	29.95195770263672	29.95195770263672	29.95195770263672	29.95195770263672	0	2022/09/21 
2022/09/22 	29.95195770263672	29.95195770263672	29.95195770263672	29.95195770263672	0	2022/09/22 
2022/09/23 	29.95195770263672	29.95195770263672	29.95195770263672	29.95195770263672	0	2022/09/23 
2022/09/26 	28.628385561215985	28.92251205444336	28.530342773469982	28.92251205444336	11000	2022/09/26 
2022/09/27 	29.4127254486084	29.4127254486084	29.4127254486084	29.4127254486084	20	2022/09/27 
2022/09/28 	29.4127254486084	29.4127254486084	29.4127254486084	29.4127254486084	0	2022/09/28 
2022/09/29 	28.92251265782985	28.92251265782985	28.72642707824707	28.72642707824707	6000	2022/09/29 
2022/09/30 	29.02055549621582	29.02055549621582	29.02055549621582	29.02055549621582	3000	2022/09/30 
2022/10/03 	29.02055549621582	29.02055549621582	29.02055549621582	29.02055549621582	0	2022/10/03 
2022/10/04 	29.4127254486084	29.951958000495264	29.4127254486084	29.4127254486084	10020	2022/10/04 
2022/10/05 	30.197063446044922	30.197063446044922	30.197063446044922	30.197063446044922	2026	2022/10/05 
2022/10/06 	29.4127254486084	29.559788701849296	29.4127254486084	29.4127254486084	16000	2022/10/06 
2022/10/07 	29.559788701849296	29.608811032936746	29.4127254486084	29.4127254486084	10000	2022/10/07 
2022/10/11 	29.4127254486084	29.4127254486084	29.4127254486084	29.4127254486084	0	2022/10/11 
2022/10/12 	29.4127254486084	29.4127254486084	29.4127254486084	29.4127254486084	0	2022/10/12 
2022/10/13 	29.4127254486084	29.4127254486084	29.4127254486084	29.4127254486084	0	2022/10/13 
2022/10/14 	28.92251205444336	28.92251205444336	28.92251205444336	28.92251205444336	3000	2022/10/14 
2022/10/17 	28.92251205444336	28.92251205444336	28.92251205444336	28.92251205444336	0	2022/10/17 
2022/10/18 	29.51076691090874	29.51076691090874	28.92251205444336	28.92251205444336	6000	2022/10/18 
2022/10/19 	28.92251205444336	28.92251205444336	28.92251205444336	28.92251205444336	0	2022/10/19 
2022/10/20 	29.55978775024414	29.55978775024414	29.55978775024414	29.55978775024414	1	2022/10/20 
2022/10/21 	29.559788046809498	29.559788046809498	29.314682006835938	29.314682006835938	6000	2022/10/21 
2022/10/24 	29.461746215820312	29.461746215820312	29.461746215820312	29.461746215820312	2000	2022/10/24 
2022/10/25 	28.040130615234375	28.040130615234375	28.040130615234375	28.040130615234375	1000	2022/10/25 
2022/10/26 	28.040130615234375	28.040130615234375	28.040130615234375	28.040130615234375	0	2022/10/26 
2022/10/27 	28.040130615234375	28.040130615234375	28.040130615234375	28.040130615234375	0	2022/10/27 
2022/10/28 	29.4127254486084	29.4127254486084	29.4127254486084	29.4127254486084	1000	2022/10/28 
2022/10/31 	29.4127254486084	29.4127254486084	29.4127254486084	29.4127254486084	2020	2022/10/31 
2022/11/01 	29.461746215820312	29.461746215820312	29.461746215820312	29.461746215820312	200	2022/11/01 
2022/11/02 	29.46174595447981	30.000980377197266	29.41272549332855	30.000980377197266	40000	2022/11/02 
2022/11/03 	30.000980377197266	30.000980377197266	30.000980377197266	30.000980377197266	0	2022/11/03 
2022/11/04 	30.000980377197266	30.000980377197266	30.000980377197266	30.000980377197266	0	2022/11/04 
2022/11/07 	30.19706275891026	30.393148334881495	29.510766983032227	29.510766983032227	3000	2022/11/07 
2022/11/08 	29.510766983032227	29.510766983032227	29.510766983032227	29.510766983032227	0	2022/11/08 
2022/11/09 	29.510766983032227	29.510766983032227	29.510766983032227	29.510766983032227	0	2022/11/09 
2022/11/10 	29.608809787582054	29.804893493652344	29.608809787582054	29.804893493652344	4000	2022/11/10 
2022/11/11 	29.5597874585565	29.804893493652344	29.5597874585565	29.804893493652344	3000	2022/11/11 
2022/11/14 	29.510768244883575	29.706851959228516	29.510768244883575	29.706851959228516	2000	2022/11/14 
2022/11/15 	29.706851959228516	29.706851959228516	29.706851959228516	29.706851959228516	0	2022/11/15 
2022/11/16 	29.608810424804688	29.608810424804688	29.608810424804688	29.608810424804688	2000	2022/11/16 
2022/11/17 	29.902936935424805	29.902936935424805	29.902936935424805	29.902936935424805	3000	2022/11/17 
2022/11/18 	29.902936935424805	29.902936935424805	29.902936935424805	29.902936935424805	1000	2022/11/18 
2022/11/21 	29.902936935424805	29.902936935424805	29.902936935424805	29.902936935424805	0	2022/11/21 
2022/11/22 	29.902936935424805	29.902936935424805	29.902936935424805	29.902936935424805	0	2022/11/22 
2022/11/23 	29.902936935424805	29.902936935424805	29.902936935424805	29.902936935424805	0	2022/11/23 
2022/11/24 	29.902936935424805	29.902936935424805	29.902936935424805	29.902936935424805	0	2022/11/24 
2022/11/25 	30.4421688813696	31.030423740963496	30.295105633973787	30.39314842224121	22000	2022/11/25 
2022/11/28 	30.39314842224121	30.39314842224121	30.39314842224121	30.39314842224121	0	2022/11/28 
2022/11/29 	30.39314842224121	30.39314842224121	30.39314842224121	30.39314842224121	0	2022/11/29 
2022/11/30 	30.295105633973787	30.39314842224121	30.295105633973787	30.39314842224121	5000	2022/11/30 
2022/12/01 	30.000980377197266	30.000980377197266	30.000980377197266	30.000980377197266	1000	2022/12/01 
2022/12/02 	30.000979139182164	30.39314842224121	30.000979139182164	30.39314842224121	2000	2022/12/02 
2022/12/05 	30.39314842224121	30.39314842224121	30.39314842224121	30.39314842224121	0	2022/12/05 
2022/12/06 	30.39314842224121	30.39314842224121	30.39314842224121	30.39314842224121	0	2022/12/06 
2022/12/07 	30.442169189453125	30.442169189453125	30.442169189453125	30.442169189453125	1000	2022/12/07 
2022/12/08 	30.442169189453125	30.442169189453125	30.442169189453125	30.442169189453125	0	2022/12/08 
2022/12/09 	30.442169189453125	30.442169189453125	30.442169189453125	30.442169189453125	0	2022/12/09 
2022/12/12 	31.275529861450195	31.275529861450195	31.275529861450195	31.275529861450195	1020	2022/12/12 
2022/12/13 	31.275529861450195	31.275529861450195	31.275529861450195	31.275529861450195	0	2022/12/13 
2022/12/14 	31.373573303222656	31.373573303222656	31.373573303222656	31.373573303222656	3000	2022/12/14 
2022/12/15 	31.471614837646484	31.471614837646484	31.471614837646484	31.471614837646484	1	2022/12/15 
2022/12/16 	30.589235305786133	30.589235305786133	30.589235305786133	30.589235305786133	1	2022/12/16 
2022/12/19 	30.589235305786133	30.589235305786133	30.589235305786133	30.589235305786133	1000	2022/12/19 
2022/12/20 	30.981404605601703	30.981404605601703	30.393149720872984	30.589235305786133	9000	2022/12/20 
2022/12/21 	30.981403350830078	30.981403350830078	30.981403350830078	30.981403350830078	2000	2022/12/21 
2022/12/22 	30.981403350830078	30.981403350830078	30.981403350830078	30.981403350830078	3000	2022/12/22 
2022/12/23 	30.981403350830078	30.981403350830078	30.981403350830078	30.981403350830078	0	2022/12/23 
2022/12/26 	30.981403350830078	30.981403350830078	30.981403350830078	30.981403350830078	0	2022/12/26 
2022/12/27 	30.981403350830078	30.981403350830078	30.981403350830078	30.981403350830078	0	2022/12/27 
2022/12/28 	30.981403350830078	31.37357263476248	30.981403350830078	30.981403350830078	13000	2022/12/28 
2022/12/29 	30.981403350830078	30.981403350830078	30.981403350830078	30.981403350830078	0	2022/12/29 
2022/12/30 	30.981403350830078	30.981403350830078	30.981403350830078	30.981403350830078	0	2022/12/30 
2023/01/03 	30.88336115547792	30.88336115547792	30.44216953382396	30.491191864013672	7000	2023/01/03 
2023/01/04 	30.442170188464324	31.177488327026367	30.442170188464324	31.177488327026367	1100	2023/01/04 
2023/01/05 	31.177488327026367	31.177488327026367	31.177488327026367	31.177488327026367	0	2023/01/05 
2023/01/06 	30.442169189453125	30.442169189453125	30.442169189453125	30.442169189453125	6000	2023/01/06 
2023/01/09 	30.39314912878694	31.07944679260254	30.39314912878694	31.07944679260254	3002	2023/01/09 
2023/01/10 	31.07944679260254	31.07944679260254	31.07944679260254	31.07944679260254	1	2023/01/10 
2023/01/11 	31.07944679260254	31.07944679260254	31.07944679260254	31.07944679260254	1	2023/01/11 
2023/01/12 	30.39314912878694	31.07944679260254	30.39314912878694	31.07944679260254	51	2023/01/12 
2023/01/13 	31.07944679260254	31.07944679260254	31.07944679260254	31.07944679260254	1001	2023/01/13 
2023/01/16 	30.883361822745623	31.471614837646484	30.883361822745623	31.471614837646484	73	2023/01/16 
2023/01/17 	31.47161386559072	31.47161386559072	30.491191581034435	31.030424118041992	3003	2023/01/17 
2023/01/30 	31.47161363507621	31.863784790039062	30.883360642653244	31.863784790039062	7002	2023/01/30 
2023/01/31 	31.716720581054688	31.716720581054688	31.37357361564217	31.716720581054688	3022	2023/01/31 
2023/02/01 	31.716720581054688	31.716720581054688	31.716720581054688	31.716720581054688	10	2023/02/01 
2023/02/02 	31.667699813842773	31.667699813842773	31.667699813842773	31.667699813842773	1000	2023/02/02 
2023/02/03 	31.716720581054688	31.716720581054688	31.716720581054688	31.716720581054688	3	2023/02/03 
2023/02/06 	30.834340103106758	31.716719589446672	30.834340103106758	30.981403350830078	5000	2023/02/06 
2023/02/07 	31.814764330674034	31.863784790039062	30.981403431393957	31.863784790039062	311	2023/02/07 
2023/02/08 	31.86378538608551	31.91280584636752	31.22651005236594	31.373573303222656	20000	2023/02/08 
2023/02/09 	31.7167202652181	31.7167202652181	31.07944680150922	31.373573303222656	10101	2023/02/09 
2023/02/10 	31.71672028289486	32.3539974869803	31.71672028289486	31.96182632446289	28000	2023/02/10 
2023/02/13 	31.96182632446289	31.96182632446289	31.96182632446289	31.96182632446289	0	2023/02/13 
2023/02/14 	33.33442176354813	33.33442176354813	33.138336181640625	33.138336181640625	6000	2023/02/14 
2023/02/15 	33.38344352757122	33.38344352757122	32.697145834107204	33.33442306518555	4520	2023/02/15 
2023/02/16 	32.452039782157314	33.33442306518555	32.403019319771644	33.33442306518555	7000	2023/02/16 
2023/02/17 	32.64812280686688	33.33442044641497	32.403016774172656	32.9422492980957	37000	2023/02/17 
2023/02/20 	33.43246134092342	34.95212173461914	33.040293932890044	34.95212173461914	35100	2023/02/20 
2023/02/21 	35.78548049926758	36.07960698824361	34.805056375999975	35.78548049926758	28701	2023/02/21 
2023/02/22 	35.78548026070265	36.618839263916016	35.295268202336864	36.618839263916016	31102	2023/02/22 
2023/02/23 	35.78548049926758	36.61883950803655	35.29526843763377	35.78548049926758	13000	2023/02/23 
2023/02/24 	35.58939804823491	35.73646317563295	35.099185943603516	35.099185943603516	9100	2023/02/24 
2023/03/01 	35.099185943603516	35.099185943603516	35.099185943603516	35.099185943603516	0	2023/03/01 
2023/03/02 	35.589396102151845	35.589396102151845	34.608971946500155	34.805057525634766	13000	2023/03/02 
2023/03/03 	35.58939743041992	35.58939743041992	35.58939743041992	35.58939743041992	1500	2023/03/03 
2023/03/06 	35.58939671511305	35.58939671511305	34.118760456306546	34.31484603881836	14500	2023/03/06 
2023/03/07 	34.51093162133018	34.51093162133018	34.31484603881836	34.31484603881836	4002	2023/03/07 
2023/03/08 	34.80505679788385	34.80505679788385	34.11875915527344	34.11875915527344	2042	2023/03/08 
2023/03/09 	35.29526901245117	35.63841596517482	34.11875929736521	35.29526901245117	25001	2023/03/09 
2023/03/10 	34.60897162577484	35.29526927637529	34.461910247802734	34.461910247802734	8000	2023/03/10 
2023/03/13 	35.393310546875	35.393310546875	35.393310546875	35.393310546875	1	2023/03/13 
2023/03/14 	35.3933124668993	35.3933124668993	34.3148473324592	34.51093292236328	4121	2023/03/14 
2023/03/15 	35.393310546875	35.393310546875	35.393310546875	35.393310546875	3000	2023/03/15 
2023/03/16 	34.805057525634766	34.805057525634766	34.805057525634766	34.805057525634766	1000	2023/03/16 
2023/03/17 	34.903099060058594	34.903099060058594	34.903099060058594	34.903099060058594	3000	2023/03/17 
2023/03/20 	34.21680603178784	34.90309997888368	34.167781829833984	34.167781829833984	4000	2023/03/20 
2023/03/21 	34.80505812508719	35.34429067197863	34.31484603881836	34.31484603881836	9001	2023/03/21 
2023/03/22 	35.29527122498133	35.34429168701172	35.099185636838236	35.34429168701172	7000	2023/03/22 
2023/03/23 	35.099185943603516	35.099185943603516	35.099185943603516	35.099185943603516	3000	2023/03/23 
2023/03/24 	35.099185943603516	35.099185943603516	35.099185943603516	35.099185943603516	0	2023/03/24 
2023/03/27 	35.099185943603516	35.099185943603516	35.099185943603516	35.099185943603516	0	2023/03/27 
2023/03/28 	35.099185943603516	35.099185943603516	35.099185943603516	35.099185943603516	0	2023/03/28 
2023/03/29 	35.29526901245117	35.29526901245117	35.29526901245117	35.29526901245117	5005	2023/03/29 
2023/03/30 	35.39330993036614	35.39330993036614	34.657991825940066	35.29526901245117	15000	2023/03/30 
2023/03/31 	35.29526901245117	35.29526901245117	35.29526901245117	35.29526901245117	3002	2023/03/31 
2023/04/06 	35.295268978171954	35.295268978171954	34.70701599121094	34.70701599121094	6000	2023/04/06 
2023/04/07 	34.70701599121094	34.70701599121094	34.70701599121094	34.70701599121094	0	2023/04/07 
2023/04/10 	35.442333508542795	35.442333508542795	34.95212144751189	35.197227478027344	11025	2023/04/10 
2023/04/11 	35.197227478027344	35.197227478027344	35.197227478027344	35.197227478027344	0	2023/04/11 
2023/04/12 	34.85407650895102	35.44233322143555	34.85407650895102	35.44233322143555	10155	2023/04/12 
2023/04/13 	35.4423353471835	35.4423353471835	34.903099060058594	34.903099060058594	13025	2023/04/13 
2023/04/14 	35.29526901245117	35.687440164153585	35.099183436599965	35.29526901245117	26050	2023/04/14 
2023/04/17 	35.73646255526498	36.177654189778664	35.58939743041992	35.58939743041992	17000	2023/04/17 
2023/04/18 	35.14820647142644	35.88352462974098	35.14820647142644	35.687442779541016	7000	2023/04/18 
2023/04/19 	35.63841538476895	36.22667210274224	35.54037446845068	35.78548049926758	13095	2023/04/19 
2023/04/20 	35.29526839422504	35.49135396664164	35.197227478027344	35.197227478027344	21000	2023/04/20 
2023/04/21 	35.099185943603516	35.099185943603516	35.099185943603516	35.099185943603516	1000	2023/04/21 
2023/04/24 	35.93254852294922	35.93254852294922	35.93254852294922	35.93254852294922	201	2023/04/24 
2023/04/25 	35.93254852294922	35.93254852294922	35.93254852294922	35.93254852294922	0	2023/04/25 
2023/04/26 	36.27569450037779	36.27569450037779	35.63841729017339	36.07960891723633	25000	2023/04/26 
2023/04/27 	35.883523715391355	36.422760009765625	35.883523715391355	36.422760009765625	15072	2023/04/27 
2023/04/28 	36.422760009765625	36.422760009765625	35.883523715391355	36.422760009765625	11001	2023/04/28 
2023/05/02 	36.422760009765625	36.422760009765625	36.07960930061641	36.422760009765625	7200	2023/05/02 
2023/05/03 	36.07960771639861	36.471778869628906	36.07960771639861	36.471778869628906	8608	2023/05/03 
2023/05/04 	36.2266728338653	36.61884024707429	36.2266728338653	36.471778869628906	10033	2023/05/04 
2023/05/05 	36.76590536454097	36.76590536454097	36.27569329301376	36.471778869628906	12000	2023/05/05 
2023/05/08 	36.471778869628906	36.471778869628906	36.471778869628906	36.471778869628906	0	2023/05/08 
2023/05/09 	36.17765426635742	36.47178077664864	36.17765426635742	36.17765426635742	4500	2023/05/09 
2023/05/10 	36.17765426635742	36.17765426635742	36.17765426635742	36.17765426635742	0	2023/05/10 
2023/05/11 	36.17765426635742	36.17765426635742	36.17765426635742	36.17765426635742	1500	2023/05/11 
2023/05/12 	36.12862876264767	36.27569388250421	35.9815673828125	35.9815673828125	18001	2023/05/12 
2023/05/15 	35.83450415790257	36.27569580078125	35.83450415790257	36.27569580078125	11049	2023/05/15 
2023/05/16 	35.589397207564495	36.422760009765625	35.589397207564495	36.422760009765625	6139	2023/05/16 
2023/05/17 	35.834504167190985	35.98156929486252	35.687442779541016	35.687442779541016	23000	2023/05/17 
2023/05/18 	35.83450286136314	35.83450286136314	35.491355895996094	35.491355895996094	6501	2023/05/18 
2023/05/19 	35.49135650720421	35.58939743041992	35.393311843967005	35.58939743041992	13000	2023/05/19 
2023/05/22 	35.34428947140865	35.58939550621734	35.29526901245117	35.29526901245117	4850	2023/05/22 
2023/05/23 	35.29527092075129	35.58939743041992	34.65799369978469	35.58939743041992	13200	2023/05/23 
2023/05/24 	36.079610219962504	36.079610219962504	35.589398114419474	35.687442779541016	20000	2023/05/24 
2023/05/25 	36.079610219962504	36.079610219962504	35.29527159909797	35.687442779541016	9200	2023/05/25 
2023/05/26 	36.030587842757555	36.07960830270262	35.295269723517606	35.9815673828125	41020	2023/05/26 
2023/05/29 	36.22667332375349	36.22667332375349	35.19722870762956	35.393310546875	18006	2023/05/29 
2023/05/30 	35.09918443476995	35.7364616394043	35.09918443476995	35.7364616394043	197	2023/05/30 
2023/05/31 	35.099183756789245	35.6384162902832	35.099183756789245	35.6384162902832	31125	2023/05/31 
2023/06/01 	35.34428947140865	35.34428947140865	35.29526901245117	35.29526901245117	4000	2023/06/01 
2023/06/02 	35.63841658595314	35.63841658595314	34.90309846871872	35.393310546875	24000	2023/06/02 
2023/06/05 	35.29526930588942	35.393310224619476	35.05016326904297	35.05016326904297	11002	2023/06/05 
2023/06/06 	35.44233666085842	35.44233666085842	34.756038966370156	35.099185943603516	29000	2023/06/06 
2023/06/07 	35.44233455345168	36.2266731262207	34.167780165178016	36.2266731262207	68370	2023/06/07 
2023/06/08 	36.275692777422805	40.393474867729104	36.275692777422805	40.14836883544922	251009	2023/06/08 
2023/06/09 	40.19739078555569	40.39347636666024	38.53066895619911	38.9228401184082	165589	2023/06/09 
2023/06/12 	38.92283993761613	40.834667799467844	38.82479527750857	40.34445571899414	261392	2023/06/12 
2023/06/13 	40.34445571899414	40.78564359940338	39.85424363852044	40.34445571899414	166997	2023/06/13 
2023/06/14 	40.295433044433594	40.34445724635402	39.46207397208755	40.295433044433594	42296	2023/06/14 
2023/06/15 	40.09934986501411	40.09934986501411	38.33458337509456	38.9228401184082	96300	2023/06/15 
2023/06/16 	39.21696638290295	39.21696638290295	36.37373482413395	36.569820404052734	126198	2023/06/16 
2023/06/19 	36.56981875816737	37.20709592921637	35.98156578490767	36.03058624267578	50700	2023/06/19 
2023/06/20 	36.61884146585928	36.61884146585928	34.46191127136747	36.07960891723633	115918	2023/06/20 
2023/06/21 	32.35399920518956	34.314847641867715	32.01085222477952	34.26582717895508	1053000	2023/06/21 
2023/06/26 	33.92267446544923	34.26582516571957	32.99127450476734	33.38344192504883	444000	2023/06/26 
2023/06/27 	33.23637923963242	33.82463221696241	33.08931412528931	33.187355041503906	209000	2023/06/27 
2023/06/28 	33.43246136348416	33.43246136348416	32.9422492980957	32.9422492980957	157000	2023/06/28 
2023/06/29 	32.99127639609182	33.33442337601273	32.84421126754196	33.089317321777344	133000	2023/06/29 
2023/06/30 	33.33442337601273	33.33442337601273	33.04029685893458	33.089317321777344	120000	2023/06/30 
2023/07/03 	33.18735562441308	33.18735562441308	32.6481230957192	32.6971435546875	177000	2023/07/03 
2023/07/04 	32.79518850718184	32.844208966590394	32.4520378112793	32.4520378112793	95000	2023/07/04 
2023/07/05 	32.25595565021966	32.304976109136696	31.961825416674873	32.108890533447266	125000	2023/07/05 
2023/07/06 	32.20693275516753	33.23638113420857	32.20693275516753	32.30497741699219	96000	2023/07/06 
2023/07/07 	32.30497519996908	32.55008122767747	32.25595474243164	32.25595474243164	68000	2023/07/07 
2023/07/10 	32.3049763896227	32.3049763896227	31.471613620712326	31.569658279418945	108000	2023/07/10 
2023/07/11 	31.56965711684393	32.25595474243164	31.12846551896461	32.25595474243164	144000	2023/07/11 
2023/07/12 	32.25595587677284	32.25595587677284	31.12846661365553	31.275529861450195	104000	2023/07/12 
2023/07/13 	29.412724564715127	30.3931487168723	29.412724564715127	30.148042678833008	81000	2023/07/13 
2023/07/14 	32.59910276002495	32.59910276002495	29.510767083077344	30.687274932861328	142000	2023/07/14 
2023/07/17 	30.295105618042175	30.491191194473906	30.099021911621094	30.099021911621094	61000	2023/07/17 
2023/07/18 	30.246085403288948	30.246085403288948	29.51076729074551	29.55978775024414	42000	2023/07/18 
2023/07/19 	29.951957385315353	29.951957385315353	29.559788094724105	29.608810424804688	84000	2023/07/19 
2023/07/20 	29.902936925245452	29.902936925245452	29.559788094724105	29.608810424804688	61000	2023/07/20 
2023/07/21 	29.608811378830154	30.246086730325914	29.608811378830154	29.755874633789062	63000	2023/07/21 
2023/07/24 	29.755873391972273	30.197063138436597	29.755873391972273	30.148042678833008	15000	2023/07/24 
2023/07/25 	30.148042386577977	30.687274917032834	30.148042386577977	30.39314842224121	40000	2023/07/25 
2023/07/26 	30.442169476419995	30.442169476419995	29.902936935424805	29.902936935424805	36000	2023/07/26 
2023/07/27 	30.197064139148488	31.079447401340104	30.197064139148488	30.88336181640625	163000	2023/07/27 
2023/07/28 	31.07944613931584	31.37357263476248	30.981403350830078	30.981403350830078	39000	2023/07/28 
2023/07/31 	31.1284681704917	31.37357421907825	30.932382583618164	30.932382583618164	54000	2023/07/31 
2023/08/01 	31.177488632204714	31.177488632204714	30.638256073318605	30.932382583618164	36000	2023/08/01 
2023/08/02 	31.569658827815637	31.569658827815637	30.393149083048208	30.78531837463379	40000	2023/08/02 
2023/08/04 	30.29510723065521	30.393150024089906	30.29510723065521	30.34412956237793	13000	2023/08/04 
2023/08/07 	30.29510692841641	30.589235305786133	30.099023213513988	30.589235305786133	23000	2023/08/07 
2023/08/08 	30.393150024089906	30.393150024089906	30.34412956237793	30.34412956237793	22000	2023/08/08 
2023/08/09 	30.099021927449588	30.39314842224121	30.099021927449588	30.39314842224121	50000	2023/08/09 
2023/08/10 	30.246085468050858	30.246085468050858	30.148042678833008	30.148042678833008	27000	2023/08/10 
2023/08/11 	30.148042975879108	30.148042975879108	29.902936935424805	29.902936935424805	7000	2023/08/11 
2023/08/14 	29.90293753941854	29.90293753941854	28.92251335779826	29.4127254486084	40000	2023/08/14 
2023/08/15 	29.412724264120687	30.099021911621094	29.412724264120687	30.099021911621094	33000	2023/08/15 
2023/08/16 	29.4127254486084	29.559788701849296	29.4127254486084	29.4127254486084	32000	2023/08/16 
2023/08/17 	29.902936935424805	29.902936935424805	29.70685135505709	29.902936935424805	14000	2023/08/17 
2023/08/18 	30.344127963112825	30.39314842224121	29.90293635091474	30.39314842224121	29000	2023/08/18 
2023/08/21 	30.736298866105972	30.736298866105972	30.34412956237793	30.34412956237793	14000	2023/08/21 
2023/08/22 	30.00097973562244	30.58923460691125	29.559788114653163	30.197063446044922	23000	2023/08/22 
2023/08/23 	30.197062845706363	30.540211669637024	29.853915891786354	30.39314842224121	24000	2023/08/23 
2023/08/24 	30.00097978218069	30.491191864013672	30.00097978218069	30.491191864013672	44000	2023/08/24 
2023/08/25 	30.883362121252645	30.883362121252645	30.09902351379656	30.34412956237793	29000	2023/08/25 
2023/08/28 	30.34412794715543	30.589233982689773	30.099021911621094	30.099021911621094	8000	2023/08/28 
2023/08/29 	30.09902251579252	30.344128556246822	29.902936935424805	29.902936935424805	7000	2023/08/29 
2023/08/30 	30.197063138436597	30.197063138436597	30.049999889615155	30.148042678833008	7000	2023/08/30 
2023/08/31 	30.099021911621094	30.099021911621094	30.099021911621094	30.099021911621094	28000	2023/08/31 
2023/09/01 	30.589233982689773	30.589233982689773	30.099021911621094	30.099021911621094	16000	2023/09/01 
2023/09/04 	30.344127963112825	30.491191210508635	29.95195681004313	30.39314842224121	35000	2023/09/04 
2023/09/05 	30.099021911621094	30.19706282982631	30.099021911621094	30.099021911621094	14000	2023/09/05 
2023/09/06 	29.902937584884025	30.344129215288245	29.902937584884025	30.000980377197266	80000	2023/09/06 
2023/09/07 	30.14804393772099	30.14804393772099	29.902937889446836	30.05000114440918	203000	2023/09/07 
2023/09/08 	30.050000838348524	30.050000838348524	30.000980377197266	30.000980377197266	6000	2023/09/08 
2023/09/11 	30.246085766062965	30.246085766062965	29.51076764470006	29.902936935424805	21000	2023/09/11 
2023/09/12 	29.902937584884025	30.148043630661764	29.706852000257545	30.000980377197266	9000	2023/09/12 
2023/09/13 	30.344129215288245	30.344129215288245	29.51076828564179	30.000980377197266	15000	2023/09/13 
2023/09/14 	30.00098007727805	30.24608612060547	29.951957746606144	30.24608612060547	15000	2023/09/14 
2023/09/15 	30.049999528748184	30.14804231678865	29.804893493652344	29.804893493652344	17000	2023/09/15 
2023/09/18 	29.804894792570785	30.050000838348524	29.804894792570785	30.000980377197266	10000	2023/09/18 
2023/09/19 	29.902936935424805	30.09902251579252	29.902936935424805	29.902936935424805	23000	2023/09/19 
2023/09/20 	29.95195770263672	30.0500004938259	29.95195770263672	29.95195770263672	30000	2023/09/20 
2023/09/21 	29.902937584884025	30.000980377197266	29.902937584884025	30.000980377197266	22000	2023/09/21 
2023/09/22 	29.804893493652344	30.14804231678865	29.755873034637432	29.804893493652344	12000	2023/09/22 
2023/09/25 	29.608810731439036	29.853916774348264	29.608810731439036	29.6578311920166	12000	2023/09/25 
2023/09/26 	29.75587429032279	29.75587429032279	29.706851959228516	29.706851959228516	22000	2023/09/26 
2023/09/27 	29.706851344944486	29.706851344944486	29.608810424804688	29.608810424804688	24000	2023/09/27 
2023/09/28 	29.608810731439036	29.706851652594164	29.510767940273205	29.6578311920166	24000	2023/09/28 
2023/10/02 	29.755874286177644	29.755874286177644	29.4127254486084	29.4127254486084	7000	2023/10/02 
2023/10/03 	30.0499998252731	30.0499998252731	29.51076729074551	29.55978775024414	31000	2023/10/03 
2023/10/04 	29.70685068899282	29.70685068899282	29.510766983032227	29.510766983032227	32000	2023/10/04 
2023/10/05 	29.51076729074551	29.55978775024414	29.51076729074551	29.55978775024414	25000	2023/10/05 
2023/10/06 	29.461745909685124	29.461745909685124	29.4127254486084	29.4127254486084	29000	2023/10/06 
2023/10/11 	29.4127254486084	29.4127254486084	29.4127254486084	29.4127254486084	0	2023/10/11 
2023/10/12 	29.41272514196214	29.4617456025278	29.363704681396484	29.363704681396484	19000	2023/10/12 
2023/10/13 	29.363704983358517	29.363704983358517	29.11859893798828	29.11859893798828	21000	2023/10/13 
2023/10/16 	29.216639860127795	29.26566219120828	29.11859893798828	29.11859893798828	30000	2023/10/16 
2023/10/17 	28.432300338460127	29.265661239624023	28.432300338460127	29.265661239624023	3000	2023/10/17 
2023/10/18 	29.265661239624023	29.265661239624023	29.265661239624023	29.265661239624023	4000	2023/10/18 
2023/10/19 	29.26566249727166	29.26566249727166	28.726428069811337	28.873493194580078	27000	2023/10/19 
2023/10/20 	28.530344009399414	28.824470515368294	28.530344009399414	28.530344009399414	34000	2023/10/20 
2023/10/23 	28.530342773469982	29.363703664295056	28.481320444591663	28.92251205444336	18000	2023/10/23 
2023/10/24 	28.579364816135186	29.167619705200195	28.530344354550913	29.167619705200195	10000	2023/10/24 
2023/10/25 	29.118597991185844	29.265661239624023	28.922512413261163	29.265661239624023	15000	2023/10/25 
2023/10/26 	28.873492551454863	29.167619054419518	28.726427429961834	29.069576263427734	18000	2023/10/26 
2023/10/27 	29.069575907511595	29.069575907511595	28.62838615846636	28.72642707824707	11000	2023/10/27 
2023/10/30 	28.726426770400185	29.167618384728065	28.677406311035156	28.677406311035156	20000	2023/10/30 
2023/10/31 	28.87349254377332	28.87349254377332	28.628386501364414	28.775449752807617	16000	2023/10/31 
2023/11/01 	28.775450100467804	29.363704983358517	28.677407308317566	29.11859893798828	8000	2023/11/01 
2023/11/02 	29.06957595618826	29.06957595618826	28.72642712634914	29.02055549621582	20000	2023/11/02 
2023/11/03 	28.824469266697353	28.92251205444336	28.628385561215985	28.92251205444336	8000	2023/11/03 
2023/11/06 	28.72642772801051	28.8734928510294	28.57936447500234	28.82447052001953	13000	2023/11/06 
2023/11/07 	28.726428069811337	28.873493194580078	28.628387146646496	28.873493194580078	27000	2023/11/07 
2023/11/08 	28.873493194580078	28.873493194580078	28.628387146646496	28.873493194580078	15000	2023/11/08 
2023/11/09 	29.314681317607043	29.314681317607043	28.628385543823242	28.628385543823242	22000	2023/11/09 
2023/11/10 	28.726427422319418	28.971533464728324	28.628386501364414	28.775449752807617	15000	2023/11/10 
2023/11/13 	28.87349157803402	28.87349157803402	28.628385543823242	28.628385543823242	13000	2023/11/13 
2023/11/14 	28.726426755817354	28.726426755817354	28.38327980041504	28.38327980041504	24000	2023/11/14 
2023/11/15 	28.873491888516583	28.873491888516583	28.040130989236506	28.677406311035156	44000	2023/11/15 
2023/11/16 	28.481321636043813	28.726427680656965	28.040131877746575	28.236215591430664	57000	2023/11/16 
2023/11/17 	28.481320719095326	28.481320719095326	28.236214682373298	28.38327980041504	14000	2023/11/17 
2023/11/20 	28.775448734583158	28.775448734583158	28.334257125854492	28.334257125854492	6000	2023/11/20 
2023/11/21 	28.432300259755184	28.432300259755184	28.04013097500207	28.38327980041504	37000	2023/11/21 
2023/11/22 	28.236214682373298	28.432300259755184	28.04013097500207	28.38327980041504	23000	2023/11/22 
2023/11/23 	28.334258075386447	28.334258075386447	28.18719482421875	28.18719482421875	8000	2023/11/23 
2023/11/24 	28.383281059029716	28.383281059029716	28.138175011438825	28.28523826599121	10000	2023/11/24 
2023/11/27 	28.383280096283862	28.383280096283862	28.138174057006836	28.138174057006836	20000	2023/11/27 
2023/11/28 	28.334258075386447	28.334258075386447	28.08915203343672	28.18719482421875	11000	2023/11/28 
2023/11/29 	28.33425749953968	29.167618399234218	28.1871942513608	28.971532821655273	30000	2023/11/29 
2023/11/30 	28.530342756136804	28.87349157803402	28.432299968450366	28.628385543823242	13000	2023/11/30 
2023/12/01 	28.62838680139261	28.87349284637025	28.432301217406213	28.530344009399414	25000	2023/12/01 
2023/12/04 	28.432301560295336	29.069576910920496	28.432301560295336	28.873493194580078	16000	2023/12/04 
2023/12/05 	28.72642772801051	28.82447052001953	28.43230122199417	28.82447052001953	13000	2023/12/05 
2023/12/06 	28.824469249185483	28.824469249185483	28.334257180763927	28.628385543823242	11000	2023/12/06 
2023/12/07 	28.43230152205114	28.579364776611328	28.187195474447254	28.579364776611328	9000	2023/12/07 
2023/12/08 	28.334257180763927	28.628385543823242	28.334257180763927	28.628385543823242	23000	2023/12/08 
2023/12/11 	28.677406311035156	28.726426770400185	28.48132073355373	28.677406311035156	16000	2023/12/11 
2023/12/12 	28.432301217406213	28.579364470390654	28.432301217406213	28.530344009399414	4000	2023/12/12 
2023/12/13 	28.873492498081063	28.873492498081063	28.481321334838867	28.481321334838867	18000	2023/12/13 
2023/12/14 	28.334258425413015	28.92251330736149	28.334258425413015	28.530344009399414	27000	2023/12/14 
2023/12/15 	28.62838615846636	28.72642707824707	28.579363828565324	28.72642707824707	10000	2023/12/15 
2023/12/18 	28.87349224628782	29.02055549621582	28.481321086465577	29.02055549621582	38000	2023/12/18 
2023/12/19 	28.971533464728324	28.971533464728324	28.530343710398714	28.775449752807617	9000	2023/12/19 
2023/12/20 	28.726426835336486	29.265661239624023	28.726426835336486	29.265661239624023	55000	2023/12/20 
2023/12/21 	28.97153381475756	29.26566219120828	28.97153381475756	29.11859893798828	19000	2023/12/21 
2023/12/22 	29.60881133950164	29.60881133950164	29.118599243615922	29.167619705200195	20000	2023/12/22 
2023/12/25 	29.216639216844374	29.314682006835938	29.069575966862374	29.314682006835938	29000	2023/12/25 
2023/12/26 	29.16761940320333	29.461745909685124	29.16761940320333	29.4127254486084	29000	2023/12/26 
2023/12/27 	29.314682656444226	29.4127254486084	29.16761940320333	29.4127254486084	26000	2023/12/27 
2023/12/28 	29.21664016678447	29.21664016678447	29.167619705200195	29.167619705200195	13000	2023/12/28 
2023/12/29 	29.265660964445747	29.90293628169281	29.265660964445747	29.804893493652344	70000	2023/12/29 
2024/01/02 	29.804894751406344	29.902937543584176	29.510768244883575	29.706851959228516	17000	2024/01/02 
2024/01/03 	29.412725452705747	29.706851959228516	28.824470569649485	29.706851959228516	60000	2024/01/03 
2024/01/04 	28.824470565634087	29.559788701849296	28.824470565634087	29.4127254486084	32000	2024/01/04 
2024/01/05 	29.216639864280054	29.4127254486084	29.069576611039157	29.4127254486084	30000	2024/01/05 
2024/01/08 	29.265661239624023	29.363704028586362	29.265661239624023	29.265661239624023	19000	2024/01/08 
2024/01/09 	29.314682656444226	29.4127254486084	29.265662195367504	29.4127254486084	76000	2024/01/09 
2024/01/10 	29.167619399058037	29.26566219120828	29.11859893798828	29.11859893798828	6000	2024/01/10 
2024/01/11 	29.118598942126606	29.4127254486084	29.118598942126606	29.4127254486084	44000	2024/01/11 
2024/01/12 	29.216639559678114	29.363704681396484	28.82447026512076	29.363704681396484	17000	2024/01/12 
2024/01/15 	29.363704681396484	29.363704681396484	29.363704681396484	29.363704681396484	0	2024/01/15 
2024/01/16 	29.363704681396484	29.363704681396484	29.314682350820128	29.363704681396484	38000	2024/01/16 
2024/01/17 	29.363704681396484	29.510767933104155	29.26566189025447	29.363704681396484	39000	2024/01/17 
2024/01/18 	29.363704681396484	29.363704681396484	29.314682350820128	29.363704681396484	47000	2024/01/18 
2024/01/19 	29.314682656444226	29.4127254486084	29.02055614996243	29.4127254486084	41000	2024/01/19 
2024/01/22 	29.363704681396484	29.363704681396484	29.363704681396484	29.363704681396484	2000	2024/01/22 
2024/01/23 	28.48132143112906	29.363704681396484	28.48132143112906	29.363704681396484	47000	2024/01/23 
2024/01/24 	29.363704987531676	29.4127254486084	29.265662195367504	29.4127254486084	34000	2024/01/24 
2024/01/25 	29.363704681396484	29.363704681396484	29.363704681396484	29.363704681396484	23000	2024/01/25 
2024/01/26 	29.363705292648124	29.461746215820312	29.31468296105129	29.461746215820312	41000	2024/01/26 
2024/01/29 	29.363704681396484	29.363704681396484	29.363704681396484	29.363704681396484	23000	2024/01/29 
2024/01/30 	29.363704681396484	29.41272514196214	29.363704681396484	29.363704681396484	44000	2024/01/30 
2024/01/31 	29.363704987531676	29.461745909685124	29.363704987531676	29.4127254486084	44000	2024/01/31 
2024/02/01 	29.363704681396484	29.363704681396484	28.922513056262773	29.363704681396484	33000	2024/02/01 
2024/02/02 	29.265661546845497	29.412724796827497	29.265661546845497	29.314682006835938	35000	2024/02/02 
2024/02/05 	29.314682656444226	29.4127254486084	29.314682656444226	29.4127254486084	44000	2024/02/05 
2024/02/15 	28.922512488636542	30.344128257268707	28.922512488636542	30.148042678833008	28000	2024/02/15 
2024/02/16 	30.099021911621094	30.099021911621094	30.099021911621094	30.099021911621094	1000	2024/02/16 
2024/02/19 	29.31468140706099	29.755873017990947	29.31468140706099	29.510766983032227	14000	2024/02/19 
2024/02/20 	29.510768547417147	29.510768547417147	28.824470865147386	29.461746215820312	17000	2024/02/20 
2024/02/21 	29.363704681396484	29.363704681396484	28.97153351682843	29.363704681396484	21000	2024/02/21 
2024/02/22 	29.41272514196214	29.559788393669812	29.020555847404786	29.363704681396484	11000	2024/02/22 
2024/02/23 	29.412725754234216	29.55978900900324	29.069576913099336	29.461746215820312	9000	2024/02/23 
2024/02/26 	29.216639818044893	29.412725402062932	28.82447052001953	28.82447052001953	12000	2024/02/26 
2024/02/27 	29.363704681396484	29.363704681396484	28.922513056262773	29.363704681396484	16000	2024/02/27 
2024/02/29 	29.559788393669812	29.559788393669812	28.82447026512076	29.363704681396484	32000	2024/02/29 
2024/03/01 	29.363704326054943	29.461745245999822	28.9715331662327	29.02055549621582	12000	2024/03/01 
2024/03/04 	29.363704688529808	29.90293723492583	29.06957631503231	29.6578311920166	20000	2024/03/04 
2024/03/05 	29.363704987531676	29.4127254486084	29.02055614996243	29.4127254486084	20000	2024/03/05 
2024/03/06 	29.510767933104155	29.510767933104155	29.020555847404786	29.363704681396484	16000	2024/03/06 
2024/03/07 	29.363704042238954	29.55978775024414	29.363704042238954	29.55978775024414	9000	2024/03/07 
2024/03/08 	29.363704681396484	29.41272514196214	28.97153351682843	29.363704681396484	55000	2024/03/08 
2024/03/11 	29.363704987531676	29.4127254486084	29.265662195367504	29.4127254486084	29000	2024/03/11 
2024/03/12 	29.363703736059122	29.65783023000533	29.363703736059122	29.510766983032227	29000	2024/03/12 
2024/03/13 	29.559788393669812	29.657831184811826	29.363704681396484	29.363704681396484	58000	2024/03/13 
2024/03/14 	29.41272514196214	29.4617456025278	29.314682350820128	29.363704681396484	42000	2024/03/14 
2024/03/15 	29.363704987531676	29.4127254486084	29.363704987531676	29.4127254486084	7000	2024/03/15 
2024/03/18 	29.4127254486084	29.4127254486084	29.4127254486084	29.4127254486084	0	2024/03/18 
2024/03/19 	30.0499998252731	30.0499998252731	29.167618464223104	29.55978775024414	7000	2024/03/19 
2024/03/20 	29.55978775024414	29.55978775024414	29.55978775024414	29.55978775024414	1000	2024/03/20 
2024/03/21 	29.853916774348264	29.853916774348264	29.11859864562058	29.6578311920166	25000	2024/03/21 
2024/03/22 	29.4127254486084	29.65783149401347	29.265662195367504	29.4127254486084	20000	2024/03/22 
2024/03/25 	29.4127254486084	29.4127254486084	29.4127254486084	29.4127254486084	0	2024/03/25 
2024/03/26 	29.559788393669812	29.559788393669812	29.363704681396484	29.363704681396484	21000	2024/03/26 
2024/03/27 	29.95195672395154	29.95195672395154	29.412724195046607	29.510766983032227	12000	2024/03/27 
2024/03/28 	29.41272514196214	29.559788393669812	29.363704681396484	29.363704681396484	12000	2024/03/28 
2024/03/29 	29.559788046809498	29.559788046809498	29.314682006835938	29.314682006835938	9000	2024/03/29 
2024/04/01 	29.363704336837056	29.461745256817938	29.314682006835938	29.314682006835938	8000	2024/04/01 
2024/04/02 	29.363704681396484	29.363704681396484	29.363704681396484	29.363704681396484	24000	2024/04/02 
2024/04/03 	29.363704681396484	29.4617456025278	29.363704681396484	29.363704681396484	35000	2024/04/03 
2024/04/08 	29.363704681396484	29.4617456025278	29.363704681396484	29.363704681396484	22000	2024/04/08 
2024/04/09 	29.363704681396484	29.559788393669812	29.363704681396484	29.363704681396484	41000	2024/04/09 
2024/04/10 	29.461745304573622	29.951957385315353	29.363704384433824	29.608810424804688	20000	2024/04/10 
2024/04/11 	29.608809716280952	29.608809716280952	29.216638565063477	29.216638565063477	25000	2024/04/11 
2024/04/12 	29.363704987531676	29.559788701849296	29.363704987531676	29.4127254486084	16000	2024/04/12 
2024/04/15 	29.363704987531676	29.4127254486084	29.314682656444226	29.4127254486084	43000	2024/04/15 
2024/04/16 	29.363704681396484	29.363704681396484	29.314682350820128	29.363704681396484	24000	2024/04/16 
2024/04/17 	29.363703805018076	30.83434001822411	29.363703805018076	30.099021911621094	35000	2024/04/17 
2024/04/18 	28.97153352386648	30.00098002609166	28.97153352386648	29.6578311920166	27000	2024/04/18 
2024/04/19 	29.26566189025447	29.559788393669812	29.26566189025447	29.363704681396484	48000	2024/04/19 
2024/04/22 	29.41272514196214	30.197063731076852	29.363704681396484	29.363704681396484	30000	2024/04/22 
2024/04/23 	29.41272514196214	30.344128852795222	29.363704681396484	29.363704681396484	17000	2024/04/23 
2024/04/24 	29.363703805018076	30.1480423707237	29.363703805018076	30.099021911621094	51000	2024/04/24 
2024/04/25 	30.393149026478085	30.393149026478085	29.412724864333633	30.197063446044922	28000	2024/04/25 
2024/04/26 	30.05000047936918	30.05000047936918	29.363704681396484	29.363704681396484	14000	2024/04/26 
2024/04/29 	29.4127254486084	29.853917078341816	29.363704987531676	29.4127254486084	24000	2024/04/29 
2024/04/30 	29.75587397595384	29.75587397595384	29.363704681396484	29.363704681396484	9000	2024/04/30 
2024/05/02 	29.706851955090194	29.706851955090194	29.4127254486084	29.4127254486084	6000	2024/05/02 
2024/05/03 	29.706850705611878	29.804893493652344	29.706850705611878	29.804893493652344	4000	2024/05/03 
2024/05/06 	30.148042386577977	30.981403281835107	30.148042386577977	30.39314842224121	11000	2024/05/06 
2024/05/07 	30.344129262854242	30.981404608873177	30.344129262854242	30.88336181640625	8000	2024/05/07 
2024/05/08 	30.883361165032856	30.883361165032856	30.34412862285402	30.78531837463379	4000	2024/05/08 
2024/05/09 	30.78531837463379	31.275530456618437	30.24608583245495	30.78531837463379	8000	2024/05/09 
2024/05/10 	31.03042441562611	31.03042441562611	30.58923466384634	30.78531837463379	5000	2024/05/10 
2024/05/13 	30.0500004938259	30.0500004938259	29.902937242047482	29.95195770263672	42000	2024/05/13 
2024/05/14 	29.902936935424805	30.58923459670112	29.902936935424805	29.902936935424805	20000	2024/05/14 
2024/05/15 	29.951958049684595	30.4421701412998	29.90293758852737	30.295106887817383	45000	2024/05/15 
2024/05/16 	30.05000019572539	30.197063446044922	29.85391648530291	30.197063446044922	51000	2024/05/16 
2024/05/17 	30.050000842009783	30.295106887817383	30.000980380852553	30.295106887817383	23000	2024/05/17 
2024/05/20 	30.246085158939568	30.246085158939568	30.00097912340523	30.099021911621094	19000	2024/05/20 
2024/05/21 	30.197064091813022	30.197064091813022	30.000980377197266	30.000980377197266	21000	2024/05/21 
2024/05/22 	30.344128911938576	30.344128911938576	29.902937285944944	30.24608612060547	26000	2024/05/22 
2024/05/23 	30.000980377197266	30.000980377197266	30.000980377197266	30.000980377197266	23000	2024/05/23 
2024/05/24 	30.000980682758644	30.393149985995144	30.000980682758644	30.05000114440918	39000	2024/05/24 
2024/05/27 	30.00098003323666	30.00098003323666	29.853916781458242	29.95195770263672	29000	2024/05/27 
2024/05/28 	29.902937584884025	30.000980377197266	29.902937584884025	30.000980377197266	38000	2024/05/28 
2024/05/29 	30.000980682758644	30.78531928923164	30.000980682758644	30.05000114440918	29000	2024/05/29 
2024/05/30 	30.050000838348524	30.050000838348524	30.000980377197266	30.000980377197266	43000	2024/05/30 
2024/05/31 	30.099021911621094	30.099021911621094	30.099021911621094	30.099021911621094	14000	2024/05/31 
2024/06/03 	30.099021911621094	30.1480423707237	30.099021911621094	30.099021911621094	22000	2024/06/03 
2024/06/04 	30.099023213513988	30.589235305786133	30.099023213513988	30.589235305786133	19000	2024/06/04 
2024/06/05 	30.834341306843722	30.834341306843722	29.75587433141953	30.000980377197266	19000	2024/06/05 
2024/06/06 	30.050000838348524	30.099023169510506	30.000980377197266	30.000980377197266	17000	2024/06/06 
2024/06/07 	29.951956794291974	30.099021911621094	29.951956794291974	30.099021911621094	15000	2024/06/07 
2024/06/11 	29.412724854516203	29.902936935424805	29.412724854516203	29.902936935424805	15000	2024/06/11 
2024/06/12 	30.393148351884495	30.393148351884495	29.412724211501125	29.804893493652344	20000	2024/06/12 
2024/06/13 	30.638254767972416	30.638254767972416	29.657830615397298	30.442169189453125	26000	2024/06/13 
2024/06/14 	29.70685135505709	29.902936935424805	29.70685135505709	29.902936935424805	10000	2024/06/14 
2024/06/17 	29.657830894970502	29.902936935424805	29.657830894970502	29.902936935424805	15000	2024/06/17 
2024/06/18 	30.099021911621094	30.099021911621094	30.099021911621094	30.099021911621094	18000	2024/06/18 
2024/06/19 	29.608809840552414	30.099021911621094	29.608809840552414	30.099021911621094	24000	2024/06/19 
2024/06/20 	29.902936335189363	30.099021911621094	29.902936335189363	30.099021911621094	25000	2024/06/20 
2024/06/21 	29.902936335189363	30.099021911621094	29.902936335189363	30.099021911621094	37000	2024/06/21 
2024/06/24 	29.412725792898527	30.05000114440918	29.412725792898527	30.05000114440918	26000	2024/06/24 
2024/06/25 	30.050000838348524	30.050000838348524	29.608811077955032	30.000980377197266	31000	2024/06/25 
2024/06/26 	29.16761940320333	29.608811032936746	28.971533818874985	29.4127254486084	38000	2024/06/26 
2024/06/27 	29.41272549332855	30.000980377197266	29.069576655237572	30.000980377197266	59000	2024/06/27 
2024/06/28 	29.65783153910629	30.000980377197266	29.65783153910629	30.000980377197266	133000	2024/06/28 
2024/07/01 	30.88336115547792	31.177487656573437	30.39314907364494	30.491191864013672	23000	2024/07/01 
2024/07/02 	30.491192468752743	30.491192468752743	30.000980377197266	30.000980377197266	18000	2024/07/02 
2024/07/03 	29.90293694540586	30.197063446044922	29.90293694540586	30.197063446044922	105000	2024/07/03 
2024/07/04 	30.1970640954922	30.295106887817383	30.099023173177738	30.295106887817383	41000	2024/07/04 
2024/07/05 	30.39314907364494	30.491191864013672	30.344128613465916	30.491191864013672	62000	2024/07/05 
2024/07/08 	30.393149676439503	30.393149676439503	29.902937584884025	30.000980377197266	8000	2024/07/08 
2024/07/09 	30.050000838348524	30.050000838348524	30.000980377197266	30.000980377197266	8000	2024/07/09 
2024/07/10 	29.902937889446836	30.099023476070457	29.902937889446836	30.05000114440918	47000	2024/07/10 
2024/07/11 	30.00097973562244	30.197063446044922	29.90293694540586	30.197063446044922	72000	2024/07/11 
2024/07/12 	30.393149026478085	30.687275527117148	30.00097973562244	30.197063446044922	67000	2024/07/12 
2024/07/15 	30.197064091813022	30.197064091813022	30.000980377197266	30.000980377197266	4000	2024/07/15 
2024/07/16 	29.902937242047482	29.95195770263672	29.902937242047482	29.95195770263672	7000	2024/07/16 
2024/07/17 	30.393148406258042	30.393148406258042	29.412724264120687	30.099021911621094	12000	2024/07/17 
2024/07/18 	29.51076705233655	30.099021911621094	29.51076705233655	30.099021911621094	25000	2024/07/18 
2024/07/19 	30.05000079684556	30.05000079684556	29.706851959228516	29.706851959228516	9000	2024/07/19 
2024/07/22 	29.461744961236217	29.80489378775862	29.461744961236217	29.55978775024414	17000	2024/07/22 
2024/07/23 	29.510768586210336	30.05000114440918	29.510768586210336	30.05000114440918	30000	2024/07/23 
2024/07/26 	30.100000381469727	30.100000381469727	30.0	30.0	30000	2024/07/26 
2024/07/29 	29.799999237060547	29.799999237060547	29.649999618530273	29.649999618530273	10000	2024/07/29 
2024/07/30 	29.649999618530273	29.649999618530273	29.0	29.100000381469727	37000	2024/07/30 
2024/07/31 	31.600000381469727	31.600000381469727	29.100000381469727	29.200000762939453	54000	2024/07/31 
2024/08/01 	29.25	29.25	28.5	29.0	18000	2024/08/01 
2024/08/02 	29.200000762939453	29.200000762939453	28.700000762939453	29.0	6000	2024/08/02 
2024/08/05 	28.5	29.549999237060547	28.200000762939453	28.5	20000	2024/08/05 
2024/08/06 	28.5	28.600000381469727	28.5	28.600000381469727	4000	2024/08/06 
2024/08/07 	29.200000762939453	29.200000762939453	29.200000762939453	29.200000762939453	1000	2024/08/07 
2024/08/08 	28.899999618530273	29.200000762939453	28.899999618530273	29.200000762939453	2000	2024/08/08 
2024/08/09 	29.200000762939453	29.200000762939453	29.200000762939453	29.200000762939453	0	2024/08/09 
2024/08/12 	28.5	29.299999237060547	28.5	29.299999237060547	3000	2024/08/12 
2024/08/13 	29.299999237060547	29.299999237060547	29.299999237060547	29.299999237060547	0	2024/08/13 
2024/08/14 	29.200000762939453	29.700000762939453	29.200000762939453	29.700000762939453	5000	2024/08/14 
2024/08/15 	29.700000762939453	29.700000762939453	29.700000762939453	29.700000762939453	0	2024/08/15 
2024/08/16 	29.700000762939453	29.700000762939453	29.700000762939453	29.700000762939453	1000	2024/08/16 
2024/08/19 	29.75	29.75	29.700000762939453	29.700000762939453	3000	2024/08/19 
2024/08/20 	29.700000762939453	29.700000762939453	29.700000762939453	29.700000762939453	1000	2024/08/20 
2024/08/21 	29.700000762939453	29.700000762939453	29.700000762939453	29.700000762939453	0	2024/08/21 
2024/08/22 	29.700000762939453	29.700000762939453	29.700000762939453	29.700000762939453	1000	2024/08/22 
2024/08/23 	29.950000762939453	29.950000762939453	29.950000762939453	29.950000762939453	1000	2024/08/23 
2024/08/26 	29.799999237060547	29.899999618530273	29.799999237060547	29.899999618530273	2000	2024/08/26 
2024/08/27 	29.899999618530273	29.899999618530273	29.899999618530273	29.899999618530273	0	2024/08/27 
2024/08/28 	29.899999618530273	29.899999618530273	29.899999618530273	29.899999618530273	0	2024/08/28 
2024/08/29 	29.600000381469727	29.600000381469727	29.600000381469727	29.600000381469727	1000	2024/08/29 
2024/08/30 	29.450000762939453	29.5	29.450000762939453	29.450000762939453	3000	2024/08/30 
2024/09/02 	29.399999618530273	29.399999618530273	29.399999618530273	29.399999618530273	2000	2024/09/02 
2024/09/03 	29.399999618530273	29.399999618530273	29.0	29.0	4000	2024/09/03 
2024/09/04 	29.450000762939453	29.450000762939453	29.450000762939453	29.450000762939453	1000	2024/09/04 
2024/09/05 	29.549999237060547	29.549999237060547	29.549999237060547	29.549999237060547	1000	2024/09/05 
2024/09/06 	29.549999237060547	29.549999237060547	29.549999237060547	29.549999237060547	1000	2024/09/06 
2024/09/09 	29.549999237060547	29.549999237060547	29.549999237060547	29.549999237060547	0	2024/09/09 
2024/09/10 	29.549999237060547	29.549999237060547	29.549999237060547	29.549999237060547	4000	2024/09/10 
2024/09/11 	29.549999237060547	29.549999237060547	29.549999237060547	29.549999237060547	1000	2024/09/11 
2024/09/12 	29.5	29.600000381469727	29.450000762939453	29.600000381469727	5000	2024/09/12 
2024/09/13 	29.600000381469727	29.600000381469727	29.600000381469727	29.600000381469727	0	2024/09/13 
2024/09/16 	29.5	29.5	29.5	29.5	1000	2024/09/16 
2024/09/18 	29.5	29.5	29.0	29.450000762939453	6000	2024/09/18 
2024/09/19 	29.450000762939453	29.450000762939453	29.450000762939453	29.450000762939453	0	2024/09/19 
2024/09/20 	29.450000762939453	29.600000381469727	29.049999237060547	29.549999237060547	25000	2024/09/20 
2024/09/23 	29.5	29.950000762939453	29.5	29.950000762939453	24000	2024/09/23 
2024/09/24 	29.950000762939453	30.0	29.799999237060547	29.799999237060547	4000	2024/09/24 
2024/09/25 	29.799999237060547	29.899999618530273	29.799999237060547	29.799999237060547	5000	2024/09/25 
2024/09/26 	29.899999618530273	29.950000762939453	29.899999618530273	29.899999618530273	6000	2024/09/26 
2024/09/27 	29.850000381469727	30.0	29.75	29.899999618530273	17000	2024/09/27 
2024/09/30 	29.850000381469727	29.899999618530273	29.799999237060547	29.899999618530273	5000	2024/09/30 
2024/10/01 	29.899999618530273	29.899999618530273	29.899999618530273	29.899999618530273	0	2024/10/01 
2024/10/04 	29.850000381469727	29.850000381469727	29.5	29.5	18000	2024/10/04 
2024/10/07 	29.5	29.5	29.5	29.5	1000	2024/10/07 
2024/10/08 	29.5	29.5	29.5	29.5	2000	2024/10/08 
2024/10/09 	29.5	29.5	29.5	29.5	0	2024/10/09 
2024/10/11 	29.5	29.5	29.5	29.5	3000	2024/10/11 
2024/10/14 	29.399999618530273	29.399999618530273	29.399999618530273	29.399999618530273	4000	2024/10/14 
2024/10/15 	29.200000762939453	29.200000762939453	29.200000762939453	29.200000762939453	3000	2024/10/15 
2024/10/16 	29.200000762939453	29.200000762939453	29.200000762939453	29.200000762939453	0	2024/10/16 
2024/10/17 	29.200000762939453	29.200000762939453	29.200000762939453	29.200000762939453	0	2024/10/17 
2024/10/18 	29.200000762939453	29.200000762939453	29.200000762939453	29.200000762939453	0	2024/10/18 
2024/10/21 	29.149999618530273	29.200000762939453	29.149999618530273	29.200000762939453	2000	2024/10/21 
2024/10/22 	29.200000762939453	29.200000762939453	29.200000762939453	29.200000762939453	0	2024/10/22 
2024/10/23 	29.200000762939453	29.200000762939453	29.200000762939453	29.200000762939453	0	2024/10/23 
2024/10/24 	29.0	29.0	29.0	29.0	4000	2024/10/24 
2024/10/25 	29.0	29.0	29.0	29.0	2000	2024/10/25 
2024/10/28 	29.0	29.0	29.0	29.0	0	2024/10/28 
2024/10/29 	29.0	29.0	29.0	29.0	2000	2024/10/29 
2024/10/30 	29.0	29.100000381469727	29.0	29.0	7000	2024/10/30 
2024/11/01 	29.0	29.0	29.0	29.0	2000	2024/11/01 
2024/11/04 	29.0	29.0	29.0	29.0	0	2024/11/04 
2024/11/05 	28.950000762939453	28.950000762939453	28.950000762939453	28.950000762939453	2000	2024/11/05 
2024/11/06 	29.0	30.0	27.899999618530273	27.899999618530273	12000	2024/11/06 
2024/11/07 	27.899999618530273	29.0	27.899999618530273	29.0	5000	2024/11/07 
2024/11/08 	29.0	29.0	29.0	29.0	5000	2024/11/08 
2024/11/11 	29.049999237060547	29.049999237060547	29.049999237060547	29.049999237060547	2000	2024/11/11 
2024/11/12 	29.049999237060547	29.049999237060547	29.049999237060547	29.049999237060547	1000	2024/11/12 
2024/11/13 	29.049999237060547	29.049999237060547	29.049999237060547	29.049999237060547	0	2024/11/13 
2024/11/14 	29.0	29.0	29.0	29.0	5000	2024/11/14 
2024/11/15 	28.899999618530273	28.899999618530273	28.899999618530273	28.899999618530273	3000	2024/11/15 
2024/11/18 	28.899999618530273	28.899999618530273	28.549999237060547	28.549999237060547	4000	2024/11/18 
2024/11/19 	28.549999237060547	28.549999237060547	28.549999237060547	28.549999237060547	1000	2024/11/19 
2024/11/20 	28.549999237060547	28.549999237060547	28.549999237060547	28.549999237060547	1000	2024/11/20 
2024/11/21 	28.549999237060547	28.549999237060547	28.5	28.5	3000	2024/11/21 
2024/11/22 	28.5	28.5	28.5	28.5	0	2024/11/22 
2024/11/25 	28.399999618530273	28.5	28.399999618530273	28.5	2000	2024/11/25 
2024/11/26 	28.5	28.5	28.5	28.5	0	2024/11/26 
2024/11/27 	28.450000762939453	28.450000762939453	28.450000762939453	28.450000762939453	1000	2024/11/27 
2024/11/28 	28.450000762939453	28.450000762939453	28.450000762939453	28.450000762939453	0	2024/11/28 
2024/11/29 	27.299999237060547	27.5	27.299999237060547	27.5	4000	2024/11/29 
2024/12/02 	27.0	27.200000762939453	27.0	27.100000381469727	9000	2024/12/02 
2024/12/03 	27.149999618530273	27.149999618530273	27.0	27.0	11000	2024/12/03 
2024/12/04 	27.0	27.0	27.0	27.0	4000	2024/12/04 
2024/12/05 	27.5	27.5	27.5	27.5	1000	2024/12/05 
2024/12/06 	27.399999618530273	27.399999618530273	27.200000762939453	27.200000762939453	5000	2024/12/06 
2024/12/09 	27.200000762939453	27.200000762939453	27.0	27.0	20000	2024/12/09 
2024/12/10 	28.200000762939453	28.200000762939453	28.200000762939453	28.200000762939453	4000	2024/12/10 
2024/12/11 	27.299999237060547	27.5	27.299999237060547	27.5	8000	2024/12/11 
2024/12/12 	27.5	27.950000762939453	27.200000762939453	27.950000762939453	9000	2024/12/12 
2024/12/13 	27.950000762939453	27.950000762939453	27.950000762939453	27.950000762939453	0	2024/12/13 
2024/12/16 	27.950000762939453	27.950000762939453	27.950000762939453	27.950000762939453	0	2024/12/16 
2024/12/17 	27.950000762939453	27.950000762939453	27.950000762939453	27.950000762939453	0	2024/12/17 
2024/12/18 	28.0	28.0	28.0	28.0	5000	2024/12/18 
2024/12/19 	28.049999237060547	28.049999237060547	28.049999237060547	28.049999237060547	3000	2024/12/19 
2024/12/20 	28.0	28.0	28.0	28.0	4000	2024/12/20 
2024/12/23 	27.899999618530273	27.899999618530273	27.899999618530273	27.899999618530273	2000	2024/12/23 
2024/12/24 	27.899999618530273	28.0	27.100000381469727	28.0	16000	2024/12/24 
2024/12/25 	28.0	28.0	28.0	28.0	0	2024/12/25 
2024/12/26 	27.200000762939453	27.200000762939453	27.200000762939453	27.200000762939453	2000	2024/12/26 
2024/12/27 	29.899999618530273	29.899999618530273	28.0	29.200000762939453	17000	2024/12/27 
2024/12/30 	30.0	30.0	28.5	28.5	7000	2024/12/30 
2024/12/31 	28.5	28.5	28.5	28.5	0	2024/12/31 
2025/01/02 	28.5	28.5	28.5	28.5	1000	2025/01/02 
2025/01/03 	28.899999618530273	29.0	27.100000381469727	28.5	21000	2025/01/03 
2025/01/06 	28.399999618530273	28.5	28.399999618530273	28.5	3000	2025/01/06 
2025/01/07 	28.5	28.5	28.5	28.5	0	2025/01/07 
2025/01/08 	28.5	28.5	28.5	28.5	0	2025/01/08 
2025/01/09 	28.5	28.5	28.5	28.5	0	2025/01/09 
2025/01/10 	27.799999237060547	27.799999237060547	27.799999237060547	27.799999237060547	4000	2025/01/10 
2025/01/13 	27.799999237060547	27.799999237060547	27.799999237060547	27.799999237060547	0	2025/01/13 
2025/01/14 	27.799999237060547	27.799999237060547	27.799999237060547	27.799999237060547	1000	2025/01/14 
2025/01/15 	27.5	27.5	26.899999618530273	26.899999618530273	10000	2025/01/15 
2025/01/16 	26.0	26.899999618530273	26.0	26.899999618530273	9000	2025/01/16 
2025/01/17 	26.899999618530273	26.899999618530273	26.899999618530273	26.899999618530273	0	2025/01/17 
2025/01/20 	26.899999618530273	26.899999618530273	26.899999618530273	26.899999618530273	0	2025/01/20 
2025/01/21 	27.0	27.0	27.0	27.0	2000	2025/01/21 
2025/01/22 	27.0	27.0	27.0	27.0	0	2025/01/22 
2025/02/03 	27.0	27.0	27.0	27.0	0	2025/02/03 
2025/02/04 	26.0	26.0	26.0	26.0	1000	2025/02/04 
2025/02/05 	26.850000381469727	27.0	26.850000381469727	27.0	14000	2025/02/05 
2025/02/06 	27.0	27.0	27.0	27.0	0	2025/02/06 
2025/02/07 	27.299999237060547	27.299999237060547	27.299999237060547	27.299999237060547	1000	2025/02/07 
2025/02/10 	27.299999237060547	27.299999237060547	27.299999237060547	27.299999237060547	0	2025/02/10 
2025/02/11 	27.299999237060547	27.299999237060547	27.299999237060547	27.299999237060547	0	2025/02/11 
2025/02/12 	27.299999237060547	27.299999237060547	27.299999237060547	27.299999237060547	0	2025/02/12 
2025/02/13 	27.299999237060547	27.299999237060547	27.299999237060547	27.299999237060547	0	2025/02/13 
2025/02/14 	27.299999237060547	27.299999237060547	27.299999237060547	27.299999237060547	0	2025/02/14 
2025/02/17 	27.299999237060547	27.299999237060547	27.299999237060547	27.299999237060547	0	2025/02/17 
2025/02/18 	28.299999237060547	28.299999237060547	28.299999237060547	28.299999237060547	1000	2025/02/18 
2025/02/19 	28.299999237060547	28.299999237060547	28.299999237060547	28.299999237060547	1000	2025/02/19 
2025/02/20 	28.299999237060547	28.299999237060547	28.299999237060547	28.299999237060547	0	2025/02/20 
2025/02/21 	28.299999237060547	28.299999237060547	28.299999237060547	28.299999237060547	0	2025/02/21 
2025/02/24 	28.100000381469727	28.100000381469727	28.100000381469727	28.100000381469727	2000	2025/02/24 
2025/02/25 	28.100000381469727	28.100000381469727	28.100000381469727	28.100000381469727	0	2025/02/25 
2025/02/26 	26.649999618530273	27.200000762939453	26.649999618530273	27.149999618530273	4000	2025/02/26 
2025/02/27 	27.549999237060547	27.600000381469727	27.549999237060547	27.600000381469727	2000	2025/02/27 
2025/03/03 	27.950000762939453	28.0	27.950000762939453	27.950000762939453	11000	2025/03/03 
2025/03/04 	27.950000762939453	27.950000762939453	27.950000762939453	27.950000762939453	0	2025/03/04 
2025/03/05 	27.950000762939453	27.950000762939453	27.950000762939453	27.950000762939453	0	2025/03/05 
2025/03/06 	27.950000762939453	27.950000762939453	27.950000762939453	27.950000762939453	0	2025/03/06 
2025/03/07 	28.5	28.5	28.5	28.5	1000	2025/03/07 
2025/03/10 	28.5	28.5	28.5	28.5	0	2025/03/10 
2025/03/11 	27.399999618530273	27.399999618530273	27.399999618530273	27.399999618530273	1000	2025/03/11 
2025/03/12 	27.0	28.75	27.0	28.75	4000	2025/03/12 
2025/03/13 	28.75	28.75	28.75	28.75	0	2025/03/13 
2025/03/14 	27.950000762939453	28.200000762939453	27.899999618530273	28.200000762939453	11000	2025/03/14 
2025/03/17 	28.200000762939453	28.200000762939453	28.200000762939453	28.200000762939453	0	2025/03/17 
2025/03/18 	28.200000762939453	28.200000762939453	28.200000762939453	28.200000762939453	0	2025/03/18 
2025/03/19 	28.0	28.100000381469727	27.100000381469727	28.100000381469727	18000	2025/03/19 
2025/03/20 	27.950000762939453	28.200000762939453	27.950000762939453	28.200000762939453	19000	2025/03/20 
2025/03/21 	28.200000762939453	28.200000762939453	28.200000762939453	28.200000762939453	7000	2025/03/21 
2025/03/24 	28.149999618530273	28.299999237060547	28.149999618530273	28.200000762939453	12000	2025/03/24 
2025/03/25 	28.200000762939453	28.200000762939453	28.200000762939453	28.200000762939453	1000	2025/03/25 
2025/03/26 	28.200000762939453	28.200000762939453	28.200000762939453	28.200000762939453	0	2025/03/26 
2025/03/27 	28.200000762939453	28.299999237060547	28.200000762939453	28.299999237060547	4000	2025/03/27 
2025/03/28 	28.200000762939453	28.299999237060547	28.200000762939453	28.299999237060547	12000	2025/03/28 
2025/03/31 	26.200000762939453	28.200000762939453	26.0	28.200000762939453	25000	2025/03/31 
2025/04/01 	27.850000381469727	28.200000762939453	27.850000381469727	28.200000762939453	6000	2025/04/01 
2025/04/02 	28.200000762939453	28.200000762939453	28.200000762939453	28.200000762939453	0	2025/04/02 
2025/04/07 	25.549999237060547	25.75	25.5	25.75	47001	2025/04/07 
2025/04/08 	26.0	26.0	25.899999618530273	26.0	7005	2025/04/08 
2025/04/09 	25.0	25.149999618530273	25.0	25.149999618530273	17000	2025/04/09 
2025/04/10 	27.0	27.649999618530273	27.0	27.649999618530273	9000	2025/04/10 
2025/04/11 	27.649999618530273	27.649999618530273	27.649999618530273	27.649999618530273	0	2025/04/11 
2025/04/14 	27.5	28.100000381469727	27.5	28.100000381469727	11000	2025/04/14 
2025/04/15 	29.0	29.0	29.0	29.0	1100	2025/04/15 
2025/04/16 	28.5	28.5	28.0	28.0	2000	2025/04/16 
2025/04/17 	29.700000762939453	29.700000762939453	29.700000762939453	29.700000762939453	1000	2025/04/17 
2025/04/18 	29.700000762939453	29.700000762939453	29.700000762939453	29.700000762939453	0	2025/04/18 
2025/04/21 	29.700000762939453	29.700000762939453	29.700000762939453	29.700000762939453	0	2025/04/21 
2025/04/22 	29.700000762939453	29.700000762939453	29.700000762939453	29.700000762939453	0	2025/04/22 
2025/04/23 	29.700000762939453	29.700000762939453	29.700000762939453	29.700000762939453	0	2025/04/23 
2025/04/24 	29.0	29.0	29.0	29.0	1000	2025/04/24 
2025/04/25 	26.299999237060547	29.0	26.299999237060547	29.0	14000	2025/04/25 
2025/04/28 	27.100000381469727	29.0	27.049999237060547	29.0	9000	2025/04/28 
2025/04/29 	29.0	29.0	29.0	29.0	0	2025/04/29 
2025/04/30 	29.0	29.0	29.0	29.0	0	2025/04/30 
2025/05/02 	29.0	29.0	29.0	29.0	0	2025/05/02 
2025/05/05 	29.0	29.0	29.0	29.0	0	2025/05/05 
2025/05/06 	29.0	29.0	29.0	29.0	0	2025/05/06 
2025/05/07 	29.0	29.0	29.0	29.0	0	2025/05/07 
2025/05/08 	29.0	29.0	29.0	29.0	0	2025/05/08 
2025/05/09 	29.0	29.0	29.0	29.0	0	2025/05/09 
2025/05/12 	29.0	29.0	29.0	29.0	0	2025/05/12 
2025/05/13 	29.0	29.0	29.0	29.0	0	2025/05/13 
2025/05/14 	29.0	29.0	29.0	29.0	0	2025/05/14 
2025/05/15 	29.0	29.0	29.0	29.0	0	2025/05/15 
2025/05/16 	29.0	29.0	29.0	29.0	0	2025/05/16 
2025/05/19 	29.0	29.0	29.0	29.0	0	2025/05/19 
2025/05/20 	29.0	29.0	29.0	29.0	0	2025/05/20 
2025/05/21 	28.950000762939453	28.950000762939453	28.950000762939453	28.950000762939453	2000	2025/05/21 
2025/05/22 	28.950000762939453	28.950000762939453	28.950000762939453	28.950000762939453	0	2025/05/22 
2025/05/23 	28.0	28.0	28.0	28.0	0	2025/05/23 
2025/05/26 	28.0	28.0	28.0	28.0	0	2025/05/26 
2025/05/27 	27.0	27.299999237060547	27.0	27.100000381469727	13000	2025/05/27 
2025/05/28 	27.100000381469727	27.100000381469727	27.100000381469727	27.100000381469727	0	2025/05/28 
2025/05/29 	26.5	27.5	26.5	27.5	10000	2025/05/29 
2025/06/02 	28.5	28.5	27.299999237060547	27.299999237060547	12000	2025/06/02 
2025/06/03 	27.799999237060547	27.799999237060547	27.799999237060547	27.799999237060547	1001	2025/06/03 
2025/06/04 	27.799999237060547	27.799999237060547	27.799999237060547	27.799999237060547	0	2025/06/04 
2025/06/05 	27.5	27.5	27.5	27.5	4000	2025/06/05 
2025/06/06 	27.5	27.5	27.5	27.5	0	2025/06/06 
2025/06/09 	27.549999237060547	27.549999237060547	27.5	27.5	7000	2025/06/09 
2025/06/10 	27.5	27.5	27.5	27.5	0	2025/06/10 
2025/06/11 	27.5	27.5	27.5	27.5	0	2025/06/11 
2025/06/12 	27.5	27.5	27.5	27.5	0	2025/06/12 
2025/06/13 	30.25	30.25	30.25	30.25	4000	2025/06/13 
2025/06/16 	30.25	30.25	30.0	30.0	9000	2025/06/16 
2025/06/17 	29.0	29.0	29.0	29.0	2201	2025/06/17 
2025/06/18 	29.0	29.0	29.0	29.0	0	2025/06/18 
2025/06/19 	29.0	29.0	29.0	29.0	0	2025/06/19 
