Date	Open	High	Low	Close	Volume	Date
2021/05/31 	149.9059600830078	168.6442108154297	148.91973876953125	156.8095245361328	3158895	2021/05/31 
2021/06/01 	155.82330322265625	165.1924285888672	135.60572814941406	147.9335174560547	2228490	2021/06/01 
2021/06/02 	144.974853515625	162.23374938964844	144.974853515625	160.75442504882812	1996117	2021/06/02 
2021/06/03 	158.78196716308594	174.56155395507812	154.34396362304688	174.56155395507812	2476088	2021/06/03 
2021/06/04 	170.6166534423828	193.29978942871094	166.67176818847656	185.41000366210938	2559915	2021/06/04 
2021/06/07 	180.47889709472656	189.3549041748047	167.1648712158203	178.01333618164062	2066092	2021/06/07 
2021/06/08 	172.58909606933594	180.47889709472656	169.13731384277344	170.12355041503906	1042705	2021/06/08 
2021/06/09 	167.1648712158203	186.88934326171875	167.1648712158203	186.88934326171875	1673114	2021/06/09 
2021/06/10 	186.88934326171875	203.1620330810547	180.47889709472656	187.38246154785156	2112718	2021/06/10 
2021/06/11 	181.95822143554688	191.3273468017578	181.46511840820312	186.39622497558594	1163782	2021/06/11 
2021/06/15 	187.38246154785156	193.29978942871094	183.43756103515625	189.3549041748047	1161213	2021/06/15 
2021/06/16 	187.38246154785156	189.3549041748047	180.47889709472656	183.43756103515625	1045529	2021/06/16 
2021/06/17 	179.98577880859375	188.86178588867188	179.98577880859375	185.9031219482422	585273	2021/06/17 
2021/06/18 	189.3549041748047	195.27224731445312	184.4237823486328	192.8066864013672	1218080	2021/06/18 
2021/06/21 	190.34112548828125	212.0380401611328	190.34112548828125	212.0380401611328	2082550	2021/06/21 
2021/06/22 	212.0380401611328	216.9691619873047	205.1344757080078	209.07937622070312	1472944	2021/06/22 
2021/06/23 	206.12069702148438	207.10691833496094	200.69647216796875	201.1895751953125	987727	2021/06/23 
2021/06/24 	203.1620330810547	214.01048278808594	203.1620330810547	211.05181884765625	942149	2021/06/24 
2021/06/25 	212.0380401611328	213.02426147460938	204.641357421875	205.1344757080078	744385	2021/06/25 
2021/06/28 	205.1344757080078	207.10691833496094	198.2309112548828	198.72402954101562	671382	2021/06/28 
2021/06/29 	199.7102508544922	201.1895751953125	189.84800720214844	189.84800720214844	808589	2021/06/29 
2021/06/30 	187.38246154785156	200.20335388183594	183.93067932128906	192.31356811523438	682472	2021/06/30 
2021/07/01 	190.34112548828125	194.2860107421875	184.4237823486328	184.4237823486328	630714	2021/07/01 
2021/07/02 	182.4513397216797	186.39622497558594	182.4513397216797	182.94444274902344	287764	2021/07/02 
2021/07/05 	184.91690063476562	190.34112548828125	183.43756103515625	184.4237823486328	387538	2021/07/05 
2021/07/06 	185.41000366210938	193.29978942871094	179.49266052246094	191.3273468017578	740440	2021/07/06 
2021/07/07 	190.834228515625	200.20335388183594	188.36868286132812	192.8066864013672	739284	2021/07/07 
2021/07/08 	192.8066864013672	210.55870056152344	190.834228515625	207.10691833496094	1447556	2021/07/08 
2021/07/09 	204.641357421875	207.10691833496094	202.17581176757812	202.17581176757812	1144026	2021/07/09 
2021/07/12 	206.6138153076172	209.57247924804688	202.17581176757812	205.1344757080078	940446	2021/07/12 
2021/07/13 	205.1344757080078	208.5862579345703	187.8755645751953	188.86178588867188	1015063	2021/07/13 
2021/07/14 	188.86178588867188	191.3273468017578	182.4513397216797	184.91690063476562	354895	2021/07/14 
2021/07/15 	183.93067932128906	188.86178588867188	183.43756103515625	186.88934326171875	157398	2021/07/15 
2021/07/16 	185.9031219482422	187.8755645751953	184.91690063476562	184.91690063476562	195753	2021/07/16 
2021/07/19 	184.91690063476562	186.88934326171875	178.9995574951172	181.46511840820312	361995	2021/07/19 
2021/07/20 	178.50643920898438	181.95822143554688	175.5477752685547	176.04087829589844	284550	2021/07/20 
2021/07/21 	178.9995574951172	179.49266052246094	170.6166534423828	171.10977172851562	320619	2021/07/21 
2021/07/22 	174.0684356689453	174.56155395507812	171.10977172851562	171.10977172851562	173490	2021/07/22 
2021/07/23 	172.0959930419922	173.57533264160156	171.10977172851562	172.58909606933594	118644	2021/07/23 
2021/07/26 	172.0959930419922	172.0959930419922	167.1648712158203	167.1648712158203	264070	2021/07/26 
2021/07/27 	169.13731384277344	169.13731384277344	157.79574584960938	157.79574584960938	416958	2021/07/27 
2021/07/28 	157.79574584960938	159.76820373535156	148.91973876953125	156.8095245361328	340734	2021/07/28 
2021/07/29 	172.0959930419922	172.0959930419922	172.0959930419922	172.0959930419922	181601	2021/07/29 
2021/07/30 	173.08221435546875	183.43756103515625	172.58909606933594	174.0684356689453	612846	2021/07/30 
2021/08/02 	174.0684356689453	175.05465698242188	166.67176818847656	167.65798950195312	198021	2021/08/02 
2021/08/03 	168.15109252929688	171.10977172851562	167.1648712158203	168.15109252929688	91400	2021/08/03 
2021/08/04 	167.65798950195312	168.15109252929688	165.68553161621094	165.68553161621094	143081	2021/08/04 
2021/08/05 	166.67176818847656	166.67176818847656	161.24752807617188	165.68553161621094	132829	2021/08/05 
2021/08/06 	165.68553161621094	165.68553161621094	159.76820373535156	160.2613067626953	121676	2021/08/06 
2021/08/09 	160.2613067626953	160.2613067626953	152.86463928222656	153.85086059570312	138964	2021/08/09 
2021/08/10 	153.85086059570312	156.31642150878906	148.91973876953125	150.89218139648438	119891	2021/08/10 
2021/08/11 	152.86463928222656	152.86463928222656	144.974853515625	144.974853515625	215008	2021/08/11 
2021/08/12 	145.46795654296875	153.85086059570312	145.46795654296875	150.39907836914062	127930	2021/08/12 
2021/08/13 	152.37152099609375	152.37152099609375	144.974853515625	144.974853515625	165378	2021/08/13 
2021/08/16 	143.98861694335938	143.98861694335938	137.5781707763672	137.5781707763672	166443	2021/08/16 
2021/08/17 	137.5781707763672	138.56439208984375	129.1952667236328	129.1952667236328	284136	2021/08/17 
2021/08/18 	125.25037384033203	140.53683471679688	123.2779312133789	136.0988311767578	224451	2021/08/18 
2021/08/19 	136.0988311767578	136.0988311767578	127.71593475341797	131.167724609375	184674	2021/08/19 
2021/08/20 	129.68838500976562	131.167724609375	127.71593475341797	127.71593475341797	135182	2021/08/20 
2021/08/23 	130.18148803710938	135.60572814941406	129.68838500976562	135.11260986328125	135880	2021/08/23 
2021/08/24 	136.0988311767578	138.0712890625	131.66082763671875	132.15394592285156	107987	2021/08/24 
2021/08/25 	132.15394592285156	133.63327026367188	129.68838500976562	133.14016723632812	103424	2021/08/25 
2021/08/26 	134.1263885498047	134.1263885498047	130.18148803710938	130.6746063232422	53740	2021/08/26 
2021/08/27 	128.70216369628906	129.1952667236328	126.7297134399414	127.71593475341797	110664	2021/08/27 
2021/08/30 	129.1952667236328	129.1952667236328	126.23660278320312	127.71593475341797	64387	2021/08/30 
2021/08/31 	126.23660278320312	140.04373168945312	126.23660278320312	140.04373168945312	273772	2021/08/31 
2021/09/01 	141.5230712890625	146.4541778564453	136.59194946289062	137.5781707763672	469624	2021/09/01 
2021/09/02 	135.60572814941406	135.60572814941406	129.68838500976562	130.18148803710938	304312	2021/09/02 
2021/09/03 	131.167724609375	131.66082763671875	127.71593475341797	128.70216369628906	132829	2021/09/03 
2021/09/06 	130.18148803710938	141.5230712890625	127.22282409667969	141.0299530029297	617525	2021/09/06 
2021/09/07 	138.0712890625	140.04373168945312	131.167724609375	135.11260986328125	467585	2021/09/07 
2021/09/08 	131.167724609375	132.6470489501953	128.20904541015625	130.18148803710938	217349	2021/09/08 
2021/09/09 	130.18148803710938	133.14016723632812	128.70216369628906	131.167724609375	137993	2021/09/09 
2021/09/10 	131.167724609375	132.15394592285156	128.70216369628906	128.70216369628906	177556	2021/09/10 
2021/09/13 	128.20904541015625	129.1952667236328	128.20904541015625	128.20904541015625	107511	2021/09/13 
2021/09/14 	128.20904541015625	128.70216369628906	126.7297134399414	127.22282409667969	90243	2021/09/14 
2021/09/15 	129.68838500976562	133.63327026367188	128.70216369628906	129.1952667236328	169332	2021/09/15 
2021/09/16 	131.167724609375	131.167724609375	126.7297134399414	126.7297134399414	89229	2021/09/16 
2021/09/17 	127.22282409667969	127.22282409667969	126.23660278320312	126.7297134399414	80123	2021/09/17 
2021/09/22 	126.23660278320312	126.23660278320312	122.29170227050781	125.25037384033203	126847	2021/09/22 
2021/09/23 	126.23660278320312	127.71593475341797	121.30548095703125	123.2779312133789	117640	2021/09/23 
2021/09/24 	124.26415252685547	125.74349212646484	122.29170227050781	122.78482055664062	123206	2021/09/24 
2021/09/27 	123.2779312133789	124.26415252685547	121.79859161376953	122.29170227050781	55323	2021/09/27 
2021/09/28 	124.75726318359375	124.75726318359375	121.30548095703125	121.30548095703125	40587	2021/09/28 
2021/09/29 	117.36058807373047	119.33303833007812	112.9225845336914	113.41569519042969	235159	2021/09/29 
2021/09/30 	115.38814544677734	115.38814544677734	110.95013427734375	111.44325256347656	113564	2021/09/30 
2021/10/01 	110.95013427734375	110.95013427734375	100.59478759765625	102.5672378540039	361206	2021/10/01 
2021/10/04 	104.53968048095703	105.03279876708984	97.7347412109375	98.62234497070312	219089	2021/10/04 
2021/10/05 	99.60856628417969	107.49835205078125	96.64989471435547	103.06034851074219	167609	2021/10/05 
2021/10/06 	102.5672378540039	103.06034851074219	98.62234497070312	99.1154556274414	108852	2021/10/06 
2021/10/07 	99.1154556274414	103.55345916748047	99.1154556274414	102.07412719726562	74019	2021/10/07 
2021/10/08 	100.59478759765625	102.5672378540039	100.59478759765625	101.58101654052734	41577	2021/10/08 
2021/10/12 	97.63612365722656	99.1154556274414	96.64989471435547	99.1154556274414	112583	2021/10/12 
2021/10/13 	98.62234497070312	98.62234497070312	95.36780548095703	95.4664306640625	87208	2021/10/13 
2021/10/14 	95.4664306640625	98.12923431396484	95.26918029785156	98.12923431396484	67956	2021/10/14 
2021/10/15 	97.63612365722656	99.1154556274414	97.63612365722656	98.42510223388672	49715	2021/10/15 
2021/10/18 	98.62234497070312	99.60856628417969	97.83336639404297	98.62234497070312	69086	2021/10/18 
2021/10/19 	98.42510223388672	106.51213073730469	98.42510223388672	104.53968048095703	104636	2021/10/19 
2021/10/20 	104.53968048095703	114.89503479003906	104.53968048095703	114.89503479003906	190733	2021/10/20 
2021/10/21 	117.36058807373047	121.30548095703125	113.41569519042969	114.40191650390625	306255	2021/10/21 
2021/10/22 	115.88125610351562	115.88125610351562	105.52590942382812	105.52590942382812	167451	2021/10/22 
2021/10/25 	105.52590942382812	108.97769165039062	105.03279876708984	107.99147033691406	81117	2021/10/25 
2021/10/26 	107.99147033691406	107.99147033691406	105.52590942382812	105.52590942382812	93736	2021/10/26 
2021/10/27 	106.51213073730469	115.88125610351562	106.51213073730469	115.88125610351562	206953	2021/10/27 
2021/10/28 	115.88125610351562	116.3743667602539	111.44325256347656	113.90880584716797	194792	2021/10/28 
2021/10/29 	117.36058807373047	123.77104187011719	114.40191650390625	118.34680938720703	268861	2021/10/29 
2021/11/01 	120.81237030029297	120.81237030029297	114.89503479003906	116.86747741699219	134919	2021/11/01 
2021/11/02 	118.83992767333984	118.83992767333984	111.44325256347656	111.44325256347656	158179	2021/11/02 
2021/11/03 	112.9225845336914	113.90880584716797	111.44325256347656	111.44325256347656	63880	2021/11/03 
2021/11/04 	112.42947387695312	114.40191650390625	110.95013427734375	111.44325256347656	62866	2021/11/04 
2021/11/05 	113.41569519042969	113.41569519042969	109.4708023071289	111.44325256347656	51763	2021/11/05 
2021/11/08 	114.40191650390625	114.40191650390625	109.4708023071289	109.96391296386719	34527	2021/11/08 
2021/11/09 	110.95013427734375	115.38814544677734	110.45702362060547	112.42947387695312	71001	2021/11/09 
2021/11/10 	110.95013427734375	111.93636322021484	108.48458099365234	109.96391296386719	97391	2021/11/10 
2021/11/11 	109.96391296386719	110.45702362060547	107.99147033691406	108.97769165039062	49796	2021/11/11 
2021/11/12 	108.97769165039062	111.93636322021484	107.49835205078125	111.44325256347656	88215	2021/11/12 
2021/11/15 	110.95013427734375	111.44325256347656	108.48458099365234	108.48458099365234	124768	2021/11/15 
2021/11/16 	107.99147033691406	109.4708023071289	106.51213073730469	106.51213073730469	66122	2021/11/16 
2021/11/17 	107.49835205078125	107.49835205078125	104.53968048095703	105.03279876708984	53233	2021/11/17 
2021/11/18 	105.03279876708984	106.51213073730469	105.03279876708984	105.52590942382812	59844	2021/11/18 
2021/11/19 	105.03279876708984	105.52590942382812	102.5672378540039	102.5672378540039	93386	2021/11/19 
2021/11/22 	101.08789825439453	101.58101654052734	100.10167694091797	101.08789825439453	64016	2021/11/22 
2021/11/23 	101.58101654052734	108.48458099365234	101.58101654052734	103.55345916748047	108802	2021/11/23 
2021/11/24 	103.55345916748047	104.53968048095703	100.59478759765625	102.5672378540039	90415	2021/11/24 
2021/11/25 	102.5672378540039	102.5672378540039	100.59478759765625	101.08789825439453	69981	2021/11/25 
2021/11/26 	101.08789825439453	102.5672378540039	100.59478759765625	100.59478759765625	54369	2021/11/26 
2021/11/29 	100.10167694091797	106.0190200805664	99.60856628417969	106.0190200805664	125765	2021/11/29 
2021/11/30 	106.0190200805664	108.97769165039062	104.04656982421875	104.53968048095703	116636	2021/11/30 
2021/12/01 	104.04656982421875	107.00524139404297	102.07412719726562	106.51213073730469	74029	2021/12/01 
2021/12/02 	105.03279876708984	108.48458099365234	105.03279876708984	105.03279876708984	182514	2021/12/02 
2021/12/03 	107.49835205078125	107.49835205078125	104.53968048095703	104.53968048095703	150321	2021/12/03 
2021/12/06 	105.03279876708984	105.03279876708984	100.59478759765625	101.08789825439453	110725	2021/12/06 
2021/12/07 	101.08789825439453	102.5672378540039	101.08789825439453	101.08789825439453	57822	2021/12/07 
2021/12/08 	102.5672378540039	102.5672378540039	99.60856628417969	100.10167694091797	110522	2021/12/08 
2021/12/09 	103.55345916748047	106.0190200805664	102.07412719726562	102.5672378540039	152263	2021/12/09 
2021/12/10 	103.55345916748047	104.53968048095703	102.07412719726562	103.55345916748047	74070	2021/12/10 
2021/12/13 	105.03279876708984	105.52590942382812	103.06034851074219	103.06034851074219	74019	2021/12/13 
2021/12/14 	103.06034851074219	103.06034851074219	99.1154556274414	99.1154556274414	123805	2021/12/14 
2021/12/15 	99.1154556274414	108.97769165039062	98.62234497070312	108.97769165039062	297113	2021/12/15 
2021/12/16 	117.85369873046875	119.8261489868164	113.41569519042969	119.8261489868164	791656	2021/12/16 
2021/12/17 	122.29170227050781	127.22282409667969	113.41569519042969	113.90880584716797	1305013	2021/12/17 
2021/12/20 	114.89503479003906	122.29170227050781	114.40191650390625	117.36058807373047	603975	2021/12/20 
2021/12/21 	117.36058807373047	119.33303833007812	112.42947387695312	114.40191650390625	258663	2021/12/21 
2021/12/22 	114.40191650390625	116.86747741699219	113.90880584716797	115.88125610351562	133082	2021/12/22 
2021/12/23 	116.86747741699219	120.31925964355469	116.3743667602539	118.34680938720703	253500	2021/12/23 
2021/12/24 	119.8261489868164	119.8261489868164	114.89503479003906	115.38814544677734	144067	2021/12/24 
2021/12/27 	114.40191650390625	117.85369873046875	114.40191650390625	116.3743667602539	105452	2021/12/27 
2021/12/28 	116.86747741699219	118.34680938720703	115.38814544677734	115.88125610351562	66938	2021/12/28 
2021/12/29 	116.3743667602539	116.3743667602539	114.40191650390625	114.40191650390625	74333	2021/12/29 
2021/12/30 	114.89503479003906	114.89503479003906	113.41569519042969	113.90880584716797	40563	2021/12/30 
2022/01/03 	114.40191650390625	118.83992767333984	112.9225845336914	118.34680938720703	182717	2022/01/03 
2022/01/04 	119.8261489868164	119.8261489868164	115.88125610351562	116.3743667602539	136936	2022/01/04 
2022/01/05 	118.34680938720703	127.71593475341797	116.86747741699219	126.23660278320312	1361803	2022/01/05 
2022/01/06 	124.26415252685547	125.74349212646484	120.81237030029297	125.25037384033203	700941	2022/01/06 
2022/01/07 	127.71593475341797	133.14016723632812	126.23660278320312	128.70216369628906	1173263	2022/01/07 
2022/01/10 	127.22282409667969	130.18148803710938	123.2779312133789	124.75726318359375	418165	2022/01/10 
2022/01/11 	126.7297134399414	129.1952667236328	119.8261489868164	119.8261489868164	451560	2022/01/11 
2022/01/12 	120.81237030029297	122.29170227050781	118.83992767333984	120.81237030029297	135913	2022/01/12 
2022/01/13 	121.30548095703125	121.30548095703125	113.90880584716797	113.90880584716797	309213	2022/01/13 
2022/01/14 	113.90880584716797	113.90880584716797	107.49835205078125	108.48458099365234	265359	2022/01/14 
2022/01/17 	107.49835205078125	111.44325256347656	107.49835205078125	110.95013427734375	62122	2022/01/17 
2022/01/18 	110.95013427734375	111.93636322021484	108.97769165039062	109.4708023071289	77061	2022/01/18 
2022/01/19 	108.97769165039062	110.95013427734375	107.49835205078125	108.97769165039062	74171	2022/01/19 
2022/01/20 	109.4708023071289	111.44325256347656	109.4708023071289	109.96391296386719	44614	2022/01/20 
2022/01/21 	110.45702362060547	110.95013427734375	105.52590942382812	106.51213073730469	84159	2022/01/21 
2022/01/24 	104.53968048095703	104.53968048095703	101.58101654052734	104.04656982421875	101738	2022/01/24 
2022/01/25 	103.55345916748047	105.52590942382812	102.07412719726562	102.5672378540039	82131	2022/01/25 
2022/01/26 	102.07412719726562	104.53968048095703	102.07412719726562	104.53968048095703	55768	2022/01/26 
2022/02/07 	107.00524139404297	114.89503479003906	107.00524139404297	114.89503479003906	227129	2022/02/07 
2022/02/08 	114.89503479003906	115.88125610351562	110.95013427734375	112.42947387695312	168755	2022/02/08 
2022/02/09 	113.90880584716797	115.88125610351562	111.93636322021484	115.38814544677734	138001	2022/02/09 
2022/02/10 	115.88125610351562	115.88125610351562	112.42947387695312	113.90880584716797	69963	2022/02/10 
2022/02/11 	110.45702362060547	111.93636322021484	109.4708023071289	109.96391296386719	75135	2022/02/11 
2022/02/14 	108.97769165039062	108.97769165039062	105.52590942382812	106.51213073730469	102410	2022/02/14 
2022/02/15 	107.00524139404297	107.99147033691406	105.52590942382812	107.00524139404297	45628	2022/02/15 
2022/02/16 	108.48458099365234	108.48458099365234	106.51213073730469	108.48458099365234	75033	2022/02/16 
2022/02/17 	108.48458099365234	109.4708023071289	106.0190200805664	107.49835205078125	65912	2022/02/17 
2022/02/18 	107.00524139404297	107.49835205078125	106.0190200805664	107.00524139404297	44614	2022/02/18 
2022/02/21 	106.0190200805664	107.99147033691406	105.52590942382812	107.99147033691406	37516	2022/02/21 
2022/02/22 	107.99147033691406	107.99147033691406	103.06034851074219	104.04656982421875	118634	2022/02/22 
2022/02/23 	104.04656982421875	106.0190200805664	104.04656982421875	106.0190200805664	44716	2022/02/23 
2022/02/24 	104.53968048095703	104.53968048095703	101.58101654052734	102.07412719726562	108864	2022/02/24 
2022/02/25 	104.53968048095703	104.53968048095703	101.58101654052734	103.55345916748047	42637	2022/02/25 
2022/03/01 	105.03279876708984	106.51213073730469	104.04656982421875	106.51213073730469	41593	2022/03/01 
2022/03/02 	106.0190200805664	107.00524139404297	104.53968048095703	107.00524139404297	22307	2022/03/02 
2022/03/03 	106.51213073730469	107.00524139404297	104.04656982421875	104.04656982421875	35488	2022/03/03 
2022/03/04 	103.55345916748047	104.53968048095703	103.06034851074219	104.53968048095703	17237	2022/03/04 
2022/03/07 	102.07412719726562	102.5672378540039	100.10167694091797	101.08789825439453	77098	2022/03/07 
2022/03/08 	101.08789825439453	101.58101654052734	97.83336639404297	97.9319839477539	93295	2022/03/08 
2022/03/09 	100.10167694091797	100.10167694091797	98.42510223388672	98.42510223388672	37516	2022/03/09 
2022/03/10 	100.10167694091797	101.58101654052734	98.62234497070312	98.62234497070312	65923	2022/03/10 
2022/03/11 	99.1154556274414	99.60856628417969	98.42510223388672	98.62234497070312	49684	2022/03/11 
2022/03/14 	100.10167694091797	100.59478759765625	98.62234497070312	99.1154556274414	18251	2022/03/14 
2022/03/15 	99.1154556274414	99.1154556274414	95.95954132080078	96.94576263427734	76047	2022/03/15 
2022/03/16 	98.52371978759766	98.52371978759766	96.55127716064453	97.9319839477539	28392	2022/03/16 
2022/03/17 	98.62234497070312	100.10167694091797	98.22785186767578	100.10167694091797	47690	2022/03/17 
2022/03/18 	98.62234497070312	98.62234497070312	97.34025573730469	98.32647705078125	29405	2022/03/18 
2022/03/21 	97.83336639404297	98.03060913085938	97.63612365722656	97.63612365722656	54754	2022/03/21 
2022/03/22 	97.63612365722656	97.63612365722656	96.74851989746094	97.63612365722656	39544	2022/03/22 
2022/03/23 	98.62234497070312	99.1154556274414	97.7347412109375	98.62234497070312	27377	2022/03/23 
2022/03/24 	97.9319839477539	99.1154556274414	97.7347412109375	99.1154556274414	27387	2022/03/24 
2022/03/25 	99.1154556274414	99.1154556274414	96.64989471435547	96.64989471435547	56782	2022/03/25 
2022/03/28 	95.76229858398438	97.34025573730469	95.6636734008789	96.64989471435547	20288	2022/03/28 
2022/03/29 	97.24163055419922	97.34025573730469	96.15678405761719	96.15678405761719	36584	2022/03/29 
2022/03/30 	97.63612365722656	101.58101654052734	97.5374984741211	98.62234497070312	91257	2022/03/30 
2022/03/31 	99.60856628417969	99.60856628417969	97.5374984741211	97.5374984741211	22308	2022/03/31 
2022/04/01 	97.5374984741211	97.5374984741211	96.25540924072266	96.64989471435547	46642	2022/04/01 
2022/04/06 	96.64989471435547	97.14300537109375	96.05816650390625	97.14300537109375	14349	2022/04/06 
2022/04/07 	97.14300537109375	97.14300537109375	95.26918029785156	96.55127716064453	29408	2022/04/07 
2022/04/08 	96.55127716064453	96.55127716064453	95.17056274414062	95.4664306640625	57806	2022/04/08 
2022/04/11 	95.17056274414062	96.55127716064453	86.78766632080078	87.67526245117188	173393	2022/04/11 
2022/04/12 	87.5766372680664	88.7601089477539	86.29454803466797	87.77388763427734	103426	2022/04/12 
2022/04/13 	87.77388763427734	87.77388763427734	86.4917984008789	87.77388763427734	55798	2022/04/13 
2022/04/14 	86.98490905761719	88.06975555419922	86.98490905761719	88.06975555419922	24345	2022/04/14 
2022/04/15 	88.06975555419922	88.16837310791016	87.67526245117188	87.77388763427734	12173	2022/04/15 
2022/04/18 	87.5766372680664	87.87250518798828	86.39317321777344	87.77388763427734	28394	2022/04/18 
2022/04/19 	89.25321960449219	89.54908752441406	88.26699829101562	88.26699829101562	27384	2022/04/19 
2022/04/20 	88.95735168457031	88.95735168457031	86.98490905761719	87.77388763427734	29912	2022/04/20 
2022/04/21 	89.15460205078125	89.15460205078125	87.5766372680664	87.67526245117188	26399	2022/04/21 
2022/04/22 	90.04219818115234	90.04219818115234	87.08352661132812	87.77388763427734	25552	2022/04/22 
2022/04/25 	87.28077697753906	87.28077697753906	84.61797332763672	84.61797332763672	81181	2022/04/25 
2022/04/26 	85.60419464111328	85.60419464111328	84.51934814453125	84.51934814453125	6093	2022/04/26 
2022/04/27 	83.9276123046875	83.9276123046875	79.19374084472656	80.67308044433594	108530	2022/04/27 
2022/04/28 	80.77169799804688	81.75791931152344	80.67308044433594	80.87032318115234	60838	2022/04/28 
2022/04/29 	88.95735168457031	88.95735168457031	88.95735168457031	88.95735168457031	82131	2022/04/29 
2022/05/03 	97.83336639404297	97.83336639404297	90.92980194091797	92.50775909423828	578986	2022/05/03 
2022/05/04 	92.11326599121094	92.11326599121094	89.25321960449219	90.53530883789062	64924	2022/05/04 
2022/05/05 	90.8311767578125	93.19811248779297	90.73255920410156	90.92980194091797	62866	2022/05/05 
2022/05/06 	88.7601089477539	90.73255920410156	87.97113037109375	89.74633026123047	54784	2022/05/06 
2022/05/09 	88.3656234741211	88.7601089477539	87.47801971435547	87.5766372680664	42586	2022/05/09 
2022/05/10 	87.28077697753906	88.7601089477539	86.78766632080078	87.77388763427734	26373	2022/05/10 
2022/05/11 	86.78766632080078	88.26699829101562	86.39317321777344	86.88628387451172	13181	2022/05/11 
2022/05/12 	85.01245880126953	85.20970153808594	83.33587646484375	83.43450164794922	50993	2022/05/12 
2022/05/13 	83.63174438476562	84.12486267089844	82.34965515136719	83.23725891113281	33460	2022/05/13 
2022/05/16 	83.63174438476562	85.60419464111328	80.96894073486328	81.56067657470703	86187	2022/05/16 
2022/05/17 	83.0400161743164	83.0400161743164	81.75791931152344	81.95516967773438	40558	2022/05/17 
2022/05/18 	84.61797332763672	88.5628662109375	83.53312683105469	87.37939453125	153109	2022/05/18 
2022/05/19 	85.50556945800781	85.50556945800781	84.42072296142578	85.40695190429688	30419	2022/05/19 
2022/05/20 	86.78766632080078	91.62015533447266	86.78766632080078	89.64771270751953	116606	2022/05/20 
2022/05/23 	89.64771270751953	89.64771270751953	86.59041595458984	87.1821517944336	62866	2022/05/23 
2022/05/24 	86.98490905761719	86.98490905761719	83.82899475097656	83.82899475097656	60838	2022/05/24 
2022/05/25 	85.01245880126953	86.59041595458984	84.51934814453125	85.50556945800781	37517	2022/05/25 
2022/05/26 	85.80143737792969	85.80143737792969	84.02623748779297	84.02623748779297	17572	2022/05/26 
2022/05/27 	85.60419464111328	86.19593048095703	84.9138412475586	85.80143737792969	24335	2022/05/27 
2022/05/30 	86.78766632080078	86.98490905761719	86.59041595458984	86.59041595458984	31433	2022/05/30 
2022/05/31 	86.78766632080078	86.78766632080078	85.40695190429688	86.59041595458984	39544	2022/05/31 
2022/06/01 	86.78766632080078	89.25321960449219	86.78766632080078	88.16837310791016	58810	2022/06/01 
2022/06/02 	88.7601089477539	88.7601089477539	87.28077697753906	87.28077697753906	14195	2022/06/02 
2022/06/06 	86.4917984008789	86.78766632080078	86.39317321777344	86.4917984008789	11153	2022/06/06 
2022/06/07 	86.4917984008789	87.37939453125	85.50556945800781	85.99868774414062	23321	2022/06/07 
2022/06/08 	86.09730529785156	87.08352661132812	86.09730529785156	86.09730529785156	13384	2022/06/08 
2022/06/09 	87.28077697753906	87.5766372680664	87.08352661132812	87.1821517944336	17237	2022/06/09 
2022/06/10 	86.78766632080078	87.37939453125	86.78766632080078	87.28077697753906	11255	2022/06/10 
2022/06/13 	87.77388763427734	87.97113037109375	86.78766632080078	86.98490905761719	66283	2022/06/13 
2022/06/14 	86.98490905761719	86.98490905761719	85.70281982421875	86.68904113769531	53740	2022/06/14 
2022/06/15 	86.68904113769531	87.1821517944336	86.39317321777344	86.88628387451172	23377	2022/06/15 
2022/06/16 	87.28077697753906	87.77388763427734	86.19593048095703	86.39317321777344	42596	2022/06/16 
2022/06/17 	85.90006256103516	85.90006256103516	84.51934814453125	85.90006256103516	69963	2022/06/17 
2022/06/20 	85.90006256103516	85.90006256103516	84.42072296142578	84.42072296142578	68037	2022/06/20 
2022/06/21 	85.60419464111328	87.08352661132812	84.81521606445312	87.08352661132812	23321	2022/06/21 
2022/06/22 	86.88628387451172	86.88628387451172	85.111083984375	85.3083267211914	42586	2022/06/22 
2022/06/23 	85.60419464111328	86.68904113769531	85.3083267211914	86.4917984008789	41623	2022/06/23 
2022/06/24 	87.5766372680664	87.5766372680664	85.99868774414062	86.68904113769531	20279	2022/06/24 
2022/06/27 	86.78766632080078	87.67526245117188	86.29454803466797	87.28077697753906	26363	2022/06/27 
2022/06/28 	85.99868774414062	87.28077697753906	85.99868774414062	87.28077697753906	6083	2022/06/28 
2022/06/29 	85.50556945800781	87.77388763427734	85.40695190429688	86.29454803466797	14337	2022/06/29 
2022/06/30 	85.111083984375	87.87250518798828	82.05378723144531	86.39317321777344	17237	2022/06/30 
2022/07/01 	94.97332000732422	94.97332000732422	94.97332000732422	94.97332000732422	255520	2022/07/01 
2022/07/04 	98.62234497070312	101.08789825439453	89.84495544433594	89.84495544433594	860961	2022/07/04 
2022/07/05 	89.84495544433594	90.43669128417969	82.94139099121094	84.42072296142578	313415	2022/07/05 
2022/07/06 	85.80143737792969	85.80143737792969	81.95516967773438	81.95516967773438	111536	2022/07/06 
2022/07/07 	82.05378723144531	82.94139099121094	79.68685150146484	80.87032318115234	147025	2022/07/07 
2022/07/08 	81.16619110107422	83.0400161743164	80.87032318115234	81.26480865478516	45628	2022/07/08 
2022/07/11 	81.8565444946289	81.8565444946289	81.16619110107422	81.6593017578125	23321	2022/07/11 
2022/07/12 	80.77169799804688	82.44828033447266	80.77169799804688	80.77169799804688	37516	2022/07/12 
2022/07/13 	81.6593017578125	81.6593017578125	80.77169799804688	80.96894073486328	28391	2022/07/13 
2022/07/14 	80.77169799804688	81.16619110107422	80.77169799804688	81.16619110107422	10139	2022/07/14 
2022/07/15 	83.23725891113281	83.33587646484375	81.4620590209961	83.23725891113281	32448	2022/07/15 
2022/07/18 	82.34965515136719	82.64552307128906	81.8565444946289	82.64552307128906	17237	2022/07/18 
2022/07/19 	82.84276580810547	83.63174438476562	82.84276580810547	83.23725891113281	15209	2022/07/19 
2022/07/20 	83.7303695678711	84.12486267089844	82.94139099121094	82.94139099121094	30419	2022/07/20 
2022/07/21 	82.44828033447266	83.53312683105469	82.44828033447266	83.53312683105469	9125	2022/07/21 
2022/07/22 	83.53312683105469	84.02623748779297	82.54690551757812	82.94139099121094	36502	2022/07/22 
2022/07/25 	82.25103759765625	83.0400161743164	82.25103759765625	83.0400161743164	14398	2022/07/25 
2022/07/26 	82.54690551757812	82.84276580810547	81.36343383789062	81.6593017578125	33479	2022/07/26 
2022/07/27 	81.36343383789062	83.13863372802734	81.36343383789062	83.13863372802734	28416	2022/07/27 
2022/07/28 	82.05378723144531	82.05378723144531	80.67308044433594	80.87032318115234	59824	2022/07/28 
2022/07/29 	81.06756591796875	81.8565444946289	80.87032318115234	81.4620590209961	21293	2022/07/29 
2022/08/01 	81.26480865478516	81.6593017578125	80.87032318115234	81.6593017578125	9125	2022/08/01 
2022/08/02 	80.37721252441406	80.37721252441406	79.39098358154297	79.68685150146484	46642	2022/08/02 
2022/08/03 	81.75791931152344	81.75791931152344	79.48960876464844	80.17996215820312	9125	2022/08/03 
2022/08/04 	79.48960876464844	79.68685150146484	79.48960876464844	79.48960876464844	8111	2022/08/04 
2022/08/05 	81.8565444946289	81.8565444946289	80.37721252441406	80.87032318115234	10227	2022/08/05 
2022/08/08 	79.48960876464844	80.57445526123047	78.30614471435547	78.89787292480469	52755	2022/08/08 
2022/08/09 	80.08134460449219	80.08134460449219	78.99649810791016	79.5882339477539	5070	2022/08/09 
2022/08/10 	80.08134460449219	80.08134460449219	79.09512329101562	79.88409423828125	9125	2022/08/10 
2022/08/11 	80.475830078125	80.475830078125	79.09512329101562	79.78547668457031	16260	2022/08/11 
2022/08/12 	79.29236602783203	79.98271942138672	79.29236602783203	79.98271942138672	11153	2022/08/12 
2022/08/15 	80.475830078125	82.15241241455078	80.37721252441406	80.77169799804688	28568	2022/08/15 
2022/08/16 	80.08134460449219	81.16619110107422	80.08134460449219	80.67308044433594	13343	2022/08/16 
2022/08/17 	80.2785873413086	80.57445526123047	80.17996215820312	80.2785873413086	18251	2022/08/17 
2022/08/18 	79.78547668457031	81.06756591796875	79.78547668457031	80.37721252441406	13256	2022/08/18 
2022/08/19 	80.37721252441406	80.67308044433594	79.68685150146484	80.2785873413086	21344	2022/08/19 
2022/08/22 	79.68685150146484	79.68685150146484	79.48960876464844	79.68685150146484	12167	2022/08/22 
2022/08/23 	79.39098358154297	79.98271942138672	79.39098358154297	79.48960876464844	13384	2022/08/23 
2022/08/24 	79.5882339477539	80.96894073486328	79.5882339477539	80.67308044433594	19271	2022/08/24 
2022/08/25 	80.37721252441406	81.36343383789062	80.2785873413086	81.06756591796875	21293	2022/08/25 
2022/08/26 	81.56067657470703	81.56067657470703	80.57445526123047	81.16619110107422	9137	2022/08/26 
2022/08/29 	80.17996215820312	80.67308044433594	79.88409423828125	80.37721252441406	10139	2022/08/29 
2022/08/30 	80.37721252441406	80.87032318115234	79.98271942138672	80.87032318115234	11153	2022/08/30 
2022/08/31 	80.87032318115234	82.34965515136719	80.87032318115234	82.34965515136719	34525	2022/08/31 
2022/09/01 	81.36343383789062	82.44828033447266	80.96894073486328	82.44828033447266	26363	2022/09/01 
2022/09/02 	83.82899475097656	89.74633026123047	83.82899475097656	86.4917984008789	189612	2022/09/02 
2022/09/05 	86.4917984008789	86.59041595458984	84.81521606445312	84.81521606445312	31433	2022/09/05 
2022/09/06 	83.82899475097656	86.09730529785156	83.7303695678711	84.32210540771484	19265	2022/09/06 
2022/09/07 	85.70281982421875	85.70281982421875	82.34965515136719	82.64552307128906	50698	2022/09/07 
2022/09/08 	83.43450164794922	83.43450164794922	82.34965515136719	83.13863372802734	16233	2022/09/08 
2022/09/12 	82.25103759765625	82.44828033447266	82.05378723144531	82.05378723144531	29405	2022/09/12 
2022/09/13 	83.82899475097656	83.82899475097656	82.44828033447266	82.84276580810547	10139	2022/09/13 
2022/09/14 	83.82899475097656	83.82899475097656	81.6593017578125	81.75791931152344	12168	2022/09/14 
2022/09/15 	81.26480865478516	82.54690551757812	80.96894073486328	81.4620590209961	15209	2022/09/15 
2022/09/16 	80.87032318115234	82.64552307128906	80.57445526123047	81.26480865478516	11153	2022/09/16 
2022/09/19 	81.26480865478516	83.33587646484375	80.475830078125	83.33587646484375	11153	2022/09/19 
2022/09/20 	83.13863372802734	83.13863372802734	80.87032318115234	80.96894073486328	15209	2022/09/20 
2022/09/21 	83.0400161743164	83.0400161743164	81.56067657470703	81.56067657470703	5069	2022/09/21 
2022/09/22 	79.98271942138672	81.95516967773438	79.98271942138672	81.16619110107422	5069	2022/09/22 
2022/09/23 	81.8565444946289	82.64552307128906	80.57445526123047	80.87032318115234	20279	2022/09/23 
2022/09/26 	80.08134460449219	81.4620590209961	77.91165161132812	79.09512329101562	75033	2022/09/26 
2022/09/27 	78.89787292480469	80.96894073486328	78.20751953125	79.09512329101562	31433	2022/09/27 
2022/09/28 	79.29236602783203	79.78547668457031	77.0240478515625	77.81302642822266	33460	2022/09/28 
2022/09/29 	80.2785873413086	80.2785873413086	77.51715850830078	77.61578369140625	40558	2022/09/29 
2022/09/30 	76.72817993164062	78.70063018798828	75.64334106445312	78.50338745117188	13181	2022/09/30 
2022/10/03 	78.79925537109375	80.67308044433594	78.30614471435547	78.60200500488281	26363	2022/10/03 
2022/10/04 	78.79925537109375	79.98271942138672	78.50338745117188	78.79925537109375	25349	2022/10/04 
2022/10/05 	79.88409423828125	79.88409423828125	78.89787292480469	79.78547668457031	25349	2022/10/05 
2022/10/06 	79.09512329101562	80.67308044433594	79.09512329101562	79.68685150146484	33460	2022/10/06 
2022/10/07 	79.09512329101562	79.68685150146484	78.99649810791016	79.39098358154297	25349	2022/10/07 
2022/10/11 	79.29236602783203	80.2785873413086	76.92543029785156	77.81302642822266	52726	2022/10/11 
2022/10/12 	78.4047622680664	78.89787292480469	77.61578369140625	77.91165161132812	58810	2022/10/12 
2022/10/13 	78.79925537109375	78.79925537109375	75.15022277832031	75.15022277832031	60838	2022/10/13 
2022/10/14 	77.51715850830078	77.51715850830078	75.15022277832031	75.15022277832031	69963	2022/10/14 
2022/10/17 	74.85436248779297	74.85436248779297	68.14804077148438	68.73977661132812	122724	2022/10/17 
2022/10/18 	69.82461547851562	69.82461547851562	68.14804077148438	68.73977661132812	76047	2022/10/18 
2022/10/19 	69.13426208496094	69.33150482177734	68.0494155883789	68.64115142822266	34491	2022/10/19 
2022/10/20 	68.14804077148438	68.14804077148438	66.57008361816406	67.26043701171875	53740	2022/10/20 
2022/10/21 	68.24665832519531	68.93701934814453	66.07697296142578	66.4714584350586	37516	2022/10/21 
2022/10/24 	66.668701171875	68.0494155883789	65.87972259521484	66.4714584350586	41572	2022/10/24 
2022/10/25 	66.17559051513672	66.27421569824219	63.611412048339844	64.00589752197266	63880	2022/10/25 
2022/10/26 	67.06319427490234	70.31773376464844	66.96456909179688	67.35906219482422	170346	2022/10/26 
2022/10/27 	69.2328872680664	71.5011978149414	68.73977661132812	69.2328872680664	96327	2022/10/27 
2022/10/28 	68.34528350830078	69.13426208496094	67.8521728515625	68.54252624511719	36504	2022/10/28 
2022/10/31 	69.13426208496094	69.2328872680664	68.24665832519531	68.64115142822266	37518	2022/10/31 
2022/11/01 	70.02186584472656	70.02186584472656	68.93701934814453	69.62737274169922	17237	2022/11/01 
2022/11/02 	69.13426208496094	70.61360168457031	69.13426208496094	69.72599792480469	26363	2022/11/02 
2022/11/03 	69.03564453125	69.72599792480469	68.83839416503906	69.62737274169922	11153	2022/11/03 
2022/11/04 	69.62737274169922	70.31773376464844	68.64115142822266	69.52875518798828	19265	2022/11/04 
2022/11/07 	70.02186584472656	70.31773376464844	69.52875518798828	70.02186584472656	39544	2022/11/07 
2022/11/08 	69.52875518798828	70.02186584472656	69.43013000488281	69.72599792480469	70068	2022/11/08 
2022/11/09 	69.72599792480469	71.99430847167969	69.72599792480469	69.82461547851562	112550	2022/11/09 
2022/11/10 	70.02186584472656	70.1204833984375	68.64115142822266	69.43013000488281	152095	2022/11/10 
2022/11/11 	70.21910858154297	70.51497650146484	68.93701934814453	69.03564453125	62866	2022/11/11 
2022/11/14 	69.03564453125	69.62737274169922	68.34528350830078	69.62737274169922	113564	2022/11/14 
2022/11/15 	69.03564453125	69.03564453125	68.73977661132812	68.93701934814453	96327	2022/11/15 
2022/11/16 	69.13426208496094	70.51497650146484	68.73977661132812	68.83839416503906	48670	2022/11/16 
2022/11/17 	69.03564453125	69.62737274169922	68.54252624511719	68.93701934814453	46642	2022/11/17 
2022/11/18 	69.33150482177734	69.72599792480469	68.64115142822266	68.83839416503906	28391	2022/11/18 
2022/11/21 	67.75354766845703	68.93701934814453	67.55630493164062	67.6549301147461	64895	2022/11/21 
2022/11/22 	67.55630493164062	68.64115142822266	67.26043701171875	67.8521728515625	45628	2022/11/22 
2022/11/23 	68.83839416503906	69.43013000488281	67.8521728515625	69.43013000488281	33460	2022/11/23 
2022/11/24 	69.72599792480469	69.72599792480469	69.03564453125	69.72599792480469	32447	2022/11/24 
2022/11/25 	69.2328872680664	69.72599792480469	68.93701934814453	69.03564453125	41572	2022/11/25 
2022/11/28 	69.03564453125	69.62737274169922	68.73977661132812	69.43013000488281	11153	2022/11/28 
2022/11/29 	69.72599792480469	69.72599792480469	69.03564453125	69.62737274169922	19265	2022/11/29 
2022/11/30 	69.9232406616211	70.21910858154297	69.52875518798828	70.1204833984375	30419	2022/11/30 
2022/12/01 	70.1204833984375	71.99430847167969	70.1204833984375	71.59982299804688	51719	2022/12/01 
2022/12/02 	71.5011978149414	71.99430847167969	71.1067123413086	71.1067123413086	35488	2022/12/02 
2022/12/05 	72.38880157470703	73.86813354492188	71.69844055175781	72.4874267578125	59824	2022/12/05 
2022/12/06 	72.4874267578125	73.07915496826172	71.79706573486328	72.09293365478516	38530	2022/12/06 
2022/12/07 	72.38880157470703	72.4874267578125	70.71221923828125	72.4874267578125	71991	2022/12/07 
2022/12/08 	71.89569091796875	72.98053741455078	71.20532989501953	71.40258026123047	58810	2022/12/08 
2022/12/09 	71.59982299804688	71.59982299804688	71.20532989501953	71.5011978149414	18251	2022/12/09 
2022/12/12 	71.59982299804688	73.67089080810547	71.59982299804688	73.07915496826172	41577	2022/12/12 
2022/12/13 	73.86813354492188	75.24884796142578	73.27639770507812	73.67089080810547	63884	2022/12/13 
2022/12/14 	73.67089080810547	74.65711212158203	72.88191223144531	74.26262664794922	24397	2022/12/14 
2022/12/15 	73.96675872802734	74.36124420166016	73.17778015136719	73.3750228881836	6084	2022/12/15 
2022/12/16 	73.3750228881836	73.3750228881836	71.99430847167969	72.88191223144531	14195	2022/12/16 
2022/12/19 	73.17778015136719	73.17778015136719	73.17778015136719	73.17778015136719	1013	2022/12/19 
2022/12/20 	72.58604431152344	73.27639770507812	71.5011978149414	72.19155883789062	45628	2022/12/20 
2022/12/21 	72.4874267578125	72.4874267578125	71.5011978149414	71.5011978149414	9125	2022/12/21 
2022/12/22 	71.59982299804688	72.88191223144531	71.303955078125	71.40258026123047	23321	2022/12/22 
2022/12/23 	70.61360168457031	71.5011978149414	70.61360168457031	71.40258026123047	6083	2022/12/23 
2022/12/26 	71.40258026123047	71.99430847167969	70.81084442138672	70.81084442138672	9176	2022/12/26 
2022/12/27 	71.1067123413086	72.4874267578125	70.81084442138672	70.81084442138672	12187	2022/12/27 
2022/12/28 	70.81084442138672	70.81084442138672	70.61360168457031	70.61360168457031	5069	2022/12/28 
2022/12/29 	69.9232406616211	70.02186584472656	69.82461547851562	70.02186584472656	7097	2022/12/29 
2022/12/30 	70.71221923828125	71.00808715820312	70.51497650146484	70.61360168457031	17237	2022/12/30 
2023/01/03 	70.61360168457031	71.00808715820312	70.21910858154297	70.61360168457031	14195	2023/01/03 
2023/01/04 	72.88191223144531	72.88191223144531	71.00808715820312	71.5011978149414	11153	2023/01/04 
2023/01/05 	71.20532989501953	71.20532989501953	71.00808715820312	71.00808715820312	19265	2023/01/05 
2023/01/06 	71.20532989501953	71.20532989501953	71.20532989501953	71.20532989501953	1013	2023/01/06 
2023/01/09 	71.5011978149414	71.89569091796875	70.90946197509766	70.90946197509766	19986	2023/01/09 
2023/01/10 	70.90946197509766	71.1067123413086	70.61360168457031	70.61360168457031	9298	2023/01/10 
2023/01/11 	70.1204833984375	70.21910858154297	69.9232406616211	69.9232406616211	13282	2023/01/11 
2023/01/12 	69.9232406616211	70.31773376464844	69.82461547851562	70.31773376464844	7199	2023/01/12 
2023/01/13 	70.1204833984375	70.1204833984375	69.72599792480469	69.82461547851562	10139	2023/01/13 
2023/01/16 	70.81084442138672	70.81084442138672	69.82461547851562	69.82461547851562	14403	2023/01/16 
2023/01/17 	70.02186584472656	70.02186584472656	69.13426208496094	69.33150482177734	32492	2023/01/17 
2023/01/30 	69.62737274169922	70.41635131835938	69.62737274169922	70.41635131835938	8126	2023/01/30 
2023/01/31 	70.71221923828125	70.90946197509766	70.71221923828125	70.90946197509766	5069	2023/01/31 
2023/02/01 	70.90946197509766	71.5011978149414	70.71221923828125	71.5011978149414	29406	2023/02/01 
2023/02/02 	72.09293365478516	73.76951599121094	71.99430847167969	73.572265625	25369	2023/02/02 
2023/02/03 	73.67089080810547	74.7557373046875	72.6846694946289	72.78328704833984	24335	2023/02/03 
2023/02/06 	71.99430847167969	71.99430847167969	69.9232406616211	71.59982299804688	40558	2023/02/06 
2023/02/07 	71.1067123413086	71.1067123413086	70.1204833984375	71.00808715820312	18251	2023/02/07 
2023/02/08 	71.00808715820312	71.5011978149414	70.51497650146484	71.303955078125	15209	2023/02/08 
2023/02/09 	71.00808715820312	71.303955078125	70.71221923828125	71.303955078125	9125	2023/02/09 
2023/02/10 	71.303955078125	71.303955078125	70.61360168457031	71.00808715820312	11153	2023/02/10 
2023/02/13 	70.02186584472656	70.51497650146484	69.82461547851562	70.1204833984375	15209	2023/02/13 
2023/02/14 	70.1204833984375	70.51497650146484	69.82461547851562	70.51497650146484	19265	2023/02/14 
2023/02/15 	69.82461547851562	70.81084442138672	69.82461547851562	70.31773376464844	21293	2023/02/15 
2023/02/16 	70.21910858154297	70.71221923828125	70.21910858154297	70.71221923828125	9125	2023/02/16 
2023/02/17 	70.61360168457031	71.20532989501953	70.51497650146484	71.00808715820312	20279	2023/02/17 
2023/02/20 	71.303955078125	72.78328704833984	71.1067123413086	72.4874267578125	50698	2023/02/20 
2023/02/21 	72.4874267578125	73.17778015136719	72.29017639160156	72.38880157470703	9125	2023/02/21 
2023/02/22 	71.59982299804688	72.09293365478516	71.59982299804688	71.99430847167969	9176	2023/02/22 
2023/02/23 	72.4874267578125	75.34747314453125	72.4874267578125	73.76951599121094	53741	2023/02/23 
2023/02/24 	73.3750228881836	73.47364807128906	72.6846694946289	72.6846694946289	11153	2023/02/24 
2023/03/01 	72.88191223144531	72.88191223144531	71.5011978149414	71.79706573486328	11159	2023/03/01 
2023/03/02 	71.1067123413086	71.99430847167969	71.1067123413086	71.99430847167969	16292	2023/03/02 
2023/03/03 	71.99430847167969	72.09293365478516	71.69844055175781	72.09293365478516	12167	2023/03/03 
2023/03/06 	72.19155883789062	73.76951599121094	72.09293365478516	73.17778015136719	37570	2023/03/06 
2023/03/07 	75.93920135498047	75.93920135498047	73.96675872802734	74.5584945678711	36573	2023/03/07 
2023/03/08 	73.96675872802734	75.74195861816406	73.572265625	74.16400146484375	31433	2023/03/08 
2023/03/09 	76.72817993164062	76.72817993164062	74.36124420166016	75.44609069824219	32447	2023/03/09 
2023/03/10 	73.96675872802734	75.44609069824219	72.98053741455078	74.5584945678711	46667	2023/03/10 
2023/03/13 	74.65711212158203	74.65711212158203	72.29017639160156	72.88191223144531	31433	2023/03/13 
2023/03/14 	71.69844055175781	72.98053741455078	71.69844055175781	72.4874267578125	13181	2023/03/14 
2023/03/15 	72.4874267578125	73.47364807128906	71.99430847167969	72.78328704833984	27377	2023/03/15 
2023/03/16 	72.78328704833984	72.78328704833984	71.79706573486328	71.79706573486328	8111	2023/03/16 
2023/03/17 	71.69844055175781	72.4874267578125	71.20532989501953	71.303955078125	27377	2023/03/17 
2023/03/20 	70.90946197509766	71.5011978149414	70.61360168457031	71.40258026123047	30419	2023/03/20 
2023/03/21 	71.20532989501953	71.69844055175781	71.20532989501953	71.69844055175781	5069	2023/03/21 
2023/03/22 	71.89569091796875	71.99430847167969	71.69844055175781	71.89569091796875	17239	2023/03/22 
2023/03/23 	71.79706573486328	71.79706573486328	71.40258026123047	71.40258026123047	7097	2023/03/23 
2023/03/24 	71.5011978149414	71.5011978149414	71.20532989501953	71.303955078125	17288	2023/03/24 
2023/03/27 	71.5011978149414	71.5011978149414	71.00808715820312	71.00808715820312	6083	2023/03/27 
2023/03/28 	71.00808715820312	71.00808715820312	70.81084442138672	70.90946197509766	11153	2023/03/28 
2023/03/29 	72.98053741455078	72.98053741455078	71.79706573486328	71.79706573486328	6084	2023/03/29 
2023/03/30 	71.99430847167969	71.99430847167969	71.00808715820312	71.1067123413086	14195	2023/03/30 
2023/03/31 	71.1067123413086	71.303955078125	70.81084442138672	71.303955078125	15214	2023/03/31 
2023/04/06 	71.20532989501953	71.20532989501953	71.00808715820312	71.00808715820312	2030	2023/04/06 
2023/04/07 	71.20532989501953	71.99430847167969	71.20532989501953	71.89569091796875	14205	2023/04/07 
2023/04/10 	71.5011978149414	71.89569091796875	71.40258026123047	71.59982299804688	15235	2023/04/10 
2023/04/11 	71.69844055175781	73.47364807128906	71.69844055175781	72.88191223144531	27377	2023/04/11 
2023/04/12 	74.85436248779297	74.85436248779297	72.88191223144531	73.67089080810547	50191	2023/04/12 
2023/04/13 	73.47364807128906	74.45986938476562	73.3750228881836	73.67089080810547	17237	2023/04/13 
2023/04/14 	73.67089080810547	74.65711212158203	73.67089080810547	74.26262664794922	24335	2023/04/14 
2023/04/17 	74.26262664794922	76.43231964111328	73.96675872802734	75.54471588134766	75033	2023/04/17 
2023/04/18 	75.54471588134766	75.54471588134766	73.96675872802734	74.06537628173828	43600	2023/04/18 
2023/04/19 	74.26262664794922	74.26262664794922	73.3750228881836	73.3750228881836	25349	2023/04/19 
2023/04/20 	73.47364807128906	73.47364807128906	72.6846694946289	72.6846694946289	35488	2023/04/20 
2023/04/21 	72.88191223144531	72.88191223144531	72.19155883789062	72.38880157470703	20279	2023/04/21 
2023/04/24 	71.79706573486328	72.09293365478516	71.69844055175781	71.99430847167969	20279	2023/04/24 
2023/04/25 	76.8268051147461	76.8268051147461	71.20532989501953	71.40258026123047	25349	2023/04/25 
2023/04/26 	71.00808715820312	71.59982299804688	70.90946197509766	71.59982299804688	16223	2023/04/26 
2023/04/27 	71.99430847167969	72.4874267578125	71.99430847167969	71.99430847167969	18251	2023/04/27 
2023/04/28 	72.09293365478516	72.6846694946289	71.5011978149414	71.79706573486328	21393	2023/04/28 
2023/05/02 	71.79706573486328	72.09293365478516	71.79706573486328	71.89569091796875	16223	2023/05/02 
2023/05/03 	71.89569091796875	72.09293365478516	71.40258026123047	71.69844055175781	23321	2023/05/03 
2023/05/04 	71.59982299804688	71.69844055175781	71.303955078125	71.40258026123047	9125	2023/05/04 
2023/05/05 	71.40258026123047	71.99430847167969	71.40258026123047	71.5011978149414	13759	2023/05/05 
2023/05/08 	71.59982299804688	71.79706573486328	70.51497650146484	71.1067123413086	42586	2023/05/08 
2023/05/09 	70.81084442138672	71.89569091796875	70.51497650146484	70.61360168457031	13181	2023/05/09 
2023/05/10 	70.02186584472656	71.89569091796875	69.9232406616211	70.21910858154297	24335	2023/05/10 
2023/05/11 	71.303955078125	71.303955078125	69.9232406616211	70.02186584472656	15209	2023/05/11 
2023/05/12 	70.02186584472656	70.02186584472656	69.82461547851562	70.02186584472656	18251	2023/05/12 
2023/05/15 	69.9232406616211	71.40258026123047	68.83839416503906	69.13426208496094	39544	2023/05/15 
2023/05/16 	70.90946197509766	70.90946197509766	69.03564453125	69.62737274169922	31433	2023/05/16 
2023/05/17 	70.21910858154297	70.21910858154297	69.52875518798828	69.62737274169922	16223	2023/05/17 
2023/05/18 	70.41635131835938	70.41635131835938	69.62737274169922	69.62737274169922	28593	2023/05/18 
2023/05/19 	69.9232406616211	69.9232406616211	69.03564453125	69.2328872680664	27529	2023/05/19 
2023/05/22 	69.62737274169922	69.72599792480469	68.93701934814453	69.43013000488281	22327	2023/05/22 
2023/05/23 	69.52875518798828	69.52875518798828	69.03564453125	69.03564453125	42586	2023/05/23 
2023/05/24 	68.93701934814453	69.52875518798828	68.54252624511719	69.52875518798828	9125	2023/05/24 
2023/05/25 	68.93701934814453	69.03564453125	68.64115142822266	69.03564453125	15209	2023/05/25 
2023/05/26 	68.93701934814453	69.33150482177734	68.64115142822266	68.73977661132812	10190	2023/05/26 
2023/05/29 	68.73977661132812	69.52875518798828	68.73977661132812	69.52875518798828	11161	2023/05/29 
2023/05/30 	69.03564453125	69.52875518798828	69.03564453125	69.03564453125	13181	2023/05/30 
2023/05/31 	68.83839416503906	68.83839416503906	68.73977661132812	68.83839416503906	6083	2023/05/31 
2023/06/01 	69.03564453125	69.52875518798828	69.03564453125	69.52875518798828	48721	2023/06/01 
2023/06/02 	69.52875518798828	69.52875518798828	68.83839416503906	69.03564453125	52726	2023/06/02 
2023/06/05 	68.73977661132812	69.03564453125	68.54252624511719	69.03564453125	21293	2023/06/05 
2023/06/06 	69.33150482177734	69.33150482177734	68.73977661132812	68.93701934814453	12173	2023/06/06 
2023/06/07 	68.83839416503906	69.03564453125	68.83839416503906	69.03564453125	41572	2023/06/07 
2023/06/08 	69.33150482177734	69.33150482177734	68.73977661132812	68.83839416503906	24335	2023/06/08 
2023/06/09 	69.03564453125	74.45986938476562	69.03564453125	71.99430847167969	397476	2023/06/09 
2023/06/12 	73.572265625	76.23506927490234	71.59982299804688	74.16400146484375	389435	2023/06/12 
2023/06/13 	75.05160522460938	75.05160522460938	72.38880157470703	72.6846694946289	156151	2023/06/13 
2023/06/14 	73.17778015136719	73.96675872802734	71.40258026123047	71.59982299804688	138913	2023/06/14 
2023/06/15 	71.5011978149414	71.5011978149414	70.1204833984375	70.51497650146484	61852	2023/06/15 
2023/06/16 	71.20532989501953	71.20532989501953	70.81084442138672	70.81084442138672	32529	2023/06/16 
2023/06/19 	70.31773376464844	70.81084442138672	70.31773376464844	70.71221923828125	17237	2023/06/19 
2023/06/20 	70.41635131835938	70.61360168457031	70.1204833984375	70.1204833984375	11153	2023/06/20 
2023/06/21 	70.1204833984375	70.31773376464844	69.33150482177734	69.33150482177734	78076	2023/06/21 
2023/06/26 	69.13426208496094	69.33150482177734	69.03564453125	69.33150482177734	68949	2023/06/26 
2023/06/27 	69.52875518798828	69.82461547851562	69.13426208496094	69.33150482177734	68949	2023/06/27 
2023/06/28 	69.43013000488281	69.52875518798828	69.03564453125	69.2328872680664	44614	2023/06/28 
2023/06/29 	69.2328872680664	69.52875518798828	69.03564453125	69.52875518798828	43602	2023/06/29 
2023/06/30 	69.43013000488281	69.52875518798828	69.13426208496094	69.2328872680664	20279	2023/06/30 
2023/07/03 	69.2328872680664	70.51497650146484	68.93701934814453	69.13426208496094	47656	2023/07/03 
2023/07/04 	69.43013000488281	69.52875518798828	69.03564453125	69.33150482177734	73005	2023/07/04 
2023/07/05 	69.33150482177734	69.33150482177734	69.03564453125	69.03564453125	87252	2023/07/05 
2023/07/06 	69.13426208496094	69.82461547851562	68.83839416503906	68.93701934814453	66992	2023/07/06 
2023/07/07 	69.13426208496094	70.61360168457031	69.03564453125	69.33150482177734	91301	2023/07/07 
2023/07/10 	70.02186584472656	70.41635131835938	69.62737274169922	70.21910858154297	47707	2023/07/10 
2023/07/11 	71.303955078125	71.303955078125	69.82461547851562	69.82461547851562	38632	2023/07/11 
2023/07/12 	69.72599792480469	69.72599792480469	69.43013000488281	69.62737274169922	16243	2023/07/12 
2023/07/13 	69.33150482177734	69.82461547851562	69.2328872680664	69.2328872680664	40660	2023/07/13 
2023/07/14 	69.33150482177734	69.52875518798828	69.13426208496094	69.13426208496094	32448	2023/07/14 
2023/07/17 	69.62737274169922	69.62737274169922	69.33150482177734	69.33150482177734	6104	2023/07/17 
2023/07/18 	69.33150482177734	69.43013000488281	69.03564453125	69.43013000488281	16294	2023/07/18 
2023/07/19 	69.62737274169922	69.82461547851562	69.2328872680664	69.52875518798828	18275	2023/07/19 
2023/07/20 	69.72599792480469	71.5011978149414	69.72599792480469	71.00808715820312	94360	2023/07/20 
2023/07/21 	70.21910858154297	71.69844055175781	69.72599792480469	70.02186584472656	57796	2023/07/21 
2023/07/24 	70.1204833984375	70.21910858154297	69.52875518798828	69.52875518798828	32447	2023/07/24 
2023/07/25 	69.62737274169922	70.21910858154297	69.62737274169922	70.21910858154297	12223	2023/07/25 
2023/07/26 	70.02186584472656	70.02186584472656	69.52875518798828	69.82461547851562	22308	2023/07/26 
2023/07/27 	69.72599792480469	70.02186584472656	69.52875518798828	69.82461547851562	22388	2023/07/27 
2023/07/28 	69.72599792480469	70.21910858154297	69.52875518798828	70.21910858154297	22371	2023/07/28 
2023/07/31 	70.21910858154297	70.21910858154297	69.52875518798828	70.1204833984375	18252	2023/07/31 
2023/08/01 	69.9232406616211	70.02186584472656	69.52875518798828	70.02186584472656	22814	2023/08/01 
2023/08/02 	70.02186584472656	70.21910858154297	69.43013000488281	69.43013000488281	23321	2023/08/02 
2023/08/04 	69.52875518798828	73.07915496826172	69.52875518798828	71.59982299804688	112550	2023/08/04 
2023/08/07 	71.59982299804688	71.59982299804688	70.51497650146484	70.51497650146484	29408	2023/08/07 
2023/08/08 	70.51497650146484	70.51497650146484	70.02186584472656	70.21910858154297	28391	2023/08/08 
2023/08/09 	70.1204833984375	70.1204833984375	69.9232406616211	70.02186584472656	29405	2023/08/09 
2023/08/10 	70.02186584472656	71.1067123413086	69.13426208496094	69.13426208496094	49684	2023/08/10 
2023/08/11 	71.00808715820312	71.00808715820312	69.72599792480469	69.72599792480469	64894	2023/08/11 
2023/08/14 	70.61360168457031	70.61360168457031	68.44390869140625	68.44390869140625	113564	2023/08/14 
2023/08/15 	68.54252624511719	69.9232406616211	68.54252624511719	69.72599792480469	12218	2023/08/15 
2023/08/16 	69.52875518798828	69.52875518798828	69.03564453125	69.2328872680664	15237	2023/08/16 
2023/08/17 	69.03564453125	69.62737274169922	68.73977661132812	69.2328872680664	8111	2023/08/17 
2023/08/18 	69.2328872680664	69.2328872680664	69.03564453125	69.2328872680664	26363	2023/08/18 
2023/08/21 	69.33150482177734	69.62737274169922	68.93701934814453	69.03564453125	39596	2023/08/21 
2023/08/22 	69.03564453125	69.13426208496094	68.93701934814453	69.13426208496094	29572	2023/08/22 
2023/08/23 	69.13426208496094	69.13426208496094	68.83839416503906	68.93701934814453	64894	2023/08/23 
2023/08/24 	69.43013000488281	69.43013000488281	68.93701934814453	69.2328872680664	9150	2023/08/24 
2023/08/25 	69.03564453125	69.62737274169922	69.03564453125	69.33150482177734	34474	2023/08/25 
2023/08/28 	69.82461547851562	70.51497650146484	69.13426208496094	69.13426208496094	27450	2023/08/28 
2023/08/29 	69.2328872680664	69.2328872680664	68.83839416503906	69.13426208496094	27419	2023/08/29 
2023/08/30 	66.57008361816406	67.06319427490234	66.57008361816406	66.76732635498047	21293	2023/08/30 
2023/08/31 	66.668701171875	66.76732635498047	65.38661193847656	65.58385467529297	71047	2023/08/31 
2023/09/01 	65.97834777832031	69.52875518798828	65.58385467529297	68.0494155883789	399504	2023/09/01 
2023/09/04 	68.0494155883789	68.0494155883789	67.35906219482422	67.35906219482422	11153	2023/09/04 
2023/09/05 	67.16181945800781	67.16181945800781	66.668701171875	66.76732635498047	16223	2023/09/05 
2023/09/06 	66.86595153808594	66.86595153808594	66.57008361816406	66.57008361816406	6139	2023/09/06 
2023/09/07 	68.83839416503906	68.83839416503906	66.76732635498047	67.45767974853516	42586	2023/09/07 
2023/09/08 	67.26043701171875	67.26043701171875	66.668701171875	66.76732635498047	21293	2023/09/08 
2023/09/11 	67.06319427490234	67.06319427490234	65.38661193847656	65.58385467529297	52865	2023/09/11 
2023/09/12 	66.37283325195312	66.37283325195312	64.89350128173828	65.97834777832031	137088	2023/09/12 
2023/09/13 	65.97834777832031	66.07697296142578	65.28799438476562	65.7811050415039	34616	2023/09/13 
2023/09/14 	66.27421569824219	66.57008361816406	66.07697296142578	66.07697296142578	14245	2023/09/14 
2023/09/15 	66.17559051513672	66.27421569824219	65.58385467529297	65.58385467529297	13181	2023/09/15 
2023/09/18 	65.58385467529297	65.58385467529297	65.48523712158203	65.48523712158203	16223	2023/09/18 
2023/09/19 	65.18936920166016	65.48523712158203	65.09074401855469	65.09074401855469	34474	2023/09/19 
2023/09/20 	65.09074401855469	65.7811050415039	65.09074401855469	65.09074401855469	18251	2023/09/20 
2023/09/21 	65.09074401855469	65.09074401855469	64.79488372802734	64.89350128173828	17237	2023/09/21 
2023/09/22 	64.99212646484375	64.99212646484375	64.400390625	64.400390625	24248	2023/09/22 
2023/09/25 	65.18936920166016	65.18936920166016	64.400390625	64.49901580810547	17237	2023/09/25 
2023/09/26 	64.49901580810547	64.5976333618164	64.30176544189453	64.30176544189453	15240	2023/09/26 
2023/09/27 	64.2031478881836	64.30176544189453	64.2031478881836	64.2031478881836	31433	2023/09/27 
2023/09/28 	64.400390625	65.97834777832031	64.400390625	65.09074401855469	55768	2023/09/28 
2023/10/02 	64.99212646484375	65.18936920166016	64.89350128173828	64.89350128173828	30421	2023/10/02 
2023/10/03 	65.58385467529297	67.55630493164062	65.58385467529297	66.37283325195312	22499	2023/10/03 
2023/10/04 	65.68247985839844	66.07697296142578	65.48523712158203	65.68247985839844	10153	2023/10/04 
2023/10/05 	66.27421569824219	68.0494155883789	65.68247985839844	67.26043701171875	79120	2023/10/05 
2023/10/06 	67.45767974853516	68.0494155883789	66.37283325195312	66.668701171875	46703	2023/10/06 
2023/10/11 	67.26043701171875	68.54252624511719	67.16181945800781	67.45767974853516	54754	2023/10/11 
2023/10/12 	68.0494155883789	69.03564453125	68.0494155883789	68.34528350830078	81122	2023/10/12 
2023/10/13 	68.34528350830078	69.03564453125	67.75354766845703	68.44390869140625	31433	2023/10/13 
2023/10/16 	68.64115142822266	68.64115142822266	67.45767974853516	67.6549301147461	38530	2023/10/16 
2023/10/17 	68.0494155883789	68.0494155883789	68.0494155883789	68.0494155883789	2038	2023/10/17 
2023/10/18 	67.95079803466797	68.0494155883789	66.76732635498047	68.0494155883789	28392	2023/10/18 
2023/10/19 	68.0494155883789	68.0494155883789	67.6549301147461	67.6549301147461	11153	2023/10/19 
2023/10/20 	67.6549301147461	67.6549301147461	66.4714584350586	66.76732635498047	18251	2023/10/20 
2023/10/23 	66.86595153808594	67.06319427490234	66.668701171875	66.76732635498047	20279	2023/10/23 
2023/10/24 	66.76732635498047	66.86595153808594	66.57008361816406	66.57008361816406	34564	2023/10/24 
2023/10/25 	66.76732635498047	67.55630493164062	66.76732635498047	66.96456909179688	15209	2023/10/25 
2023/10/26 	66.76732635498047	67.55630493164062	66.17559051513672	66.37283325195312	29606	2023/10/26 
2023/10/27 	66.37283325195312	66.76732635498047	66.37283325195312	66.37283325195312	30419	2023/10/27 
2023/10/30 	66.37283325195312	66.96456909179688	66.07697296142578	66.4714584350586	31433	2023/10/30 
2023/10/31 	66.4714584350586	68.44390869140625	65.87972259521484	66.07697296142578	119649	2023/10/31 
2023/11/01 	66.27421569824219	66.27421569824219	66.07697296142578	66.17559051513672	3041	2023/11/01 
2023/11/02 	66.37283325195312	67.06319427490234	66.37283325195312	66.96456909179688	6083	2023/11/02 
2023/11/03 	66.57008361816406	66.86595153808594	66.4714584350586	66.76732635498047	13181	2023/11/03 
2023/11/06 	66.86595153808594	68.44390869140625	66.86595153808594	67.95079803466797	25349	2023/11/06 
2023/11/07 	67.6549301147461	67.8521728515625	67.55630493164062	67.75354766845703	8158	2023/11/07 
2023/11/08 	74.45986938476562	74.45986938476562	74.45986938476562	74.45986938476562	250669	2023/11/08 
2023/11/09 	80.87032318115234	81.75791931152344	76.23506927490234	78.70063018798828	1044490	2023/11/09 
2023/11/10 	78.89787292480469	81.6593017578125	78.0102767944336	79.98271942138672	358970	2023/11/10 
2023/11/13 	83.13863372802734	83.13863372802734	79.48960876464844	81.6593017578125	479636	2023/11/13 
2023/11/14 	81.6593017578125	84.51934814453125	81.6593017578125	81.75791931152344	321529	2023/11/14 
2023/11/15 	82.84276580810547	83.43450164794922	81.4620590209961	82.05378723144531	224087	2023/11/15 
2023/11/16 	82.05378723144531	82.54690551757812	79.98271942138672	81.16619110107422	137899	2023/11/16 
2023/11/17 	81.36343383789062	82.34965515136719	80.08134460449219	81.6593017578125	122008	2023/11/17 
2023/11/20 	81.8565444946289	82.74414825439453	80.87032318115234	82.54690551757812	55829	2023/11/20 
2023/11/21 	82.54690551757812	82.94139099121094	80.77169799804688	80.77169799804688	125732	2023/11/21 
2023/11/22 	80.77169799804688	82.05378723144531	80.2785873413086	80.475830078125	90243	2023/11/22 
2023/11/23 	80.2785873413086	80.96894073486328	80.08134460449219	80.37721252441406	54754	2023/11/23 
2023/11/24 	81.06756591796875	81.06756591796875	80.37721252441406	80.57445526123047	49684	2023/11/24 
2023/11/27 	80.57445526123047	81.36343383789062	80.57445526123047	80.87032318115234	57796	2023/11/27 
2023/11/28 	81.16619110107422	82.94139099121094	80.96894073486328	82.94139099121094	104540	2023/11/28 
2023/11/29 	83.7303695678711	86.78766632080078	82.94139099121094	85.40695190429688	319409	2023/11/29 
2023/11/30 	86.09730529785156	86.09730529785156	83.82899475097656	85.111083984375	110703	2023/11/30 
2023/12/01 	85.3083267211914	86.19593048095703	84.51934814453125	85.80143737792969	83145	2023/12/01 
2023/12/04 	85.80143737792969	88.5628662109375	83.63174438476562	83.9276123046875	301159	2023/12/04 
2023/12/05 	85.3083267211914	88.16837310791016	84.22348022460938	88.16837310791016	247413	2023/12/05 
2023/12/06 	88.7601089477539	95.4664306640625	88.7601089477539	93.09949493408203	802049	2023/12/06 
2023/12/07 	92.80362701416016	93.09949493408203	89.54908752441406	89.74633026123047	298116	2023/12/07 
2023/12/08 	90.6339340209961	90.6339340209961	86.98490905761719	87.47801971435547	253502	2023/12/08 
2023/12/11 	86.09730529785156	86.98490905761719	84.61797332763672	86.4917984008789	159193	2023/12/11 
2023/12/12 	89.9435806274414	92.11326599121094	86.88628387451172	86.88628387451172	645913	2023/12/12 
2023/12/13 	87.08352661132812	87.67526245117188	85.01245880126953	85.99868774414062	220075	2023/12/13 
2023/12/14 	86.68904113769531	88.06975555419922	85.50556945800781	85.80143737792969	152095	2023/12/14 
2023/12/15 	85.99868774414062	86.19593048095703	85.111083984375	85.50556945800781	78075	2023/12/15 
2023/12/18 	85.50556945800781	89.54908752441406	85.50556945800781	89.35184478759766	168375	2023/12/18 
2023/12/19 	90.14082336425781	90.14082336425781	87.47801971435547	88.46424102783203	105516	2023/12/19 
2023/12/20 	89.84495544433594	90.6339340209961	88.5628662109375	90.6339340209961	244270	2023/12/20 
2023/12/21 	88.7601089477539	90.23944854736328	87.87250518798828	87.87250518798828	169383	2023/12/21 
2023/12/22 	88.95735168457031	88.95735168457031	85.80143737792969	85.99868774414062	108504	2023/12/22 
2023/12/25 	85.80143737792969	85.99868774414062	83.23725891113281	83.23725891113281	247408	2023/12/25 
2023/12/26 	83.23725891113281	85.40695190429688	82.84276580810547	85.01245880126953	85173	2023/12/26 
2023/12/27 	84.12486267089844	85.90006256103516	83.53312683105469	83.7303695678711	64894	2023/12/27 
2023/12/28 	83.33587646484375	85.20970153808594	81.6593017578125	84.22348022460938	99368	2023/12/28 
2023/12/29 	84.02623748779297	84.02623748779297	83.0400161743164	83.43450164794922	38531	2023/12/29 
2024/01/02 	83.43450164794922	85.70281982421875	83.43450164794922	85.01245880126953	92271	2024/01/02 
2024/01/03 	84.32210540771484	86.78766632080078	83.7303695678711	85.3083267211914	257548	2024/01/03 
2024/01/04 	85.20970153808594	85.20970153808594	82.84276580810547	82.84276580810547	160207	2024/01/04 
2024/01/05 	82.25103759765625	83.53312683105469	79.98271942138672	82.64552307128906	59824	2024/01/05 
2024/01/08 	82.44828033447266	84.81521606445312	82.44828033447266	83.0400161743164	98354	2024/01/08 
2024/01/09 	83.0400161743164	83.0400161743164	82.05378723144531	82.84276580810547	54759	2024/01/09 
2024/01/10 	82.34965515136719	82.74414825439453	80.77169799804688	80.96894073486328	77061	2024/01/10 
2024/01/11 	84.12486267089844	84.12486267089844	81.16619110107422	81.16619110107422	98354	2024/01/11 
2024/01/12 	80.57445526123047	81.56067657470703	80.475830078125	80.57445526123047	52726	2024/01/12 
2024/01/15 	80.57445526123047	80.57445526123047	80.57445526123047	80.57445526123047	0	2024/01/15 
2024/01/16 	81.75791931152344	82.44828033447266	81.16619110107422	81.26480865478516	51712	2024/01/16 
2024/01/17 	80.57445526123047	81.26480865478516	79.5882339477539	79.5882339477539	111539	2024/01/17 
2024/01/18 	79.68685150146484	81.6593017578125	79.68685150146484	80.87032318115234	91260	2024/01/18 
2024/01/19 	81.6593017578125	81.6593017578125	80.67308044433594	81.06756591796875	54761	2024/01/19 
2024/01/22 	81.36343383789062	84.02623748779297	81.36343383789062	83.63174438476562	118796	2024/01/22 
2024/01/23 	83.5	85.19999694824219	82.5	84.19999694824219	53100	2024/01/23 
2024/01/24 	83.69999694824219	85.5	83.69999694824219	85.0	87000	2024/01/24 
2024/01/25 	85.0	87.80000305175781	85.0	87.5	120041	2024/01/25 
2024/01/26 	88.0999984741211	91.5	87.5	90.80000305175781	345001	2024/01/26 
2024/01/29 	91.19999694824219	91.19999694824219	88.80000305175781	90.5	128000	2024/01/29 
2024/01/30 	91.0	91.69999694824219	90.19999694824219	90.80000305175781	126120	2024/01/30 
2024/01/31 	90.9000015258789	92.30000305175781	90.0	91.5	127060	2024/01/31 
2024/02/01 	92.30000305175781	93.30000305175781	91.0	91.0	108139	2024/02/01 
2024/02/02 	90.5	90.5	87.19999694824219	87.19999694824219	201000	2024/02/02 
2024/02/05 	87.0999984741211	87.19999694824219	86.5	86.69999694824219	36000	2024/02/05 
2024/02/15 	85.4000015258789	85.5999984741211	81.4000015258789	82.69999694824219	200012	2024/02/15 
2024/02/16 	82.69999694824219	84.0999984741211	82.69999694824219	83.5	73000	2024/02/16 
2024/02/19 	83.5	84.4000015258789	83.5	84.0	27000	2024/02/19 
2024/02/20 	84.19999694824219	85.5999984741211	84.19999694824219	85.19999694824219	78010	2024/02/20 
2024/02/21 	85.5	87.80000305175781	85.0	86.9000015258789	125088	2024/02/21 
2024/02/22 	87.0	88.5999984741211	87.0	87.80000305175781	66000	2024/02/22 
2024/02/23 	88.19999694824219	90.69999694824219	88.0999984741211	90.19999694824219	181000	2024/02/23 
2024/02/26 	92.5	92.80000305175781	91.0	92.19999694824219	244080	2024/02/26 
2024/02/27 	92.0999984741211	92.19999694824219	90.4000015258789	90.5	121101	2024/02/27 
2024/02/29 	91.9000015258789	96.4000015258789	91.4000015258789	94.69999694824219	361099	2024/02/29 
2024/03/01 	94.80000305175781	98.0	94.69999694824219	95.30000305175781	295678	2024/03/01 
2024/03/04 	95.80000305175781	104.0	95.80000305175781	103.0	496105	2024/03/04 
2024/03/05 	105.0	108.5	101.5	105.0	791376	2024/03/05 
2024/03/06 	103.5	107.0	103.5	104.5	230089	2024/03/06 
2024/03/07 	104.5	107.0	104.0	105.0	205530	2024/03/07 
2024/03/08 	105.5	105.5	97.5	99.9000015258789	517075	2024/03/08 
2024/03/11 	99.9000015258789	103.5	99.80000305175781	100.0	178300	2024/03/11 
2024/03/12 	100.0	101.5	98.4000015258789	101.0	278963	2024/03/12 
2024/03/13 	102.0	110.5	102.0	110.0	617297	2024/03/13 
2024/03/14 	110.5	112.0	99.80000305175781	100.5	666183	2024/03/14 
2024/03/15 	100.5	101.5	98.69999694824219	99.0999984741211	322005	2024/03/15 
2024/03/18 	99.19999694824219	100.5	98.5999984741211	99.5	157507	2024/03/18 
2024/03/19 	99.0999984741211	99.80000305175781	98.9000015258789	98.9000015258789	86988	2024/03/19 
2024/03/20 	99.30000305175781	102.5	99.0	100.5	156678	2024/03/20 
2024/03/21 	101.5	110.5	101.5	110.5	418643	2024/03/21 
2024/03/22 	108.0	120.0	103.0	117.0	1599431	2024/03/22 
2024/03/25 	120.0	122.0	113.5	114.0	615460	2024/03/25 
2024/03/26 	111.0	111.0	104.0	106.5	1018500	2024/03/26 
2024/03/27 	106.0	109.5	106.0	109.0	212010	2024/03/27 
2024/03/28 	109.5	112.5	107.5	107.5	251141	2024/03/28 
2024/03/29 	107.5	112.0	107.5	107.5	198000	2024/03/29 
2024/04/01 	108.0	108.0	106.0	106.0	116018	2024/04/01 
2024/04/02 	106.0	107.0	102.0	102.0	354075	2024/04/02 
2024/04/03 	102.5	103.0	100.5	101.5	99350	2024/04/03 
2024/04/08 	100.5	103.5	100.5	101.5	108000	2024/04/08 
2024/04/09 	101.5	102.0	99.5999984741211	100.0	176580	2024/04/09 
2024/04/10 	101.0	105.0	101.0	102.5	175059	2024/04/10 
2024/04/11 	104.5	104.5	101.0	101.0	116080	2024/04/11 
2024/04/12 	101.5	103.0	101.5	102.5	69004	2024/04/12 
2024/04/15 	101.0	107.5	100.0	104.5	404109	2024/04/15 
2024/04/16 	104.0	104.0	100.5	102.0	193000	2024/04/16 
2024/04/17 	102.0	105.0	102.0	103.0	113051	2024/04/17 
2024/04/18 	103.0	104.5	102.5	103.0	71018	2024/04/18 
2024/04/19 	102.0	102.0	97.69999694824219	99.0	286000	2024/04/19 
2024/04/22 	98.0	99.69999694824219	97.0	97.19999694824219	106204	2024/04/22 
2024/04/23 	98.0999984741211	101.0	98.0999984741211	99.9000015258789	99098	2024/04/23 
2024/04/24 	100.0	102.0	100.0	101.0	52500	2024/04/24 
2024/04/25 	100.0	101.5	100.0	101.5	54000	2024/04/25 
2024/04/26 	101.5	102.0	101.0	101.5	52160	2024/04/26 
2024/04/29 	102.0	106.0	102.0	103.0	242050	2024/04/29 
2024/04/30 	103.0	105.0	101.5	101.5	92098	2024/04/30 
2024/05/02 	101.5	102.0	100.0	100.5	47130	2024/05/02 
2024/05/03 	100.5	101.5	100.5	101.0	88150	2024/05/03 
2024/05/06 	102.0	104.0	101.0	101.5	105627	2024/05/06 
2024/05/07 	101.5	103.0	101.5	102.0	99812	2024/05/07 
2024/05/08 	102.5	105.0	102.0	105.0	144300	2024/05/08 
2024/05/09 	106.5	106.5	100.0	100.5	417444	2024/05/09 
2024/05/10 	100.5	101.0	100.0	100.0	84000	2024/05/10 
2024/05/13 	100.5	100.5	97.4000015258789	98.19999694824219	187040	2024/05/13 
2024/05/14 	98.30000305175781	108.0	97.30000305175781	108.0	677986	2024/05/14 
2024/05/15 	111.0	118.5	105.5	106.5	4682549	2024/05/15 
2024/05/16 	107.0	114.0	106.5	107.0	1639000	2024/05/16 
2024/05/17 	108.0	113.0	103.0	105.0	1151100	2024/05/17 
2024/05/20 	104.5	105.5	101.5	101.5	378110	2024/05/20 
2024/05/21 	103.0	111.5	102.0	111.5	1041250	2024/05/21 
2024/05/22 	116.0	122.5	114.5	122.5	5191289	2024/05/22 
2024/05/23 	124.5	126.0	116.0	116.0	3686397	2024/05/23 
2024/05/24 	117.0	127.5	114.0	127.5	2112909	2024/05/24 
2024/05/27 	138.0	140.0	133.0	137.0	2730518	2024/05/27 
2024/05/28 	138.0	143.0	126.5	128.5	4291938	2024/05/28 
2024/05/29 	130.5	130.5	122.0	122.5	1938780	2024/05/29 
2024/05/30 	120.0	121.5	113.0	113.5	1822834	2024/05/30 
2024/05/31 	115.0	121.0	114.0	116.5	1992116	2024/05/31 
2024/06/03 	116.5	122.5	115.5	116.5	1552173	2024/06/03 
2024/06/04 	117.0	120.5	115.5	119.0	1169050	2024/06/04 
2024/06/05 	122.0	123.5	115.0	117.5	2243220	2024/06/05 
2024/06/06 	118.5	119.0	113.5	114.0	640090	2024/06/06 
2024/06/07 	114.5	117.0	113.0	115.5	289078	2024/06/07 
2024/06/11 	116.5	116.5	108.0	108.0	608175	2024/06/11 
2024/06/12 	109.0	109.5	106.0	109.0	431393	2024/06/12 
2024/06/13 	110.0	110.5	107.0	108.5	433019	2024/06/13 
2024/06/14 	108.5	109.5	106.5	107.0	393030	2024/06/14 
2024/06/17 	105.0	105.5	103.0	103.5	537020	2024/06/17 
2024/06/18 	105.0	106.0	103.0	103.5	339190	2024/06/18 
2024/06/19 	104.0	104.5	101.5	102.0	422206	2024/06/19 
2024/06/20 	102.0	104.0	102.0	103.5	179003	2024/06/20 
2024/06/21 	104.5	104.5	103.0	103.0	149000	2024/06/21 
2024/06/24 	107.0	109.5	106.0	106.0	697003	2024/06/24 
2024/06/25 	106.0	106.0	102.5	105.0	244400	2024/06/25 
2024/06/26 	105.0	106.0	103.0	103.0	206214	2024/06/26 
2024/06/27 	103.0	103.5	102.0	102.5	174106	2024/06/27 
2024/06/28 	103.5	106.5	102.5	104.0	242049	2024/06/28 
2024/07/01 	105.0	105.0	103.0	103.0	112250	2024/07/01 
2024/07/02 	105.0	107.0	104.0	104.5	308055	2024/07/02 
2024/07/03 	105.0	108.5	105.0	108.0	436100	2024/07/03 
2024/07/04 	109.5	111.5	107.0	107.5	529031	2024/07/04 
2024/07/05 	109.0	113.0	107.5	111.5	668010	2024/07/05 
2024/07/08 	113.5	115.0	108.5	108.5	460050	2024/07/08 
2024/07/09 	109.5	109.5	105.5	105.5	328274	2024/07/09 
2024/07/10 	105.5	106.5	102.5	103.0	290643	2024/07/10 
2024/07/11 	103.0	103.5	102.0	102.0	184300	2024/07/11 
2024/07/12 	102.5	102.5	99.0	99.19999694824219	476634	2024/07/12 
2024/07/15 	99.5	101.0	99.30000305175781	100.0	158050	2024/07/15 
2024/07/16 	100.5	101.0	99.69999694824219	100.5	106541	2024/07/16 
2024/07/17 	100.5	101.5	99.80000305175781	99.9000015258789	119049	2024/07/17 
2024/07/18 	99.5999984741211	99.5999984741211	98.0999984741211	98.19999694824219	184152	2024/07/18 
2024/07/19 	99.0	99.0	95.0	95.0999984741211	315321	2024/07/19 
2024/07/22 	95.30000305175781	95.30000305175781	92.0	92.5999984741211	213375	2024/07/22 
2024/07/23 	93.0999984741211	94.9000015258789	92.5999984741211	92.69999694824219	159007	2024/07/23 
2024/07/26 	91.30000305175781	91.5	89.69999694824219	90.5999984741211	83020	2024/07/26 
2024/07/29 	91.5	91.5	88.0	88.80000305175781	170230	2024/07/29 
2024/07/30 	88.69999694824219	91.5	88.0	91.0	121045	2024/07/30 
2024/07/31 	90.5999984741211	91.0	90.0	90.19999694824219	34050	2024/07/31 
2024/08/01 	91.30000305175781	93.19999694824219	91.19999694824219	93.0	146000	2024/08/01 
2024/08/02 	92.0	93.0	90.9000015258789	91.0	91000	2024/08/02 
2024/08/05 	88.0999984741211	88.0999984741211	82.0999984741211	82.5	441048	2024/08/05 
2024/08/06 	82.69999694824219	84.0	79.0	83.19999694824219	257035	2024/08/06 
2024/08/07 	84.19999694824219	89.30000305175781	83.80000305175781	88.69999694824219	103030	2024/08/07 
2024/08/08 	91.0	95.30000305175781	90.19999694824219	92.0999984741211	419344	2024/08/08 
2024/08/09 	95.0	97.30000305175781	94.0999984741211	94.5999984741211	271020	2024/08/09 
2024/08/12 	94.69999694824219	96.0	93.5	93.69999694824219	158050	2024/08/12 
2024/08/13 	93.9000015258789	95.69999694824219	93.0999984741211	95.0999984741211	134020	2024/08/13 
2024/08/14 	95.69999694824219	96.4000015258789	92.0	94.4000015258789	159045	2024/08/14 
2024/08/15 	94.30000305175781	96.4000015258789	94.19999694824219	95.4000015258789	153020	2024/08/15 
2024/08/16 	95.69999694824219	96.0	94.80000305175781	94.80000305175781	118098	2024/08/16 
2024/08/19 	94.5	96.30000305175781	94.0999984741211	95.0	134000	2024/08/19 
2024/08/20 	98.19999694824219	103.0	97.69999694824219	100.5	725590	2024/08/20 
2024/08/21 	102.0	102.0	99.5	100.0	211001	2024/08/21 
2024/08/22 	100.5	101.0	99.5999984741211	100.5	209001	2024/08/22 
2024/08/23 	100.0	100.5	97.19999694824219	98.30000305175781	182010	2024/08/23 
2024/08/26 	99.30000305175781	100.5	97.5	97.80000305175781	124050	2024/08/26 
2024/08/27 	98.0	99.80000305175781	97.19999694824219	99.30000305175781	110000	2024/08/27 
2024/08/28 	99.4000015258789	99.69999694824219	98.0	98.4000015258789	116000	2024/08/28 
2024/08/29 	98.30000305175781	98.80000305175781	97.5	97.9000015258789	53120	2024/08/29 
2024/08/30 	98.5999984741211	99.0	97.9000015258789	98.19999694824219	80199	2024/08/30 
2024/09/02 	98.80000305175781	100.0	98.0	99.30000305175781	101090	2024/09/02 
2024/09/03 	100.5	102.5	99.5	101.0	325246	2024/09/03 
2024/09/04 	95.80000305175781	95.80000305175781	90.80000305175781	91.30000305175781	274170	2024/09/04 
2024/09/05 	92.30000305175781	96.5	92.30000305175781	95.0	237095	2024/09/05 
2024/09/06 	104.5	104.5	104.5	104.5	401101	2024/09/06 
2024/09/09 	108.5	108.5	101.5	101.5	1970062	2024/09/09 
2024/09/10 	101.5	103.5	96.80000305175781	97.5	726000	2024/09/10 
2024/09/11 	97.5	98.0	94.5	94.5	334000	2024/09/11 
2024/09/12 	95.5999984741211	96.9000015258789	94.0999984741211	94.30000305175781	148049	2024/09/12 
2024/09/13 	95.0	97.5999984741211	94.0999984741211	95.0	185000	2024/09/13 
2024/09/16 	96.30000305175781	104.5	95.80000305175781	104.5	977911	2024/09/16 
2024/09/18 	107.0	114.5	106.5	112.5	4350255	2024/09/18 
2024/09/19 	111.5	116.5	110.0	111.0	2456050	2024/09/19 
2024/09/20 	112.5	113.0	108.0	110.5	779544	2024/09/20 
2024/09/23 	111.5	112.0	108.0	108.5	613231	2024/09/23 
2024/09/24 	108.5	109.0	105.0	106.0	383013	2024/09/24 
2024/09/25 	107.5	109.5	106.0	106.5	406326	2024/09/25 
2024/09/26 	108.0	108.0	103.0	103.0	273500	2024/09/26 
2024/09/27 	103.5	105.0	102.0	102.5	246107	2024/09/27 
2024/09/30 	102.5	106.0	102.0	102.0	205050	2024/09/30 
2024/10/01 	102.5	103.0	98.4000015258789	98.5999984741211	604002	2024/10/01 
2024/10/04 	98.5999984741211	98.5999984741211	96.80000305175781	97.69999694824219	227000	2024/10/04 
2024/10/07 	98.0999984741211	99.69999694824219	97.5	98.19999694824219	184000	2024/10/07 
2024/10/08 	98.19999694824219	98.5	97.19999694824219	98.30000305175781	115098	2024/10/08 
2024/10/09 	98.69999694824219	99.5	95.5	95.5	209000	2024/10/09 
2024/10/11 	96.0999984741211	96.30000305175781	93.4000015258789	94.0	208030	2024/10/11 
2024/10/14 	93.69999694824219	94.0	92.69999694824219	93.5	100407	2024/10/14 
2024/10/15 	94.0999984741211	94.80000305175781	93.30000305175781	93.5	70494	2024/10/15 
2024/10/16 	93.0999984741211	95.0	93.0999984741211	94.0	73098	2024/10/16 
2024/10/17 	94.0999984741211	98.0	94.0999984741211	96.5999984741211	240076	2024/10/17 
2024/10/18 	96.30000305175781	96.30000305175781	93.69999694824219	93.69999694824219	161000	2024/10/18 
2024/10/21 	93.5	95.80000305175781	93.5	95.19999694824219	93055	2024/10/21 
2024/10/22 	95.5	95.5	94.0	94.0	42021	2024/10/22 
2024/10/23 	94.0	95.4000015258789	93.69999694824219	93.69999694824219	81222	2024/10/23 
2024/10/24 	93.80000305175781	94.5	93.19999694824219	93.19999694824219	62500	2024/10/24 
2024/10/25 	93.80000305175781	96.0999984741211	93.30000305175781	93.30000305175781	98243	2024/10/25 
2024/10/28 	94.5999984741211	94.5999984741211	92.80000305175781	92.9000015258789	57100	2024/10/28 
2024/10/29 	92.9000015258789	92.9000015258789	91.5	91.5	105110	2024/10/29 
2024/10/30 	91.4000015258789	92.19999694824219	91.0999984741211	91.69999694824219	105300	2024/10/30 
2024/11/01 	91.0999984741211	91.9000015258789	90.69999694824219	91.5	25098	2024/11/01 
2024/11/04 	91.5999984741211	91.5999984741211	90.69999694824219	91.19999694824219	37000	2024/11/04 
2024/11/05 	91.69999694824219	92.0999984741211	91.0999984741211	91.0999984741211	37000	2024/11/05 
2024/11/06 	91.69999694824219	92.30000305175781	91.30000305175781	91.4000015258789	26001	2024/11/06 
2024/11/07 	92.0	94.19999694824219	92.0	94.0999984741211	102200	2024/11/07 
2024/11/08 	94.5	96.80000305175781	92.80000305175781	93.5999984741211	177000	2024/11/08 
2024/11/11 	94.0	98.0	94.0	97.0999984741211	316500	2024/11/11 
2024/11/12 	97.19999694824219	97.69999694824219	95.0	95.0999984741211	310081	2024/11/12 
2024/11/13 	96.0	98.5999984741211	96.0	96.30000305175781	367000	2024/11/13 
2024/11/14 	96.5999984741211	97.5	95.30000305175781	95.4000015258789	259220	2024/11/14 
2024/11/15 	96.0	96.5999984741211	93.0999984741211	93.0999984741211	207121	2024/11/15 
2024/11/18 	94.30000305175781	94.30000305175781	91.80000305175781	91.80000305175781	84200	2024/11/18 
2024/11/19 	93.30000305175781	93.4000015258789	91.9000015258789	92.9000015258789	44000	2024/11/19 
2024/11/20 	92.0999984741211	92.0999984741211	92.0999984741211	92.0999984741211	51490	2024/11/20 
2024/11/21 	91.9000015258789	93.0999984741211	91.9000015258789	92.4000015258789	30000	2024/11/21 
2024/11/22 	92.4000015258789	96.5	92.4000015258789	93.0	268181	2024/11/22 
2024/11/25 	93.5	93.80000305175781	93.30000305175781	93.4000015258789	31010	2024/11/25 
2024/11/26 	93.0999984741211	93.5	92.19999694824219	92.69999694824219	49000	2024/11/26 
2024/11/27 	92.30000305175781	92.30000305175781	90.80000305175781	90.80000305175781	102001	2024/11/27 
2024/11/28 	90.9000015258789	90.9000015258789	89.4000015258789	89.9000015258789	126117	2024/11/28 
2024/11/29 	89.80000305175781	90.9000015258789	89.5999984741211	90.80000305175781	46003	2024/11/29 
2024/12/02 	91.0999984741211	92.5999984741211	90.80000305175781	91.80000305175781	79000	2024/12/02 
2024/12/03 	92.80000305175781	94.30000305175781	92.4000015258789	92.4000015258789	90000	2024/12/03 
2024/12/04 	93.0	93.0	92.19999694824219	92.30000305175781	29100	2024/12/04 
2024/12/05 	92.19999694824219	92.30000305175781	91.5	91.69999694824219	45000	2024/12/05 
2024/12/06 	91.69999694824219	92.5	91.5	91.5	55049	2024/12/06 
2024/12/09 	92.0	95.0999984741211	91.5	92.69999694824219	168049	2024/12/09 
2024/12/10 	92.4000015258789	92.4000015258789	91.0999984741211	91.19999694824219	80000	2024/12/10 
2024/12/11 	90.9000015258789	91.4000015258789	90.30000305175781	90.5999984741211	39140	2024/12/11 
2024/12/12 	90.9000015258789	92.0999984741211	90.69999694824219	90.69999694824219	60000	2024/12/12 
2024/12/13 	90.69999694824219	90.69999694824219	89.30000305175781	89.30000305175781	98000	2024/12/13 
2024/12/16 	90.0	95.0999984741211	89.0999984741211	89.0999984741211	670500	2024/12/16 
2024/12/17 	89.9000015258789	95.5999984741211	89.9000015258789	93.9000015258789	609291	2024/12/17 
2024/12/18 	95.4000015258789	95.4000015258789	93.30000305175781	94.69999694824219	391000	2024/12/18 
2024/12/19 	94.0999984741211	104.0	94.0	104.0	1577249	2024/12/19 
2024/12/20 	114.0	114.0	112.0	114.0	1238769	2024/12/20 
2024/12/23 	125.0	125.0	123.0	125.0	1657604	2024/12/23 
2024/12/24 	136.0	136.0	127.0	130.5	7453463	2024/12/24 
2024/12/25 	134.0	143.0	131.5	137.0	9508787	2024/12/25 
2024/12/26 	135.5	138.0	133.0	134.5	1556177	2024/12/26 
2024/12/27 	134.5	147.5	134.5	146.0	2588950	2024/12/27 
2024/12/30 	141.5	142.0	135.5	135.5	1923469	2024/12/30 
2024/12/31 	131.5	135.0	129.0	134.0	1398165	2024/12/31 
2025/01/02 	135.0	141.5	134.0	134.0	1462182	2025/01/02 
2025/01/03 	134.0	135.5	121.0	123.0	1913515	2025/01/03 
2025/01/06 	125.0	126.5	121.0	126.0	945076	2025/01/06 
2025/01/07 	126.5	127.0	121.0	124.0	816141	2025/01/07 
2025/01/08 	123.5	125.5	121.0	123.5	582000	2025/01/08 
2025/01/09 	124.0	124.0	111.5	112.5	1367490	2025/01/09 
2025/01/10 	112.5	117.5	110.0	112.5	2093772	2025/01/10 
2025/01/13 	107.0	109.5	101.5	107.0	1677022	2025/01/13 
2025/01/14 	108.0	117.5	107.5	117.5	3057011	2025/01/14 
2025/01/15 	118.0	120.0	112.0	116.0	3193052	2025/01/15 
2025/01/16 	118.5	127.5	116.5	127.5	2815008	2025/01/16 
2025/01/17 	128.0	135.5	122.0	122.5	9303754	2025/01/17 
2025/01/20 	125.0	128.5	123.5	127.0	2655647	2025/01/20 
2025/01/21 	125.5	125.5	122.0	124.5	1096066	2025/01/21 
2025/01/22 	127.5	133.0	125.0	129.5	3731249	2025/01/22 
2025/02/03 	125.0	131.0	123.5	125.0	1234617	2025/02/03 
2025/02/04 	128.0	130.0	124.5	127.0	1182363	2025/02/04 
2025/02/05 	127.0	139.5	127.0	139.5	3028089	2025/02/05 
2025/02/06 	143.0	145.0	134.5	139.5	6211630	2025/02/06 
2025/02/07 	138.5	151.5	138.0	142.5	5023536	2025/02/07 
2025/02/10 	140.0	154.0	140.0	146.0	4585575	2025/02/10 
2025/02/11 	145.0	145.5	138.0	142.5	2986666	2025/02/11 
2025/02/12 	147.0	150.0	140.5	143.0	2878825	2025/02/12 
2025/02/13 	144.0	145.5	138.5	139.0	1312349	2025/02/13 
2025/02/14 	138.0	143.0	135.0	136.5	1723095	2025/02/14 
2025/02/17 	136.5	143.5	136.0	139.5	1674120	2025/02/17 
2025/02/18 	141.0	153.0	137.5	153.0	3558823	2025/02/18 
2025/02/19 	158.0	161.0	142.0	146.5	11075335	2025/02/19 
2025/02/20 	146.0	148.0	142.0	142.0	1382578	2025/02/20 
2025/02/21 	142.5	151.0	142.5	144.5	2750031	2025/02/21 
2025/02/24 	142.5	149.5	142.0	146.0	1332035	2025/02/24 
2025/02/25 	146.0	147.0	139.5	142.0	1354862	2025/02/25 
2025/02/26 	142.0	144.5	140.0	140.0	833298	2025/02/26 
2025/02/27 	141.5	146.5	134.5	135.5	1704152	2025/02/27 
2025/03/03 	133.0	134.0	126.5	128.5	1180697	2025/03/03 
2025/03/04 	126.0	141.0	126.0	138.0	1802316	2025/03/04 
2025/03/05 	141.5	150.0	141.0	144.0	6721260	2025/03/05 
2025/03/06 	146.0	147.0	139.5	143.0	2215395	2025/03/06 
2025/03/07 	142.5	144.0	134.5	135.0	1743500	2025/03/07 
2025/03/10 	135.5	136.0	128.0	129.0	1054284	2025/03/10 
2025/03/11 	125.0	127.0	122.0	127.0	942310	2025/03/11 
2025/03/12 	128.5	129.0	125.5	125.5	673048	2025/03/12 
2025/03/13 	128.5	132.5	126.0	126.5	1031010	2025/03/13 
2025/03/14 	127.5	131.0	125.5	130.0	759107	2025/03/14 
2025/03/17 	129.0	130.5	125.0	125.0	780221	2025/03/17 
2025/03/18 	127.0	127.0	124.0	126.0	437200	2025/03/18 
2025/03/19 	126.0	129.0	123.0	123.5	659525	2025/03/19 
2025/03/20 	125.0	130.0	125.0	127.5	667015	2025/03/20 
2025/03/21 	127.5	129.0	124.0	124.5	346098	2025/03/21 
2025/03/24 	125.5	128.0	125.0	126.0	681062	2025/03/24 
2025/03/25 	127.5	130.5	125.5	130.0	967178	2025/03/25 
2025/03/26 	132.5	133.5	126.0	126.0	1916574	2025/03/26 
2025/03/27 	125.0	125.0	119.0	119.0	696322	2025/03/27 
2025/03/28 	118.5	118.5	110.5	113.0	1244212	2025/03/28 
2025/03/31 	109.0	111.5	106.0	106.5	855171	2025/03/31 
2025/04/01 	108.0	109.0	106.5	107.5	408061	2025/04/01 
2025/04/02 	109.5	110.0	106.0	108.5	329050	2025/04/02 
2025/04/07 	97.69999694824219	97.69999694824219	97.69999694824219	97.69999694824219	22521	2025/04/07 
2025/04/08 	88.0	88.0	88.0	88.0	218351	2025/04/08 
2025/04/09 	80.5	83.0	79.19999694824219	79.19999694824219	685250	2025/04/09 
2025/04/10 	87.0999984741211	87.0999984741211	85.30000305175781	87.0999984741211	351000	2025/04/10 
2025/04/11 	80.0	88.4000015258789	79.5999984741211	88.0	663363	2025/04/11 
2025/04/14 	88.5999984741211	93.0	87.5999984741211	88.0	660100	2025/04/14 
2025/04/15 	91.0	95.80000305175781	91.0	94.5	935090	2025/04/15 
2025/04/16 	94.0	95.30000305175781	90.80000305175781	91.80000305175781	598049	2025/04/16 
2025/04/17 	91.19999694824219	91.80000305175781	88.0999984741211	91.0	434350	2025/04/17 
2025/04/18 	91.0999984741211	92.0	89.69999694824219	90.5	247001	2025/04/18 
2025/04/21 	90.5	90.5	85.19999694824219	85.19999694824219	376154	2025/04/21 
2025/04/22 	85.19999694824219	87.69999694824219	83.4000015258789	83.69999694824219	415040	2025/04/22 
2025/04/23 	87.0	92.0	86.19999694824219	92.0	480000	2025/04/23 
2025/04/24 	94.30000305175781	94.69999694824219	89.5	89.69999694824219	922200	2025/04/24 
2025/04/25 	93.0	98.4000015258789	93.0	96.30000305175781	1288300	2025/04/25 
2025/04/28 	96.9000015258789	97.9000015258789	94.5999984741211	95.30000305175781	582017	2025/04/28 
2025/04/29 	95.9000015258789	104.5	95.0	102.5	1713252	2025/04/29 
2025/04/30 	101.5	110.0	100.5	103.0	2639166	2025/04/30 
2025/05/02 	105.0	106.0	102.0	103.5	849100	2025/05/02 
2025/05/05 	103.5	103.5	93.19999694824219	96.5	1199517	2025/05/05 
2025/05/06 	95.80000305175781	98.19999694824219	95.80000305175781	97.4000015258789	291002	2025/05/06 
2025/05/07 	97.4000015258789	97.4000015258789	94.4000015258789	95.4000015258789	319300	2025/05/07 
2025/05/08 	98.19999694824219	98.19999694824219	96.0999984741211	96.5	188453	2025/05/08 
2025/05/09 	98.0	102.0	95.9000015258789	98.80000305175781	662000	2025/05/09 
2025/05/12 	99.5999984741211	107.0	99.5	104.0	1661291	2025/05/12 
2025/05/13 	106.0	106.0	102.5	104.5	1090001	2025/05/13 
2025/05/14 	104.0	106.0	103.0	105.0	554011	2025/05/14 
2025/05/15 	105.5	108.0	103.5	107.0	842151	2025/05/15 
2025/05/16 	107.5	108.0	104.0	105.0	545797	2025/05/16 
2025/05/19 	105.5	106.0	101.5	101.5	472073	2025/05/19 
2025/05/20 	103.5	104.0	100.5	101.0	287119	2025/05/20 
2025/05/21 	102.0	102.0	99.9000015258789	100.5	199110	2025/05/21 
2025/05/22 	100.0	101.0	99.19999694824219	99.5	249044	2025/05/22 
2025/05/23 	99.5999984741211	101.5	99.19999694824219	99.30000305175781	223085	2025/05/23 
2025/05/26 	100.5	102.0	98.80000305175781	98.80000305175781	195200	2025/05/26 
2025/05/27 	100.0	100.0	97.0	97.19999694824219	176127	2025/05/27 
2025/05/28 	98.5999984741211	99.5	96.0999984741211	96.0999984741211	202001	2025/05/28 
2025/05/29 	97.5	97.5	95.19999694824219	96.5	122000	2025/05/29 
2025/06/02 	96.5	96.5	93.0999984741211	93.0999984741211	112100	2025/06/02 
2025/06/03 	94.0	94.5999984741211	93.4000015258789	93.4000015258789	79000	2025/06/03 
2025/06/04 	95.0999984741211	100.5	95.0999984741211	97.4000015258789	500493	2025/06/04 
2025/06/05 	97.69999694824219	100.5	96.5999984741211	96.5999984741211	242352	2025/06/05 
2025/06/06 	96.5999984741211	96.5999984741211	92.69999694824219	93.69999694824219	305500	2025/06/06 
2025/06/09 	95.19999694824219	95.19999694824219	89.80000305175781	92.0999984741211	307034	2025/06/09 
2025/06/10 	93.0999984741211	100.0	93.0999984741211	97.5	1070260	2025/06/10 
2025/06/11 	96.5999984741211	98.0	95.9000015258789	96.5999984741211	343051	2025/06/11 
2025/06/12 	96.5999984741211	99.0999984741211	96.19999694824219	96.80000305175781	323011	2025/06/12 
2025/06/13 	96.5	96.5	93.5999984741211	93.9000015258789	213005	2025/06/13 
2025/06/16 	93.0	93.5999984741211	92.0	93.30000305175781	149015	2025/06/16 
2025/06/17 	93.69999694824219	95.19999694824219	92.9000015258789	93.0	120137	2025/06/17 
2025/06/18 	93.4000015258789	93.69999694824219	92.80000305175781	93.0	65065	2025/06/18 
2025/06/19 	93.0	93.0	90.19999694824219	90.30000305175781	173034	2025/06/19 
2025/06/20 	91.5999984741211	92.5	89.5	89.69999694824219	161318	2025/06/20 
2025/06/23 	86.5999984741211	88.80000305175781	86.5999984741211	88.69999694824219	136000	2025/06/23 
2025/06/24 	91.0	93.0999984741211	90.80000305175781	92.0999984741211	244000	2025/06/24 
2025/06/25 	94.4000015258789	94.5	92.0	92.30000305175781	121000	2025/06/25 
2025/06/26 	92.9000015258789	97.0	92.9000015258789	94.4000015258789	763260	2025/06/26 
