Date	Open	High	Low	Close	Volume	Date
2021/08/23 	94.97977447509766	118.84851837158203	79.23234558105469	90.12679290771484	633898	2021/08/23 
2021/08/24 	89.43350982666016	92.0085678100586	84.87765502929688	89.631591796875	210515	2021/08/24 
2021/08/25 	89.73063659667969	113.89649963378906	88.64118957519531	113.89649963378906	692013	2021/08/25 
2021/08/26 	108.9444808959961	115.38211059570312	104.48765563964844	108.9444808959961	498940	2021/08/26 
2021/08/27 	110.92528533935547	124.29574584960938	110.43008422851562	115.87731170654297	803213	2021/08/27 
2021/08/30 	118.84851837158203	118.84851837158203	107.45886993408203	114.88690185546875	573546	2021/08/30 
2021/08/31 	115.87731170654297	116.37251281738281	111.91568756103516	113.40129852294922	194676	2021/08/31 
2021/09/01 	113.40129852294922	116.37251281738281	107.45886993408203	109.93488311767578	333873	2021/09/01 
2021/09/02 	108.9444808959961	111.91568756103516	106.96366882324219	110.92528533935547	231484	2021/09/02 
2021/09/03 	111.91568756103516	119.83892822265625	111.42048645019531	116.37251281738281	545896	2021/09/03 
2021/09/06 	118.84851837158203	125.28614807128906	116.37251281738281	118.35331726074219	746272	2021/09/06 
2021/09/07 	117.85811614990234	117.85811614990234	110.43008422851562	114.88690185546875	348632	2021/09/07 
2021/09/08 	112.41089630126953	113.89649963378906	109.43968200683594	109.93488311767578	213957	2021/09/08 
2021/09/09 	111.91568756103516	112.90609741210938	108.44927978515625	111.42048645019531	146760	2021/09/09 
2021/09/10 	110.43008422851562	116.86771392822266	110.43008422851562	115.87731170654297	194824	2021/09/10 
2021/09/13 	113.89649963378906	114.3917007446289	110.43008422851562	110.92528533935547	116451	2021/09/13 
2021/09/14 	110.92528533935547	115.38211059570312	110.92528533935547	111.91568756103516	99540	2021/09/14 
2021/09/15 	112.90609741210938	113.89649963378906	110.92528533935547	111.91568756103516	86109	2021/09/15 
2021/09/16 	112.41089630126953	113.40129852294922	110.92528533935547	112.41089630126953	62645	2021/09/16 
2021/09/17 	110.92528533935547	112.90609741210938	110.92528533935547	111.91568756103516	85838	2021/09/17 
2021/09/22 	108.9444808959961	109.43968200683594	106.96366882324219	107.45886993408203	267054	2021/09/22 
2021/09/23 	106.96366882324219	109.43968200683594	104.48765563964844	104.98286437988281	182402	2021/09/23 
2021/09/24 	106.46846771240234	106.46846771240234	103.0020523071289	103.49725341796875	123431	2021/09/24 
2021/09/27 	104.98286437988281	104.98286437988281	100.52603912353516	102.01165008544922	196102	2021/09/27 
2021/09/28 	100.52603912353516	101.021240234375	96.86154174804688	97.1586685180664	292225	2021/09/28 
2021/09/29 	98.05003356933594	98.05003356933594	93.09800720214844	94.08840942382812	294803	2021/09/29 
2021/09/30 	92.6028060913086	94.38553619384766	91.71144104003906	94.38553619384766	182947	2021/09/30 
2021/10/01 	93.59320831298828	93.59320831298828	87.45270538330078	87.45270538330078	374498	2021/10/01 
2021/10/04 	87.65078735351562	87.65078735351562	82.10452270507812	82.89684295654297	315931	2021/10/04 
2021/10/05 	81.31219482421875	85.47189331054688	80.9160385131836	85.47189331054688	175414	2021/10/05 
2021/10/06 	85.17477416992188	87.15558624267578	82.99588775634766	82.99588775634766	83516	2021/10/06 
2021/10/07 	83.19396209716797	84.67957305908203	81.90644073486328	84.3824462890625	143477	2021/10/07 
2021/10/08 	83.39204406738281	91.41432189941406	82.50067901611328	88.93830871582031	122032	2021/10/08 
2021/10/12 	88.14598846435547	88.44310760498047	84.18437194824219	87.45270538330078	77504	2021/10/12 
2021/10/13 	88.83927154541016	89.33447265625	87.94790649414062	88.14598846435547	93718	2021/10/13 
2021/10/14 	89.037353515625	89.13639068603516	86.4623031616211	87.94790649414062	50566	2021/10/14 
2021/10/15 	88.24502563476562	92.2066421508789	87.25462341308594	90.12679290771484	149346	2021/10/15 
2021/10/18 	89.23543548583984	90.52295684814453	87.94790649414062	90.02775573730469	83459	2021/10/18 
2021/10/19 	90.12679290771484	97.8519515991211	89.13639068603516	97.4557876586914	380336	2021/10/19 
2021/10/20 	96.86154174804688	96.86154174804688	91.6124038696289	92.8999252319336	250455	2021/10/20 
2021/10/21 	94.38553619384766	94.5836181640625	91.21623992919922	91.41432189941406	108019	2021/10/21 
2021/10/22 	92.10760498046875	92.6028060913086	91.21623992919922	91.81048583984375	52906	2021/10/22 
2021/10/25 	91.11720275878906	94.38553619384766	91.11720275878906	93.29608917236328	122186	2021/10/25 
2021/10/26 	93.59320831298828	96.16825866699219	93.29608917236328	94.28649139404297	207749	2021/10/26 
2021/10/27 	94.48457336425781	95.07881927490234	93.09800720214844	93.49417114257812	150847	2021/10/27 
2021/10/28 	94.8807373046875	95.57402038574219	93.98937225341797	94.18745422363281	93015	2021/10/28 
2021/10/29 	94.28649139404297	95.37593841552734	93.39512634277344	94.48457336425781	145178	2021/10/29 
2021/11/01 	95.07881927490234	99.53563690185547	95.07881927490234	99.04043579101562	361344	2021/11/01 
2021/11/02 	99.53563690185547	100.03083801269531	95.77210235595703	96.16825866699219	161655	2021/11/02 
2021/11/03 	95.87113952636719	96.56442260742188	94.48457336425781	95.27690124511719	89279	2021/11/03 
2021/11/04 	96.16825866699219	98.34715270996094	94.5836181640625	95.4749755859375	44729	2021/11/04 
2021/11/05 	96.56442260742188	96.66346740722656	94.28649139404297	95.1778564453125	87556	2021/11/05 
2021/11/08 	94.18745422363281	94.38553619384766	91.6124038696289	91.71144104003906	126380	2021/11/08 
2021/11/09 	93.79129028320312	93.89033508300781	91.81048583984375	91.81048583984375	40396	2021/11/09 
2021/11/10 	92.6028060913086	93.09800720214844	89.13639068603516	89.631591796875	208353	2021/11/10 
2021/11/11 	91.11720275878906	91.3152847290039	88.24502563476562	89.13639068603516	214571	2021/11/11 
2021/11/12 	89.037353515625	90.42391967773438	88.34407043457031	89.23543548583984	153321	2021/11/12 
2021/11/15 	90.12679290771484	93.09800720214844	89.13639068603516	93.09800720214844	202805	2021/11/15 
2021/11/16 	95.57402038574219	100.03083801269531	95.57402038574219	99.04043579101562	428907	2021/11/16 
2021/11/17 	100.03083801269531	102.01165008544922	97.8519515991211	98.05003356933594	256319	2021/11/17 
2021/11/18 	98.54523468017578	98.74331665039062	95.87113952636719	97.4557876586914	118683	2021/11/18 
2021/11/19 	97.7529067993164	97.8519515991211	96.06922149658203	96.26730346679688	88917	2021/11/19 
2021/11/22 	96.86154174804688	99.04043579101562	96.56442260742188	98.34715270996094	88631	2021/11/22 
2021/11/23 	97.05962371826172	98.05003356933594	94.5836181640625	94.8807373046875	126071	2021/11/23 
2021/11/24 	94.78169250488281	95.07881927490234	92.6028060913086	93.59320831298828	167840	2021/11/24 
2021/11/25 	94.08840942382812	94.38553619384766	92.70184326171875	92.99897003173828	91906	2021/11/25 
2021/11/26 	92.3056869506836	92.6028060913086	89.13639068603516	90.82007598876953	193062	2021/11/26 
2021/11/29 	89.13639068603516	91.41432189941406	88.64118957519531	90.52295684814453	94063	2021/11/29 
2021/11/30 	91.11720275878906	94.08840942382812	90.91912078857422	92.99897003173828	92725	2021/11/30 
2021/12/01 	92.10760498046875	92.6028060913086	91.51335906982422	91.51335906982422	42457	2021/12/01 
2021/12/02 	91.51335906982422	91.51335906982422	89.73063659667969	90.02775573730469	120623	2021/12/02 
2021/12/03 	90.12679290771484	91.11720275878906	89.92871856689453	91.01815795898438	71491	2021/12/03 
2021/12/06 	90.72103881835938	93.19705200195312	90.72103881835938	92.40472412109375	32007	2021/12/06 
2021/12/07 	92.40472412109375	93.19705200195312	90.32487487792969	90.91912078857422	43852	2021/12/07 
2021/12/08 	92.10760498046875	92.10760498046875	89.82967376708984	90.52295684814453	70737	2021/12/08 
2021/12/09 	90.12679290771484	91.21623992919922	89.82967376708984	90.32487487792969	33795	2021/12/09 
2021/12/10 	90.91912078857422	91.41432189941406	90.62200164794922	91.11720275878906	49628	2021/12/10 
2021/12/13 	92.0085678100586	92.2066421508789	90.72103881835938	91.51335906982422	52121	2021/12/13 
2021/12/14 	91.6124038696289	91.6124038696289	90.12679290771484	91.11720275878906	59938	2021/12/14 
2021/12/15 	91.11720275878906	91.3152847290039	90.42391967773438	90.91912078857422	35830	2021/12/15 
2021/12/16 	91.11720275878906	93.89033508300781	90.91912078857422	92.10760498046875	133388	2021/12/16 
2021/12/17 	92.3056869506836	92.99897003173828	91.6124038696289	91.6124038696289	62260	2021/12/17 
2021/12/20 	92.80088806152344	92.8999252319336	91.6124038696289	91.81048583984375	46361	2021/12/20 
2021/12/21 	91.3152847290039	91.9095230102539	90.72103881835938	91.51335906982422	67660	2021/12/21 
2021/12/22 	90.91912078857422	91.81048583984375	90.62200164794922	90.62200164794922	38010	2021/12/22 
2021/12/23 	91.41432189941406	91.41432189941406	90.32487487792969	91.11720275878906	101313	2021/12/23 
2021/12/24 	91.3152847290039	91.81048583984375	90.12679290771484	90.72103881835938	26232	2021/12/24 
2021/12/27 	91.11720275878906	91.41432189941406	89.73063659667969	89.73063659667969	144953	2021/12/27 
2021/12/28 	90.12679290771484	90.12679290771484	88.93830871582031	89.53255462646484	112929	2021/12/28 
2021/12/29 	89.631591796875	89.631591796875	88.83927154541016	88.83927154541016	72600	2021/12/29 
2021/12/30 	89.631591796875	89.631591796875	88.64118957519531	89.43350982666016	25668	2021/12/30 
2022/01/03 	88.83927154541016	89.33447265625	88.54215240478516	88.93830871582031	25450	2022/01/03 
2022/01/04 	89.43350982666016	90.12679290771484	88.93830871582031	89.33447265625	28782	2022/01/04 
2022/01/05 	90.12679290771484	90.12679290771484	88.83927154541016	89.037353515625	64392	2022/01/05 
2022/01/06 	89.43350982666016	92.0085678100586	89.13639068603516	91.01815795898438	111067	2022/01/06 
2022/01/07 	91.11720275878906	91.51335906982422	89.82967376708984	90.42391967773438	55174	2022/01/07 
2022/01/10 	90.12679290771484	90.12679290771484	89.13639068603516	89.43350982666016	28244	2022/01/10 
2022/01/11 	89.13639068603516	90.02775573730469	88.64118957519531	89.33447265625	42064	2022/01/11 
2022/01/12 	89.13639068603516	90.12679290771484	88.83927154541016	89.631591796875	63388	2022/01/12 
2022/01/13 	89.631591796875	90.02775573730469	89.23543548583984	89.23543548583984	61727	2022/01/13 
2022/01/14 	89.13639068603516	89.33447265625	88.34407043457031	88.93830871582031	65982	2022/01/14 
2022/01/17 	89.037353515625	89.23543548583984	88.44310760498047	89.13639068603516	27579	2022/01/17 
2022/01/18 	89.43350982666016	89.82967376708984	88.93830871582031	89.13639068603516	32539	2022/01/18 
2022/01/19 	88.83927154541016	89.23543548583984	88.24502563476562	89.13639068603516	39801	2022/01/19 
2022/01/20 	89.037353515625	89.73063659667969	88.83927154541016	89.43350982666016	52374	2022/01/20 
2022/01/21 	89.43350982666016	90.12679290771484	87.3536605834961	87.65078735351562	121053	2022/01/21 
2022/01/24 	87.0565414428711	87.0565414428711	82.10452270507812	84.18437194824219	155644	2022/01/24 
2022/01/25 	85.47189331054688	85.47189331054688	83.88724517822266	83.88724517822266	56426	2022/01/25 
2022/01/26 	84.3824462890625	84.48149108886719	82.89684295654297	82.89684295654297	51457	2022/01/26 
2022/02/07 	82.79780578613281	84.48149108886719	82.69876098632812	84.3824462890625	49782	2022/02/07 
2022/02/08 	83.7882080078125	84.48149108886719	83.7882080078125	84.48149108886719	18429	2022/02/08 
2022/02/09 	84.18437194824219	84.77861022949219	83.29300689697266	83.68916320800781	40236	2022/02/09 
2022/02/10 	84.28340911865234	84.28340911865234	83.39204406738281	83.4910888671875	28280	2022/02/10 
2022/02/11 	83.29300689697266	83.7882080078125	83.29300689697266	83.4910888671875	21520	2022/02/11 
2022/02/14 	83.4910888671875	83.98628997802734	83.4910888671875	83.59012603759766	45668	2022/02/14 
2022/02/15 	83.98628997802734	83.98628997802734	83.68916320800781	83.68916320800781	22344	2022/02/15 
2022/02/16 	83.98628997802734	84.97669219970703	83.59012603759766	83.68916320800781	53160	2022/02/16 
2022/02/17 	84.18437194824219	84.18437194824219	82.89684295654297	83.19396209716797	50262	2022/02/17 
2022/02/18 	82.50067901611328	83.39204406738281	82.50067901611328	83.09492492675781	18482	2022/02/18 
2022/02/21 	83.29300689697266	83.4910888671875	82.69876098632812	82.89684295654297	39781	2022/02/21 
2022/02/22 	83.19396209716797	83.19396209716797	80.8169937133789	81.5102767944336	85304	2022/02/22 
2022/02/23 	81.41123962402344	81.41123962402344	78.73714447021484	79.82659149169922	94083	2022/02/23 
2022/02/24 	80.02467346191406	80.2227554321289	74.28032684326172	75.76593017578125	187060	2022/02/24 
2022/02/25 	75.86497497558594	77.64769744873047	74.47840881347656	76.16209411621094	40691	2022/02/25 
2022/03/01 	76.55825805664062	77.05345916748047	75.46881103515625	76.2611312866211	20342	2022/03/01 
2022/03/02 	75.76593017578125	76.2611312866211	74.08224487304688	75.2707290649414	58796	2022/03/02 
2022/03/03 	75.2707290649414	75.6668930053711	72.20047760009766	72.29951477050781	94714	2022/03/03 
2022/03/04 	71.30911254882812	72.20047760009766	62.59355545043945	67.24845123291016	485137	2022/03/04 
2022/03/07 	65.66381072998047	65.66381072998047	58.43385696411133	60.81082534790039	414840	2022/03/07 
2022/03/08 	60.61274719238281	61.405067443847656	59.325218200683594	59.424259185791016	104215	2022/03/08 
2022/03/09 	60.41466522216797	62.197391510009766	60.41466522216797	61.50410842895508	34272	2022/03/09 
2022/03/10 	62.39547348022461	64.2772445678711	62.39547348022461	63.38587951660156	62772	2022/03/10 
2022/03/11 	62.989715576171875	63.484920501708984	62.197391510009766	62.197391510009766	30527	2022/03/11 
2022/03/14 	62.89067459106445	63.0887565612793	61.107948303222656	61.3060302734375	44406	2022/03/14 
2022/03/15 	61.3060302734375	61.3060302734375	58.53289794921875	58.83001708984375	61213	2022/03/15 
2022/03/16 	59.424259185791016	59.62234115600586	58.92905807495117	59.424259185791016	48546	2022/03/16 
2022/03/17 	59.72138214111328	59.8204231262207	59.325218200683594	59.72138214111328	33662	2022/03/17 
2022/03/18 	59.919464111328125	59.919464111328125	58.92905807495117	59.22618103027344	24649	2022/03/18 
2022/03/21 	59.424259185791016	59.52330017089844	59.028099060058594	59.424259185791016	46629	2022/03/21 
2022/03/22 	59.424259185791016	59.8204231262207	59.028099060058594	59.8204231262207	15498	2022/03/22 
2022/03/23 	61.008907318115234	70.4177474975586	61.008907318115234	68.63501739501953	196756	2022/03/23 
2022/03/24 	68.53598022460938	71.30911254882812	66.95133209228516	68.33789825439453	121249	2022/03/24 
2022/03/25 	68.83309936523438	69.03118133544922	66.35709381103516	67.1494140625	29286	2022/03/25 
2022/03/28 	66.05996704101562	66.15901184082031	63.484920501708984	63.68299865722656	30739	2022/03/28 
2022/03/29 	63.68299865722656	64.5743637084961	63.58395767211914	64.37628173828125	33037	2022/03/29 
2022/03/30 	64.77244567871094	67.74365997314453	64.37628173828125	66.45613098144531	86366	2022/03/30 
2022/03/31 	65.66381072998047	66.852294921875	64.5743637084961	64.97052764892578	32155	2022/03/31 
2022/04/01 	64.2772445678711	64.97052764892578	64.1781997680664	64.8714828491211	42815	2022/04/01 
2022/04/06 	65.06956481933594	65.16860961914062	64.2772445678711	64.8714828491211	80987	2022/04/06 
2022/04/07 	64.37628173828125	64.8714828491211	61.405067443847656	61.405067443847656	65097	2022/04/07 
2022/04/08 	61.801231384277344	62.989715576171875	60.41466522216797	61.405067443847656	50730	2022/04/08 
2022/04/11 	61.008907318115234	61.405067443847656	58.92905807495117	59.22618103027344	61242	2022/04/11 
2022/04/12 	59.22618103027344	59.424259185791016	58.631935119628906	59.325218200683594	19525	2022/04/12 
2022/04/13 	59.424259185791016	59.424259185791016	59.028099060058594	59.424259185791016	11257	2022/04/13 
2022/04/14 	59.028099060058594	59.919464111328125	56.354007720947266	57.5424919128418	78847	2022/04/14 
2022/04/15 	56.45304870605469	57.2453727722168	54.373199462890625	55.66072463989258	168337	2022/04/15 
2022/04/18 	55.85880661010742	55.85880661010742	55.462642669677734	55.66072463989258	11586	2022/04/18 
2022/04/19 	55.85880661010742	56.45304870605469	55.462642669677734	55.759765625	13242	2022/04/19 
2022/04/20 	56.254966735839844	59.127140045166016	56.254966735839844	58.631935119628906	73555	2022/04/20 
2022/04/21 	59.127140045166016	63.484920501708984	59.127140045166016	62.39547348022461	189673	2022/04/21 
2022/04/22 	62.49451446533203	68.73406219482422	61.70219039916992	67.446533203125	229048	2022/04/22 
2022/04/25 	67.34749603271484	67.34749603271484	62.39547348022461	64.07916259765625	135891	2022/04/25 
2022/04/26 	64.5743637084961	65.56476593017578	63.484920501708984	65.36668395996094	69988	2022/04/26 
2022/04/27 	64.47532653808594	64.47532653808594	62.59355545043945	63.881080627441406	40468	2022/04/27 
2022/04/28 	63.98012161254883	64.2772445678711	63.68299865722656	64.1781997680664	21324	2022/04/28 
2022/04/29 	64.37628173828125	65.36668395996094	63.782039642333984	63.782039642333984	23928	2022/04/29 
2022/05/03 	69.32830047607422	69.32830047607422	63.881080627441406	63.98012161254883	31517	2022/05/03 
2022/05/04 	63.484920501708984	64.37628173828125	62.49451446533203	64.2772445678711	34338	2022/05/04 
2022/05/05 	64.37628173828125	64.5743637084961	62.098350524902344	62.49451446533203	18240	2022/05/05 
2022/05/06 	62.39547348022461	62.39547348022461	60.90986633300781	60.90986633300781	19759	2022/05/06 
2022/05/09 	61.20698928833008	61.20698928833008	55.462642669677734	56.45304870605469	102183	2022/05/09 
2022/05/10 	54.96744155883789	55.36360168457031	52.49142837524414	54.86840057373047	59127	2022/05/10 
2022/05/11 	54.670318603515625	55.561683654785156	54.2741584777832	54.5712776184082	14780	2022/05/11 
2022/05/12 	54.5712776184082	55.561683654785156	54.47224044799805	55.26456069946289	33124	2022/05/12 
2022/05/13 	55.561683654785156	58.235774993896484	55.462642669677734	57.34441375732422	35580	2022/05/13 
2022/05/16 	58.13673400878906	59.028099060058594	57.04729080200195	58.13673400878906	13550	2022/05/16 
2022/05/17 	57.2453727722168	57.443450927734375	56.55208969116211	56.55208969116211	26539	2022/05/17 
2022/05/18 	57.443450927734375	57.443450927734375	56.55208969116211	57.146331787109375	8239	2022/05/18 
2022/05/19 	56.45304870605469	56.55208969116211	55.85880661010742	56.55208969116211	25649	2022/05/19 
2022/05/20 	56.651126861572266	56.84920883178711	56.45304870605469	56.55208969116211	92083	2022/05/20 
2022/05/23 	56.75016784667969	56.75016784667969	56.056884765625	56.254966735839844	32416	2022/05/23 
2022/05/24 	54.670318603515625	56.15592575073242	54.670318603515625	54.86840057373047	19996	2022/05/24 
2022/05/25 	54.47224044799805	55.06648254394531	53.580875396728516	54.2741584777832	18482	2022/05/25 
2022/05/26 	55.06648254394531	56.84920883178711	55.06648254394531	55.66072463989258	37318	2022/05/26 
2022/05/27 	56.254966735839844	58.037696838378906	56.15592575073242	57.64153289794922	29503	2022/05/27 
2022/05/30 	58.334815979003906	58.43385696411133	56.651126861572266	58.43385696411133	49508	2022/05/30 
2022/05/31 	58.334815979003906	58.334815979003906	56.84920883178711	57.2453727722168	27776	2022/05/31 
2022/06/01 	56.94824981689453	59.424259185791016	56.651126861572266	58.73097610473633	42624	2022/06/01 
2022/06/02 	57.938655853271484	58.53289794921875	57.83961486816406	58.43385696411133	11722	2022/06/02 
2022/06/06 	57.443450927734375	59.325218200683594	57.443450927734375	58.43385696411133	10301	2022/06/06 
2022/06/07 	57.5424919128418	57.5424919128418	54.86840057373047	56.45304870605469	40700	2022/06/07 
2022/06/08 	56.55208969116211	57.443450927734375	56.354007720947266	57.443450927734375	22021	2022/06/08 
2022/06/09 	56.651126861572266	57.443450927734375	56.254966735839844	56.254966735839844	16306	2022/06/09 
2022/06/10 	55.26456069946289	56.45304870605469	55.26456069946289	56.056884765625	2131	2022/06/10 
2022/06/13 	55.95784378051758	55.95784378051758	54.373199462890625	54.373199462890625	20299	2022/06/13 
2022/06/14 	54.373199462890625	54.373199462890625	53.481834411621094	54.373199462890625	15145	2022/06/14 
2022/06/15 	53.97703552246094	54.670318603515625	53.97703552246094	54.5712776184082	18189	2022/06/15 
2022/06/16 	55.06648254394531	55.462642669677734	53.97703552246094	54.07607650756836	20378	2022/06/16 
2022/06/17 	53.580875396728516	53.77895736694336	53.481834411621094	53.580875396728516	20193	2022/06/17 
2022/06/20 	53.580875396728516	54.373199462890625	51.600067138671875	52.49142837524414	52717	2022/06/20 
2022/06/21 	52.49142837524414	53.38279342651367	52.49142837524414	53.38279342651367	3039	2022/06/21 
2022/06/22 	53.38279342651367	53.38279342651367	51.6991081237793	52.88759231567383	34771	2022/06/22 
2022/06/23 	51.30294418334961	51.50102615356445	48.52981185913086	50.11445999145508	155600	2022/06/23 
2022/06/24 	50.2135009765625	50.5106201171875	49.52021789550781	50.015419006347656	35571	2022/06/24 
2022/06/27 	50.5106201171875	51.40198516845703	50.5106201171875	50.807743072509766	35384	2022/06/27 
2022/06/28 	50.60966110229492	51.104862213134766	50.5106201171875	50.90678405761719	11348	2022/06/28 
2022/06/29 	50.90678405761719	50.90678405761719	49.81733703613281	50.2135009765625	10162	2022/06/29 
2022/06/30 	50.2135009765625	50.2135009765625	48.826934814453125	49.07453536987305	16166	2022/06/30 
2022/07/01 	48.77741241455078	48.826934814453125	46.49948501586914	47.48988723754883	47863	2022/07/01 
2022/07/04 	47.19276809692383	47.19276809692383	46.10332107543945	46.49948501586914	14460	2022/07/04 
2022/07/05 	46.1528434753418	46.69756317138672	45.36051940917969	46.4499626159668	74097	2022/07/05 
2022/07/06 	46.053802490234375	46.40044403076172	46.0042839050293	46.0042839050293	16393	2022/07/06 
2022/07/07 	46.10332107543945	46.10332107543945	45.36051940917969	45.70716094970703	36629	2022/07/07 
2022/07/08 	45.70716094970703	47.48988723754883	45.60811996459961	47.48988723754883	32231	2022/07/08 
2022/07/11 	47.19276809692383	49.02501678466797	46.1528434753418	48.52981185913086	84692	2022/07/11 
2022/07/12 	48.62885284423828	48.62885284423828	46.49948501586914	48.034610748291016	16902	2022/07/12 
2022/07/13 	48.13365173339844	48.13365173339844	47.242286682128906	47.886051177978516	1011	2022/07/13 
2022/07/14 	46.994686126708984	47.73748779296875	45.55860137939453	46.54900360107422	68159	2022/07/14 
2022/07/15 	45.70716094970703	46.3014030456543	45.55860137939453	46.25188446044922	23249	2022/07/15 
2022/07/18 	46.3014030456543	46.3014030456543	45.45956039428711	46.10332107543945	5369	2022/07/18 
2022/07/19 	46.053802490234375	46.053802490234375	45.36051940917969	45.80620193481445	28446	2022/07/19 
2022/07/20 	45.85572052001953	46.053802490234375	45.06339645385742	45.55860137939453	37166	2022/07/20 
2022/07/21 	45.36051940917969	45.65763854980469	44.221553802490234	45.06339645385742	41412	2022/07/21 
2022/07/22 	45.31100082397461	45.45956039428711	44.56819534301758	45.112918853759766	50844	2022/07/22 
2022/07/25 	44.71675491333008	45.162437438964844	44.56819534301758	44.667236328125	17670	2022/07/25 
2022/07/26 	43.72635269165039	44.667236328125	42.88450622558594	43.52827072143555	32011	2022/07/26 
2022/07/27 	42.83498764038086	43.52827072143555	42.58738708496094	42.78546905517578	24448	2022/07/27 
2022/07/28 	41.49794387817383	42.78546905517578	38.675289154052734	39.616172790527344	166830	2022/07/28 
2022/07/29 	39.715213775634766	39.715213775634766	38.57624816894531	39.1209716796875	83562	2022/07/29 
2022/08/01 	39.071449279785156	42.68642807006836	39.02193069458008	42.68642807006836	135013	2022/08/01 
2022/08/02 	41.696022033691406	43.67683029174805	40.7551383972168	41.49794387817383	169842	2022/08/02 
2022/08/03 	41.10177993774414	42.092185974121094	39.566654205322266	40.21041488647461	42751	2022/08/03 
2022/08/04 	39.418094635009766	39.418094635009766	38.13056564331055	38.625770568847656	84910	2022/08/04 
2022/08/05 	38.625770568847656	40.358978271484375	37.6353645324707	40.25993728637695	65290	2022/08/05 
2022/08/08 	39.66569519042969	39.66569519042969	38.18008804321289	38.774330139160156	40339	2022/08/08 
2022/08/09 	38.72481155395508	38.72481155395508	37.6353645324707	38.57624816894531	25942	2022/08/09 
2022/08/10 	37.68488311767578	38.18008804321289	36.644962310791016	36.694480895996094	115722	2022/08/10 
2022/08/11 	37.28872299194336	37.7839241027832	37.09064483642578	37.43728256225586	56040	2022/08/11 
2022/08/12 	37.04112243652344	37.38776397705078	36.644962310791016	37.04112243652344	44007	2022/08/12 
2022/08/15 	37.28872299194336	39.616172790527344	37.28872299194336	39.616172790527344	95486	2022/08/15 
2022/08/16 	40.06185531616211	43.72635269165039	39.91329574584961	43.67683029174805	215473	2022/08/16 
2022/08/17 	44.56819534301758	44.56819534301758	42.240745544433594	43.577789306640625	182987	2022/08/17 
2022/08/18 	42.83498764038086	43.62731170654297	42.240745544433594	42.73594665527344	38896	2022/08/18 
2022/08/19 	42.488346099853516	43.52827072143555	42.488346099853516	43.37971115112305	48104	2022/08/19 
2022/08/22 	42.58738708496094	43.132110595703125	42.43882751464844	43.132110595703125	55800	2022/08/22 
2022/08/23 	42.88450622558594	46.4499626159668	42.58738708496094	46.053802490234375	160318	2022/08/23 
2022/08/24 	46.69756317138672	50.708702087402344	46.69756317138672	50.60966110229492	513733	2022/08/24 
2022/08/25 	50.708702087402344	65.56476593017578	50.60966110229492	61.405067443847656	671923	2022/08/25 
2022/08/26 	62.49451446533203	64.37628173828125	59.127140045166016	61.107948303222656	389998	2022/08/26 
2022/08/29 	59.72138214111328	59.72138214111328	53.97703552246094	57.938655853271484	181093	2022/08/29 
2022/08/30 	57.938655853271484	63.98012161254883	57.83961486816406	60.81082534790039	271455	2022/08/30 
2022/08/31 	58.92905807495117	59.22618103027344	57.443450927734375	58.73097610473633	104741	2022/08/31 
2022/09/01 	57.938655853271484	58.83001708984375	53.38279342651367	55.165523529052734	348805	2022/09/01 
2022/09/02 	55.165523529052734	57.146331787109375	54.96744155883789	55.85880661010742	59906	2022/09/02 
2022/09/05 	55.06648254394531	55.06648254394531	52.49142837524414	52.49142837524414	66997	2022/09/05 
2022/09/06 	52.98663330078125	52.98663330078125	51.20390319824219	52.19430923461914	65951	2022/09/06 
2022/09/07 	51.897186279296875	51.897186279296875	47.98508834838867	49.124053955078125	51692	2022/09/07 
2022/09/08 	49.52021789550781	50.41157913208008	49.52021789550781	50.2135009765625	35949	2022/09/08 
2022/09/12 	50.41157913208008	51.50102615356445	49.619258880615234	51.00582504272461	31582	2022/09/12 
2022/09/13 	51.6991081237793	55.66072463989258	51.104862213134766	55.561683654785156	81991	2022/09/13 
2022/09/14 	56.84920883178711	57.2453727722168	53.481834411621094	56.354007720947266	187494	2022/09/14 
2022/09/15 	55.561683654785156	57.443450927734375	55.165523529052734	55.66072463989258	118759	2022/09/15 
2022/09/16 	55.95784378051758	55.95784378051758	55.165523529052734	55.759765625	73561	2022/09/16 
2022/09/19 	55.759765625	55.759765625	55.759765625	55.759765625	0	2022/09/19 
2022/09/20 	55.759765625	55.759765625	55.759765625	55.759765625	0	2022/09/20 
2022/09/21 	55.759765625	55.759765625	55.759765625	55.759765625	0	2022/09/21 
2022/09/22 	55.759765625	55.759765625	55.759765625	55.759765625	0	2022/09/22 
2022/09/23 	48.67837142944336	49.718299865722656	47.390846252441406	49.32213592529297	136304	2022/09/23 
2022/09/26 	49.32213592529297	49.32213592529297	46.945167541503906	47.19276809692383	100999	2022/09/26 
2022/09/27 	46.89564514160156	52.29335021972656	45.45956039428711	51.600067138671875	131074	2022/09/27 
2022/09/28 	51.79814529418945	51.79814529418945	48.52981185913086	49.52021789550781	71038	2022/09/28 
2022/09/29 	50.5106201171875	52.49142837524414	49.52021789550781	50.807743072509766	64337	2022/09/29 
2022/09/30 	50.41157913208008	52.49142837524414	50.015419006347656	52.19430923461914	65269	2022/09/30 
2022/10/03 	51.50102615356445	51.600067138671875	48.5793342590332	50.31254196166992	80952	2022/10/03 
2022/10/04 	50.5106201171875	51.00582504272461	49.916378021240234	50.708702087402344	57309	2022/10/04 
2022/10/05 	51.50102615356445	53.67991638183594	50.708702087402344	53.28375244140625	162520	2022/10/05 
2022/10/06 	53.18471145629883	53.18471145629883	51.897186279296875	52.88759231567383	13732	2022/10/06 
2022/10/07 	51.50102615356445	51.9962272644043	50.807743072509766	51.00582504272461	10513	2022/10/07 
2022/10/11 	50.60966110229492	50.708702087402344	46.945167541503906	47.886051177978516	111071	2022/10/11 
2022/10/12 	47.58892822265625	47.935569763183594	47.34132766723633	47.83652877807617	25347	2022/10/12 
2022/10/13 	47.68796920776367	48.826934814453125	43.52827072143555	44.5186767578125	100792	2022/10/13 
2022/10/14 	45.06339645385742	46.202362060546875	45.06339645385742	46.053802490234375	44842	2022/10/14 
2022/10/17 	45.21195983886719	46.0042839050293	44.56819534301758	46.0042839050293	31423	2022/10/17 
2022/10/18 	45.55860137939453	46.69756317138672	45.55860137939453	45.90523910522461	26465	2022/10/18 
2022/10/19 	46.40044403076172	47.83652877807617	45.95476150512695	45.95476150512695	19316	2022/10/19 
2022/10/20 	45.261478424072266	45.36051940917969	43.97395324707031	44.56819534301758	52347	2022/10/20 
2022/10/21 	44.56819534301758	45.45956039428711	44.469154357910156	44.8157958984375	21304	2022/10/21 
2022/10/24 	44.96435546875	45.45956039428711	43.77587127685547	44.072994232177734	61815	2022/10/24 
2022/10/25 	44.02347183227539	44.02347183227539	42.43882751464844	42.58738708496094	31826	2022/10/25 
2022/10/26 	43.1816291809082	43.1816291809082	42.98354721069336	43.1816291809082	21709	2022/10/26 
2022/10/27 	43.87491226196289	44.072994232177734	43.132110595703125	43.1816291809082	8472	2022/10/27 
2022/10/28 	43.82539367675781	43.97395324707031	43.1816291809082	43.97395324707031	6563	2022/10/28 
2022/10/31 	44.072994232177734	44.221553802490234	43.08258819580078	44.172035217285156	7171	2022/10/31 
2022/11/01 	44.02347183227539	44.12251281738281	43.577789306640625	44.12251281738281	20649	2022/11/01 
2022/11/02 	43.72635269165039	44.469154357910156	43.577789306640625	43.577789306640625	19813	2022/11/02 
2022/11/03 	43.0330696105957	43.77587127685547	42.93402862548828	43.77587127685547	17322	2022/11/03 
2022/11/04 	43.77587127685547	43.87491226196289	43.77587127685547	43.77587127685547	8583	2022/11/04 
2022/11/07 	43.77587127685547	44.61771774291992	43.577789306640625	43.577789306640625	34659	2022/11/07 
2022/11/08 	43.577789306640625	43.67683029174805	42.389305114746094	43.3301887512207	19993	2022/11/08 
2022/11/09 	43.37971115112305	43.37971115112305	40.85417938232422	41.74554443359375	74955	2022/11/09 
2022/11/10 	42.488346099853516	42.488346099853516	41.64650344848633	42.092185974121094	7202	2022/11/10 
2022/11/11 	41.89410400390625	43.47875213623047	41.696022033691406	42.636905670166016	19648	2022/11/11 
2022/11/14 	43.47875213623047	43.47875213623047	42.488346099853516	42.78546905517578	27566	2022/11/14 
2022/11/15 	43.37971115112305	43.37971115112305	42.43882751464844	42.98354721069336	13230	2022/11/15 
2022/11/16 	41.64650344848633	42.73594665527344	41.49794387817383	42.488346099853516	5353	2022/11/16 
2022/11/17 	42.389305114746094	42.488346099853516	41.448421478271484	42.488346099853516	18562	2022/11/17 
2022/11/18 	41.596981048583984	45.55860137939453	41.596981048583984	44.221553802490234	210643	2022/11/18 
2022/11/21 	43.97395324707031	45.31100082397461	43.924434661865234	45.162437438964844	58573	2022/11/21 
2022/11/22 	45.31100082397461	45.31100082397461	44.370113372802734	44.370113372802734	60784	2022/11/22 
2022/11/23 	44.469154357910156	44.667236328125	44.320594787597656	44.41963577270508	23781	2022/11/23 
2022/11/24 	44.56819534301758	44.61771774291992	43.97395324707031	44.41963577270508	33730	2022/11/24 
2022/11/25 	43.62731170654297	44.56819534301758	43.62731170654297	44.5186767578125	35945	2022/11/25 
2022/11/28 	42.58738708496094	44.667236328125	42.58738708496094	44.56819534301758	42438	2022/11/28 
2022/11/29 	44.61771774291992	48.034610748291016	44.61771774291992	47.04420471191406	82347	2022/11/29 
2022/11/30 	46.74708557128906	46.74708557128906	45.55860137939453	46.49948501586914	28624	2022/11/30 
2022/12/01 	46.54900360107422	47.04420471191406	46.0042839050293	47.04420471191406	21405	2022/12/01 
2022/12/02 	47.04420471191406	51.00582504272461	46.89564514160156	49.916378021240234	134270	2022/12/02 
2022/12/05 	51.79814529418945	54.670318603515625	50.31254196166992	50.5106201171875	268084	2022/12/05 
2022/12/06 	50.41157913208008	50.60966110229492	48.8764533996582	49.47069549560547	66241	2022/12/06 
2022/12/07 	49.916378021240234	52.98663330078125	49.718299865722656	50.41157913208008	100091	2022/12/07 
2022/12/08 	50.11445999145508	50.708702087402344	48.67837142944336	50.708702087402344	39390	2022/12/08 
2022/12/09 	50.5106201171875	54.47224044799805	50.015419006347656	53.08567428588867	162256	2022/12/09 
2022/12/12 	53.580875396728516	54.76935958862305	53.18471145629883	53.28375244140625	211111	2022/12/12 
2022/12/13 	53.67991638183594	53.67991638183594	49.619258880615234	51.30294418334961	164805	2022/12/13 
2022/12/14 	51.104862213134766	53.481834411621094	51.104862213134766	52.49142837524414	118541	2022/12/14 
2022/12/15 	52.88759231567383	52.88759231567383	51.79814529418945	52.49142837524414	102972	2022/12/15 
2022/12/16 	52.392391204833984	52.59046936035156	51.9962272644043	52.49142837524414	33422	2022/12/16 
2022/12/19 	52.49142837524414	52.59046936035156	51.600067138671875	52.09526824951172	69668	2022/12/19 
2022/12/20 	52.29335021972656	52.392391204833984	50.90678405761719	51.50102615356445	61973	2022/12/20 
2022/12/21 	51.50102615356445	52.19430923461914	51.50102615356445	51.897186279296875	28575	2022/12/21 
2022/12/22 	51.30294418334961	52.59046936035156	51.30294418334961	52.19430923461914	15154	2022/12/22 
2022/12/23 	51.50102615356445	52.19430923461914	51.50102615356445	51.897186279296875	23559	2022/12/23 
2022/12/26 	51.30294418334961	51.50102615356445	51.00582504272461	51.30294418334961	13226	2022/12/26 
2022/12/27 	51.50102615356445	51.6991081237793	51.30294418334961	51.50102615356445	32311	2022/12/27 
2022/12/28 	51.20390319824219	51.30294418334961	48.52981185913086	48.826934814453125	122740	2022/12/28 
2022/12/29 	48.826934814453125	48.826934814453125	47.44036865234375	47.68796920776367	64802	2022/12/29 
2022/12/30 	48.183170318603516	49.124053955078125	48.034610748291016	48.48029327392578	32774	2022/12/30 
2023/01/03 	48.48029327392578	49.47069549560547	48.183170318603516	48.67837142944336	20096	2023/01/03 
2023/01/04 	48.38125228881836	48.8764533996582	47.935569763183594	48.7278938293457	65327	2023/01/04 
2023/01/05 	49.52021789550781	49.718299865722656	48.62885284423828	48.975494384765625	55901	2023/01/05 
2023/01/06 	49.37165832519531	49.718299865722656	49.37165832519531	49.619258880615234	25302	2023/01/06 
2023/01/09 	49.52021789550781	51.20390319824219	49.52021789550781	51.00582504272461	47940	2023/01/09 
2023/01/10 	51.400001525878906	51.70000076293945	49.900001525878906	50.70000076293945	62870	2023/01/10 
2023/01/11 	50.599998474121094	50.79999923706055	49.70000076293945	50.0	35207	2023/01/11 
2023/01/12 	49.20000076293945	49.900001525878906	48.70000076293945	49.099998474121094	26518	2023/01/12 
2023/01/13 	48.75	48.900001525878906	48.04999923706055	48.349998474121094	44100	2023/01/13 
2023/01/16 	48.04999923706055	48.150001525878906	47.95000076293945	48.0	9110	2023/01/16 
2023/01/17 	48.099998474121094	49.0	48.04999923706055	48.849998474121094	14280	2023/01/17 
2023/01/30 	49.0	49.5	48.79999923706055	48.849998474121094	22820	2023/01/30 
2023/01/31 	49.099998474121094	49.150001525878906	48.70000076293945	48.70000076293945	31200	2023/01/31 
2023/02/01 	48.54999923706055	49.29999923706055	48.45000076293945	49.20000076293945	92710	2023/02/01 
2023/02/02 	49.0	49.79999923706055	49.0	49.79999923706055	29080	2023/02/02 
2023/02/03 	49.400001525878906	54.599998474121094	49.400001525878906	52.5	273220	2023/02/03 
2023/02/06 	52.099998474121094	52.599998474121094	51.79999923706055	52.099998474121094	160115	2023/02/06 
2023/02/07 	52.099998474121094	52.099998474121094	49.849998474121094	51.099998474121094	98382	2023/02/07 
2023/02/08 	50.70000076293945	51.099998474121094	50.5	50.70000076293945	42148	2023/02/08 
2023/02/09 	51.099998474121094	52.0	51.0	51.599998474121094	72360	2023/02/09 
2023/02/10 	51.79999923706055	51.79999923706055	51.0	51.0	28546	2023/02/10 
2023/02/13 	50.79999923706055	51.099998474121094	50.599998474121094	51.0	39200	2023/02/13 
2023/02/14 	51.099998474121094	51.29999923706055	50.900001525878906	51.20000076293945	44530	2023/02/14 
2023/02/15 	51.20000076293945	51.29999923706055	50.5	51.099998474121094	38456	2023/02/15 
2023/02/16 	51.099998474121094	51.400001525878906	51.0	51.099998474121094	39630	2023/02/16 
2023/02/17 	50.900001525878906	51.099998474121094	50.599998474121094	50.599998474121094	35394	2023/02/17 
2023/02/20 	51.0	52.20000076293945	50.5	51.70000076293945	119218	2023/02/20 
2023/02/21 	52.20000076293945	53.70000076293945	51.79999923706055	52.70000076293945	205436	2023/02/21 
2023/02/22 	52.29999923706055	52.29999923706055	50.79999923706055	52.0	193098	2023/02/22 
2023/02/23 	53.70000076293945	62.0	53.0	60.099998474121094	1004352	2023/02/23 
2023/02/24 	60.70000076293945	61.20000076293945	55.400001525878906	56.099998474121094	720657	2023/02/24 
2023/03/01 	55.79999923706055	56.099998474121094	53.599998474121094	54.0	201222	2023/03/01 
2023/03/02 	54.900001525878906	55.0	53.599998474121094	53.79999923706055	64476	2023/03/02 
2023/03/03 	54.900001525878906	56.5	54.099998474121094	55.5	233412	2023/03/03 
2023/03/06 	55.900001525878906	57.70000076293945	55.70000076293945	57.0	213742	2023/03/06 
2023/03/07 	57.70000076293945	60.79999923706055	57.5	60.099998474121094	608213	2023/03/07 
2023/03/08 	60.29999923706055	61.29999923706055	57.79999923706055	59.0	410263	2023/03/08 
2023/03/09 	59.20000076293945	60.0	58.29999923706055	58.900001525878906	173172	2023/03/09 
2023/03/10 	58.79999923706055	59.0	55.5	56.0	274100	2023/03/10 
2023/03/13 	56.29999923706055	56.29999923706055	53.79999923706055	54.70000076293945	201350	2023/03/13 
2023/03/14 	54.5	55.599998474121094	53.79999923706055	54.0	96251	2023/03/14 
2023/03/15 	54.29999923706055	56.0	54.20000076293945	54.5	112210	2023/03/15 
2023/03/16 	54.099998474121094	54.29999923706055	52.900001525878906	53.099998474121094	146580	2023/03/16 
2023/03/17 	53.099998474121094	54.0	53.0	53.599998474121094	52700	2023/03/17 
2023/03/20 	53.20000076293945	53.20000076293945	47.79999923706055	50.400001525878906	582605	2023/03/20 
2023/03/21 	50.5	52.5	50.29999923706055	51.5	235271	2023/03/21 
2023/03/22 	51.5	51.900001525878906	51.29999923706055	51.79999923706055	103578	2023/03/22 
2023/03/23 	51.29999923706055	53.099998474121094	51.29999923706055	52.5	104468	2023/03/23 
2023/03/24 	52.400001525878906	52.5	51.099998474121094	51.70000076293945	107751	2023/03/24 
2023/03/27 	52.0	52.0	50.20000076293945	51.5	207744	2023/03/27 
2023/03/28 	51.29999923706055	51.5	50.099998474121094	50.79999923706055	104800	2023/03/28 
2023/03/29 	50.5	51.0	49.849998474121094	50.20000076293945	70907	2023/03/29 
2023/03/30 	50.5	51.0	50.20000076293945	51.0	53556	2023/03/30 
2023/03/31 	51.0	51.099998474121094	49.349998474121094	50.099998474121094	161054	2023/03/31 
2023/04/06 	49.70000076293945	49.70000076293945	48.75	49.04999923706055	227622	2023/04/06 
2023/04/07 	49.0	59.099998474121094	49.0	58.70000076293945	1425379	2023/04/07 
2023/04/10 	62.0	64.5999984741211	60.79999923706055	63.70000076293945	1396607	2023/04/10 
2023/04/11 	62.599998474121094	62.599998474121094	58.599998474121094	60.79999923706055	737670	2023/04/11 
2023/04/12 	61.400001525878906	62.599998474121094	60.29999923706055	62.5	395828	2023/04/12 
2023/04/13 	60.599998474121094	61.0	57.099998474121094	57.599998474121094	568602	2023/04/13 
2023/04/14 	58.5	61.5	58.29999923706055	60.79999923706055	402273	2023/04/14 
2023/04/17 	60.400001525878906	64.69999694824219	60.400001525878906	64.0	850391	2023/04/17 
2023/04/18 	64.19999694824219	70.5	63.79999923706055	70.0999984741211	1249126	2023/04/18 
2023/04/19 	69.69999694824219	76.0	69.5999984741211	74.0	1454715	2023/04/19 
2023/04/20 	75.0	80.5999984741211	74.9000015258789	78.0999984741211	1514351	2023/04/20 
2023/04/21 	79.80000305175781	80.80000305175781	75.5	77.5999984741211	1278061	2023/04/21 
2023/04/24 	77.30000305175781	78.30000305175781	73.69999694824219	75.5	421604	2023/04/24 
2023/04/25 	76.0	82.0999984741211	76.0	79.30000305175781	951937	2023/04/25 
2023/04/26 	78.30000305175781	78.5999984741211	75.5999984741211	77.9000015258789	591924	2023/04/26 
2023/04/27 	78.0	80.5999984741211	76.80000305175781	79.9000015258789	464851	2023/04/27 
2023/04/28 	80.30000305175781	85.0999984741211	80.0	83.0	709466	2023/04/28 
2023/05/02 	85.19999694824219	89.30000305175781	83.5999984741211	87.80000305175781	681872	2023/05/02 
2023/05/03 	88.30000305175781	88.9000015258789	85.5999984741211	86.19999694824219	519108	2023/05/03 
2023/05/04 	85.80000305175781	86.80000305175781	84.5	85.80000305175781	463657	2023/05/04 
2023/05/05 	85.4000015258789	88.30000305175781	84.9000015258789	86.0	467621	2023/05/05 
2023/05/08 	86.69999694824219	87.0	83.30000305175781	85.5999984741211	752028	2023/05/08 
2023/05/09 	85.0	85.19999694824219	78.0	80.30000305175781	725359	2023/05/09 
2023/05/10 	80.9000015258789	80.9000015258789	78.80000305175781	79.69999694824219	367634	2023/05/10 
2023/05/11 	80.0	84.0	80.0	81.4000015258789	300865	2023/05/11 
2023/05/12 	81.80000305175781	81.80000305175781	78.19999694824219	79.5999984741211	389381	2023/05/12 
2023/05/15 	80.0	80.0	76.9000015258789	78.0	272421	2023/05/15 
2023/05/16 	78.30000305175781	79.80000305175781	77.69999694824219	77.80000305175781	180348	2023/05/16 
2023/05/17 	77.4000015258789	77.69999694824219	74.69999694824219	75.5	553326	2023/05/17 
2023/05/18 	76.0	77.80000305175781	76.0	77.0	124840	2023/05/18 
2023/05/19 	76.69999694824219	77.0	72.19999694824219	73.19999694824219	320779	2023/05/19 
2023/05/22 	74.30000305175781	74.30000305175781	73.0999984741211	73.80000305175781	106062	2023/05/22 
2023/05/23 	74.30000305175781	80.69999694824219	74.30000305175781	80.0	462250	2023/05/23 
2023/05/24 	80.0	80.30000305175781	78.4000015258789	78.69999694824219	113406	2023/05/24 
2023/05/25 	78.5	78.80000305175781	76.19999694824219	77.0	237429	2023/05/25 
2023/05/26 	76.30000305175781	77.9000015258789	76.30000305175781	77.0	109099	2023/05/26 
2023/05/29 	76.9000015258789	77.69999694824219	76.69999694824219	77.30000305175781	125458	2023/05/29 
2023/05/30 	77.69999694824219	79.30000305175781	77.30000305175781	78.19999694824219	139720	2023/05/30 
2023/05/31 	78.69999694824219	78.69999694824219	74.5999984741211	74.9000015258789	259354	2023/05/31 
2023/06/01 	75.0	75.0	73.5999984741211	74.0	146991	2023/06/01 
2023/06/02 	74.0999984741211	74.0999984741211	72.4000015258789	73.0	185598	2023/06/02 
2023/06/05 	73.0999984741211	74.0	73.0999984741211	73.5	46060	2023/06/05 
2023/06/06 	73.30000305175781	76.4000015258789	73.30000305175781	75.0	125925	2023/06/06 
2023/06/07 	74.0	75.0	72.4000015258789	72.9000015258789	195001	2023/06/07 
2023/06/08 	73.0	73.0999984741211	71.5999984741211	72.0999984741211	117964	2023/06/08 
2023/06/09 	71.80000305175781	72.5	70.30000305175781	71.19999694824219	237268	2023/06/09 
2023/06/12 	71.80000305175781	71.80000305175781	69.5999984741211	70.30000305175781	129097	2023/06/12 
2023/06/13 	70.30000305175781	71.19999694824219	70.0999984741211	71.19999694824219	91485	2023/06/13 
2023/06/14 	72.30000305175781	72.30000305175781	70.5999984741211	71.0	61190	2023/06/14 
2023/06/15 	71.30000305175781	71.30000305175781	70.0	70.9000015258789	103365	2023/06/15 
2023/06/16 	70.9000015258789	70.9000015258789	68.5	69.0999984741211	177416	2023/06/16 
2023/06/19 	68.5999984741211	68.9000015258789	67.0999984741211	67.69999694824219	197667	2023/06/19 
2023/06/20 	67.9000015258789	72.4000015258789	67.9000015258789	71.30000305175781	309525	2023/06/20 
2023/06/21 	71.0	71.30000305175781	69.0	69.30000305175781	124922	2023/06/21 
2023/06/26 	68.80000305175781	69.9000015258789	67.5	67.9000015258789	80950	2023/06/26 
2023/06/27 	68.0999984741211	68.30000305175781	66.9000015258789	67.4000015258789	51798	2023/06/27 
2023/06/28 	67.9000015258789	68.0	66.69999694824219	67.0	51031	2023/06/28 
2023/06/29 	66.69999694824219	67.0	65.0999984741211	66.0	150506	2023/06/29 
2023/06/30 	66.0	66.0	63.0	64.80000305175781	142860	2023/06/30 
2023/07/03 	63.29999923706055	63.5	59.79999923706055	63.0	616532	2023/07/03 
2023/07/04 	62.79999923706055	64.69999694824219	61.099998474121094	64.19999694824219	172712	2023/07/04 
2023/07/05 	63.29999923706055	64.4000015258789	61.900001525878906	62.79999923706055	124110	2023/07/05 
2023/07/06 	62.599998474121094	63.400001525878906	62.29999923706055	62.70000076293945	33204	2023/07/06 
2023/07/07 	62.5	62.599998474121094	60.0	61.5	163672	2023/07/07 
2023/07/10 	60.79999923706055	62.099998474121094	60.70000076293945	61.5	50851	2023/07/10 
2023/07/11 	61.29999923706055	63.20000076293945	61.29999923706055	63.0	132651	2023/07/11 
2023/07/12 	64.19999694824219	66.69999694824219	64.0	65.4000015258789	268510	2023/07/12 
2023/07/13 	65.69999694824219	66.9000015258789	64.19999694824219	64.5	160772	2023/07/13 
2023/07/14 	64.30000305175781	64.5999984741211	62.599998474121094	63.599998474121094	133656	2023/07/14 
2023/07/17 	62.29999923706055	62.79999923706055	61.400001525878906	62.0	163794	2023/07/17 
2023/07/18 	62.099998474121094	62.29999923706055	60.099998474121094	60.900001525878906	101142	2023/07/18 
2023/07/19 	61.20000076293945	61.400001525878906	60.599998474121094	61.0	39308	2023/07/19 
2023/07/20 	60.599998474121094	61.20000076293945	60.400001525878906	60.79999923706055	53905	2023/07/20 
2023/07/21 	60.20000076293945	60.900001525878906	60.0	60.79999923706055	54173	2023/07/21 
2023/07/24 	61.599998474121094	61.599998474121094	58.099998474121094	58.70000076293945	150967	2023/07/24 
2023/07/25 	58.70000076293945	58.900001525878906	57.900001525878906	58.400001525878906	127070	2023/07/25 
2023/07/26 	58.0	58.400001525878906	55.5	56.599998474121094	187734	2023/07/26 
2023/07/27 	56.5	60.400001525878906	56.5	59.5	121040	2023/07/27 
2023/07/28 	59.70000076293945	63.0	59.70000076293945	62.0	303937	2023/07/28 
2023/07/31 	62.099998474121094	62.20000076293945	60.5	62.0	79621	2023/07/31 
2023/08/01 	60.5	61.900001525878906	60.400001525878906	60.5	34792	2023/08/01 
2023/08/02 	61.20000076293945	61.20000076293945	59.70000076293945	59.79999923706055	44956	2023/08/02 
2023/08/04 	58.900001525878906	59.900001525878906	58.400001525878906	59.0	56720	2023/08/04 
2023/08/07 	59.0	60.20000076293945	59.0	60.0	88551	2023/08/07 
2023/08/08 	61.0	61.900001525878906	60.900001525878906	60.900001525878906	114710	2023/08/08 
2023/08/09 	60.900001525878906	60.900001525878906	59.099998474121094	59.5	82686	2023/08/09 
2023/08/10 	59.0	59.0	55.599998474121094	56.20000076293945	221693	2023/08/10 
2023/08/11 	56.29999923706055	56.29999923706055	52.79999923706055	53.099998474121094	274609	2023/08/11 
2023/08/14 	52.0	52.79999923706055	47.0	48.400001525878906	351629	2023/08/14 
2023/08/15 	48.25	50.20000076293945	48.099998474121094	49.54999923706055	113728	2023/08/15 
2023/08/16 	47.849998474121094	48.45000076293945	47.849998474121094	48.29999923706055	220740	2023/08/16 
2023/08/17 	48.20000076293945	48.20000076293945	44.900001525878906	46.0	230195	2023/08/17 
2023/08/18 	45.849998474121094	47.150001525878906	45.75	46.650001525878906	84866	2023/08/18 
2023/08/21 	46.099998474121094	46.70000076293945	45.849998474121094	46.5	28703	2023/08/21 
2023/08/22 	46.599998474121094	49.29999923706055	45.0	48.599998474121094	121648	2023/08/22 
2023/08/23 	48.650001525878906	50.0	46.79999923706055	49.900001525878906	100323	2023/08/23 
2023/08/24 	49.79999923706055	50.0	48.70000076293945	49.20000076293945	79600	2023/08/24 
2023/08/25 	49.5	49.54999923706055	47.95000076293945	48.70000076293945	52930	2023/08/25 
2023/08/28 	48.849998474121094	48.849998474121094	47.25	47.349998474121094	39330	2023/08/28 
2023/08/29 	47.5	47.5	47.29999923706055	47.29999923706055	15195	2023/08/29 
2023/08/30 	47.54999923706055	48.95000076293945	47.45000076293945	48.650001525878906	87025	2023/08/30 
2023/08/31 	47.650001525878906	48.650001525878906	47.54999923706055	48.5	89537	2023/08/31 
2023/09/01 	48.79999923706055	49.150001525878906	47.849998474121094	48.349998474121094	38335	2023/09/01 
2023/09/04 	48.5	49.45000076293945	48.45000076293945	49.400001525878906	21004	2023/09/04 
2023/09/05 	49.45000076293945	51.400001525878906	49.45000076293945	51.400001525878906	175534	2023/09/05 
2023/09/06 	51.5	51.5	50.5	51.0	51960	2023/09/06 
2023/09/07 	50.5	50.599998474121094	48.400001525878906	49.650001525878906	100924	2023/09/07 
2023/09/08 	49.650001525878906	49.650001525878906	49.650001525878906	49.650001525878906	0	2023/09/08 
2023/09/11 	48.75	49.0	48.29999923706055	48.349998474121094	60380	2023/09/11 
2023/09/12 	48.650001525878906	49.400001525878906	48.650001525878906	49.0	53420	2023/09/12 
2023/09/13 	48.70000076293945	53.0	48.70000076293945	51.20000076293945	168793	2023/09/13 
2023/09/14 	52.20000076293945	52.20000076293945	51.099998474121094	51.400001525878906	29418	2023/09/14 
2023/09/15 	50.400001525878906	51.20000076293945	49.849998474121094	50.0	25165	2023/09/15 
2023/09/18 	50.20000076293945	50.20000076293945	49.099998474121094	49.400001525878906	30349	2023/09/18 
2023/09/19 	50.0	50.0	48.849998474121094	49.150001525878906	23265	2023/09/19 
2023/09/20 	48.849998474121094	49.349998474121094	48.849998474121094	49.349998474121094	10290	2023/09/20 
2023/09/21 	48.5	49.400001525878906	48.5	48.900001525878906	19334	2023/09/21 
2023/09/22 	48.599998474121094	48.70000076293945	47.849998474121094	48.29999923706055	22860	2023/09/22 
2023/09/25 	47.900001525878906	48.29999923706055	47.900001525878906	48.29999923706055	20121	2023/09/25 
2023/09/26 	48.20000076293945	48.20000076293945	47.0	47.70000076293945	44295	2023/09/26 
2023/09/27 	47.0	47.650001525878906	46.849998474121094	47.0	36600	2023/09/27 
2023/09/28 	47.150001525878906	47.400001525878906	46.900001525878906	47.0	24296	2023/09/28 
2023/10/02 	46.79999923706055	47.54999923706055	46.79999923706055	47.54999923706055	38490	2023/10/02 
2023/10/03 	47.54999923706055	47.54999923706055	47.150001525878906	47.29999923706055	2105	2023/10/03 
2023/10/04 	46.70000076293945	46.849998474121094	46.25	46.45000076293945	50430	2023/10/04 
2023/10/05 	46.25	46.45000076293945	46.04999923706055	46.150001525878906	45833	2023/10/05 
2023/10/06 	46.45000076293945	46.75	46.0	46.70000076293945	52455	2023/10/06 
2023/10/11 	46.75	47.650001525878906	46.75	47.54999923706055	60390	2023/10/11 
2023/10/12 	47.349998474121094	48.25	47.349998474121094	47.79999923706055	27015	2023/10/12 
2023/10/13 	47.599998474121094	47.75	47.04999923706055	47.349998474121094	41250	2023/10/13 
2023/10/16 	47.349998474121094	47.400001525878906	46.45000076293945	46.5	40968	2023/10/16 
2023/10/17 	45.849998474121094	46.650001525878906	45.75	46.29999923706055	18000	2023/10/17 
2023/10/18 	46.150001525878906	46.150001525878906	45.150001525878906	45.599998474121094	26555	2023/10/18 
2023/10/19 	45.75	45.79999923706055	45.0	45.70000076293945	9080	2023/10/19 
2023/10/20 	44.95000076293945	45.70000076293945	44.79999923706055	45.0	30989	2023/10/20 
2023/10/23 	44.849998474121094	45.29999923706055	44.849998474121094	45.0	15602	2023/10/23 
2023/10/24 	44.54999923706055	45.0	44.54999923706055	44.79999923706055	19215	2023/10/24 
2023/10/25 	45.099998474121094	45.099998474121094	44.70000076293945	45.099998474121094	16605	2023/10/25 
2023/10/26 	44.849998474121094	45.0	44.349998474121094	44.849998474121094	17641	2023/10/26 
2023/10/27 	44.70000076293945	44.95000076293945	44.0	44.45000076293945	37788	2023/10/27 
2023/10/30 	43.20000076293945	43.400001525878906	42.20000076293945	42.5	58835	2023/10/30 
2023/10/31 	42.75	42.75	40.5	40.75	135391	2023/10/31 
2023/11/01 	40.849998474121094	41.150001525878906	39.75	40.20000076293945	74151	2023/11/01 
2023/11/02 	41.04999923706055	41.04999923706055	40.79999923706055	41.0	17125	2023/11/02 
2023/11/03 	41.599998474121094	41.599998474121094	40.79999923706055	40.900001525878906	17202	2023/11/03 
2023/11/06 	41.04999923706055	43.150001525878906	41.04999923706055	42.25	96929	2023/11/06 
2023/11/07 	43.25	43.25	42.45000076293945	42.599998474121094	49627	2023/11/07 
2023/11/08 	43.0	43.150001525878906	42.349998474121094	42.5	30250	2023/11/08 
2023/11/09 	42.349998474121094	42.5	41.79999923706055	42.0	24403	2023/11/09 
2023/11/10 	42.25	42.25	41.400001525878906	41.79999923706055	2060	2023/11/10 
2023/11/13 	41.650001525878906	42.0	40.849998474121094	41.400001525878906	27470	2023/11/13 
2023/11/14 	40.849998474121094	41.099998474121094	40.400001525878906	41.099998474121094	59052	2023/11/14 
2023/11/15 	41.150001525878906	42.29999923706055	40.54999923706055	42.150001525878906	39406	2023/11/15 
2023/11/16 	42.0	42.0	40.900001525878906	41.150001525878906	39929	2023/11/16 
2023/11/17 	41.349998474121094	41.5	40.400001525878906	40.54999923706055	62730	2023/11/17 
2023/11/20 	41.0	41.29999923706055	40.70000076293945	40.70000076293945	30579	2023/11/20 
2023/11/21 	41.29999923706055	42.349998474121094	41.20000076293945	41.70000076293945	47333	2023/11/21 
2023/11/22 	41.70000076293945	42.650001525878906	41.599998474121094	41.900001525878906	76155	2023/11/22 
2023/11/23 	42.5	44.79999923706055	42.349998474121094	44.29999923706055	219206	2023/11/23 
2023/11/24 	44.599998474121094	45.349998474121094	43.70000076293945	44.29999923706055	204208	2023/11/24 
2023/11/27 	44.04999923706055	44.20000076293945	42.54999923706055	42.95000076293945	64271	2023/11/27 
2023/11/28 	43.25	43.25	42.150001525878906	42.75	96774	2023/11/28 
2023/11/29 	42.599998474121094	43.400001525878906	42.0	42.29999923706055	57892	2023/11/29 
2023/11/30 	42.45000076293945	43.599998474121094	42.04999923706055	43.0	86070	2023/11/30 
2023/12/01 	43.150001525878906	43.349998474121094	42.79999923706055	43.099998474121094	121685	2023/12/01 
2023/12/04 	43.099998474121094	43.45000076293945	42.849998474121094	43.099998474121094	104683	2023/12/04 
2023/12/05 	42.849998474121094	42.900001525878906	41.70000076293945	41.849998474121094	67407	2023/12/05 
2023/12/06 	42.0	43.099998474121094	42.0	42.95000076293945	15473	2023/12/06 
2023/12/07 	43.099998474121094	43.099998474121094	41.70000076293945	41.900001525878906	60870	2023/12/07 
2023/12/08 	41.900001525878906	42.349998474121094	41.900001525878906	42.349998474121094	20860	2023/12/08 
2023/12/11 	42.20000076293945	42.349998474121094	41.400001525878906	41.400001525878906	52638	2023/12/11 
2023/12/12 	41.70000076293945	41.849998474121094	40.54999923706055	41.0	108762	2023/12/12 
2023/12/13 	40.400001525878906	41.29999923706055	40.20000076293945	40.849998474121094	113410	2023/12/13 
2023/12/14 	41.0	41.599998474121094	40.849998474121094	41.599998474121094	31340	2023/12/14 
2023/12/15 	41.599998474121094	41.900001525878906	41.0	41.650001525878906	48160	2023/12/15 
2023/12/18 	41.599998474121094	41.650001525878906	40.849998474121094	41.599998474121094	45036	2023/12/18 
2023/12/19 	41.0	41.25	40.54999923706055	40.79999923706055	11665	2023/12/19 
2023/12/20 	41.150001525878906	41.150001525878906	40.45000076293945	40.599998474121094	55410	2023/12/20 
2023/12/21 	40.45000076293945	41.150001525878906	40.349998474121094	41.04999923706055	32825	2023/12/21 
2023/12/22 	40.400001525878906	41.849998474121094	40.29999923706055	41.5	47218	2023/12/22 
2023/12/25 	40.349998474121094	41.150001525878906	40.349998474121094	41.0	68504	2023/12/25 
2023/12/26 	41.0	42.599998474121094	40.849998474121094	42.29999923706055	121058	2023/12/26 
2023/12/27 	42.0	42.150001525878906	41.25	41.400001525878906	67571	2023/12/27 
2023/12/28 	42.0	45.95000076293945	41.849998474121094	45.349998474121094	497445	2023/12/28 
2023/12/29 	46.04999923706055	46.04999923706055	43.150001525878906	43.650001525878906	179138	2023/12/29 
2024/01/02 	43.650001525878906	45.900001525878906	43.650001525878906	45.29999923706055	144505	2024/01/02 
2024/01/03 	45.150001525878906	45.150001525878906	43.849998474121094	43.900001525878906	60872	2024/01/03 
2024/01/04 	43.849998474121094	44.79999923706055	43.5	44.599998474121094	57400	2024/01/04 
2024/01/05 	43.95000076293945	44.54999923706055	43.79999923706055	44.099998474121094	45510	2024/01/05 
2024/01/08 	44.29999923706055	44.349998474121094	44.0	44.20000076293945	93510	2024/01/08 
2024/01/09 	44.0	44.45000076293945	42.900001525878906	43.04999923706055	53849	2024/01/09 
2024/01/10 	42.900001525878906	43.150001525878906	41.95000076293945	42.099998474121094	39011	2024/01/10 
2024/01/11 	41.900001525878906	42.0	40.95000076293945	41.099998474121094	67756	2024/01/11 
2024/01/12 	40.95000076293945	41.5	40.849998474121094	41.400001525878906	25493	2024/01/12 
2024/01/15 	41.400001525878906	41.400001525878906	41.400001525878906	41.400001525878906	0	2024/01/15 
2024/01/16 	42.150001525878906	44.0	42.150001525878906	43.20000076293945	126907	2024/01/16 
2024/01/17 	43.25	44.29999923706055	43.099998474121094	43.900001525878906	128028	2024/01/17 
2024/01/18 	43.54999923706055	43.849998474121094	41.900001525878906	42.75	74434	2024/01/18 
2024/01/19 	43.349998474121094	43.45000076293945	41.599998474121094	42.0	75155	2024/01/19 
2024/01/22 	41.849998474121094	42.20000076293945	41.04999923706055	42.20000076293945	62827	2024/01/22 
2024/01/23 	41.5	41.5	40.849998474121094	41.25	139938	2024/01/23 
2024/01/24 	40.849998474121094	41.0	40.54999923706055	40.95000076293945	161249	2024/01/24 
2024/01/25 	41.0	41.0	40.54999923706055	40.599998474121094	35206	2024/01/25 
2024/01/26 	40.5	41.0	40.25	40.599998474121094	128510	2024/01/26 
2024/01/29 	40.849998474121094	40.849998474121094	40.150001525878906	40.29999923706055	92193	2024/01/29 
2024/01/30 	40.150001525878906	41.0	40.0	40.45000076293945	56552	2024/01/30 
2024/01/31 	40.04999923706055	41.0	40.0	40.20000076293945	53664	2024/01/31 
2024/02/01 	41.0	41.0	39.95000076293945	40.79999923706055	41905	2024/02/01 
2024/02/02 	40.79999923706055	41.400001525878906	40.150001525878906	40.849998474121094	88929	2024/02/02 
2024/02/05 	40.5	42.0	40.20000076293945	40.79999923706055	75659	2024/02/05 
2024/02/15 	40.75	43.900001525878906	40.75	42.95000076293945	218172	2024/02/15 
2024/02/16 	42.099998474121094	43.04999923706055	41.54999923706055	43.0	99944	2024/02/16 
2024/02/19 	42.150001525878906	43.79999923706055	41.75	42.75	129779	2024/02/19 
2024/02/20 	42.45000076293945	42.54999923706055	41.900001525878906	42.099998474121094	75711	2024/02/20 
2024/02/21 	42.400001525878906	43.150001525878906	42.150001525878906	42.400001525878906	88501	2024/02/21 
2024/02/22 	42.45000076293945	43.099998474121094	42.20000076293945	43.0	130306	2024/02/22 
2024/02/23 	43.0	45.150001525878906	42.150001525878906	43.599998474121094	454939	2024/02/23 
2024/02/26 	43.5	43.650001525878906	41.45000076293945	41.900001525878906	188223	2024/02/26 
2024/02/27 	42.45000076293945	43.099998474121094	41.599998474121094	41.79999923706055	130742	2024/02/27 
2024/02/29 	42.349998474121094	42.400001525878906	40.5	41.900001525878906	55782	2024/02/29 
2024/03/01 	42.0	42.150001525878906	40.75	41.70000076293945	102323	2024/03/01 
2024/03/04 	40.79999923706055	41.29999923706055	39.900001525878906	40.95000076293945	165941	2024/03/04 
2024/03/05 	40.900001525878906	40.95000076293945	40.349998474121094	40.599998474121094	18296	2024/03/05 
2024/03/06 	40.45000076293945	40.70000076293945	40.29999923706055	40.5	65049	2024/03/06 
2024/03/07 	40.400001525878906	40.54999923706055	39.650001525878906	39.79999923706055	201419	2024/03/07 
2024/03/08 	39.95000076293945	39.95000076293945	38.400001525878906	38.650001525878906	183347	2024/03/08 
2024/03/11 	38.650001525878906	38.75	37.79999923706055	38.04999923706055	121881	2024/03/11 
2024/03/12 	38.150001525878906	38.79999923706055	37.95000076293945	38.79999923706055	78268	2024/03/12 
2024/03/13 	38.900001525878906	40.04999923706055	38.70000076293945	38.900001525878906	165587	2024/03/13 
2024/03/14 	39.5	39.650001525878906	38.400001525878906	38.849998474121094	43394	2024/03/14 
2024/03/15 	38.900001525878906	40.0	38.70000076293945	38.79999923706055	73737	2024/03/15 
2024/03/18 	39.5	39.5	38.349998474121094	38.79999923706055	61292	2024/03/18 
2024/03/19 	38.70000076293945	38.849998474121094	37.849998474121094	37.849998474121094	77937	2024/03/19 
2024/03/20 	38.400001525878906	38.54999923706055	37.75	38.400001525878906	99760	2024/03/20 
2024/03/21 	38.45000076293945	38.45000076293945	37.349998474121094	38.150001525878906	118865	2024/03/21 
2024/03/22 	37.900001525878906	38.75	37.650001525878906	38.599998474121094	61585	2024/03/22 
2024/03/25 	38.599998474121094	38.599998474121094	38.599998474121094	38.599998474121094	0	2024/03/25 
2024/03/26 	38.599998474121094	38.599998474121094	38.599998474121094	38.599998474121094	0	2024/03/26 
2024/03/27 	38.400001525878906	39.25	38.400001525878906	39.099998474121094	71752	2024/03/27 
2024/03/28 	39.25	39.5	38.400001525878906	39.20000076293945	60828	2024/03/28 
2024/03/29 	39.04999923706055	39.20000076293945	37.95000076293945	38.0	48584	2024/03/29 
2024/04/01 	39.0	39.099998474121094	38.150001525878906	38.29999923706055	69153	2024/04/01 
2024/04/02 	38.349998474121094	38.599998474121094	37.849998474121094	38.04999923706055	46575	2024/04/02 
2024/04/03 	38.5	38.5	37.29999923706055	37.79999923706055	37141	2024/04/03 
2024/04/08 	37.599998474121094	37.650001525878906	36.5	37.0	189303	2024/04/08 
2024/04/09 	37.099998474121094	37.099998474121094	35.650001525878906	35.849998474121094	107047	2024/04/09 
2024/04/10 	36.150001525878906	36.599998474121094	35.25	35.75	185698	2024/04/10 
2024/04/11 	35.04999923706055	35.20000076293945	33.29999923706055	33.95000076293945	173267	2024/04/11 
2024/04/12 	34.0	34.150001525878906	33.45000076293945	33.599998474121094	138123	2024/04/12 
2024/04/15 	34.0	34.099998474121094	33.25	33.349998474121094	34263	2024/04/15 
2024/04/16 	34.0	34.0	30.399999618530273	31.200000762939453	200855	2024/04/16 
2024/04/17 	31.299999237060547	33.0	30.5	30.600000381469727	194001	2024/04/17 
2024/04/18 	31.0	31.200000762939453	30.0	30.049999237060547	153804	2024/04/18 
2024/04/19 	29.950000762939453	29.950000762939453	28.0	29.0	245107	2024/04/19 
2024/04/22 	29.0	29.0	27.700000762939453	28.0	129851	2024/04/22 
2024/04/23 	28.0	28.100000381469727	27.0	27.100000381469727	129329	2024/04/23 
2024/04/24 	27.299999237060547	30.5	27.299999237060547	30.049999237060547	231052	2024/04/24 
2024/04/25 	30.0	30.450000762939453	28.0	28.350000381469727	110592	2024/04/25 
2024/04/26 	28.850000381469727	28.899999618530273	28.100000381469727	28.25	21637	2024/04/26 
2024/04/29 	28.0	29.100000381469727	28.0	29.0	61600	2024/04/29 
2024/04/30 	29.100000381469727	32.04999923706055	29.100000381469727	30.950000762939453	150064	2024/04/30 
2024/05/02 	30.899999618530273	30.899999618530273	29.399999618530273	30.200000762939453	59584	2024/05/02 
2024/05/03 	29.899999618530273	30.100000381469727	29.200000762939453	30.0	38996	2024/05/03 
2024/05/06 	30.100000381469727	30.100000381469727	29.399999618530273	29.799999237060547	24022	2024/05/06 
2024/05/07 	29.600000381469727	29.799999237060547	29.200000762939453	29.299999237060547	25611	2024/05/07 
2024/05/08 	29.0	29.100000381469727	28.450000762939453	28.950000762939453	48110	2024/05/08 
2024/05/09 	29.299999237060547	29.299999237060547	28.799999237060547	28.899999618530273	13021	2024/05/09 
2024/05/10 	28.850000381469727	29.0	28.200000762939453	28.649999618530273	20054	2024/05/10 
2024/05/13 	28.450000762939453	30.25	27.899999618530273	29.799999237060547	110831	2024/05/13 
2024/05/14 	29.100000381469727	36.0	29.100000381469727	35.70000076293945	240969	2024/05/14 
2024/05/15 	33.45000076293945	34.650001525878906	32.849998474121094	34.04999923706055	164994	2024/05/15 
2024/05/16 	33.650001525878906	34.650001525878906	33.150001525878906	34.400001525878906	101341	2024/05/16 
2024/05/17 	35.0	39.150001525878906	35.0	37.29999923706055	292379	2024/05/17 
2024/05/20 	38.849998474121094	38.849998474121094	36.650001525878906	36.95000076293945	107932	2024/05/20 
2024/05/21 	37.650001525878906	37.650001525878906	36.099998474121094	37.099998474121094	17010	2024/05/21 
2024/05/22 	36.79999923706055	37.29999923706055	36.79999923706055	37.0	37694	2024/05/22 
2024/05/23 	38.150001525878906	39.150001525878906	37.95000076293945	38.099998474121094	124986	2024/05/23 
2024/05/24 	37.849998474121094	38.599998474121094	36.900001525878906	38.25	109197	2024/05/24 
2024/05/27 	38.54999923706055	38.849998474121094	38.25	38.650001525878906	112325	2024/05/27 
2024/05/28 	38.900001525878906	38.95000076293945	37.54999923706055	38.599998474121094	43615	2024/05/28 
2024/05/29 	38.650001525878906	38.650001525878906	37.650001525878906	38.20000076293945	19211	2024/05/29 
2024/05/30 	38.150001525878906	38.79999923706055	37.95000076293945	38.25	103637	2024/05/30 
2024/05/31 	37.849998474121094	38.45000076293945	37.400001525878906	38.04999923706055	46737	2024/05/31 
2024/06/03 	38.150001525878906	38.75	37.900001525878906	38.349998474121094	54001	2024/06/03 
2024/06/04 	38.349998474121094	38.349998474121094	37.650001525878906	38.099998474121094	33937	2024/06/04 
2024/06/05 	38.099998474121094	38.29999923706055	37.70000076293945	38.29999923706055	60325	2024/06/05 
2024/06/06 	38.099998474121094	38.29999923706055	34.150001525878906	35.04999923706055	303522	2024/06/06 
2024/06/07 	35.04999923706055	35.04999923706055	32.900001525878906	34.150001525878906	100239	2024/06/07 
2024/06/11 	34.29999923706055	35.099998474121094	33.900001525878906	34.900001525878906	89907	2024/06/11 
2024/06/12 	34.95000076293945	35.29999923706055	33.900001525878906	34.70000076293945	59200	2024/06/12 
2024/06/13 	34.70000076293945	34.79999923706055	34.0	34.349998474121094	24190	2024/06/13 
2024/06/14 	34.400001525878906	35.099998474121094	33.75	35.04999923706055	53804	2024/06/14 
2024/06/17 	35.0	35.150001525878906	34.0	35.099998474121094	31287	2024/06/17 
2024/06/18 	34.0	35.0	33.849998474121094	34.900001525878906	27130	2024/06/18 
2024/06/19 	34.650001525878906	34.650001525878906	32.70000076293945	33.95000076293945	68980	2024/06/19 
2024/06/20 	32.70000076293945	32.79999923706055	32.400001525878906	32.79999923706055	74884	2024/06/20 
2024/06/21 	32.79999923706055	32.79999923706055	30.600000381469727	30.850000381469727	176913	2024/06/21 
2024/06/24 	31.200000762939453	31.200000762939453	30.600000381469727	30.950000762939453	40527	2024/06/24 
2024/06/25 	30.75	30.75	29.899999618530273	30.549999237060547	29977	2024/06/25 
2024/06/26 	30.450000762939453	30.600000381469727	29.899999618530273	29.899999618530273	13501	2024/06/26 
2024/06/27 	31.0	31.149999618530273	30.299999237060547	31.149999618530273	34137	2024/06/27 
2024/06/28 	31.350000381469727	32.849998474121094	31.350000381469727	32.849998474121094	119368	2024/06/28 
2024/07/01 	32.70000076293945	32.70000076293945	32.0	32.150001525878906	34202	2024/07/01 
2024/07/02 	32.099998474121094	32.099998474121094	31.149999618530273	32.04999923706055	454604	2024/07/02 
2024/07/03 	32.099998474121094	34.0	32.0	33.95000076293945	48273	2024/07/03 
2024/07/04 	34.150001525878906	35.150001525878906	33.849998474121094	34.45000076293945	100414	2024/07/04 
2024/07/05 	35.0	35.150001525878906	34.849998474121094	34.95000076293945	24016	2024/07/05 
2024/07/08 	35.150001525878906	35.20000076293945	33.400001525878906	34.150001525878906	57931	2024/07/08 
2024/07/09 	34.5	34.5	33.099998474121094	33.54999923706055	32013	2024/07/09 
2024/07/10 	33.95000076293945	33.95000076293945	32.75	32.95000076293945	36665	2024/07/10 
2024/07/11 	32.849998474121094	33.29999923706055	32.20000076293945	32.900001525878906	30602	2024/07/11 
2024/07/12 	32.900001525878906	33.599998474121094	32.5	32.849998474121094	29251	2024/07/12 
2024/07/15 	32.849998474121094	32.849998474121094	32.0	32.54999923706055	36006	2024/07/15 
2024/07/16 	32.599998474121094	32.599998474121094	32.0	32.400001525878906	63744	2024/07/16 
2024/07/17 	32.599998474121094	32.75	32.0	32.0	7712	2024/07/17 
2024/07/18 	32.650001525878906	32.650001525878906	31.5	32.0	77358	2024/07/18 
2024/07/19 	32.0	32.04999923706055	31.399999618530273	31.600000381469727	20021	2024/07/19 
2024/07/22 	31.399999618530273	32.099998474121094	29.75	30.5	86779	2024/07/22 
2024/07/23 	30.5	30.600000381469727	30.299999237060547	30.5	40790	2024/07/23 
2024/07/26 	30.950000762939453	30.950000762939453	29.899999618530273	30.0	17258	2024/07/26 
2024/07/29 	30.149999618530273	30.200000762939453	29.399999618530273	30.049999237060547	80262	2024/07/29 
2024/07/30 	29.899999618530273	30.149999618530273	29.850000381469727	30.149999618530273	56023	2024/07/30 
2024/07/31 	30.25	30.299999237060547	29.850000381469727	30.149999618530273	29065	2024/07/31 
2024/08/01 	30.149999618530273	30.149999618530273	29.850000381469727	30.0	36812	2024/08/01 
2024/08/02 	29.899999618530273	30.0	28.75	30.0	34995	2024/08/02 
2024/08/05 	29.899999618530273	29.899999618530273	26.0	27.0	235291	2024/08/05 
2024/08/06 	27.100000381469727	28.100000381469727	26.799999237060547	27.299999237060547	60169	2024/08/06 
2024/08/07 	27.649999618530273	28.399999618530273	27.399999618530273	28.0	47802	2024/08/07 
2024/08/08 	28.0	28.149999618530273	27.25	28.100000381469727	23221	2024/08/08 
2024/08/09 	28.0	29.950000762939453	28.0	29.25	79310	2024/08/09 
2024/08/12 	29.600000381469727	29.600000381469727	28.399999618530273	29.299999237060547	32508	2024/08/12 
2024/08/13 	29.350000381469727	29.399999618530273	28.299999237060547	29.0	12164	2024/08/13 
2024/08/14 	28.549999237060547	28.600000381469727	28.0	28.049999237060547	63799	2024/08/14 
2024/08/15 	28.600000381469727	28.600000381469727	28.100000381469727	28.5	12003	2024/08/15 
2024/08/16 	28.5	28.549999237060547	27.899999618530273	28.549999237060547	41155	2024/08/16 
2024/08/19 	28.399999618530273	28.399999618530273	27.899999618530273	28.399999618530273	45145	2024/08/19 
2024/08/20 	27.899999618530273	28.350000381469727	27.700000762939453	27.700000762939453	62071	2024/08/20 
2024/08/21 	27.899999618530273	27.950000762939453	27.399999618530273	27.5	27410	2024/08/21 
2024/08/22 	27.549999237060547	28.0	27.450000762939453	27.5	10012	2024/08/22 
2024/08/23 	27.399999618530273	27.600000381469727	26.799999237060547	27.549999237060547	137717	2024/08/23 
2024/08/26 	27.799999237060547	29.100000381469727	27.799999237060547	29.049999237060547	125873	2024/08/26 
2024/08/27 	29.100000381469727	29.100000381469727	29.100000381469727	29.100000381469727	48	2024/08/27 
2024/08/28 	29.100000381469727	29.100000381469727	28.200000762939453	29.100000381469727	3252	2024/08/28 
2024/08/29 	29.100000381469727	29.350000381469727	28.799999237060547	29.25	71410	2024/08/29 
2024/08/30 	29.25	29.350000381469727	28.450000762939453	29.049999237060547	60754	2024/08/30 
2024/09/02 	29.049999237060547	29.399999618530273	28.399999618530273	29.049999237060547	22051	2024/09/02 
2024/09/03 	28.25	29.049999237060547	27.049999237060547	27.600000381469727	88173	2024/09/03 
2024/09/04 	27.0	27.299999237060547	26.299999237060547	26.799999237060547	103371	2024/09/04 
2024/09/05 	27.549999237060547	27.549999237060547	26.700000762939453	26.950000762939453	30858	2024/09/05 
2024/09/06 	26.649999618530273	28.200000762939453	26.100000381469727	28.100000381469727	68304	2024/09/06 
2024/09/09 	27.5	27.549999237060547	26.200000762939453	27.549999237060547	63651	2024/09/09 
2024/09/10 	27.799999237060547	27.799999237060547	26.399999618530273	26.450000762939453	54851	2024/09/10 
2024/09/11 	26.799999237060547	27.0	26.100000381469727	26.5	45493	2024/09/11 
2024/09/12 	26.649999618530273	26.649999618530273	26.399999618530273	26.600000381469727	8003	2024/09/12 
2024/09/13 	26.600000381469727	27.25	26.549999237060547	26.600000381469727	17253	2024/09/13 
2024/09/16 	26.600000381469727	27.350000381469727	26.5	27.100000381469727	44181	2024/09/16 
2024/09/18 	27.100000381469727	27.100000381469727	26.549999237060547	26.549999237060547	26001	2024/09/18 
2024/09/19 	26.600000381469727	27.049999237060547	26.600000381469727	27.0	33100	2024/09/19 
2024/09/20 	27.0	27.100000381469727	26.950000762939453	26.950000762939453	17000	2024/09/20 
2024/09/23 	26.899999618530273	27.049999237060547	26.850000381469727	26.899999618530273	44201	2024/09/23 
2024/09/24 	26.899999618530273	27.850000381469727	26.899999618530273	27.100000381469727	52019	2024/09/24 
2024/09/25 	27.899999618530273	28.200000762939453	27.549999237060547	28.0	111958	2024/09/25 
2024/09/26 	28.100000381469727	29.100000381469727	28.0	28.450000762939453	137317	2024/09/26 
2024/09/27 	29.0	29.0	28.399999618530273	28.850000381469727	37260	2024/09/27 
2024/09/30 	29.0	31.649999618530273	29.0	30.100000381469727	115013	2024/09/30 
2024/10/01 	30.049999237060547	31.5	30.0	31.450000762939453	125064	2024/10/01 
2024/10/04 	31.450000762939453	32.54999923706055	28.899999618530273	31.200000762939453	119988	2024/10/04 
2024/10/07 	31.100000381469727	31.200000762939453	29.450000762939453	30.299999237060547	91917	2024/10/07 
2024/10/08 	30.5	30.899999618530273	30.0	30.899999618530273	6223	2024/10/08 
2024/10/09 	31.0	31.0	29.850000381469727	29.850000381469727	46461	2024/10/09 
2024/10/11 	30.399999618530273	30.799999237060547	29.700000762939453	30.0	15224	2024/10/11 
2024/10/14 	30.100000381469727	30.399999618530273	29.600000381469727	29.600000381469727	2003	2024/10/14 
2024/10/15 	30.100000381469727	30.100000381469727	28.899999618530273	28.899999618530273	18271	2024/10/15 
2024/10/16 	28.899999618530273	29.0	27.899999618530273	28.0	40380	2024/10/16 
2024/10/17 	28.5	28.5	27.899999618530273	28.450000762939453	37250	2024/10/17 
2024/10/18 	28.350000381469727	28.450000762939453	27.850000381469727	27.899999618530273	32101	2024/10/18 
2024/10/21 	28.0	28.100000381469727	27.450000762939453	28.100000381469727	18001	2024/10/21 
2024/10/22 	28.100000381469727	28.100000381469727	27.399999618530273	27.450000762939453	19331	2024/10/22 
2024/10/23 	27.399999618530273	27.950000762939453	26.649999618530273	27.350000381469727	66021	2024/10/23 
2024/10/24 	27.450000762939453	27.700000762939453	27.350000381469727	27.450000762939453	3101	2024/10/24 
2024/10/25 	27.450000762939453	27.450000762939453	27.0	27.100000381469727	14230	2024/10/25 
2024/10/28 	27.100000381469727	27.100000381469727	26.799999237060547	27.0	16240	2024/10/28 
2024/10/29 	26.700000762939453	27.100000381469727	26.700000762939453	27.100000381469727	3951	2024/10/29 
2024/10/30 	26.600000381469727	27.100000381469727	26.5	26.799999237060547	12781	2024/10/30 
2024/11/01 	26.899999618530273	26.950000762939453	26.799999237060547	26.950000762939453	5200	2024/11/01 
2024/11/04 	26.700000762939453	26.950000762939453	26.5	26.5	17020	2024/11/04 
2024/11/05 	26.5	26.700000762939453	26.299999237060547	26.649999618530273	69430	2024/11/05 
2024/11/06 	26.799999237060547	27.149999618530273	26.5	27.0	14002	2024/11/06 
2024/11/07 	27.549999237060547	28.0	27.100000381469727	27.450000762939453	85150	2024/11/07 
2024/11/08 	27.649999618530273	27.649999618530273	27.25	27.350000381469727	11487	2024/11/08 
2024/11/11 	27.25	27.350000381469727	27.149999618530273	27.350000381469727	7040	2024/11/11 
2024/11/12 	27.450000762939453	27.600000381469727	26.700000762939453	27.0	47394	2024/11/12 
2024/11/13 	27.200000762939453	28.049999237060547	26.649999618530273	27.899999618530273	38502	2024/11/13 
2024/11/14 	27.899999618530273	27.899999618530273	27.799999237060547	27.899999618530273	10151	2024/11/14 
2024/11/15 	27.049999237060547	27.100000381469727	26.399999618530273	26.5	90662	2024/11/15 
2024/11/18 	26.649999618530273	26.649999618530273	26.100000381469727	26.100000381469727	17351	2024/11/18 
2024/11/19 	26.5	27.0	26.149999618530273	26.149999618530273	24361	2024/11/19 
2024/11/20 	26.149999618530273	26.149999618530273	26.149999618530273	26.149999618530273	0	2024/11/20 
2024/11/21 	25.649999618530273	26.299999237060547	25.5	25.649999618530273	32395	2024/11/21 
2024/11/22 	25.899999618530273	26.450000762939453	25.799999237060547	26.299999237060547	71421	2024/11/22 
2024/11/25 	26.299999237060547	26.399999618530273	25.700000762939453	26.25	47205	2024/11/25 
2024/11/26 	26.0	26.25	25.700000762939453	26.0	29205	2024/11/26 
2024/11/27 	25.899999618530273	27.299999237060547	25.899999618530273	25.899999618530273	122162	2024/11/27 
2024/11/28 	26.049999237060547	26.75	25.5	25.549999237060547	51857	2024/11/28 
2024/11/29 	25.549999237060547	25.75	24.75	25.049999237060547	116899	2024/11/29 
2024/12/02 	25.100000381469727	25.200000762939453	24.600000381469727	24.850000381469727	70193	2024/12/02 
2024/12/03 	25.25	25.399999618530273	24.0	25.100000381469727	264530	2024/12/03 
2024/12/04 	25.049999237060547	27.0	25.049999237060547	26.700000762939453	88794	2024/12/04 
2024/12/05 	26.700000762939453	26.700000762939453	25.549999237060547	26.25	59675	2024/12/05 
2024/12/06 	26.200000762939453	26.649999618530273	26.100000381469727	26.600000381469727	50425	2024/12/06 
2024/12/09 	27.100000381469727	27.149999618530273	26.149999618530273	26.25	42965	2024/12/09 
2024/12/10 	26.899999618530273	27.049999237060547	26.100000381469727	26.100000381469727	13000	2024/12/10 
2024/12/11 	26.200000762939453	26.299999237060547	25.5	25.5	32700	2024/12/11 
2024/12/12 	26.100000381469727	26.200000762939453	25.700000762939453	25.700000762939453	50121	2024/12/12 
2024/12/13 	25.25	25.850000381469727	25.25	25.850000381469727	4510	2024/12/13 
2024/12/16 	25.200000762939453	25.299999237060547	24.399999618530273	25.0	52530	2024/12/16 
2024/12/17 	25.100000381469727	25.299999237060547	24.25	25.299999237060547	13721	2024/12/17 
2024/12/18 	25.450000762939453	27.299999237060547	25.399999618530273	27.299999237060547	76540	2024/12/18 
2024/12/19 	26.399999618530273	27.100000381469727	25.399999618530273	26.100000381469727	168569	2024/12/19 
2024/12/20 	26.5	27.100000381469727	25.799999237060547	27.100000381469727	40007	2024/12/20 
2024/12/23 	27.100000381469727	27.600000381469727	26.700000762939453	27.25	53362	2024/12/23 
2024/12/24 	27.200000762939453	27.799999237060547	26.700000762939453	27.0	105162	2024/12/24 
2024/12/25 	27.100000381469727	27.700000762939453	26.799999237060547	27.200000762939453	31942	2024/12/25 
2024/12/26 	27.399999618530273	27.399999618530273	26.700000762939453	27.100000381469727	39314	2024/12/26 
2024/12/27 	27.299999237060547	27.299999237060547	26.600000381469727	26.700000762939453	67001	2024/12/27 
2024/12/30 	27.25	27.25	26.5	27.200000762939453	1002	2024/12/30 
2024/12/31 	27.200000762939453	27.200000762939453	26.350000381469727	26.5	37067	2024/12/31 
2025/01/02 	27.0	27.299999237060547	26.799999237060547	27.0	35941	2025/01/02 
2025/01/03 	26.350000381469727	27.0	26.350000381469727	26.700000762939453	5220	2025/01/03 
2025/01/06 	27.0	28.600000381469727	26.950000762939453	27.799999237060547	116185	2025/01/06 
2025/01/07 	28.399999618530273	28.399999618530273	26.950000762939453	27.100000381469727	81267	2025/01/07 
2025/01/08 	27.799999237060547	27.850000381469727	27.049999237060547	27.75	5362	2025/01/08 
2025/01/09 	28.100000381469727	29.5	28.0	28.299999237060547	77747	2025/01/09 
2025/01/10 	28.200000762939453	28.850000381469727	27.600000381469727	28.850000381469727	60202	2025/01/10 
2025/01/13 	28.0	28.149999618530273	27.700000762939453	28.149999618530273	51502	2025/01/13 
2025/01/14 	28.149999618530273	28.700000762939453	28.049999237060547	28.700000762939453	125053	2025/01/14 
2025/01/15 	28.600000381469727	28.600000381469727	27.600000381469727	28.0	88740	2025/01/15 
2025/01/16 	28.100000381469727	28.600000381469727	28.0	28.5	60231	2025/01/16 
2025/01/17 	28.799999237060547	29.049999237060547	28.350000381469727	28.399999618530273	22818	2025/01/17 
2025/01/20 	28.399999618530273	28.5	27.75	27.799999237060547	29351	2025/01/20 
2025/01/21 	28.399999618530273	28.75	28.299999237060547	28.5	22317	2025/01/21 
2025/01/22 	28.549999237060547	31.0	28.399999618530273	29.450000762939453	166955	2025/01/22 
2025/02/03 	29.100000381469727	29.100000381469727	27.0	27.600000381469727	74900	2025/02/03 
2025/02/04 	27.850000381469727	28.299999237060547	27.850000381469727	28.149999618530273	23551	2025/02/04 
2025/02/05 	27.899999618530273	29.049999237060547	27.899999618530273	28.200000762939453	22832	2025/02/05 
2025/02/06 	28.649999618530273	28.649999618530273	28.149999618530273	28.149999618530273	2047	2025/02/06 
2025/02/07 	27.549999237060547	28.149999618530273	27.25	27.25	37885	2025/02/07 
2025/02/10 	27.950000762939453	27.950000762939453	27.200000762939453	27.950000762939453	3250	2025/02/10 
2025/02/11 	27.950000762939453	27.950000762939453	26.649999618530273	27.0	22165	2025/02/11 
2025/02/12 	26.600000381469727	27.649999618530273	26.600000381469727	27.5	24470	2025/02/12 
2025/02/13 	27.0	27.100000381469727	26.549999237060547	26.700000762939453	48920	2025/02/13 
2025/02/14 	26.850000381469727	27.299999237060547	26.399999618530273	27.149999618530273	38700	2025/02/14 
2025/02/17 	26.799999237060547	28.25	26.799999237060547	27.049999237060547	32225	2025/02/17 
2025/02/18 	27.0	27.350000381469727	26.899999618530273	27.0	46070	2025/02/18 
2025/02/19 	27.350000381469727	27.450000762939453	26.950000762939453	27.200000762939453	34115	2025/02/19 
2025/02/20 	27.200000762939453	27.200000762939453	27.0	27.0	13005	2025/02/20 
2025/02/21 	27.149999618530273	27.850000381469727	27.149999618530273	27.850000381469727	18950	2025/02/21 
2025/02/24 	28.200000762939453	28.200000762939453	27.200000762939453	27.450000762939453	33010	2025/02/24 
2025/02/25 	27.25	28.5	27.200000762939453	28.0	54005	2025/02/25 
2025/02/26 	28.200000762939453	28.399999618530273	27.850000381469727	28.0	17700	2025/02/26 
2025/02/27 	27.899999618530273	28.200000762939453	26.799999237060547	27.0	50300	2025/02/27 
2025/03/03 	27.100000381469727	27.600000381469727	26.549999237060547	26.950000762939453	50041	2025/03/03 
2025/03/04 	26.950000762939453	27.600000381469727	26.950000762939453	27.049999237060547	18050	2025/03/04 
2025/03/05 	27.5	27.5	26.899999618530273	27.0	8604	2025/03/05 
2025/03/06 	27.0	27.5	26.850000381469727	27.0	44386	2025/03/06 
2025/03/07 	26.600000381469727	27.049999237060547	26.600000381469727	26.700000762939453	14433	2025/03/07 
2025/03/10 	26.5	26.5	25.75	25.850000381469727	43115	2025/03/10 
2025/03/11 	25.200000762939453	25.299999237060547	24.700000762939453	25.100000381469727	55799	2025/03/11 
2025/03/12 	24.899999618530273	25.649999618530273	24.25	25.399999618530273	81660	2025/03/12 
2025/03/13 	25.200000762939453	25.450000762939453	24.899999618530273	25.0	50002	2025/03/13 
2025/03/14 	25.0	25.600000381469727	24.799999237060547	25.600000381469727	4058	2025/03/14 
2025/03/17 	25.600000381469727	25.600000381469727	24.700000762939453	24.700000762939453	9501	2025/03/17 
2025/03/18 	24.700000762939453	25.200000762939453	24.600000381469727	24.600000381469727	51920	2025/03/18 
2025/03/19 	24.299999237060547	24.700000762939453	24.100000381469727	24.549999237060547	87980	2025/03/19 
2025/03/20 	24.549999237060547	25.149999618530273	24.100000381469727	25.100000381469727	41005	2025/03/20 
2025/03/21 	25.0	25.049999237060547	24.75	24.950000762939453	79007	2025/03/21 
2025/03/24 	24.850000381469727	25.0	24.100000381469727	24.200000762939453	33008	2025/03/24 
2025/03/25 	24.649999618530273	24.899999618530273	23.950000762939453	24.0	23269	2025/03/25 
2025/03/26 	24.549999237060547	24.549999237060547	23.299999237060547	23.450000762939453	90446	2025/03/26 
2025/03/27 	24.0	24.0	23.25	23.25	39926	2025/03/27 
2025/03/28 	23.399999618530273	23.399999618530273	21.600000381469727	21.950000762939453	108731	2025/03/28 
2025/03/31 	21.5	21.600000381469727	18.5	19.649999618530273	229864	2025/03/31 
2025/04/01 	19.450000762939453	20.0	19.299999237060547	19.799999237060547	97512	2025/04/01 
2025/04/02 	19.75	19.75	18.5	19.0	109393	2025/04/02 
2025/04/07 	18.0	18.0	12.149999618530273	14.949999809265137	781005	2025/04/07 
2025/04/08 	14.800000190734863	15.850000381469727	14.25	15.850000381469727	422961	2025/04/08 
2025/04/09 	15.850000381469727	16.75	14.25	15.0	202093	2025/04/09 
2025/04/10 	15.25	16.950000762939453	15.25	16.299999237060547	193903	2025/04/10 
2025/04/11 	16.600000381469727	16.600000381469727	15.899999618530273	16.100000381469727	94523	2025/04/11 
2025/04/14 	16.100000381469727	16.450000762939453	16.049999237060547	16.100000381469727	88775	2025/04/14 
2025/04/15 	16.450000762939453	17.0	15.949999809265137	16.649999618530273	83274	2025/04/15 
2025/04/16 	16.899999618530273	16.899999618530273	16.0	16.049999237060547	94747	2025/04/16 
2025/04/17 	16.299999237060547	16.299999237060547	16.0	16.100000381469727	5517	2025/04/17 
2025/04/18 	16.25	16.25	15.550000190734863	15.75	52710	2025/04/18 
2025/04/21 	15.5	15.5	14.850000381469727	15.0	48486	2025/04/21 
2025/04/22 	15.199999809265137	15.199999809265137	14.800000190734863	15.149999618530273	11098	2025/04/22 
2025/04/23 	14.850000381469727	15.449999809265137	14.75	15.149999618530273	119348	2025/04/23 
2025/04/24 	15.449999809265137	17.600000381469727	15.399999618530273	16.899999618530273	188670	2025/04/24 
2025/04/25 	16.899999618530273	19.100000381469727	16.799999237060547	17.799999237060547	154974	2025/04/25 
2025/04/28 	17.850000381469727	17.850000381469727	16.700000762939453	17.200000762939453	136970	2025/04/28 
2025/04/29 	17.100000381469727	17.600000381469727	16.700000762939453	17.600000381469727	45653	2025/04/29 
2025/04/30 	17.100000381469727	17.799999237060547	17.0	17.299999237060547	36954	2025/04/30 
2025/05/02 	17.299999237060547	17.899999618530273	17.100000381469727	17.600000381469727	32735	2025/05/02 
2025/05/05 	17.0	17.299999237060547	15.550000190734863	16.0	99803	2025/05/05 
2025/05/06 	16.0	16.700000762939453	15.800000190734863	16.700000762939453	28353	2025/05/06 
2025/05/07 	16.399999618530273	16.399999618530273	16.049999237060547	16.049999237060547	36128	2025/05/07 
2025/05/08 	15.899999618530273	16.450000762939453	15.899999618530273	16.100000381469727	11341	2025/05/08 
2025/05/09 	16.450000762939453	16.799999237060547	16.0	16.799999237060547	73472	2025/05/09 
2025/05/12 	16.899999618530273	17.700000762939453	16.399999618530273	17.700000762939453	67665	2025/05/12 
2025/05/13 	18.149999618530273	18.75	17.350000381469727	17.700000762939453	163877	2025/05/13 
2025/05/14 	17.899999618530273	18.100000381469727	17.600000381469727	18.100000381469727	50261	2025/05/14 
2025/05/15 	18.100000381469727	18.899999618530273	18.0	18.200000762939453	53691	2025/05/15 
2025/05/16 	18.799999237060547	18.899999618530273	18.049999237060547	18.799999237060547	108524	2025/05/16 
2025/05/19 	18.799999237060547	18.799999237060547	18.399999618530273	18.700000762939453	34477	2025/05/19 
2025/05/20 	18.299999237060547	18.450000762939453	18.149999618530273	18.350000381469727	58751	2025/05/20 
2025/05/21 	18.799999237060547	18.799999237060547	18.5	18.799999237060547	2088	2025/05/21 
2025/05/22 	18.649999618530273	18.649999618530273	17.649999618530273	18.200000762939453	97250	2025/05/22 
2025/05/23 	18.149999618530273	18.200000762939453	17.75	18.149999618530273	42057	2025/05/23 
2025/05/26 	18.100000381469727	18.850000381469727	18.100000381469727	18.399999618530273	51006	2025/05/26 
2025/05/27 	18.850000381469727	18.850000381469727	17.899999618530273	18.100000381469727	40653	2025/05/27 
2025/05/28 	18.149999618530273	18.149999618530273	17.700000762939453	17.850000381469727	21053	2025/05/28 
2025/05/29 	17.899999618530273	18.049999237060547	17.700000762939453	17.899999618530273	37050	2025/05/29 
2025/06/02 	17.5	17.850000381469727	17.299999237060547	17.399999618530273	43708	2025/06/02 
2025/06/03 	17.600000381469727	17.799999237060547	17.100000381469727	17.100000381469727	69050	2025/06/03 
2025/06/04 	17.299999237060547	17.450000762939453	17.149999618530273	17.350000381469727	24050	2025/06/04 
2025/06/05 	17.5	17.799999237060547	17.25	17.299999237060547	36206	2025/06/05 
2025/06/06 	17.75	17.75	17.149999618530273	17.200000762939453	32121	2025/06/06 
2025/06/09 	17.100000381469727	17.200000762939453	16.649999618530273	17.049999237060547	48050	2025/06/09 
2025/06/10 	17.049999237060547	17.049999237060547	16.25	16.649999618530273	46112	2025/06/10 
2025/06/11 	16.25	17.600000381469727	16.25	17.600000381469727	47482	2025/06/11 
2025/06/12 	17.350000381469727	17.600000381469727	17.350000381469727	17.5	9495	2025/06/12 
2025/06/13 	17.649999618530273	17.75	17.450000762939453	17.450000762939453	62090	2025/06/13 
2025/06/16 	17.5	17.600000381469727	17.200000762939453	17.549999237060547	23000	2025/06/16 
2025/06/17 	17.200000762939453	17.5	17.100000381469727	17.200000762939453	17076	2025/06/17 
2025/06/18 	17.700000762939453	17.700000762939453	17.25	17.450000762939453	13994	2025/06/18 
2025/06/19 	17.649999618530273	17.700000762939453	17.149999618530273	17.549999237060547	15253	2025/06/19 
2025/06/20 	17.799999237060547	17.799999237060547	17.549999237060547	17.549999237060547	106	2025/06/20 
2025/06/23 	17.799999237060547	17.799999237060547	17.200000762939453	17.399999618530273	10281	2025/06/23 
2025/06/24 	17.25	17.799999237060547	17.149999618530273	17.399999618530273	36032	2025/06/24 
2025/06/25 	17.799999237060547	17.799999237060547	17.149999618530273	17.600000381469727	5012	2025/06/25 
2025/06/26 	17.799999237060547	17.799999237060547	17.100000381469727	17.649999618530273	7020	2025/06/26 
2025/06/27 	17.200000762939453	17.549999237060547	17.0	17.399999618530273	82078	2025/06/27 
2025/06/30 	17.149999618530273	17.25	16.649999618530273	16.649999618530273	80325	2025/06/30 
2025/07/01 	16.75	16.850000381469727	16.200000762939453	16.399999618530273	52805	2025/07/01 
2025/07/02 	16.600000381469727	16.700000762939453	16.100000381469727	16.450000762939453	52389	2025/07/02 
2025/07/03 	16.450000762939453	16.549999237060547	16.100000381469727	16.100000381469727	23250	2025/07/03 
2025/07/04 	16.049999237060547	16.899999618530273	16.049999237060547	16.850000381469727	127265	2025/07/04 
2025/07/07 	16.799999237060547	16.799999237060547	15.5	15.600000381469727	86830	2025/07/07 
2025/07/08 	15.550000190734863	15.600000381469727	15.199999809265137	15.5	28640	2025/07/08 
2025/07/09 	15.199999809265137	15.649999618530273	15.0	15.0	110535	2025/07/09 
2025/07/10 	15.350000381469727	15.399999618530273	14.75	15.199999809265137	167647	2025/07/10 
2025/07/11 	15.399999618530273	15.699999809265137	14.949999809265137	15.0	66800	2025/07/11 
2025/07/14 	15.399999618530273	16.299999237060547	15.399999618530273	16.299999237060547	109838	2025/07/14 
2025/07/15 	17.149999618530273	17.149999618530273	16.649999618530273	16.649999618530273	97000	2025/07/15 
2025/07/16 	16.600000381469727	16.600000381469727	15.899999618530273	16.100000381469727	42300	2025/07/16 
2025/07/17 	16.25	16.649999618530273	16.25	16.549999237060547	16200	2025/07/17 
2025/07/18 	16.25	17.0	16.200000762939453	16.350000381469727	36420	2025/07/18 
2025/07/21 	16.350000381469727	19.25	16.25	18.450000762939453	172146	2025/07/21 
2025/07/22 	18.649999618530273	20.200000762939453	18.649999618530273	19.200000762939453	250573	2025/07/22 
2025/07/23 	19.600000381469727	20.5	18.899999618530273	19.450000762939453	153550	2025/07/23 
2025/07/24 	20.0	20.850000381469727	18.549999237060547	18.549999237060547	186700	2025/07/24 
2025/07/25 	19.299999237060547	20.100000381469727	19.0	19.0	161026	2025/07/25 
2025/07/28 	19.200000762939453	21.600000381469727	19.200000762939453	20.100000381469727	198951	2025/07/28 
2025/07/29 	20.350000381469727	21.549999237060547	19.200000762939453	19.200000762939453	175714	2025/07/29 
2025/07/30 	19.299999237060547	19.600000381469727	18.950000762939453	19.0	180648	2025/07/30 
2025/07/31 	19.200000762939453	19.649999618530273	18.799999237060547	18.899999618530273	86070	2025/07/31 
2025/08/04 	18.299999237060547	18.899999618530273	18.299999237060547	18.299999237060547	85748	2025/08/04 
2025/08/05 	18.700000762939453	18.799999237060547	18.25	18.399999618530273	106229	2025/08/05 
2025/08/06 	18.200000762939453	18.5	17.399999618530273	17.399999618530273	146784	2025/08/06 
2025/08/07 	17.149999618530273	17.450000762939453	16.149999618530273	17.049999237060547	176148	2025/08/07 
2025/08/08 	17.299999237060547	17.399999618530273	16.799999237060547	17.299999237060547	27034	2025/08/08 
2025/08/11 	17.200000762939453	17.350000381469727	17.100000381469727	17.200000762939453	14902	2025/08/11 
2025/08/12 	17.5	17.5	16.850000381469727	17.5	87104	2025/08/12 
2025/08/13 	17.549999237060547	17.649999618530273	16.950000762939453	17.299999237060547	126555	2025/08/13 
2025/08/14 	16.899999618530273	20.950000762939453	16.899999618530273	20.149999618530273	390328	2025/08/14 
2025/08/15 	19.899999618530273	26.049999237060547	19.700000762939453	25.350000381469727	666808	2025/08/15 
2025/08/18 	24.450000762939453	26.600000381469727	23.950000762939453	25.549999237060547	373430	2025/08/18 
2025/08/19 	25.549999237060547	27.100000381469727	24.799999237060547	25.600000381469727	157378	2025/08/19 
2025/08/20 	25.799999237060547	25.899999618530273	24.549999237060547	24.899999618530273	59873	2025/08/20 
2025/08/21 	25.0	25.600000381469727	24.700000762939453	25.100000381469727	24358	2025/08/21 
2025/08/22 	25.100000381469727	25.100000381469727	25.100000381469727	25.100000381469727	0	2025/08/22 
2025/08/25 	25.0	26.100000381469727	25.0	26.100000381469727	95103	2025/08/25 
2025/08/26 	26.100000381469727	26.299999237060547	25.549999237060547	25.799999237060547	129382	2025/08/26 
2025/08/27 	25.5	27.299999237060547	25.5	27.149999618530273	283500	2025/08/27 
2025/08/28 	27.299999237060547	27.299999237060547	25.350000381469727	25.450000762939453	191955	2025/08/28 
2025/08/29 	26.399999618530273	26.399999618530273	25.299999237060547	25.299999237060547	175719	2025/08/29 
2025/09/01 	25.5	27.299999237060547	25.350000381469727	26.399999618530273	190553	2025/09/01 
2025/09/02 	26.5	27.299999237060547	26.0	26.950000762939453	56471	2025/09/02 
2025/09/03 	26.200000762939453	35.150001525878906	26.200000762939453	28.450000762939453	927138	2025/09/03 
2025/09/04 	28.049999237060547	29.5	27.200000762939453	27.299999237060547	873396	2025/09/04 
