Date	Open	High	Low	Close	Volume	Date
2021/11/30 	26.258091987860503	45.15110612803826	26.258091987860503	39.587276458740234	341084	2021/11/30 
2021/12/01 	38.06622637532653	39.38713617706678	33.6631949600853	37.58589553833008	284290	2021/12/01 
2021/12/02 	37.86609130038605	49.95442036340122	37.62592587226892	49.63420104980469	727206	2021/12/02 
2021/12/03 	49.23392113587106	49.954417377151564	41.06829329634655	42.109012603759766	466055	2021/12/03 
2021/12/06 	42.34917790494112	42.34917790494112	38.82675058859622	39.987548828125	133486	2021/12/06 
2021/12/07 	39.1069437750062	39.22703026159471	37.8660915687269	38.02619934082031	117910	2021/12/07 
2021/12/08 	38.82675030905402	38.82675030905402	37.62592325209102	38.7466926574707	66072	2021/12/08 
2021/12/09 	37.265676865597456	37.62592499941606	37.06553649902344	37.06553649902344	64058	2021/12/09 
2021/12/10 	37.58589553833008	37.98617249305339	36.8653992828354	37.58589553833008	61914	2021/12/10 
2021/12/13 	37.62592281239356	39.106940317554944	37.26567469951453	38.386444091796875	179028	2021/12/13 
2021/12/14 	39.62730085532575	44.27050137400886	39.30708156053608	40.10763168334961	394914	2021/12/14 
2021/12/15 	39.227030593252124	40.82813095779707	38.586588184426745	39.38713836669922	215621	2021/12/15 
2021/12/16 	38.82675058859622	39.987548828125	38.82675058859622	39.987548828125	53621	2021/12/16 
2021/12/17 	39.627300619451006	40.02757756431454	38.86677932739258	38.86677932739258	45738	2021/12/17 
2021/12/20 	39.987548828125	39.987548828125	38.866779414676074	39.987548828125	40503	2021/12/20 
2021/12/21 	39.987548738324584	39.987548738324584	38.826750501402614	38.86677932739258	20655	2021/12/21 
2021/12/22 	38.86678327881496	39.58727958981194	38.74669678863638	38.98686599731445	98925	2021/12/22 
2021/12/23 	38.66664051468389	38.82675205336494	37.90611919222631	38.066226959228516	83068	2021/12/23 
2021/12/24 	38.02619934082031	38.38644748554894	37.66595119609168	38.02619934082031	29767	2021/12/24 
2021/12/27 	37.66594894893042	38.38644519540267	37.66594894893042	38.22633743286133	32448	2021/12/27 
2021/12/28 	38.10625824006562	38.386448736197316	36.86540222167969	36.86540222167969	35473	2021/12/28 
2021/12/29 	37.62592315673828	37.986171272914234	37.5058404513463	37.62592315673828	36478	2021/12/29 
2021/12/30 	37.9861728806304	37.9861728806304	36.70528812111833	36.825374603271484	59677	2021/12/30 
2022/01/03 	37.74600745968174	37.74600745968174	36.825374603271484	36.825374603271484	17356	2022/01/03 
2022/01/04 	36.82537364804538	37.585894946869495	36.66526211433985	37.10556411743164	94474	2022/01/04 
2022/01/05 	37.225648325232555	37.74600800199043	37.14559444099245	37.305702209472656	66673	2022/01/05 
2022/01/06 	37.826063157635794	37.826063157635794	37.22564957645678	37.26567840576172	18651	2022/01/06 
2022/01/07 	37.98617204618	37.98617204618	37.105564264819805	37.22564697265625	38537	2022/01/07 
2022/01/10 	37.225646214872114	37.62592315673828	37.225646214872114	37.62592315673828	4952	2022/01/10 
2022/01/11 	37.746009172953	40.42785775250033	37.746009172953	39.38713836669922	179665	2022/01/11 
2022/01/12 	39.98755078665259	39.98755078665259	38.02619855953496	38.426475524902344	85218	2022/01/12 
2022/01/13 	38.426475524902344	38.54655823734467	38.06622738757537	38.426475524902344	55045	2022/01/13 
2022/01/14 	37.665950775146484	38.42647588496714	37.625925718409924	37.665950775146484	23645	2022/01/14 
2022/01/17 	38.18631010001769	38.82675249026973	38.02619855953496	38.426475524902344	39671	2022/01/17 
2022/01/18 	38.426474894930166	39.38713657871948	38.426474894930166	38.946834564208984	82186	2022/01/18 
2022/01/19 	38.46650357890643	39.22702866629725	38.38644592443657	38.826751708984375	29085	2022/01/19 
2022/01/20 	38.826751563335286	38.826751563335286	38.5065322616935	38.706668853759766	21050	2022/01/20 
2022/01/21 	38.82674985532367	38.82674985532367	38.02619597891784	38.386444091796875	55931	2022/01/21 
2022/01/24 	38.34642149756894	38.42647538167247	37.62592522560054	38.306392669677734	47926	2022/01/24 
2022/01/25 	38.42647631441178	38.506533972137454	38.02619934082031	38.02619934082031	51738	2022/01/25 
2022/01/26 	37.9061164855957	38.786720456266124	37.9061164855957	37.9061164855957	10250	2022/01/26 
2022/02/07 	38.826751708984375	38.986863246245285	38.666640171723465	38.826751708984375	17090	2022/02/07 
2022/02/08 	38.70666899895839	39.987549982009256	38.70666899895839	38.826751708984375	62000	2022/02/08 
2022/02/09 	39.987548828125	39.987548828125	38.82675058859622	39.987548828125	32111	2022/02/09 
2022/02/10 	39.98755123265492	42.109015023917095	39.227029893156946	42.02895736694336	390206	2022/02/10 
2022/02/11 	41.62868157057801	45.631439704031955	41.62868157057801	42.98961639404297	294448	2022/02/11 
2022/02/14 	42.42923518148125	44.030339321005584	39.66733270951721	41.628684997558594	104985	2022/02/14 
2022/02/15 	42.7494537119576	43.30984222487501	41.62868422948064	43.14973068237305	48791	2022/02/15 
2022/02/16 	43.71011576123741	45.311219883587526	43.71011576123741	44.51066970825195	126554	2022/02/16 
2022/02/17 	44.83088412173926	45.79154573576403	44.6707763671875	44.6707763671875	65378	2022/02/17 
2022/02/18 	44.11039058660223	44.9909983767617	44.03033670447092	44.83088684082031	26633	2022/02/18 
2022/02/21 	45.551383682890844	45.631441337734095	45.23116437855433	45.31121826171875	110254	2022/02/21 
2022/02/22 	45.07105387918914	45.23116542088651	43.87022674565615	44.030338287353516	96457	2022/02/22 
2022/02/23 	44.0303360435216	44.430609219848314	43.22978591918945	43.22978591918945	150229	2022/02/23 
2022/02/24 	43.1497311370066	43.229788794940546	40.26774597167969	40.26774597167969	121778	2022/02/24 
2022/02/25 	41.628684997558594	41.78879277133572	40.74807715506836	41.628684997558594	82773	2022/02/25 
2022/03/01 	40.66802350522295	41.62868524020119	40.66802350522295	40.748077392578125	25789	2022/03/01 
2022/03/02 	41.78879277133572	41.78879277133572	41.54862733899102	41.628684997558594	44028	2022/03/02 
2022/03/03 	41.94890431441373	42.749454498291016	41.46857344975157	42.749454498291016	44833	2022/03/03 
2022/03/04 	41.468573452102454	41.948904316791854	41.468573452102454	41.628684997558594	37051	2022/03/04 
2022/03/07 	41.30845721214646	41.628680266666976	40.50790711920231	40.90818405151367	36187	2022/03/07 
2022/03/08 	40.82812578520057	41.14834883488306	40.34779498235535	40.427852630615234	49371	2022/03/08 
2022/03/09 	40.42785563041117	40.828128814697266	40.26774409368946	40.828128814697266	17810	2022/03/09 
2022/03/10 	41.548623230356604	41.548623230356604	40.668019246625995	41.38851547241211	8646	2022/03/10 
2022/03/11 	40.98824035141898	40.98824035141898	40.187690211168004	40.828128814697266	12388	2022/03/11 
2022/03/14 	40.26774409368946	40.828128814697266	40.26774409368946	40.828128814697266	14368	2022/03/14 
2022/03/15 	40.2677418524089	40.2677418524089	39.227026350840404	40.0275764465332	34932	2022/03/15 
2022/03/16 	40.34779649370742	40.34779649370742	39.46718873161245	39.62730026245117	25952	2022/03/16 
2022/03/17 	39.507217557241795	40.027577203708645	39.507217557241795	39.62730026245117	26129	2022/03/17 
2022/03/18 	40.34779929003659	40.34779929003659	39.54724912371769	39.78741455078125	23465	2022/03/18 
2022/03/21 	39.78741455078125	39.78741455078125	39.78741455078125	39.78741455078125	0	2022/03/21 
2022/03/22 	39.62729951284751	40.0275764465332	39.62729951284751	40.0275764465332	1357	2022/03/22 
2022/03/23 	40.0275764465332	40.0275764465332	40.0275764465332	40.0275764465332	0	2022/03/23 
2022/03/24 	40.34779573047461	40.34779573047461	40.0275764465332	40.0275764465332	9892	2022/03/24 
2022/03/25 	40.187688734547365	40.187688734547365	39.547246382871144	39.62730026245117	33569	2022/03/25 
2022/03/28 	40.34779943329273	40.34779943329273	39.26705500766947	39.90749740600586	34229	2022/03/28 
2022/03/29 	39.987548378079296	39.987548378079296	39.62730026245117	39.62730026245117	7422	2022/03/29 
2022/03/30 	39.507217557241795	39.62730026245117	39.34710979808174	39.62730026245117	43350	2022/03/30 
2022/03/31 	39.34710919495297	40.02757659014939	39.146968841552734	39.146968841552734	16158	2022/03/31 
2022/04/01 	39.867470331530164	40.347801208496094	39.867470331530164	40.347801208496094	1852	2022/04/01 
2022/04/06 	40.347801208496094	40.347801208496094	40.347801208496094	40.347801208496094	0	2022/04/06 
2022/04/07 	40.347801208496094	40.347801208496094	40.347801208496094	40.347801208496094	1233	2022/04/07 
2022/04/08 	39.3070815827199	39.3070815827199	39.10694122314453	39.10694122314453	8768	2022/04/08 
2022/04/11 	38.906805298968244	38.9868629528356	38.42647446247922	38.586585998535156	48481	2022/04/11 
2022/04/12 	37.986174283636444	38.10625699854599	37.66595119609168	38.02619934082031	16277	2022/04/12 
2022/04/13 	38.06622816968315	38.306393599502236	37.90612039758974	38.02619934082031	16500	2022/04/13 
2022/04/14 	37.746008768769286	39.02688980102539	37.746008768769286	39.02688980102539	8768	2022/04/14 
2022/04/15 	37.66594880315526	38.826750821320495	37.22564680035253	38.10625457763672	32728	2022/04/15 
2022/04/18 	37.34573136474644	37.70597950450261	37.265677479804715	37.54587173461914	43757	2022/04/18 
2022/04/19 	37.26567840576172	38.54655945505061	37.185624518830856	37.26567840576172	30876	2022/04/19 
2022/04/20 	38.86678158039173	38.86678158039173	37.54587173461914	37.54587173461914	12350	2022/04/20 
2022/04/21 	37.58589521221403	38.34642028808594	37.545870157264126	38.34642028808594	16131	2022/04/21 
2022/04/22 	38.546554871962364	38.786720275878906	37.6259220808418	38.786720275878906	8904	2022/04/22 
2022/04/25 	37.70597733483821	38.0261966278581	37.70597733483821	37.8660888671875	6298	2022/04/25 
2022/04/26 	37.54587148144454	38.54655823734467	37.54587148144454	38.426475524902344	16338	2022/04/26 
2022/04/27 	37.946144533693534	38.306392669677734	37.0655367218392	38.306392669677734	16313	2022/04/27 
2022/04/28 	38.546560181696904	39.58727958981194	38.466506293256934	38.98686599731445	35940	2022/04/28 
2022/04/29 	38.42647399422093	39.227027893066406	38.42647399422093	39.227027893066406	13784	2022/04/29 
2022/05/03 	39.227027893066406	39.227027893066406	39.227027893066406	39.227027893066406	0	2022/05/03 
2022/05/04 	39.227027893066406	39.227027893066406	39.227027893066406	39.227027893066406	0	2022/05/04 
2022/05/05 	39.227027893066406	39.227027893066406	39.227027893066406	39.227027893066406	0	2022/05/05 
2022/05/06 	39.227027893066406	39.227027893066406	39.227027893066406	39.227027893066406	0	2022/05/06 
2022/05/09 	37.46581132534916	37.46581132534916	36.985480507631316	37.38575744628906	6506	2022/05/09 
2022/05/10 	37.38575850699776	37.906118164848614	37.22564697265625	37.22564697265625	32852	2022/05/10 
2022/05/11 	36.905429849450556	38.02619934082031	36.905429849450556	38.02619934082031	9880	2022/05/11 
2022/05/12 	38.02619934082031	38.02619934082031	38.02619934082031	38.02619934082031	0	2022/05/12 
2022/05/13 	38.02619934082031	38.02619934082031	38.02619934082031	38.02619934082031	0	2022/05/13 
2022/05/16 	37.62592315673828	37.62592315673828	37.62592315673828	37.62592315673828	2470	2022/05/16 
2022/05/17 	36.42509610281845	37.62592315673828	36.42509610281845	37.62592315673828	8768	2022/05/17 
2022/05/18 	37.62592315673828	37.62592315673828	37.62592315673828	37.62592315673828	1235	2022/05/18 
2022/05/19 	37.54587173461914	37.54587173461914	37.54587173461914	37.54587173461914	1235	2022/05/19 
2022/05/20 	37.54587173461914	37.54587173461914	37.54587173461914	37.54587173461914	0	2022/05/20 
2022/05/23 	37.46581268310547	37.46581268310547	37.46581268310547	37.46581268310547	123	2022/05/23 
2022/05/24 	37.465810728581914	38.02619541643387	36.14490100089771	37.9061164855957	24824	2022/05/24 
2022/05/25 	37.90611961877152	38.426475524902344	36.26498670094046	38.426475524902344	26809	2022/05/25 
2022/05/26 	38.10625457763672	38.10625457763672	36.70528714491023	38.10625457763672	7410	2022/05/26 
2022/05/27 	36.70528788871172	37.98617264011363	36.70528788871172	37.70597839355469	8662	2022/05/27 
2022/05/30 	37.625922855147984	37.625922855147984	36.62523239434293	37.38575744628906	18772	2022/05/30 
2022/05/31 	37.38575744628906	37.38575744628906	37.38575744628906	37.38575744628906	0	2022/05/31 
2022/06/01 	36.70528897017586	37.54587173461914	36.70528897017586	37.54587173461914	8645	2022/06/01 
2022/06/02 	37.225648225118285	37.225648225118285	36.62523466573505	37.18562316894531	8645	2022/06/02 
2022/06/06 	36.46512389862149	36.78534698486328	36.30501612717955	36.78534698486328	19247	2022/06/06 
2022/06/07 	36.144901275634766	36.1849301006708	36.06484739724131	36.144901275634766	11140	2022/06/07 
2022/06/08 	36.425096873457925	36.425096873457925	36.10487380451862	36.22495651245117	14289	2022/06/08 
2022/06/09 	36.144904950746586	36.144904950746586	35.90473951946826	36.02482223510742	5187	2022/06/09 
2022/06/10 	36.104872450598734	36.144901275634766	36.104872450598734	36.144901275634766	9880	2022/06/10 
2022/06/13 	36.104872450598734	36.144901275634766	36.104872450598734	36.144901275634766	6175	2022/06/13 
2022/06/14 	35.90473817068867	36.104874765342714	35.90473817068867	35.944766998291016	11115	2022/06/14 
2022/06/15 	36.02482200708165	36.90542984008789	36.02482200708165	36.90542984008789	41991	2022/06/15 
2022/06/16 	36.82537305335273	36.82537305335273	36.50514999111296	36.6252326965332	9880	2022/06/16 
2022/06/17 	36.024820685656735	37.625924749207414	36.024820685656735	36.825374603271484	38410	2022/06/17 
2022/06/20 	37.625924749207414	37.625924749207414	36.26498610660539	36.825374603271484	6201	2022/06/20 
2022/06/21 	36.305017302560344	36.98548478241622	35.3043267260954	35.62454605102539	39534	2022/06/21 
2022/06/22 	36.545180156749105	36.82537440356262	34.423716435421696	34.58382797241211	75339	2022/06/22 
2022/06/23 	34.6238584765435	36.94545513111469	34.58382964743745	36.02482223510742	91418	2022/06/23 
2022/06/24 	33.42302415011384	36.144901275634766	33.06277603982536	36.144901275634766	92628	2022/06/24 
2022/06/27 	37.58589403105323	37.58589403105323	35.384376525878906	35.384376525878906	25344	2022/06/27 
2022/06/28 	36.02482389898369	36.42510089349481	35.224273681640625	35.224273681640625	15869	2022/06/28 
2022/06/29 	35.98479340600137	36.82537618715452	35.98479340600137	36.02482223510742	8645	2022/06/29 
2022/06/30 	36.82537618715452	36.82537618715452	36.02482223510742	36.02482223510742	6175	2022/06/30 
2022/07/01 	36.70529139514134	36.70529139514134	35.224273681640625	35.224273681640625	22230	2022/07/01 
2022/07/04 	35.224273681640625	35.224273681640625	35.224273681640625	35.224273681640625	0	2022/07/04 
2022/07/05 	34.4237152445142	34.4237152445142	33.22288818782641	33.623165130615234	29641	2022/07/05 
2022/07/06 	35.34435477037849	36.94545513111469	35.34435477037849	36.02482223510742	11115	2022/07/06 
2022/07/07 	36.02482145186859	36.945454327859785	35.86470991060446	36.42509841918945	22230	2022/07/07 
2022/07/08 	36.825374803790744	36.825374803790744	35.944766998291016	35.944766998291016	4940	2022/07/08 
2022/07/11 	35.904740068626786	36.66526520319996	35.904740068626786	36.50515365600586	7410	2022/07/11 
2022/07/12 	36.50515365600586	36.50515365600586	36.50515365600586	36.50515365600586	0	2022/07/12 
2022/07/13 	36.38507134639211	36.86540222167969	36.06485202009342	36.86540222167969	16080	2022/07/13 
2022/07/14 	36.86540222167969	36.86540222167969	36.86540222167969	36.86540222167969	0	2022/07/14 
2022/07/15 	36.86540222167969	36.86540222167969	36.86540222167969	36.86540222167969	0	2022/07/15 
2022/07/18 	36.745316614528484	36.745316614528484	36.585205078125	36.585205078125	2470	2022/07/18 
2022/07/19 	36.585205078125	36.585205078125	36.585205078125	36.585205078125	0	2022/07/19 
2022/07/20 	36.02482223510742	36.82537618715452	36.02482223510742	36.02482223510742	9880	2022/07/20 
2022/07/21 	36.90542984008789	36.90542984008789	36.90542984008789	36.90542984008789	2470	2022/07/21 
2022/07/22 	36.90542984008789	36.90542984008789	36.10487589310805	36.90542984008789	18997	2022/07/22 
2022/07/25 	36.825374603271484	36.825374603271484	36.825374603271484	36.825374603271484	1235	2022/07/25 
2022/07/26 	36.825374603271484	36.825374603271484	36.825374603271484	36.825374603271484	0	2022/07/26 
2022/07/27 	36.78534698486328	36.78534698486328	36.78534698486328	36.78534698486328	1235	2022/07/27 
2022/07/28 	36.78534698486328	36.78534698486328	36.78534698486328	36.78534698486328	1	2022/07/28 
2022/07/29 	36.545180844994	36.545180844994	36.02482116873449	36.184932708740234	12387	2022/07/29 
2022/08/01 	36.66526412963867	36.66526412963867	36.66526412963867	36.66526412963867	4940	2022/08/01 
2022/08/02 	36.66526412963867	36.66526412963867	36.66526412963867	36.66526412963867	118	2022/08/02 
2022/08/03 	36.34503936767578	36.34503936767578	36.34503936767578	36.34503936767578	3707	2022/08/03 
2022/08/04 	36.34503936767578	36.34503936767578	36.34503936767578	36.34503936767578	0	2022/08/04 
2022/08/05 	36.34503936767578	36.34503936767578	36.34503936767578	36.34503936767578	6175	2022/08/05 
2022/08/08 	35.46443726153894	38.106256988878684	35.46443726153894	36.90542984008789	96210	2022/08/08 
2022/08/09 	37.625924218706714	38.30639164457417	37.22564726554298	37.46581268310547	33346	2022/08/09 
2022/08/10 	38.02619881594844	38.02619881594844	35.38437912440327	37.54587173461914	59382	2022/08/10 
2022/08/11 	39.008803499706936	39.008803499706936	38.843509674072266	38.843509674072266	5981	2022/08/11 
2022/08/12 	38.43027898066102	39.752610665861404	38.43027898066102	39.256736755371094	51880	2022/08/12 
2022/08/15 	38.843510279204125	42.231986611517364	38.843510279204125	42.14934158325195	60571	2022/08/15 
2022/08/16 	42.14934158325195	42.14934158325195	42.14934158325195	42.14934158325195	59	2022/08/16 
2022/08/17 	42.14934158325195	42.97579940926391	41.157593700709164	42.14934158325195	124641	2022/08/17 
2022/08/18 	42.81050565333828	42.81050565333828	41.40552520751953	41.40552520751953	24480	2022/08/18 
2022/08/19 	42.31463525654792	42.31463525654792	41.15759355003133	41.32288360595703	41316	2022/08/19 
2022/08/22 	41.40552682937698	41.488175625416716	40.16584014892578	40.16584014892578	57981	2022/08/22 
2022/08/23 	41.19891700250171	41.28156203234717	39.46335628903114	41.11627197265625	13817	2022/08/23 
2022/08/24 	40.49642269474723	40.90965157472789	38.719539642333984	38.719539642333984	30608	2022/08/24 
2022/08/25 	40.20716870086641	40.20716870086641	39.58732343983605	39.835262298583984	14618	2022/08/25 
2022/08/26 	40.083192626793	40.083192626793	38.59557096595948	40.0418701171875	22305	2022/08/26 
2022/08/29 	38.76086648286093	39.62864685058594	38.719543967414886	39.62864685058594	15881	2022/08/29 
2022/08/30 	38.678219780170615	40.08319655964557	38.678219780170615	39.66996765136719	59712	2022/08/30 
2022/08/31 	40.083192626793	40.083192626793	38.84350602359248	40.0418701171875	14845	2022/08/31 
2022/09/01 	40.0418701171875	40.0418701171875	38.84350602359248	40.0418701171875	8553	2022/09/01 
2022/09/02 	40.24849121537791	40.4964263024469	39.835262298583984	39.835262298583984	14089	2022/09/02 
2022/09/05 	40.496424781014476	40.496424781014476	38.80218666297903	39.13277053833008	39863	2022/09/05 
2022/09/06 	40.37245396571	40.37245396571	40.0418701171875	40.0418701171875	17047	2022/09/06 
2022/09/07 	40.08319763536101	40.45510403996032	39.09144973754883	39.09144973754883	12261	2022/09/07 
2022/09/08 	40.49642362210955	40.49642362210955	39.091446906673	40.083194732666016	10075	2022/09/08 
2022/09/12 	40.45510022414926	40.45510022414926	39.62864246336604	40.28981018066406	6234	2022/09/12 
2022/09/13 	40.083194732666016	40.083194732666016	39.66996584322248	40.083194732666016	17945	2022/09/13 
2022/09/14 	39.66996584322248	40.33113357500362	39.66996584322248	40.083194732666016	25217	2022/09/14 
2022/09/15 	40.49642381851328	40.90965270996094	40.08319492706562	40.90965270996094	23508	2022/09/15 
2022/09/16 	41.074948522068475	41.653467489487326	40.57907081093359	41.32288360595703	51678	2022/09/16 
2022/09/19 	41.32288360595703	41.32288360595703	41.32288360595703	41.32288360595703	0	2022/09/19 
2022/09/20 	41.32288360595703	41.32288360595703	41.32288360595703	41.32288360595703	0	2022/09/20 
2022/09/21 	41.32288360595703	41.32288360595703	41.32288360595703	41.32288360595703	0	2022/09/21 
2022/09/22 	41.32288360595703	41.32288360595703	41.32288360595703	41.32288360595703	0	2022/09/22 
2022/09/23 	41.98405053165026	43.38902729389944	41.98405053165026	42.72786331176758	30227	2022/09/23 
2022/09/26 	41.98405137301763	42.479925312473625	40.90965469446388	41.32288360595703	20541	2022/09/26 
2022/09/27 	41.818756103515625	41.818756103515625	41.818756103515625	41.818756103515625	1196	2022/09/27 
2022/09/28 	40.496423417436205	41.73611007950131	38.47160149222866	39.256736755371094	46934	2022/09/28 
2022/09/29 	39.66996584322248	40.083194732666016	39.339381977331904	40.083194732666016	37720	2022/09/29 
2022/09/30 	38.43028171847727	40.08319738565297	38.43028171847727	39.835262298583984	9809	2022/09/30 
2022/10/03 	39.835262298583984	39.835262298583984	39.835262298583984	39.835262298583984	6699	2022/10/03 
2022/10/04 	40.00054844039653	40.2071647644043	40.00054844039653	40.2071647644043	14356	2022/10/04 
2022/10/05 	40.248490158695866	40.49642523925558	40.248490158695866	40.413780212402344	9772	2022/10/05 
2022/10/06 	40.33113557336623	40.49642562866211	39.66996780882497	40.49642562866211	27695	2022/10/06 
2022/10/07 	40.08319545427757	40.62039566040039	40.08319545427757	40.62039566040039	4904	2022/10/07 
2022/10/11 	39.58732514466835	39.835264014093795	39.504680112086234	39.793941497802734	15552	2022/10/11 
2022/10/12 	39.66996765136719	39.66996765136719	39.66996765136719	39.66996765136719	1256	2022/10/12 
2022/10/13 	38.843509674072266	39.008803499706936	38.843509674072266	38.843509674072266	20337	2022/10/13 
2022/10/14 	39.09144670910055	39.256736755371094	38.09969888811993	39.256736755371094	13458	2022/10/14 
2022/10/17 	38.264991760253906	38.80218822198372	38.01705290085917	38.264991760253906	20541	2022/10/17 
2022/10/18 	38.01705366657848	38.43028259277344	37.93440863567529	38.43028259277344	8509	2022/10/18 
2022/10/19 	38.51293022927663	38.51293022927663	38.017052515513434	38.18234634399414	13159	2022/10/19 
2022/10/20 	38.01705523933042	38.01705523933042	34.75254621017074	35.537681579589844	84219	2022/10/20 
2022/10/21 	36.19884738508974	36.19884738508974	35.08312816872994	35.12445068359375	17525	2022/10/21 
2022/10/24 	35.537678362851906	36.44678497314453	35.537678362851906	36.44678497314453	8936	2022/10/24 
2022/10/25 	35.413710401455305	36.69471961730094	35.12444903927119	36.3641357421875	42470	2022/10/25 
2022/10/26 	36.65339660644531	36.65339660644531	35.53767745747373	36.65339660644531	760	2022/10/26 
2022/10/27 	36.653399519202694	36.860015869140625	35.45503525026404	36.860015869140625	7228	2022/10/27 
2022/10/28 	36.77736637673387	36.77736637673387	35.45503458562816	36.32281494140625	5829	2022/10/28 
2022/10/31 	36.19884248026755	36.48810381679926	35.70296859741211	35.70296859741211	10167	2022/10/31 
2022/11/01 	36.3641374562834	36.3641374562834	35.53767961538246	36.32281494140625	11426	2022/11/01 
2022/11/02 	36.3641357421875	36.3641357421875	35.53767794024329	36.3641357421875	3883	2022/11/02 
2022/11/03 	36.36413946617004	36.36413946617004	35.537681579589844	35.537681579589844	8332	2022/11/03 
2022/11/04 	35.53767893797227	35.9095853364564	34.58725357055664	34.58725357055664	44603	2022/11/04 
2022/11/07 	35.49635397997448	35.66164779663086	35.04180258460707	35.66164779663086	28748	2022/11/07 
2022/11/08 	35.66164779663086	35.9509053753419	35.53767649121892	35.66164779663086	14472	2022/11/08 
2022/11/09 	35.78561480364653	35.950904846191406	35.37238592560574	35.950904846191406	26720	2022/11/09 
2022/11/10 	35.785614013671875	35.785614013671875	35.785614013671875	35.785614013671875	4785	2022/11/10 
2022/11/11 	35.90958317447618	37.72779254333988	35.90958317447618	37.68647003173828	59493	2022/11/11 
2022/11/14 	37.603822622402866	37.603822622402866	37.19059371948242	37.19059371948242	29130	2022/11/14 
2022/11/15 	37.39721103082782	38.18234634399414	37.19059468814667	38.18234634399414	82535	2022/11/15 
2022/11/16 	38.18234634399414	38.18234634399414	37.68647240190986	38.18234634399414	32683	2022/11/16 
2022/11/17 	38.18234394263614	38.26498896583933	37.68647003173828	37.68647003173828	20499	2022/11/17 
2022/11/18 	37.47985508303038	38.264990375747104	36.281490887393204	37.19059371948242	33168	2022/11/18 
2022/11/21 	37.4798541917635	37.4798541917635	36.73604142985872	37.39720916748047	11425	2022/11/21 
2022/11/22 	37.39720877463558	37.39720877463558	36.73604104395918	37.3145637512207	15094	2022/11/22 
2022/11/23 	37.31456503053373	37.31456503053373	37.02530366698577	37.19059371948242	8494	2022/11/23 
2022/11/24 	37.19059371948242	37.19059371948242	37.10794869323409	37.19059371948242	11963	2022/11/24 
2022/11/25 	37.3145637512207	37.3145637512207	36.73604104395918	37.3145637512207	20598	2022/11/25 
2022/11/28 	37.31456503053373	37.85176147282666	37.19059371948242	37.19059371948242	58143	2022/11/28 
2022/11/29 	37.769119127022705	38.14102554321289	37.19059635886949	38.14102554321289	42063	2022/11/29 
2022/11/30 	37.19059312154362	38.2236672480747	37.19059312154362	37.85176086425781	7180	2022/11/30 
2022/12/01 	37.47985497399211	38.141022725412846	37.47985497399211	37.5625	44503	2022/12/01 
2022/12/02 	38.14102498461229	38.43028259277344	37.52117970948033	38.43028259277344	16955	2022/12/02 
2022/12/05 	38.43028259277344	38.43028259277344	37.56250222493192	38.43028259277344	15230	2022/12/05 
2022/12/06 	37.562499116161156	38.38895690015127	37.562499116161156	37.76911544799805	10818	2022/12/06 
2022/12/07 	37.76911505494148	38.01705012455106	37.603821236856405	37.68647003173828	27271	2022/12/07 
2022/12/08 	37.60382448775129	37.975730895996094	37.60382448775129	37.975730895996094	16748	2022/12/08 
2022/12/09 	37.64514471008731	38.84350889218139	37.64514471008731	38.678218841552734	36481	2022/12/09 
2022/12/12 	38.67821956176897	40.49642523925558	38.471603222957036	40.413780212402344	24831	2022/12/12 
2022/12/13 	40.66171961057533	41.901406345054774	39.66996795998444	41.32288360595703	89116	2022/12/13 
2022/12/14 	40.744362662053355	41.736110492856255	40.744362662053355	40.90965270996094	24121	2022/12/14 
2022/12/15 	40.49642463448697	41.074947357177734	40.372457096058426	41.074947357177734	15552	2022/12/15 
2022/12/16 	41.48817670318391	41.48817670318391	39.58732223510742	39.58732223510742	19044	2022/12/16 
2022/12/19 	39.58732223510742	39.58732223510742	39.58732223510742	39.58732223510742	0	2022/12/19 
2022/12/20 	39.29806074720881	40.95097635889059	37.19059371948242	37.19059371948242	40036	2022/12/20 
2022/12/21 	37.19059203311221	38.80218505859375	37.19059203311221	38.80218505859375	17236	2022/12/21 
2022/12/22 	38.80218619419055	38.926153731569926	37.19059312154362	37.85176086425781	16367	2022/12/22 
2022/12/23 	37.39720877463558	38.92615302284689	37.3145637512207	37.3145637512207	2939	2022/12/23 
2022/12/26 	38.884830511139455	38.884830511139455	37.3145637512207	37.3145637512207	6418	2022/12/26 
2022/12/27 	37.3145637512207	37.3145637512207	37.3145637512207	37.3145637512207	0	2022/12/27 
2022/12/28 	37.23191452026367	37.23191452026367	37.23191452026367	37.23191452026367	4785	2022/12/28 
2022/12/29 	38.017051479123836	38.7608642578125	37.190593674287285	38.7608642578125	3828	2022/12/29 
2022/12/30 	38.55424880981445	38.55424880981445	38.55424880981445	38.55424880981445	1105	2022/12/30 
2023/01/03 	37.190592349161754	38.43027901224572	37.190592349161754	37.68647003173828	13035	2023/01/03 
2023/01/04 	37.3145637512207	37.3145637512207	37.3145637512207	37.3145637512207	390	2023/01/04 
2023/01/05 	37.81043874185932	37.93440628051758	37.6038224057501	37.93440628051758	7180	2023/01/05 
2023/01/06 	37.35588866020264	39.00880432128906	37.35588866020264	39.00880432128906	14753	2023/01/06 
2023/01/09 	39.00880470801098	39.33938482616239	38.43028195788806	39.09144973754883	33270	2023/01/09 
2023/01/10 	38.47160447265699	39.13277225231776	38.47160447265699	39.09144973754883	14048	2023/01/10 
2023/01/11 	39.174092556287846	40.041872860819865	38.84350868511404	39.42203140258789	38366	2023/01/11 
2023/01/12 	39.25673685950723	40.455101013183594	39.008801789443716	40.455101013183594	66846	2023/01/12 
2023/01/13 	39.793941497802734	40.289815464974524	39.669970177250455	39.793941497802734	51562	2023/01/13 
2023/01/16 	39.13277120210895	39.66996765136719	39.13277120210895	39.66996765136719	8368	2023/01/16 
2023/01/17 	39.66996765136719	39.66996765136719	39.66996765136719	39.66996765136719	0	2023/01/17 
2023/01/30 	40.33113357500362	40.74436246444716	39.917904685560075	40.083194732666016	24634	2023/01/30 
2023/01/31 	40.66171827783182	40.66171827783182	39.876582994560835	40.24848937988281	28831	2023/01/31 
2023/02/01 	39.917902588371	40.0418701171875	39.917902588371	40.0418701171875	7178	2023/02/01 
2023/02/02 	40.455101013183594	41.90140400860216	40.000549613055135	40.455101013183594	90651	2023/02/02 
2023/02/03 	39.91790704572775	40.579071044921875	39.91790704572775	40.579071044921875	29908	2023/02/03 
2023/02/06 	39.711290165027144	39.79393896402591	39.58732262404729	39.66996765136719	26992	2023/02/06 
2023/02/07 	40.413780212402344	40.413780212402344	40.413780212402344	40.413780212402344	239	2023/02/07 
2023/02/08 	39.66996765136719	40.41378044060406	39.38071005574753	39.66996765136719	13574	2023/02/08 
2023/02/09 	40.372456086780105	40.45510111033307	39.71128835499896	40.083194732666016	24589	2023/02/09 
2023/02/10 	40.579071044921875	40.579071044921875	40.579071044921875	40.579071044921875	5981	2023/02/10 
2023/02/13 	40.579069042409515	40.66171783844925	39.66996623108105	40.16584014892578	63023	2023/02/13 
2023/02/14 	39.917906895562865	40.165841979948375	39.75261306762695	39.75261306762695	16748	2023/02/14 
2023/02/15 	39.793939121975754	40.6203969418129	39.793939121975754	40.49642562866211	14954	2023/02/15 
2023/02/16 	40.16584174639148	40.49642562866211	39.91790666344766	40.49642562866211	38401	2023/02/16 
2023/02/17 	39.959228515625	40.827008834917365	39.959228515625	39.959228515625	7237	2023/02/17 
2023/02/20 	40.248488156309705	40.661717041696356	40.00054931640625	40.00054931640625	25777	2023/02/20 
2023/02/21 	40.66171945563686	40.66171945563686	40.2484905457183	40.49642562866211	29908	2023/02/21 
2023/02/22 	40.24848987928206	40.66171878235837	39.91790600248525	39.959228515625	30517	2023/02/22 
2023/02/23 	40.04187294175716	40.62039566040039	40.04187294175716	40.62039566040039	13159	2023/02/23 
2023/02/24 	40.62039615901487	40.62039615901487	40.000550920242645	40.33113479614258	37265	2023/02/24 
2023/03/01 	40.66171734324854	40.66171734324854	39.87658207802338	40.455101013183594	91556	2023/03/01 
2023/03/02 	40.57906854821535	40.57906854821535	39.83525956634613	40.455101013183594	61035	2023/03/02 
2023/03/03 	40.62039566040039	40.62039566040039	40.33113430107878	40.62039566040039	51458	2023/03/03 
2023/03/06 	40.661719845040196	40.7443648734796	40.45510350226277	40.579071044921875	40805	2023/03/06 
2023/03/07 	40.49642523925558	40.82700911834738	40.413780212402344	40.413780212402344	17835	2023/03/07 
2023/03/08 	40.868330197984044	41.2815590894317	40.455101306536385	40.90965270996094	57726	2023/03/08 
2023/03/09 	41.322884933654585	43.141094465650546	41.03362732649081	42.397281646728516	164964	2023/03/09 
2023/03/10 	41.736111510854634	42.149340412381484	41.57082145891541	41.901405334472656	49169	2023/03/10 
2023/03/13 	41.90140568372048	47.934545433291426	41.90140568372048	47.52131652832031	418972	2023/03/13 
2023/03/14 	46.942800007334775	53.05858510109995	46.942800007334775	51.240379333496094	581861	2023/03/14 
2023/03/15 	51.736249947712125	53.05858167249217	47.1080870251426	48.1824836730957	285573	2023/03/15 
2023/03/16 	49.17423047784857	49.17423047784857	47.27337984255707	48.76100158691406	109012	2023/03/16 
2023/03/17 	49.174232641964366	50.00069046020508	48.84364876033231	50.00069046020508	123821	2023/03/17 
2023/03/20 	49.670103571439945	50.331271294675574	48.92629082571953	50.165977478027344	130871	2023/03/20 
2023/03/21 	49.918043191497304	52.89329044924548	49.918043191497304	51.90153884887695	327425	2023/03/21 
2023/03/22 	52.48006282517732	52.48006282517732	50.24862827093476	50.57920837402344	199091	2023/03/22 
2023/03/23 	50.661854757969834	50.661854757969834	49.25687430006031	50.08333206176758	128204	2023/03/23 
2023/03/24 	50.41391849529507	51.653605201163586	49.75275074349368	51.40566635131836	87565	2023/03/24 
2023/03/27 	49.835401464288665	51.15773324723911	48.76100476907202	49.42217254638672	108389	2023/03/27 
2023/03/28 	49.75274961256272	49.75274961256272	48.59571173072915	49.587459564208984	55368	2023/03/28 
2023/03/29 	49.75275016344663	52.06683349609375	49.587460113262736	52.06683349609375	42526	2023/03/29 
2023/03/30 	51.32302436444554	52.232127248247465	50.41392148064361	51.240379333496094	24111	2023/03/30 
2023/03/31 	50.24862667769813	51.81889343261719	50.24862667769813	51.81889343261719	27166	2023/03/31 
2023/04/06 	52.06683394229268	56.199122949090324	50.24862828797324	56.11647415161133	181100	2023/04/06 
2023/04/07 	56.19912303317052	56.3644130850182	53.637104599458674	54.546207427978516	214303	2023/04/07 
2023/04/10 	54.959437955892035	58.59584937759702	54.87678915584327	57.27351760864258	348151	2023/04/10 
2023/04/11 	57.93468514164641	58.9264330213801	56.44705955036698	58.017330169677734	119388	2023/04/11 
2023/04/12 	58.92643206029668	59.33966096539248	55.70324584621364	57.02558135986328	343245	2023/04/12 
2023/04/13 	57.76938789505074	57.76938789505074	54.54620559082817	56.529701232910156	175793	2023/04/13 
2023/04/14 	57.02558135986328	58.678493208567666	56.199123549671675	57.02558135986328	277192	2023/04/14 
2023/04/17 	57.273516439913465	58.09997425010507	56.03382972462605	57.02558135986328	161539	2023/04/17 
2023/04/18 	57.438806493280254	57.76939037169266	55.95118469794266	57.02558135986328	89597	2023/04/18 
2023/04/19 	57.2735150284753	57.2735150284753	55.785893269798386	55.9511833190918	30938	2023/04/19 
2023/04/20 	55.95118530550492	57.025581979092195	54.87678863191765	56.36441421508789	101460	2023/04/20 
2023/04/21 	56.52970265837613	56.52970265837613	54.95943586407813	56.03382873535156	67930	2023/04/21 
2023/04/24 	56.19912560804985	56.44706069718102	54.62885495683648	55.8685417175293	83010	2023/04/24 
2023/04/25 	56.033829558014226	56.19912338256836	54.87678787285057	56.19912338256836	53432	2023/04/25 
2023/04/26 	56.03382873535156	56.03382873535156	54.54620696627786	56.03382873535156	10796	2023/04/26 
2023/04/27 	56.03382972462605	58.59584818188427	55.95118469794266	57.02558135986328	172313	2023/04/27 
2023/04/28 	57.19087272816044	59.91818130149162	57.025582670993316	58.0999755859375	329701	2023/04/28 
2023/05/02 	58.926431572706896	66.36455180288426	58.347912619031284	64.05046844482422	765719	2023/05/02 
2023/05/03 	62.14962231718202	67.68689226866978	61.98432848138412	65.04222106933594	499297	2023/05/03 
2023/05/04 	64.05047037986189	66.28190877933669	63.967825351365555	66.03397369384766	276940	2023/05/04 
2023/05/05 	65.8686728948349	65.9513179193179	61.81903275005921	63.80253219604492	357548	2023/05/05 
2023/05/08 	64.05047238265267	66.11662078974105	62.97607943524723	64.8769302368164	152688	2023/05/08 
2023/05/09 	65.20751100062343	65.29015602295392	63.30665285695035	63.47194290161133	162728	2023/05/09 
2023/05/10 	63.471943969454735	65.1248595305875	63.471943969454735	64.46369934082031	104851	2023/05/10 
2023/05/11 	64.95956680217135	71.24064869258956	64.87692178186133	68.59598541259766	802515	2023/05/11 
2023/05/12 	69.42244315905495	69.42244315905495	66.94306991968308	68.59598541259766	207329	2023/05/12 
2023/05/15 	69.00921734978954	69.00921734978954	66.03397369384766	66.03397369384766	423630	2023/05/15 
2023/05/16 	67.68688332707382	67.68688332707382	65.53809014731522	65.62073516845703	167499	2023/05/16 
2023/05/17 	66.52984120350082	66.52984120350082	64.95957063816854	66.28190612792969	137200	2023/05/17 
2023/05/18 	66.36455150877207	68.01746710815281	65.29015863218186	67.93482208251953	451726	2023/05/18 
2023/05/19 	68.92657072421066	70.66213136913525	66.94307499954189	68.10011291503906	406629	2023/05/19 
2023/05/22 	68.01747312556256	68.76128596542372	66.94308015392232	67.60424041748047	203133	2023/05/22 
2023/05/23 	67.27365532715066	68.0174681121875	66.86043019288448	67.3563003540039	123265	2023/05/23 
2023/05/24 	68.43069646719147	68.59599407203548	67.1083684319457	68.01747131347656	136369	2023/05/24 
2023/05/25 	68.01746889672015	68.18275895233313	67.02572101968451	67.52159118652344	164844	2023/05/25 
2023/05/26 	67.93482894736373	68.18276404931751	67.10837106415943	67.76953887939453	223661	2023/05/26 
2023/05/29 	67.19101609814402	68.59599676259883	66.7777833848627	67.76953887939453	320928	2023/05/29 
2023/05/30 	66.94308099619023	68.01747398134832	66.94308099619023	67.76953887939453	238872	2023/05/30 
2023/05/31 	66.94307366403221	67.76953145671604	65.86867325319298	67.02571868896484	437957	2023/05/31 
2023/06/01 	66.94307655066527	66.94307655066527	65.04221826517586	66.03397369384766	416518	2023/06/01 
2023/06/02 	66.11661266671157	66.44719275041906	65.53808997686633	66.36454772949219	161974	2023/06/02 
2023/06/05 	66.52984156003862	68.18275715941937	66.28190648313878	67.93482208251953	331859	2023/06/05 
2023/06/06 	68.59598758394296	70.49683819795733	67.76952981132489	69.8356704711914	583609	2023/06/06 
2023/06/07 	70.74477917555507	71.24065689788607	69.42245115493569	70.24890899658203	283481	2023/06/07 
2023/06/08 	70.91006298379214	74.6291267150076	70.49683787107782	74.46383666992188	486359	2023/06/08 
2023/06/09 	75.1250010913382	76.03410393398912	73.30679540603639	74.5464859008789	341612	2023/06/09 
2023/06/12 	73.72002467247313	74.79441751980059	67.10836245502901	68.3480453491211	1207581	2023/06/12 
2023/06/13 	68.43069490817871	68.84392759583726	66.3645540999596	67.6868896484375	207375	2023/06/13 
2023/06/14 	68.01746710815281	68.7612798822099	67.19100930846244	67.93482208251953	136213	2023/06/14 
2023/06/15 	68.01747398134832	68.01747398134832	67.19101609814402	67.76953887939453	125877	2023/06/15 
2023/06/16 	67.93482498066795	67.93482498066795	66.11661925245468	66.94307708740234	327892	2023/06/16 
2023/06/19 	67.60423509418332	67.60423509418332	65.12486167099651	65.70338439941406	263944	2023/06/19 
2023/06/20 	65.53809319881618	65.53809319881618	63.38929991900823	63.88517761230469	307446	2023/06/20 
2023/06/21 	64.29840309836973	65.53809356689453	64.29840309836973	65.53809356689453	146026	2023/06/21 
2023/06/26 	66.03397140623895	67.93482208251953	65.37280365781514	67.93482208251953	141305	2023/06/26 
2023/06/27 	68.43068782862053	68.76127545321769	67.52158506185323	68.59598541259766	158665	2023/06/27 
2023/06/28 	68.76128110080803	72.7282801182971	68.76128110080803	72.1497573852539	309779	2023/06/28 
2023/06/29 	72.6456272119915	72.6456272119915	69.42244854000035	70.49684143066406	173425	2023/06/29 
2023/06/30 	70.16625889477803	70.49683899019736	68.84392342638583	70.00096130371094	122126	2023/06/30 
2023/07/03 	70.08361086588657	70.24890846765764	68.84392788442996	69.33980560302734	116933	2023/07/03 
2023/07/04 	69.17450580395484	70.82742142229804	67.76953280871349	68.10011291503906	220052	2023/07/04 
2023/07/05 	68.4306951556218	68.4306951556218	66.7777794857265	66.94307708740234	280766	2023/07/05 
2023/07/06 	66.6951339218184	67.76953437898655	65.78603106500078	66.03397369384766	466246	2023/07/06 
2023/07/07 	65.78602370462161	70.49683506199754	65.78602370462161	68.4306869506836	326990	2023/07/07 
2023/07/10 	70.5208451519033	75.71195695822647	70.03111289258443	73.06742858886719	296238	2023/07/10 
2023/07/11 	71.59824908611	72.47975350328338	68.0722010280478	70.81468200683594	207675	2023/07/11 
2023/07/12 	69.54139290561437	76.39758421825897	69.54139290561437	73.45921325683594	188824	2023/07/12 
2023/07/13 	74.43866606385082	76.29963499464971	73.3612641982318	74.3407211303711	162028	2023/07/13 
2023/07/14 	75.61401710907766	75.61401710907766	72.96948856193667	73.45921325683594	141980	2023/07/14 
2023/07/17 	75.41812322946451	75.41812322946451	72.96948469020694	73.7530517578125	110821	2023/07/17 
2023/07/18 	74.43866624478	77.37703704833984	73.45920931026004	77.37703704833984	176182	2023/07/18 
2023/07/19 	77.57292691577543	80.11951038712208	76.10374531266652	77.37703704833984	226499	2023/07/19 
2023/07/20 	78.25855075249743	78.25855075249743	75.71195962838028	76.29963684082031	95948	2023/07/20 
2023/07/21 	76.39758119410277	76.39758119410277	73.26332047878802	74.43866729736328	139701	2023/07/21 
2023/07/24 	73.26331949155575	75.32017829568157	72.96948469020694	73.7530517578125	69445	2023/07/24 
2023/07/25 	74.14483149294425	74.24277642672719	72.77359482264106	73.7530517578125	21192	2023/07/25 
2023/07/26 	74.34071865682832	74.34071865682832	72.77359217595374	74.14482879638672	40822	2023/07/26 
2023/07/27 	74.14482897451201	74.14482897451201	72.57770248987256	73.5571517944336	39090	2023/07/27 
2023/07/28 	73.75305049086813	73.75305049086813	72.67564864042157	73.65509796142578	13922	2023/07/28 
2023/07/31 	73.75305567111796	73.75305567111796	72.47975626969493	73.45921325683594	64765	2023/07/31 
2023/08/01 	72.77359398221148	73.94894077137525	71.99002692365498	72.47975158691406	91715	2023/08/01 
2023/08/02 	73.26331761379383	73.26331761379383	71.01056899984079	71.79413604736328	55182	2023/08/02 
2023/08/04 	69.54139314834342	71.5002995321204	68.26810133981851	69.8352279663086	200830	2023/08/04 
2023/08/07 	69.83522196671564	69.83522196671564	65.62355954833842	68.75782012939453	159164	2023/08/07 
2023/08/08 	68.75782031178538	68.75782031178538	67.28863874693822	68.1701431274414	8475	2023/08/08 
2023/08/09 	67.09275375334299	68.75782530135392	67.09275375334299	68.56193542480469	13353	2023/08/09 
2023/08/10 	67.2886412111846	68.56193296032824	67.2886412111846	68.36604309082031	18732	2023/08/10 
2023/08/11 	66.99479772009781	67.5824749164068	60.04066188160321	60.726280212402344	445597	2023/08/11 
2023/08/14 	61.50984978268036	61.50984978268036	59.55093584491167	60.922176361083984	84322	2023/08/14 
2023/08/15 	59.74682920267139	59.74682920267139	56.220784893025126	58.473533630371094	173716	2023/08/15 
2023/08/16 	57.59202035101652	57.78791401870308	53.870090047695776	55.04543685913086	210705	2023/08/16 
2023/08/17 	55.33927222386091	57.00434752339165	54.55570894118159	56.906402587890625	61955	2023/08/17 
2023/08/18 	55.82900081684088	59.942718505859375	55.82900081684088	59.942718505859375	104765	2023/08/18 
2023/08/21 	61.118066345431316	61.31395622009241	59.15915240413573	60.62833786010742	58844	2023/08/21 
2023/08/22 	61.1180658010268	61.21601073748491	57.68997023296619	58.767372131347656	69164	2023/08/22 
2023/08/23 	58.571476190057005	58.96325971937857	56.90640093877909	57.983802795410156	33915	2023/08/23 
2023/08/24 	55.92694531750181	58.767371222905695	55.92694531750181	57.78791427612305	43427	2023/08/24 
2023/08/25 	58.76737050440833	58.76737050440833	55.73105476623874	56.22078323364258	104145	2023/08/25 
2023/08/28 	56.71051180136669	56.71051180136669	55.43722006306689	55.926944732666016	62117	2023/08/28 
2023/08/29 	56.02489294858057	57.689968205874955	55.82899928387647	57.3961296081543	31516	2023/08/29 
2023/08/30 	58.66942397719387	58.66942397719387	56.80845877004815	57.298187255859375	42143	2023/08/30 
2023/08/31 	57.49407567261983	58.0817490809552	56.808457329340406	57.78791427612305	16798	2023/08/31 
2023/09/01 	57.787912930084865	58.669421122719655	56.808456006116444	57.983802795410156	25908	2023/09/01 
2023/09/04 	58.767369645968664	58.963259510600345	57.787912725468324	58.571475982666016	29515	2023/09/04 
2023/09/05 	58.57147856700855	58.767372238954586	58.08175008515014	58.473533630371094	61167	2023/09/05 
2023/09/06 	58.66942236953819	58.66942236953819	57.592020490010626	58.081748962402344	46317	2023/09/06 
2023/09/07 	58.17969645940643	58.17969645940643	57.3961294007633	57.983802795410156	48204	2023/09/07 
2023/09/08 	57.983802795410156	57.983802795410156	57.983802795410156	57.983802795410156	0	2023/09/08 
2023/09/11 	57.3961323040219	57.983805728394934	56.90640381726583	57.00434875488281	64438	2023/09/11 
2023/09/12 	56.71051180136669	56.906401669206346	50.44199044644543	55.926944732666016	521534	2023/09/12 
2023/09/13 	56.12284064291886	56.710514068603516	54.84954885371396	56.710514068603516	124135	2023/09/13 
2023/09/14 	56.71051054882473	57.29818393803502	55.82899856567383	55.82899856567383	85022	2023/09/14 
2023/09/15 	57.004346287654	58.17969688420041	55.63310962302304	56.80845642089844	61721	2023/09/15 
2023/09/18 	57.983803218773836	57.983803218773836	56.4166728887163	56.80845642089844	90025	2023/09/18 
2023/09/19 	57.004347874062084	57.004347874062084	55.63311117127015	56.02489471435547	74518	2023/09/19 
2023/09/20 	56.31872907362154	57.20024108886719	55.926945533660025	57.20024108886719	54673	2023/09/20 
2023/09/21 	57.396129935466064	57.396129935466064	55.92694453582649	56.51462173461914	44998	2023/09/21 
2023/09/22 	56.02489326807262	56.51462173461914	55.82899960225139	56.51462173461914	10768	2023/09/22 
2023/09/25 	56.514622524508255	58.96326109279379	56.514622524508255	57.78791427612305	96616	2023/09/25 
2023/09/26 	58.27764388093739	58.47353375462856	57.396131851984805	58.1796989440918	28724	2023/09/26 
2023/09/27 	57.689970915544	57.689970915544	56.416675330509776	57.00434875488281	52008	2023/09/27 
2023/09/28 	57.59202149783695	58.767372131347656	56.80845820750095	58.767372131347656	64982	2023/09/28 
2023/10/02 	58.767369645968664	58.865314578284504	57.396129197533995	58.571475982666016	105185	2023/10/02 
2023/10/03 	58.767369645968664	58.767369645968664	57.68996779315248	58.571475982666016	47196	2023/10/03 
2023/10/04 	58.47353116139039	58.47353116139039	57.68996790270473	58.27764129638672	30938	2023/10/04 
2023/10/05 	58.571476190057005	58.571476190057005	56.90640093877909	57.983802795410156	53690	2023/10/05 
2023/10/06 	57.98380424941112	57.98380424941112	56.80845743064443	57.494075775146484	26671	2023/10/06 
2023/10/11 	56.90640135427622	57.29818488645836	53.57625082740558	56.80845642089844	242241	2023/10/11 
2023/10/12 	56.80845621138399	57.3961296081543	55.73105435085992	57.3961296081543	52787	2023/10/12 
2023/10/13 	57.49407508825803	64.83999451712279	57.004346619844235	62.88108444213867	223023	2023/10/13 
2023/10/16 	62.979031618680224	65.0358942981969	62.88108668124399	63.66465377807617	154812	2023/10/16 
2023/10/17 	64.44821413796464	65.32972613204385	63.762592009827046	64.64410400390625	152692	2023/10/17 
2023/10/18 	64.93793848762638	64.93793848762638	61.90162658691406	61.90162658691406	154035	2023/10/18 
2023/10/19 	63.0769766672714	63.66465005620423	61.02011790667104	63.370811462402344	58204	2023/10/19 
2023/10/20 	63.37081291055246	63.56670277844957	61.50984776951689	62.88108444213867	34794	2023/10/20 
2023/10/23 	61.60779270346544	63.56670277844957	61.50984776951689	62.88108444213867	47528	2023/10/23 
2023/10/24 	60.72627917726644	63.07697652641954	58.76736915142161	60.0406608581543	72093	2023/10/24 
2023/10/25 	59.55093542168366	60.530392383607015	58.767372131347656	58.767372131347656	36793	2023/10/25 
2023/10/26 	59.746828861587844	59.84477379766615	57.29818646627468	59.355045318603516	28106	2023/10/26 
2023/10/27 	59.94271706072885	60.62833539281232	58.86531519659582	60.43244552612305	25830	2023/10/27 
2023/10/30 	58.57147800996284	60.726281790178035	57.78791472564418	59.942718505859375	18110	2023/10/30 
2023/10/31 	60.138606087023035	60.138606087023035	58.2776409834676	59.159149169921875	18838	2023/10/31 
2023/11/01 	59.25709969629701	59.25709969629701	57.78791427612305	57.78791427612305	53029	2023/11/01 
2023/11/02 	58.66942304876011	59.64888000488281	57.787914827186555	59.64888000488281	4252	2023/11/02 
2023/11/03 	60.138608605901055	60.432447212807084	57.88585988141561	59.355045318603516	27872	2023/11/03 
2023/11/06 	58.865315502247164	59.84477243812127	58.473531968163314	59.550933837890625	12060	2023/11/06 
2023/11/07 	59.746827405176425	59.84477233886719	57.59201987062458	59.84477233886719	10435	2023/11/07 
2023/11/08 	59.84477233886719	59.84477233886719	57.59201987062458	59.84477233886719	8456	2023/11/08 
2023/11/09 	59.84477379766615	60.040663669822756	57.88585988141561	59.355045318603516	19833	2023/11/09 
2023/11/10 	59.844774029729116	59.94271896618723	58.473533523302194	58.767372131347656	42631	2023/11/10 
2023/11/13 	58.767371222905695	59.84477310463239	57.592020607563875	57.78791427612305	66494	2023/11/13 
2023/11/14 	58.76736944201818	59.74682635911934	57.78791252491701	59.159149169921875	19820	2023/11/14 
2023/11/15 	59.4529880837507	59.4529880837507	57.592019171531916	58.27764129638672	46428	2023/11/15 
2023/11/16 	58.47353250004993	58.76737110295339	57.2002407510341	58.081748962402344	12605	2023/11/16 
2023/11/17 	58.277644099977024	58.277644099977024	56.80845864575776	57.59202194213867	27608	2023/11/17 
2023/11/20 	58.27764139206907	58.27764139206907	57.102294602775366	57.983802795410156	8205	2023/11/20 
2023/11/21 	57.983802795410156	58.17969645940643	57.004345871441735	57.983802795410156	36970	2023/11/21 
2023/11/22 	58.17969645940643	58.27764139206907	57.102294602775366	57.983802795410156	11593	2023/11/22 
2023/11/23 	57.98380527172948	58.27764388093739	57.689970461192715	58.1796989440918	25016	2023/11/23 
2023/11/24 	58.277641688689265	61.50984727503366	58.277641688689265	60.726280212402344	81802	2023/11/24 
2023/11/27 	58.76737078221562	60.72628086242018	58.17969737828715	58.963260650634766	58179	2023/11/27 
2023/11/28 	59.94271769257307	59.94271769257307	57.39613040541439	58.6694221496582	40827	2023/11/28 
2023/11/29 	58.669423503645994	59.1591519855044	57.787915275237786	58.473533630371094	19642	2023/11/29 
2023/11/30 	58.669423503645994	59.1591519855044	57.787915275237786	58.473533630371094	42316	2023/11/30 
2023/12/01 	58.767372238954586	58.767372238954586	57.88586021187524	58.473533630371094	54465	2023/12/01 
2023/12/04 	57.78791325301588	58.76737018245771	57.102294921875	57.102294921875	113061	2023/12/04 
2023/12/05 	57.983804146011146	57.983804146011146	57.004347199228505	57.78791427612305	89017	2023/12/05 
2023/12/06 	57.689967463732195	57.885857327245304	54.849545449437315	55.82899856567383	182123	2023/12/06 
2023/12/07 	55.73105657077654	56.71051353729844	53.87009137332185	54.84954833984375	251370	2023/12/07 
2023/12/08 	55.8290001338639	55.8290001338639	53.870090047695776	55.04543685913086	65481	2023/12/08 
2023/12/11 	54.849546162266705	54.849546162266705	52.694738642263665	53.77214050292969	233359	2023/12/11 
2023/12/12 	52.69473896347053	53.08652249664751	52.20501429533807	52.89063262939453	110572	2023/12/12 
2023/12/13 	53.674198150634766	53.674198150634766	52.00912281306172	53.674198150634766	49209	2023/12/13 
2023/12/14 	54.35982036586488	56.710514068603516	52.40090641446856	56.710514068603516	36121	2023/12/14 
2023/12/15 	58.27764181757819	58.27764181757819	55.8289994897786	56.80845642089844	38192	2023/12/15 
2023/12/18 	58.277644099977024	58.277644099977024	56.41667509823172	57.59202194213867	9175	2023/12/18 
2023/12/19 	57.78791598213726	57.78791598213726	55.43722227939862	56.710514068603516	30149	2023/12/19 
2023/12/20 	56.71051054882473	57.20023900627846	54.94749038119387	55.82899856567383	24443	2023/12/20 
2023/12/21 	55.339271662654106	56.51462227276024	54.75159825693656	55.04543685913086	45132	2023/12/21 
2023/12/22 	55.14338337101817	55.73105679354614	53.870091588652755	54.261871337890625	59418	2023/12/22 
2023/12/25 	54.55570860677566	54.55570860677566	54.06598013360128	54.457763671875	22219	2023/12/25 
2023/12/26 	54.55570746684788	54.55570746684788	50.24610003189836	54.06597900390625	222481	2023/12/26 
2023/12/27 	53.96803609692443	53.96803609692443	51.42144875376742	52.1070671081543	57363	2023/12/27 
2023/12/28 	53.08652155416306	53.87008860660579	51.715284910394715	51.91117477416992	54345	2023/12/28 
2023/12/29 	52.59679280105489	52.792686462402344	51.715284620339624	52.792686462402344	4420	2023/12/29 
2024/01/02 	53.47830738156998	53.47830738156998	51.71528713571705	52.694740295410156	4550	2024/01/02 
2024/01/03 	52.890633169314476	52.890633169314476	51.02966421672985	51.42144775390625	42175	2024/01/03 
2024/01/04 	52.009120220394045	52.009120220394045	50.24610003296921	50.44198989868164	116434	2024/01/04 
2024/01/05 	50.93171826499896	51.81323025637435	49.95226513962418	50.7358283996582	74859	2024/01/05 
2024/01/08 	51.12761202492749	54.06597900390625	49.95226523333598	54.06597900390625	182408	2024/01/08 
2024/01/09 	54.35982044141489	54.5557103173583	52.10706787470974	53.38036346435547	76995	2024/01/09 
2024/01/10 	53.870089138198	54.84954606408125	53.18446701087713	54.06597900390625	46311	2024/01/10 
2024/01/11 	54.457765011180726	54.94749349639923	53.18446943014415	54.261871337890625	21239	2024/01/11 
2024/01/12 	54.35981781311699	54.751597546061255	52.205014087239526	53.47830581665039	41398	2024/01/12 
2024/01/15 	53.47830581665039	53.47830581665039	53.47830581665039	53.47830581665039	0	2024/01/15 
2024/01/16 	53.96803312627887	53.96803312627887	52.59679269431328	53.08652114868164	22539	2024/01/16 
2024/01/17 	53.184469374782914	53.184469374782914	51.22555923461914	51.22555923461914	47455	2024/01/17 
2024/01/18 	52.20501494833693	52.20501494833693	50.44199092632346	51.12761306762695	37181	2024/01/18 
2024/01/19 	51.22555934456696	51.3235042819847	50.24610237304724	50.93172073364258	31781	2024/01/19 
2024/01/22 	51.22555800247857	51.3235029373302	50.7358295295494	51.12761306762695	32232	2024/01/22 
2024/01/23 	51.127614297411625	51.42144910903417	50.34404720240919	51.22555923461914	27867	2024/01/23 
2024/01/24 	51.51939415682018	51.51939415682018	50.34404731046498	50.93172073364258	22439	2024/01/24 
2024/01/25 	51.22555845477089	51.22555845477089	49.07075467432526	49.952266693115234	131803	2024/01/25 
2024/01/26 	50.931717515306644	50.931717515306644	48.38513410867742	49.168697357177734	120478	2024/01/26 
2024/01/29 	49.16870102735118	49.16870102735118	44.761148403693845	46.42622375488281	322356	2024/01/29 
2024/01/30 	48.14027146183769	48.92383856565044	46.86697966648097	48.238216400146484	69133	2024/01/30 
2024/01/31 	48.87486547341368	48.87486547341368	46.37725058502434	48.18924331665039	42146	2024/01/31 
2024/02/01 	48.4341095481645	48.4341095481645	45.887522186502906	46.37725067138672	57572	2024/02/01 
2024/02/02 	47.20978681820707	47.20978681820707	45.15293172347529	47.01389694213867	24791	2024/02/02 
2024/02/05 	47.20978681820707	47.30773555491246	46.034439964454286	47.01389694213867	49116	2024/02/05 
2024/02/15 	47.45465087890625	47.45465087890625	45.83854807626842	47.45465087890625	43136	2024/02/15 
2024/02/16 	47.45464939941812	47.45464939941812	45.0549834030447	46.132381439208984	110874	2024/02/16 
2024/02/19 	47.01389669011557	47.16081409637931	45.88752231141794	46.08341598510742	49927	2024/02/19 
2024/02/20 	46.96492447312157	47.16081434918997	45.64266021231748	47.01389694213867	29065	2024/02/20 
2024/02/21 	45.7895756343248	47.111839837806826	45.103957299136745	45.64265823364258	61863	2024/02/21 
2024/02/22 	46.0344382909076	46.0344382909076	44.07552820542469	44.761146545410156	114954	2024/02/22 
2024/02/23 	44.957036313462	45.740603384833484	44.369362909268915	45.05498504638672	43900	2024/02/23 
2024/02/26 	45.152928502900934	45.446763296045496	43.43888081354489	43.73271560668945	177697	2024/02/26 
2024/02/27 	43.78169152064521	43.78169152064521	42.508399719387064	43.096073150634766	124522	2024/02/27 
2024/02/29 	43.29196117111106	43.29196117111106	42.263531760875225	42.949153900146484	77666	2024/02/29 
2024/03/01 	43.24298858642578	43.24298858642578	42.41045284624395	43.24298858642578	12300	2024/03/01 
2024/03/04 	43.2429881635447	45.69163049033887	43.09607076353836	44.4183349609375	155203	2024/03/04 
2024/03/05 	44.614228526199376	44.614228526199376	42.75325960227636	42.900177001953125	88835	2024/03/05 
2024/03/06 	44.173472645731366	44.173472645731366	42.45942491560716	42.60634231567383	82971	2024/03/06 
2024/03/07 	42.1655863168028	42.7532597157405	42.06764138342502	42.60634231567383	27862	2024/03/07 
2024/03/08 	42.41045192813472	42.41045192813472	41.28407381210867	42.26353073120117	99993	2024/03/08 
2024/03/11 	41.47996940793609	42.116615295410156	40.500512443204684	42.116615295410156	32097	2024/03/11 
2024/03/12 	41.088184056453706	41.62688498351257	39.52105374149421	40.1577033996582	198139	2024/03/12 
2024/03/13 	40.745378272639066	40.745378272639066	39.52105517673674	39.66797637939453	79480	2024/03/13 
2024/03/14 	40.15770244277861	40.15770244277861	38.59057216516076	39.178245544433594	107793	2024/03/14 
2024/03/15 	39.178245544433594	39.178245544433594	38.541599700110595	39.178245544433594	32729	2024/03/15 
2024/03/18 	39.1782465765879	39.1782465765879	36.63165933353498	38.05187225341797	165748	2024/03/18 
2024/03/19 	38.0518721425116	38.345706939697266	37.61111614806213	38.345706939697266	32851	2024/03/19 
2024/03/20 	39.325165410290985	39.42311034654495	38.19879104602805	39.37413787841797	44466	2024/03/20 
2024/03/21 	39.374135404634245	39.47208033473457	38.63954463021092	39.178245544433594	22001	2024/03/21 
2024/03/22 	39.716950192351135	39.912840070966915	38.68852073227578	39.472084045410156	41763	2024/03/22 
2024/03/25 	39.91283801135839	45.152929980640394	38.737491202972215	45.05498504638672	173402	2024/03/25 
2024/03/26 	45.25087427905789	45.25087427905789	43.8306613563224	45.00600814819336	153356	2024/03/26 
2024/03/27 	44.36936260863326	44.957036008844426	42.85120854064586	44.1245002746582	41940	2024/03/27 
2024/03/28 	44.22244582563301	44.22244582563301	42.45942560038619	44.1734733581543	14528	2024/03/28 
2024/03/29 	44.22244778988413	44.22244778988413	39.22722169714043	39.472084045410156	188328	2024/03/29 
2024/04/01 	40.50050989965009	40.50050989965009	38.590572357177734	38.590572357177734	50803	2024/04/01 
2024/04/02 	39.47208105095046	39.47208105095046	38.541600399443034	38.933380126953125	77940	2024/04/02 
2024/04/03 	39.17824910526709	39.32516651377061	38.05187470939765	38.247764587402344	98163	2024/04/03 
2024/04/08 	38.39467889428226	38.39467889428226	37.26830458940431	38.002899169921875	140667	2024/04/08 
2024/04/09 	38.19879200128885	40.059757232666016	37.51317363169424	40.059757232666016	38381	2024/04/09 
2024/04/10 	40.10872617905756	40.10872617905756	38.247761111138736	39.178245544433594	28102	2024/04/10 
2024/04/11 	39.325164392006585	39.325164392006585	37.26830558924889	38.68851852416992	41507	2024/04/11 
2024/04/12 	39.178248475528704	39.178248475528704	37.70906301809502	38.19879150390625	58109	2024/04/12 
2024/04/15 	39.17824910526709	39.27619404426944	38.100847178898825	38.247764587402344	34837	2024/04/15 
2024/04/16 	38.19878903210207	38.68851748622347	37.953926704376826	38.002899169921875	65015	2024/04/16 
2024/04/17 	38.68851998971748	38.68851998971748	37.36625193842582	38.19879150390625	53101	2024/04/17 
2024/04/18 	38.19878892538471	38.29673385620117	37.51317061099855	38.29673385620117	17709	2024/04/18 
2024/04/19 	38.29673530724631	38.29673530724631	37.46419956509107	37.8070068359375	23136	2024/04/19 
2024/04/22 	38.19878892538471	38.29673385620117	37.61111554181501	38.29673385620117	19059	2024/04/22 
2024/04/23 	38.19878892538471	38.29673385620117	37.41522188151117	38.29673385620117	33462	2024/04/23 
2024/04/24 	38.345708910048266	38.345708910048266	37.26830700099781	38.19879150390625	102928	2024/04/24 
2024/04/25 	38.19879150390625	38.29673644133426	37.36625193842582	38.19879150390625	1545	2024/04/25 
2024/04/26 	38.19878892538471	38.29673385620117	37.51317061099855	38.29673385620117	18513	2024/04/26 
2024/04/29 	38.29673582418461	38.34570829210942	37.56214500664124	38.149818420410156	14524	2024/04/29 
2024/04/30 	38.34570952640469	39.17824910526709	38.05187470939765	38.247764587402344	34652	2024/04/30 
2024/05/02 	39.178249106066716	41.28407669067383	38.247764588182974	41.28407669067383	85801	2024/05/02 
2024/05/03 	41.284074779221996	41.284074779221996	39.61900329589844	39.61900329589844	20186	2024/05/03 
2024/05/06 	41.13715940965806	41.13715940965806	38.59057579296788	39.472084045410156	49197	2024/05/06 
2024/05/07 	39.178245544433594	39.27619047453392	38.247761111138736	39.178245544433594	12515	2024/05/07 
2024/05/08 	39.276193412956715	39.276193412956715	38.19879150390625	38.19879150390625	18541	2024/05/08 
2024/05/09 	39.1292760068147	39.1292760068147	38.051874097764234	38.19879150390625	18625	2024/05/09 
2024/05/10 	38.78646272913684	38.933380126953125	38.05187194138446	38.933380126953125	2565	2024/05/10 
2024/05/13 	39.178248128699614	39.178248128699614	37.904952557393926	39.08030319213867	11753	2024/05/13 
2024/05/14 	37.85597759206656	39.178245544433594	37.85597759206656	39.178245544433594	1769	2024/05/14 
2024/05/15 	39.178247844173534	39.178247844173534	38.051873484560524	38.149818420410156	16193	2024/05/15 
2024/05/16 	39.57002906350578	39.57002906350578	38.14981618103842	39.178245544433594	2250	2024/05/16 
2024/05/17 	38.149817804047665	39.08030227692815	38.10084533691406	38.10084533691406	4162	2024/05/17 
2024/05/20 	39.1292750275933	39.1292750275933	37.95392821052822	39.03132629394531	41033	2024/05/20 
2024/05/21 	39.031325892669074	39.08030215832509	37.904951554672564	38.39468002319336	2356	2024/05/21 
2024/05/22 	38.982352592891885	38.982352592891885	38.39467920295579	38.933380126953125	14936	2024/05/22 
2024/05/23 	38.296736814878514	38.8354377746582	38.296736814878514	38.8354377746582	34881	2024/05/23 
2024/05/24 	38.98235321044922	38.98235321044922	37.953927610771984	38.98235321044922	11204	2024/05/24 
2024/05/27 	38.98235394585829	39.32516501799857	38.737491607666016	38.737491607666016	28514	2024/05/27 
2024/05/28 	38.737491607666016	39.32516501799857	38.247763132610366	38.737491607666016	27700	2024/05/28 
2024/05/29 	38.590573985841004	39.325164794921875	38.590573985841004	39.325164794921875	14311	2024/05/29 
2024/05/30 	39.32516293958408	39.32516293958408	38.541599700110595	39.178245544433594	6211	2024/05/30 
2024/05/31 	38.78646506765449	39.42311096191406	38.73749259876307	39.42311096191406	7259	2024/05/31 
2024/06/03 	39.61900350114893	39.667975968637386	38.73749148901458	39.03132629394531	33334	2024/06/03 
2024/06/04 	39.47208165555875	43.928606513615904	38.68851838986549	42.60634231567383	412164	2024/06/04 
2024/06/05 	43.29195968692035	43.29195968692035	40.157702895055884	41.62688446044922	76292	2024/06/05 
2024/06/06 	41.72482991594673	41.72482991594673	39.76591987125058	40.1577033996582	35764	2024/06/06 
2024/06/07 	39.81489378338121	41.03921308061243	39.227220368763376	39.66797637939453	16399	2024/06/07 
2024/06/11 	41.03921061235242	41.03921061235242	39.178245544433594	39.178245544433594	4124	2024/06/11 
2024/06/12 	39.17824696770219	40.500511169433594	39.031325768543454	40.500511169433594	27649	2024/06/12 
2024/06/13 	40.990240612616866	41.03921308061243	39.17824790076782	39.66797637939453	20852	2024/06/13 
2024/06/14 	41.08818554860798	41.08818554860798	39.17824790076782	39.66797637939453	31198	2024/06/14 
2024/06/17 	39.6679771315291	40.94126892089844	39.6679771315291	40.94126892089844	3050	2024/06/17 
2024/06/18 	39.22721894419172	40.843321725368305	39.22721894419172	40.1577033996582	25277	2024/06/18 
2024/06/19 	39.37413634284296	40.30462079830944	39.2761914104088	40.1577033996582	13641	2024/06/19 
2024/06/20 	39.27619089519324	40.108726608633575	39.22721842961857	39.81489181518555	37746	2024/06/20 
2024/06/21 	40.108726501464844	40.108726501464844	39.17824585936136	40.108726501464844	11285	2024/06/21 
2024/06/24 	40.10872744216777	40.10872744216777	39.08030184505614	39.27619171142578	15575	2024/06/24 
2024/06/25 	38.9823545648263	40.01078399890562	38.63954728591396	38.78646469116211	38237	2024/06/25 
2024/06/26 	39.03132557979272	39.27619171142578	38.73749078023826	39.27619171142578	40504	2024/06/26 
2024/06/27 	38.5905754286998	39.17824885767117	38.5905754286998	38.8354377746582	7200	2024/06/27 
2024/06/28 	39.37413654784313	39.570030212402344	38.83543561797954	39.570030212402344	22621	2024/06/28 
2024/07/01 	39.03132619208689	39.325164794921875	38.884408790004926	39.325164794921875	6308	2024/07/01 
2024/07/02 	38.88440704345703	39.27619056341582	38.88440704345703	38.88440704345703	24405	2024/07/02 
2024/07/03 	38.88440889147995	39.08030256010484	38.59057408654921	39.03132629394531	48038	2024/07/03 
2024/07/04 	38.835437052065174	39.12927566041914	38.590574710662814	39.08030319213867	22677	2024/07/04 
2024/07/05 	39.08030256010484	39.08030256010484	38.59057408654921	39.03132629394531	31449	2024/07/05 
2024/07/08 	38.59057225249111	39.12927316793286	38.394678593176266	38.88440704345703	38130	2024/07/08 
2024/07/09 	38.5415998918839	38.68851728776541	38.24776130144997	38.590572357177734	12738	2024/07/09 
2024/07/10 	38.39467878701763	38.49262751650501	37.562143076406784	38.29673385620117	71934	2024/07/10 
2024/07/11 	37.807007955523034	38.19879150390625	37.66009054938102	38.19879150390625	105710	2024/07/11 
2024/07/12 	38.19879200421968	38.68852049644519	37.562146103927894	38.541603088378906	41865	2024/07/12 
2024/07/15 	38.14981819733345	38.737491607666016	38.14981819733345	38.737491607666016	47719	2024/07/15 
2024/07/16 	38.29673437946136	39.17824636619573	37.513171123552674	38.63954544067383	675922	2024/07/16 
2024/07/17 	38.68851852416992	39.325164392006585	38.68851852416992	38.68851852416992	46864	2024/07/17 
2024/07/18 	38.73749099102882	39.325164392006585	38.394679924345525	38.68851852416992	16977	2024/07/18 
2024/07/19 	38.541603088378906	38.83543790451148	38.44365435099683	38.541603088378906	52691	2024/07/19 
2024/07/22 	38.49263000488281	38.93338222204957	38.39468126906348	38.49263000488281	17084	2024/07/22 
2024/07/23 	38.541600399443034	38.933380126953125	38.541600399443034	38.933380126953125	16419	2024/07/23 
2024/07/26 	38.541603088378906	38.786465435156046	38.541603088378906	38.541603088378906	22214	2024/07/26 
2024/07/29 	38.541603088378906	38.83543790451148	38.541603088378906	38.541603088378906	26120	2024/07/29 
2024/07/30 	38.54160112359324	38.68851852416992	38.394679924345525	38.68851852416992	71277	2024/07/30 
2024/07/31 	38.541603088378906	38.73749296580062	38.541603088378906	38.541603088378906	9897	2024/07/31 
2024/08/01 	38.541603088378906	38.73749296580062	38.541603088378906	38.541603088378906	61218	2024/08/01 
2024/08/02 	38.492627933504274	38.933380126953125	38.492627933504274	38.933380126953125	4066	2024/08/02 
2024/08/05 	38.34570858649039	38.492629790063866	35.60323136829102	35.75014877319336	125808	2024/08/05 
2024/08/06 	36.43577048663884	36.925498962402344	35.89706954316609	36.925498962402344	34527	2024/08/06 
2024/08/07 	37.709061901409946	37.8070068359375	37.709061901409946	37.8070068359375	16856	2024/08/07 
2024/08/08 	38.002902113502884	38.002902113502884	37.02344512939453	37.02344512939453	7117	2024/08/08 
2024/08/09 	38.051872681643566	38.051872681643566	36.53371481199494	36.87652587890625	13301	2024/08/09 
2024/08/12 	36.33782452477983	36.68063178906119	36.09295839447931	36.23987579345703	27976	2024/08/12 
2024/08/13 	36.239878380806715	36.63166193805639	35.9460435618729	36.14193344116211	28898	2024/08/13 
2024/08/14 	36.582686341260626	36.582686341260626	35.309394637375235	35.89706802368164	40722	2024/08/14 
2024/08/15 	35.60322952270508	36.043985513235505	35.60322952270508	35.60322952270508	4300	2024/08/15 
2024/08/16 	36.04398788867637	36.092960357666016	35.946042950697084	36.092960357666016	5165	2024/08/16 
2024/08/19 	36.14193159262641	36.14193159262641	35.99501419067383	35.99501419067383	18707	2024/08/19 
2024/08/20 	35.99501419067383	36.23987652726147	35.84809678872124	35.99501419067383	14011	2024/08/20 
2024/08/21 	36.043987381669176	36.043987381669176	35.75014877319336	35.75014877319336	16659	2024/08/21 
2024/08/22 	36.04398479935445	36.04398479935445	35.60322881755356	35.84809494018555	4154	2024/08/22 
2024/08/23 	36.043988501517504	36.14193344116211	35.50528753480092	36.14193344116211	11671	2024/08/23 
2024/08/26 	36.14192981681543	36.14192981681543	35.554256439208984	35.554256439208984	22987	2024/08/26 
2024/08/27 	36.45000076293945	36.45000076293945	35.400001525878906	35.400001525878906	12931	2024/08/27 
2024/08/28 	36.20000076293945	36.25	36.20000076293945	36.25	12160	2024/08/28 
2024/08/29 	35.599998474121094	36.20000076293945	35.599998474121094	35.599998474121094	8160	2024/08/29 
2024/08/30 	34.75	35.70000076293945	34.75	35.29999923706055	16486	2024/08/30 
2024/09/02 	35.70000076293945	36.20000076293945	34.599998474121094	35.70000076293945	19380	2024/09/02 
2024/09/03 	35.79999923706055	35.79999923706055	34.5	34.95000076293945	24490	2024/09/03 
2024/09/04 	35.0	35.0	34.0	34.5	10376	2024/09/04 
2024/09/05 	34.95000076293945	34.95000076293945	33.95000076293945	34.900001525878906	12130	2024/09/05 
2024/09/06 	33.900001525878906	34.5	33.900001525878906	34.45000076293945	1851	2024/09/06 
2024/09/09 	33.75	34.04999923706055	33.75	34.04999923706055	9380	2024/09/09 
2024/09/10 	34.0	34.099998474121094	33.349998474121094	33.349998474121094	10000	2024/09/10 
2024/09/11 	34.099998474121094	34.25	34.0	34.099998474121094	15000	2024/09/11 
2024/09/12 	34.29999923706055	34.29999923706055	34.04999923706055	34.04999923706055	14150	2024/09/12 
2024/09/13 	34.0	34.29999923706055	34.0	34.29999923706055	10050	2024/09/13 
2024/09/16 	33.849998474121094	34.0	33.349998474121094	33.95000076293945	53000	2024/09/16 
2024/09/18 	33.95000076293945	35.25	33.95000076293945	35.0	23217	2024/09/18 
2024/09/19 	34.29999923706055	37.650001525878906	34.25	37.650001525878906	19020	2024/09/19 
2024/09/20 	37.79999923706055	37.79999923706055	36.45000076293945	37.5	60862	2024/09/20 
2024/09/23 	38.0	38.0	36.04999923706055	36.04999923706055	15100	2024/09/23 
2024/09/24 	35.95000076293945	36.20000076293945	34.45000076293945	36.0	18630	2024/09/24 
2024/09/25 	36.04999923706055	37.79999923706055	35.849998474121094	37.0	26364	2024/09/25 
2024/09/26 	36.150001525878906	37.150001525878906	36.0	37.150001525878906	25300	2024/09/26 
2024/09/27 	35.849998474121094	37.099998474121094	35.849998474121094	37.099998474121094	32894	2024/09/27 
2024/09/30 	35.70000076293945	36.95000076293945	35.70000076293945	36.95000076293945	37455	2024/09/30 
2024/10/01 	35.849998474121094	36.25	35.849998474121094	36.25	6288	2024/10/01 
2024/10/04 	36.599998474121094	36.650001525878906	36.5	36.650001525878906	10246	2024/10/04 
2024/10/07 	36.75	36.75	36.75	36.75	787	2024/10/07 
2024/10/08 	36.75	36.75	36.75	36.75	250	2024/10/08 
2024/10/09 	36.75	36.75	35.04999923706055	36.150001525878906	23855	2024/10/09 
2024/10/11 	35.0	35.650001525878906	34.70000076293945	35.650001525878906	28929	2024/10/11 
2024/10/14 	35.75	35.79999923706055	35.29999923706055	35.29999923706055	4568	2024/10/14 
2024/10/15 	34.400001525878906	35.45000076293945	34.400001525878906	34.400001525878906	5538	2024/10/15 
2024/10/16 	34.400001525878906	35.150001525878906	34.400001525878906	35.150001525878906	5473	2024/10/16 
2024/10/17 	34.400001525878906	35.150001525878906	34.25	35.150001525878906	26468	2024/10/17 
2024/10/18 	34.349998474121094	34.79999923706055	34.04999923706055	34.04999923706055	27317	2024/10/18 
2024/10/21 	34.04999923706055	34.04999923706055	33.900001525878906	34.04999923706055	13033	2024/10/21 
2024/10/22 	33.900001525878906	34.150001525878906	33.650001525878906	33.650001525878906	20445	2024/10/22 
2024/10/23 	33.650001525878906	33.650001525878906	33.650001525878906	33.650001525878906	0	2024/10/23 
2024/10/24 	34.650001525878906	34.650001525878906	32.849998474121094	33.349998474121094	37836	2024/10/24 
2024/10/25 	33.599998474121094	33.599998474121094	32.650001525878906	33.349998474121094	66376	2024/10/25 
2024/10/28 	34.0	34.150001525878906	33.95000076293945	33.95000076293945	16151	2024/10/28 
2024/10/29 	33.900001525878906	34.0	33.5	33.5	25177	2024/10/29 
2024/10/30 	33.79999923706055	33.79999923706055	33.79999923706055	33.79999923706055	1000	2024/10/30 
2024/11/01 	33.95000076293945	33.95000076293945	33.95000076293945	33.95000076293945	2000	2024/11/01 
2024/11/04 	32.849998474121094	34.04999923706055	32.849998474121094	34.04999923706055	9205	2024/11/04 
2024/11/05 	34.099998474121094	34.099998474121094	32.849998474121094	32.849998474121094	13100	2024/11/05 
2024/11/06 	33.95000076293945	33.95000076293945	32.75	33.25	2730	2024/11/06 
2024/11/07 	33.25	33.25	32.349998474121094	32.400001525878906	12757	2024/11/07 
2024/11/08 	33.150001525878906	33.150001525878906	32.29999923706055	32.29999923706055	10556	2024/11/08 
2024/11/11 	33.0	33.20000076293945	32.650001525878906	32.70000076293945	5227	2024/11/11 
2024/11/12 	33.0	33.599998474121094	32.95000076293945	33.599998474121094	18789	2024/11/12 
2024/11/13 	33.150001525878906	33.25	32.900001525878906	33.20000076293945	5596	2024/11/13 
2024/11/14 	32.900001525878906	33.20000076293945	32.900001525878906	33.20000076293945	13183	2024/11/14 
2024/11/15 	33.29999923706055	33.29999923706055	32.849998474121094	32.849998474121094	1090	2024/11/15 
2024/11/18 	32.70000076293945	32.70000076293945	32.0	32.599998474121094	11200	2024/11/18 
2024/11/19 	31.899999618530273	32.099998474121094	31.899999618530273	32.099998474121094	2093	2024/11/19 
2024/11/20 	32.099998474121094	32.099998474121094	32.099998474121094	32.099998474121094	0	2024/11/20 
2024/11/21 	32.099998474121094	32.099998474121094	32.099998474121094	32.099998474121094	0	2024/11/21 
2024/11/22 	31.5	31.5	31.399999618530273	31.450000762939453	13089	2024/11/22 
2024/11/25 	31.450000762939453	32.099998474121094	31.399999618530273	31.399999618530273	26725	2024/11/25 
2024/11/26 	31.399999618530273	31.950000762939453	31.399999618530273	31.950000762939453	8131	2024/11/26 
2024/11/27 	31.5	31.600000381469727	31.450000762939453	31.450000762939453	4016	2024/11/27 
2024/11/28 	31.399999618530273	31.75	30.399999618530273	31.549999237060547	57271	2024/11/28 
2024/11/29 	31.850000381469727	31.850000381469727	30.75	30.75	7193	2024/11/29 
2024/12/02 	30.850000381469727	30.850000381469727	30.399999618530273	30.799999237060547	31180	2024/12/02 
2024/12/03 	30.299999237060547	30.899999618530273	30.25	30.899999618530273	74692	2024/12/03 
2024/12/04 	30.399999618530273	30.5	29.5	30.5	36373	2024/12/04 
2024/12/05 	29.549999237060547	30.100000381469727	29.399999618530273	30.100000381469727	35636	2024/12/05 
2024/12/06 	29.399999618530273	30.100000381469727	29.399999618530273	29.399999618530273	5558	2024/12/06 
2024/12/09 	29.950000762939453	29.950000762939453	29.149999618530273	29.649999618530273	22194	2024/12/09 
2024/12/10 	29.049999237060547	29.950000762939453	29.049999237060547	29.950000762939453	13080	2024/12/10 
2024/12/11 	29.25	29.899999618530273	29.25	29.450000762939453	19101	2024/12/11 
2024/12/12 	29.399999618530273	29.649999618530273	29.25	29.5	69076	2024/12/12 
2024/12/13 	29.5	29.549999237060547	29.100000381469727	29.149999618530273	15288	2024/12/13 
2024/12/16 	29.100000381469727	29.200000762939453	28.299999237060547	28.299999237060547	11920	2024/12/16 
2024/12/17 	28.299999237060547	29.0	28.299999237060547	28.950000762939453	25519	2024/12/17 
2024/12/18 	28.299999237060547	28.899999618530273	28.299999237060547	28.799999237060547	5433	2024/12/18 
2024/12/19 	27.899999618530273	28.100000381469727	27.399999618530273	28.100000381469727	12137	2024/12/19 
2024/12/20 	27.799999237060547	27.950000762939453	26.950000762939453	27.5	51672	2024/12/20 
2024/12/23 	27.850000381469727	27.850000381469727	27.0	27.0	36435	2024/12/23 
2024/12/24 	26.950000762939453	26.950000762939453	25.899999618530273	25.899999618530273	79503	2024/12/24 
2024/12/25 	26.100000381469727	26.100000381469727	24.850000381469727	24.950000762939453	36203	2024/12/25 
2024/12/26 	24.0	24.0	22.0	23.399999618530273	180918	2024/12/26 
2024/12/27 	22.799999237060547	23.0	22.700000762939453	22.899999618530273	34892	2024/12/27 
2024/12/30 	22.899999618530273	23.049999237060547	22.799999237060547	22.850000381469727	28500	2024/12/30 
2024/12/31 	23.5	23.700000762939453	23.399999618530273	23.649999618530273	27780	2024/12/31 
2025/01/02 	23.600000381469727	25.0	23.600000381469727	25.0	51096	2025/01/02 
2025/01/03 	25.0	28.600000381469727	24.899999618530273	28.299999237060547	164825	2025/01/03 
2025/01/06 	29.0	37.400001525878906	29.0	35.5	426656	2025/01/06 
2025/01/07 	35.599998474121094	35.599998474121094	34.5	35.349998474121094	191585	2025/01/07 
2025/01/08 	34.54999923706055	34.54999923706055	32.650001525878906	34.0	31306	2025/01/08 
2025/01/09 	33.0	33.75	31.0	31.25	63298	2025/01/09 
2025/01/10 	30.5	30.5	29.950000762939453	29.950000762939453	13121	2025/01/10 
2025/01/13 	30.399999618530273	31.100000381469727	30.299999237060547	31.100000381469727	21739	2025/01/13 
2025/01/14 	31.200000762939453	31.200000762939453	30.399999618530273	30.5	5288	2025/01/14 
2025/01/15 	30.350000381469727	30.399999618530273	30.350000381469727	30.399999618530273	4350	2025/01/15 
2025/01/16 	30.399999618530273	30.5	29.5	30.399999618530273	21155	2025/01/16 
2025/01/17 	29.399999618530273	30.100000381469727	29.399999618530273	30.100000381469727	12000	2025/01/17 
2025/01/20 	29.100000381469727	29.899999618530273	29.0	29.0	18799	2025/01/20 
2025/01/21 	28.899999618530273	29.899999618530273	28.799999237060547	28.799999237060547	16012	2025/01/21 
2025/01/22 	30.0	30.0	28.799999237060547	29.0	8037	2025/01/22 
2025/02/03 	29.0	29.0	27.899999618530273	27.950000762939453	23443	2025/02/03 
2025/02/04 	27.600000381469727	27.700000762939453	27.549999237060547	27.600000381469727	6057	2025/02/04 
2025/02/05 	27.0	28.600000381469727	27.0	27.75	51195	2025/02/05 
2025/02/06 	29.0	29.0	29.0	29.0	3030	2025/02/06 
2025/02/07 	27.700000762939453	27.799999237060547	27.049999237060547	27.049999237060547	14160	2025/02/07 
2025/02/10 	27.0	27.5	26.899999618530273	26.899999618530273	41286	2025/02/10 
2025/02/11 	27.200000762939453	27.25	26.299999237060547	26.5	50195	2025/02/11 
2025/02/12 	26.0	27.450000762939453	26.0	27.450000762939453	39764	2025/02/12 
2025/02/13 	27.450000762939453	28.0	26.899999618530273	27.299999237060547	18185	2025/02/13 
2025/02/14 	27.350000381469727	27.399999618530273	27.100000381469727	27.149999618530273	7167	2025/02/14 
2025/02/17 	27.100000381469727	27.600000381469727	26.299999237060547	27.399999618530273	29317	2025/02/17 
2025/02/18 	27.5	27.600000381469727	26.600000381469727	27.450000762939453	9385	2025/02/18 
2025/02/19 	27.5	27.5	27.5	27.5	21	2025/02/19 
2025/02/20 	27.5	27.600000381469727	27.5	27.600000381469727	10131	2025/02/20 
2025/02/21 	27.700000762939453	27.799999237060547	27.700000762939453	27.75	4214	2025/02/21 
2025/02/24 	26.700000762939453	27.950000762939453	26.700000762939453	27.950000762939453	8122	2025/02/24 
2025/02/25 	27.950000762939453	27.950000762939453	26.850000381469727	27.899999618530273	9016	2025/02/25 
2025/02/26 	27.850000381469727	31.649999618530273	27.799999237060547	31.600000381469727	61224	2025/02/26 
2025/02/27 	31.75	31.75	29.0	29.899999618530273	71888	2025/02/27 
2025/03/03 	29.0	30.0	28.899999618530273	29.100000381469727	27910	2025/03/03 
2025/03/04 	28.700000762939453	29.600000381469727	28.700000762939453	28.899999618530273	14969	2025/03/04 
2025/03/05 	29.5	29.5	28.899999618530273	29.100000381469727	16131	2025/03/05 
2025/03/06 	29.299999237060547	29.299999237060547	29.299999237060547	29.299999237060547	2013	2025/03/06 
2025/03/07 	29.299999237060547	29.299999237060547	28.399999618530273	28.399999618530273	2010	2025/03/07 
2025/03/10 	28.399999618530273	30.25	28.399999618530273	29.399999618530273	111118	2025/03/10 
2025/03/11 	29.700000762939453	32.70000076293945	28.899999618530273	32.20000076293945	171212	2025/03/11 
2025/03/12 	32.0	32.650001525878906	30.700000762939453	31.299999237060547	44278	2025/03/12 
2025/03/13 	30.149999618530273	31.600000381469727	30.100000381469727	30.850000381469727	12720	2025/03/13 
2025/03/14 	30.0	30.0	29.899999618530273	29.899999618530273	3333	2025/03/14 
2025/03/17 	31.0	31.0	28.700000762939453	28.700000762939453	32994	2025/03/17 
2025/03/18 	30.0	30.100000381469727	27.899999618530273	28.0	71758	2025/03/18 
2025/03/19 	29.0	29.0	28.100000381469727	28.299999237060547	7754	2025/03/19 
2025/03/20 	29.0	29.049999237060547	28.100000381469727	29.0	3334	2025/03/20 
2025/03/21 	29.399999618530273	29.399999618530273	28.100000381469727	28.799999237060547	3885	2025/03/21 
2025/03/24 	28.200000762939453	28.799999237060547	28.200000762939453	28.799999237060547	3002	2025/03/24 
2025/03/25 	29.299999237060547	29.299999237060547	27.399999618530273	28.200000762939453	10471	2025/03/25 
2025/03/26 	28.799999237060547	29.0	28.799999237060547	29.0	8310	2025/03/26 
2025/03/27 	29.299999237060547	29.350000381469727	28.200000762939453	28.200000762939453	3637	2025/03/27 
2025/03/28 	29.350000381469727	29.600000381469727	28.25	28.25	58486	2025/03/28 
2025/03/31 	27.950000762939453	29.0	26.450000762939453	29.0	48793	2025/03/31 
2025/04/01 	29.100000381469727	29.100000381469727	29.049999237060547	29.049999237060547	25	2025/04/01 
2025/04/02 	29.049999237060547	29.299999237060547	27.799999237060547	29.200000762939453	15521	2025/04/02 
2025/04/07 	28.799999237060547	28.799999237060547	24.149999618530273	24.5	150494	2025/04/07 
2025/04/08 	24.25	26.0	24.149999618530273	25.350000381469727	76325	2025/04/08 
2025/04/09 	25.0	25.049999237060547	24.0	24.0	41112	2025/04/09 
2025/04/10 	25.100000381469727	29.149999618530273	25.049999237060547	28.549999237060547	72622	2025/04/10 
2025/04/11 	28.5	29.200000762939453	27.799999237060547	28.5	16897	2025/04/11 
2025/04/14 	28.399999618530273	29.450000762939453	27.700000762939453	28.299999237060547	42380	2025/04/14 
2025/04/15 	29.0	29.100000381469727	27.899999618530273	29.0	22621	2025/04/15 
2025/04/16 	29.100000381469727	29.100000381469727	28.0	29.0	33435	2025/04/16 
2025/04/17 	28.0	29.450000762939453	28.0	29.450000762939453	43567	2025/04/17 
2025/04/18 	29.149999618530273	30.399999618530273	29.100000381469727	29.299999237060547	26319	2025/04/18 
2025/04/21 	30.299999237060547	30.299999237060547	29.200000762939453	29.799999237060547	5001	2025/04/21 
2025/04/22 	29.0	29.5	29.0	29.0	4197	2025/04/22 
2025/04/23 	28.899999618530273	30.5	28.899999618530273	30.149999618530273	22781	2025/04/23 
2025/04/24 	29.700000762939453	29.700000762939453	29.700000762939453	29.700000762939453	3000	2025/04/24 
2025/04/25 	29.549999237060547	30.100000381469727	29.549999237060547	30.0	6001	2025/04/25 
2025/04/28 	30.5	30.5	30.5	30.5	1000	2025/04/28 
2025/04/29 	30.5	30.600000381469727	30.5	30.5	11000	2025/04/29 
2025/04/30 	30.5	31.299999237060547	30.5	31.299999237060547	18830	2025/04/30 
2025/05/02 	31.200000762939453	32.04999923706055	30.75	32.04999923706055	19216	2025/05/02 
2025/05/05 	31.200000762939453	32.29999923706055	31.200000762939453	32.0	11734	2025/05/05 
2025/05/06 	32.29999923706055	32.29999923706055	31.899999618530273	32.29999923706055	9026	2025/05/06 
2025/05/07 	32.29999923706055	32.400001525878906	31.5	31.600000381469727	41603	2025/05/07 
2025/05/08 	32.5	32.5	32.0	32.349998474121094	21623	2025/05/08 
2025/05/09 	31.600000381469727	32.400001525878906	31.600000381469727	32.20000076293945	52000	2025/05/09 
2025/05/12 	31.600000381469727	32.54999923706055	31.600000381469727	32.45000076293945	27501	2025/05/12 
2025/05/13 	32.20000076293945	33.599998474121094	32.20000076293945	33.599998474121094	57442	2025/05/13 
2025/05/14 	33.79999923706055	33.79999923706055	33.5	33.599998474121094	67693	2025/05/14 
2025/05/15 	33.75	34.04999923706055	33.54999923706055	34.0	41264	2025/05/15 
2025/05/16 	33.849998474121094	35.349998474121094	33.849998474121094	34.95000076293945	14025	2025/05/16 
2025/05/19 	34.70000076293945	36.04999923706055	34.70000076293945	35.5	10036	2025/05/19 
2025/05/20 	35.599998474121094	36.0	34.5	35.0	58297	2025/05/20 
2025/05/21 	33.900001525878906	33.900001525878906	33.79999923706055	33.79999923706055	3501	2025/05/21 
2025/05/22 	32.400001525878906	33.849998474121094	32.400001525878906	33.849998474121094	1506	2025/05/22 
2025/05/23 	33.849998474121094	33.849998474121094	33.849998474121094	33.849998474121094	0	2025/05/23 
2025/05/26 	33.849998474121094	33.849998474121094	33.849998474121094	33.849998474121094	0	2025/05/26 
2025/05/27 	33.79999923706055	33.79999923706055	32.150001525878906	32.25	10015	2025/05/27 
2025/05/28 	32.25	32.25	32.25	32.25	10	2025/05/28 
2025/05/29 	32.25	32.25	32.25	32.25	30	2025/05/29 
2025/06/02 	30.75	30.799999237060547	29.5	29.5	10216	2025/06/02 
2025/06/03 	30.899999618530273	31.0	30.899999618530273	31.0	9105	2025/06/03 
2025/06/04 	32.5	32.5	31.0	32.29999923706055	49167	2025/06/04 
2025/06/05 	33.20000076293945	33.349998474121094	32.29999923706055	33.0	38263	2025/06/05 
2025/06/06 	33.0	34.0	32.900001525878906	33.95000076293945	59020	2025/06/06 
2025/06/09 	33.0	33.95000076293945	33.0	33.95000076293945	23000	2025/06/09 
2025/06/10 	33.54999923706055	33.54999923706055	32.900001525878906	33.0	17183	2025/06/10 
2025/06/11 	32.45000076293945	33.0	32.0	32.0	9934	2025/06/11 
2025/06/12 	31.0	31.200000762939453	31.0	31.200000762939453	3010	2025/06/12 
2025/06/13 	30.899999618530273	31.0	30.899999618530273	30.899999618530273	5667	2025/06/13 
