Date	Open	High	Low	Close	Volume
2021/09/17	113.22600295943053	179.274504685765	108.07936646127459	168.98123168945312	928008
2021/09/22	166.40791211207267	171.5545485691471	142.81916168381494	155.25686645507812	331447
2021/09/23	155.25686434379912	157.83018253734275	135.52809152663127	136.3858642578125	425982
2021/09/24	135.52809152663127	137.6725233545843	128.237023311591	136.3858642578125	273838
2021/09/27	138.95916043081544	142.8191371094492	136.3858426450596	141.1035919189453	224512
2021/09/28	138.95919024906937	141.10362219735748	135.5280991318084	136.81475830078125	102918
2021/09/29	138.10139407387263	138.10139407387263	132.95475826987737	135.528076171875	80299
2021/09/30	137.24362182617188	138.53028078079225	136.38584918975832	137.24362182617188	57476
2021/10/01	138.9591741531225	138.9591741531225	132.09699271346213	133.38365173339844	90954
2021/10/04	135.0992202758789	135.52810668945312	131.23924255371094	132.09701538085938	62969
2021/10/05	132.52589416503906	133.38366694280631	131.2392349983882	132.52589416503906	47350
2021/10/06	132.5258787571413	133.38365143518106	130.8103334010618	131.66810607910156	50042
2021/10/07	132.09700777615544	133.38366694280631	131.6681213872718	132.52589416503906	25375
2021/10/08	133.81254547717523	133.81254547717523	131.23922729492188	131.23922729492188	28924
2021/10/12	132.09700002233967	132.09700002233967	129.95256820379518	131.23922729492188	70246
2021/10/13	131.239234899302	131.6681212878618	129.52368934506273	130.8103485107422	28138
2021/10/14	131.23924255371094	131.23924255371094	128.2370376586914	128.66592407226562	30727
2021/10/15	128.6659090142501	130.38145446777344	128.6659090142501	130.38145446777344	17163
2021/10/18	130.38145436672184	131.2392270928187	129.523681640625	129.523681640625	42767
2021/10/19	129.5236892446727	129.9525756329001	128.23703007999052	129.0948028564453	19391
2021/10/20	128.6659164173547	129.09480280541257	127.37925725318117	128.23703002929688	48061
2021/10/21	126.95037091530834	129.0948028564453	126.95037091530834	129.0948028564453	32253
2021/10/22	129.09481048583984	129.52369689941406	127.37926483154297	128.66592407226562	17596
2021/10/25	127.37925715042373	128.6659163135593	126.52148437499999	126.521484375	18902
2021/10/26	127.37924941705198	127.37924941705198	126.09259033203125	126.09259033203125	24278
2021/10/27	126.95037065748497	126.95037065748497	124.37705233334675	124.80593872070312	23360
2021/10/28	125.66370397035767	126.09259033203125	124.37704488533694	126.09259033203125	11860
2021/10/29	126.09259798728813	126.52148437499999	124.37705243644066	126.521484375	10679
2021/11/01	126.52148421660426	126.52148421660426	121.80373395768004	123.94816589355469	96945
2021/11/02	129.52369689941406	130.3814697265625	126.95037841796875	128.66592407226562	72629
2021/11/03	130.38145410813868	131.66811319473214	126.95036321055609	127.3792495727539	81831
2021/11/04	128.23702981955407	128.23702981955407	123.51927955863403	124.80593872070312	64424
2021/11/05	126.95037065748497	126.95037065748497	123.9481659459904	124.80593872070312	18048
2021/11/08	124.80593103869207	124.80593103869207	122.23261287294585	124.37704467773438	35966
2021/11/09	124.37704467773436	124.80593103869207	122.66149923390356	124.37704467773438	40979
2021/11/10	132.9547882080078	133.81256103515625	129.52369689941406	132.09701538085938	184506
2021/11/11	133.38366684210104	133.38366684210104	129.09480295650295	130.8103485107422	25942
2021/11/12	130.38145446777344	131.23922719453512	128.23702265086928	130.38145446777344	53299
2021/11/15	129.52368138374302	129.52368138374302	126.09259048616043	127.3792495727539	52044
2021/11/16	125.2348252118644	126.52148437499999	124.37705243644066	126.521484375	26188
2021/11/17	126.5214842701286	126.5214842701286	123.09039317127765	124.80593872070312	48097
2021/11/18	125.23483276367188	126.09260559082031	123.519287109375	125.23483276367188	19072
2021/11/19	125.6637036535475	125.6637036535475	123.09038548999362	123.51927185058594	41522
2021/11/22	124.80593872070312	125.2348251080595	122.23262039656493	124.80593872070312	75184
2021/11/23	126.52147669370483	126.9503630553784	123.94815852366338	126.09259033203125	26090
2021/11/24	123.51927195581897	126.52147648252289	123.51927195581897	124.37704467773438	36358
2021/11/25	125.2348251080595	125.2348251080595	123.09039317127765	124.80593872070312	41747
2021/11/26	124.37705222737914	124.8059386143701	121.80373390543336	123.09039306640625	50649
2021/11/29	123.51927945339722	123.51927945339722	120.0881883574695	123.09039306640625	38833
2021/11/30	122.66150657195506	123.94816573180074	121.37484741210938	121.37484741210938	9400
2021/12/01	122.6615065991039	122.6615065991039	120.94596105226329	121.8037338256836	9096
2021/12/02	122.6614991294013	123.94815821117825	122.6614991294013	123.51927185058594	16726
2021/12/03	123.09039306640625	123.94816584038817	122.66150667941528	123.09039306640625	10160
2021/12/06	123.94816584038817	123.94816584038817	121.80373390543336	123.09039306640625	29703
2021/12/07	123.51927934518551	123.51927934518551	118.80152909241801	121.37484741210938	90625
2021/12/08	121.37484738505479	121.80373377157441	120.08818822549591	120.94596099853516	11269
2021/12/09	121.37484738505479	121.37484738505479	119.23041545245665	120.94596099853516	21947
2021/12/10	121.37484738505479	121.37484738505479	119.65930183897628	120.94596099853516	13501
2021/12/13	120.08818009320427	120.08818009320427	113.65488473106834	116.65708923339844	145261
2021/12/14	114.08377829432034	115.7993238325808	111.93934637149478	112.797119140625	60597
2021/12/15	113.65489959716797	113.65489959716797	112.36824035644531	113.22601318359375	36883
2021/12/16	113.22599763023346	113.22599763023346	108.93713408363372	111.0815658569336	152112
2021/12/17	107.6504824418288	111.51045989990234	107.6504824418288	111.51045989990234	16172
2021/12/20	112.36823257861899	112.79711896250684	110.22380065917969	110.22380065917969	15583
2021/12/21	111.51045992913373	112.7971190821622	111.08157354479091	111.93934631347656	24991
2021/12/22	112.36823269781938	112.7971190821622	111.93934631347656	111.93934631347656	14585
2021/12/23	111.51045989990234	112.79711905259352	110.65268713144155	111.51045989990234	9301
2021/12/24	111.93934631347656	111.93934631347656	111.93934631347656	111.93934631347656	638
2021/12/27	109.79491436298076	112.79711905259352	108.07936882605918	111.51045989990234	34508
2021/12/28	111.93933874232168	112.36822509765625	109.79490696564885	112.36822509765625	20276
2021/12/29	110.65268713144155	112.79711905259352	110.65268713144155	111.51045989990234	24606
2021/12/30	113.22600552519012	113.65489190975524	111.93934637149478	112.797119140625	39642
2022/01/03	113.65489959716797	113.65489959716797	111.51046752929688	113.22601318359375	7693
2022/01/04	113.22599780832537	113.22599780832537	111.51045238698711	112.36822509765625	14147
2022/01/05	112.79712677001953	113.65489959716797	111.51046752929688	113.22601318359375	14758
2022/01/06	113.22600552519012	114.08377829432034	111.93934637149478	112.797119140625	51681
2022/01/07	113.65489190975524	114.08377829432034	111.51045998692966	112.797119140625	20983
2022/01/10	113.22600552519012	113.22600552519012	111.51045998692966	112.797119140625	10700
2022/01/11	112.7971114529908	112.7971114529908	111.08156603165254	112.36822509765625	24939
2022/01/12	112.7971112755735	112.7971112755735	110.65267950227361	111.0815658569336	2113
2022/01/13	112.7971114529908	113.22599780832537	111.93933874232168	112.36822509765625	3220
2022/01/14	112.79711905259352	113.22600543682391	110.22380074721116	111.51045989990234	21651
2022/01/17	110.22380828857422	113.22601318359375	110.22380828857422	113.22601318359375	2874
2022/01/18	112.7971114529908	112.7971114529908	111.08156603165254	112.36822509765625	12404
2022/01/19	112.36822486108588	112.36822486108588	110.65267944335938	110.65267944335938	12208
2022/01/20	112.36823266836312	112.36823266836312	110.65268713144155	111.51045989990234	10753
2022/01/21	110.22380062937737	111.93934616446495	108.50825509428978	109.79491424560547	32734
2022/01/24	110.22380047680372	110.22380047680372	106.79270941137793	107.65048217773438	27322
2022/01/25	108.50825494409082	108.50825494409082	106.3638230281997	107.65048217773438	15108
2022/01/26	108.07937622070312	108.07937622070312	106.36383056640625	108.07937622070312	6883
2022/02/07	108.50826263427734	108.50826263427734	105.93494415283203	108.50826263427734	3922
2022/02/08	108.93714904785156	109.36603546142578	107.6504898071289	108.93714904785156	23526
2022/02/09	109.36602020263672	110.22379291010839	107.22158843395758	109.36602020263672	29235
2022/02/10	109.36602020263672	110.22379291010839	108.07936114142923	109.36602020263672	41655
2022/02/11	109.36602786183357	109.79491424560547	108.07936871051788	109.79491424560547	4895
2022/02/14	109.36601989746093	109.36601989746093	105.93492907714844	107.22158813476562	16394
2022/02/15	108.50825509428978	109.79491424560547	107.65048232674599	109.79491424560547	18049
2022/02/16	109.794921875	109.794921875	108.50826263427734	108.93714904785156	8994
2022/02/17	109.36603546142578	109.36603546142578	107.22160339355469	108.07937622070312	17935
2022/02/18	108.93714150751612	111.93934619473113	108.93714150751612	110.22380065917969	50030
2022/02/21	111.08157360236454	112.797119140625	111.08157360236454	112.797119140625	22496
2022/02/22	113.22600561156308	114.08377838134766	111.93934645688624	114.08377838134766	43262
2022/02/23	114.08378601074219	115.37044525146484	112.36824035644531	113.22601318359375	14946
2022/02/24	114.94154402138531	120.94595303742783	114.51265766309656	118.37263488769531	54955
2022/02/25	120.08817985876283	121.80372528531657	111.08156636935561	114.94154357910156	52250
2022/03/01	114.94155106345058	114.94155106345058	109.7949144486692	112.797119140625	18339
2022/03/02	114.94154322966364	115.3704295849982	110.65267967631799	112.36822509765625	5774
2022/03/03	115.37043753602451	115.79932392091679	113.65489199645538	114.08377838134766	14391
2022/03/04	111.51045238698711	115.79931594033278	111.51045238698711	112.36822509765625	8213
2022/03/07	111.08158111572266	111.51046752929688	108.07937622070312	108.50826263427734	23548
2022/03/08	108.50826263427734	111.51046752929688	107.22160339355469	108.07937622070312	18779
2022/03/09	107.22160339355469	110.22380828857422	107.22160339355469	108.93714904785156	3490
2022/03/10	111.51045989990234	111.51045989990234	106.79270967336801	111.51045989990234	35444
2022/03/11	110.65269470214844	110.65269470214844	106.36383056640625	108.93714904785156	20739
2022/03/14	108.93713384890088	109.79490655637255	107.6504747876934	109.36602020263672	3659
2022/03/15	108.93714904785156	109.36603546142578	107.22160339355469	108.07937622070312	5158
2022/03/16	109.7949140936255	109.7949140936255	107.65048217773438	107.65048217773438	5715
2022/03/17	109.79491424560547	111.51045978069305	108.07936871051788	109.79491424560547	20561
2022/03/18	111.51045989990234	111.93934628413272	110.65268713144155	111.51045989990234	2799
2022/03/21	111.51045215222263	111.93933850665425	108.93713402563287	110.65267944335938	11534
2022/03/22	108.07936131676962	111.51045215222263	108.07936131676962	110.65267944335938	2083
2022/03/23	111.51045981084326	112.36823257861899	108.93714150751612	110.22380065917969	27984
2022/03/24	112.36823269781938	112.36823269781938	110.6526871604481	111.93934631347656	7044
2022/03/25	111.93933850665425	111.93933850665425	109.3660203800645	110.65267944335938	4974
2022/03/28	109.79490673449612	111.51045215222263	108.07936131676962	110.65267944335938	6543
2022/03/29	111.51045981084326	111.93934619473113	108.93714150751612	110.22380065917969	6799
2022/03/30	109.79491424560547	111.51045978069305	108.93714147806168	109.79491424560547	7885
2022/03/31	108.93714147806168	111.51045978069305	107.65048232674599	109.79491424560547	16545
2022/04/01	110.65268704306754	110.65268704306754	107.65048235585253	110.22380065917969	612
2022/04/06	109.794921875	109.794921875	107.6504898071289	108.50826263427734	3251
2022/04/07	109.794921875	109.794921875	107.6504898071289	108.93714904785156	4364
2022/04/08	108.93714904785156	109.36603546142578	107.6504898071289	108.50826263427734	11853
2022/04/11	107.6504898071289	108.93714904785156	106.36383056640625	108.07937622070312	21189
2022/04/12	106.79270178222656	108.50824719238281	105.50604272460937	107.22158813476562	43164
2022/04/13	108.93713408363372	112.36822492091352	108.93713408363372	111.0815658569336	37255
2022/04/14	111.51045215222263	111.93933850665425	109.3660203800645	110.65267944335938	8115
2022/04/15	110.6526871604481	111.93934631347656	108.50825523873398	111.93934631347656	21614
2022/04/18	111.51045215222263	111.51045215222263	108.50824767120125	110.65267944335938	11699
2022/04/19	110.65269470214844	110.65269470214844	108.50826263427734	108.50826263427734	13561
2022/04/20	110.65267944335938	110.65267944335938	108.93713402563287	110.65267944335938	9458
2022/04/21	110.65268704306754	110.65268704306754	108.93714150751612	110.22380065917969	15908
2022/04/22	110.22380077610526	113.65489185084785	108.07936885439116	111.93934631347656	27145
2022/04/25	111.51046752929688	111.51046752929688	106.79271697998047	108.93714904785156	26371
2022/04/26	109.79491424560547	109.79491424560547	108.07936871051788	109.79491424560547	19526
2022/04/27	109.79491424560547	109.79491424560547	105.9349367916584	109.79491424560547	20548
2022/04/28	106.36381530761719	109.36601977194509	106.36381530761719	106.36381530761719	10861
2022/04/29	106.36380777014307	108.93712570006588	105.93492144848926	106.79269409179688	5344
2022/05/03	105.93492844899495	106.79270114898682	102.93272399902344	102.93272399902344	24043
2022/05/04	102.93273181450076	105.50605010986328	102.93273181450076	105.50605010986328	5647
2022/05/05	103.36160351856645	107.22158041345067	103.36160351856645	106.79269409179688	490
2022/05/06	102.07494455360504	106.79269409179688	102.07494455360504	106.79269409179688	1055
2022/05/09	102.07495880126953	102.93273156430541	100.78829965671572	102.07495880126953	17315
2022/05/10	100.359412980392	100.78829936065009	94.3550036567788	98.21498107910156	45783
2022/05/11	99.50163275591805	99.9305191040039	96.92831466740293	99.9305191040039	17397
2022/05/12	99.50163262437432	99.50163262437432	96.07054184422348	99.07274627685547	1393
2022/05/13	99.93052670051311	99.93052670051311	95.21277651293525	99.50164031982422	22181
2022/05/16	96.92832180447049	99.50164008246529	95.64166266547309	96.49943542480469	18340
2022/05/17	94.3550036886464	98.64386749267578	94.3550036886464	98.64386749267578	14638
2022/05/18	98.64386745935965	98.64386745935965	95.21277641729498	98.21498107910156	26698
2022/05/19	98.21498107910156	98.21498107910156	98.21498107910156	98.21498107910156	1222
2022/05/20	98.21498087382638	98.21498087382638	92.63945794212444	95.64166259765625	31473
2022/05/23	97.78609466552734	97.78609466552734	96.92832190530342	97.78609466552734	1074
2022/05/24	97.78608662373311	97.78608662373311	94.35499586500563	95.2127685546875	2243
2022/05/25	96.92832187198857	97.35720825195312	96.49943549202402	97.35720825195312	7204
2022/05/26	97.35720825195312	97.35720825195312	94.35500359220127	97.35720825195312	1139
2022/05/27	97.35720027889218	97.35720027889218	94.35499586500563	95.2127685546875	3297
2022/05/30	96.9283218383789	96.9283218383789	93.92611717966805	96.9283218383789	223
2022/05/31	96.9283218383789	96.9283218383789	93.49723079985222	96.9283218383789	8010
2022/06/01	96.92831393405123	96.92831393405123	93.49722317532377	95.2127685546875	7355
2022/06/02	96.07054917781115	98.21498107910156	94.78389003703688	98.21498107910156	39679
2022/06/06	98.64387512207031	101.64608001708984	96.92832946777344	101.21719360351562	30048
2022/06/07	101.64608001708984	101.64608001708984	98.64387512207031	101.21719360351562	19688
2022/06/08	98.64387512207031	101.21719360351562	98.64387512207031	101.21719360351562	1587
2022/06/09	101.21718600631263	101.64607238769531	97.78609495525119	101.64607238769531	6586
2022/06/10	101.21718574090816	101.21718574090816	98.21498107910156	98.21498107910156	8281
2022/06/13	99.50163262437432	99.50163262437432	96.9283145392612	99.07274627685547	25050
2022/06/14	99.07275387307872	99.07275387307872	98.64386749267578	98.64386749267578	2213
2022/06/15	99.07275380586323	99.07275380586323	96.49943552519146	97.78609466552734	7813
2022/06/16	98.64386745935965	99.07275383961775	96.92832193832731	98.21498107910156	4392
2022/06/17	96.07054921025815	98.64386749267578	96.07054921025815	98.64386749267578	3364
2022/06/20	98.64386735764225	98.64386735764225	93.49723079985222	96.9283218383789	13013
2022/06/21	97.35720828541538	97.78609466552734	94.35500362463164	97.78609466552734	4241
2022/06/22	97.78609466552734	97.78609466552734	97.78609466552734	97.78609466552734	10
2022/06/23	94.35501098632812	97.78610229492188	94.35501098632812	94.78389739990234	12548
2022/06/24	96.9283140727452	97.35720041819981	94.35499600001744	96.07054138183594	4128
2022/06/27	97.35720101548878	100.35940545208976	94.78388292697366	99.9305191040039	49133
2022/06/28	99.93053436279297	102.07496643066406	99.50164794921875	101.21719360351562	54008
2022/06/29	102.07496643066406	102.07496643066406	99.07276153564453	100.35942077636719	32944
2022/06/30	101.64608001708984	102.9327392578125	99.93053436279297	101.21719360351562	52541
2022/07/01	101.21718570642304	102.07495846664696	97.78609466552734	97.78609466552734	23184
2022/07/04	99.50164031982422	99.50164031982422	97.78609479706863	99.50164031982422	8825
2022/07/05	99.50163275591805	99.9305191040039	97.78608736357464	99.9305191040039	8498
2022/07/06	99.9305266338846	99.9305266338846	96.92832197106404	98.64386749267578	12056
2022/07/07	98.64386749267578	98.64386749267578	95.64166282985522	98.64386749267578	8317
2022/07/08	98.64386755844643	99.50164031982422	96.92832203569084	99.50164031982422	12019
2022/07/11	99.93052670051311	99.93052670051311	96.92832203569084	99.50164031982422	12704
2022/07/12	99.93051897189318	99.93051897189318	96.9283145392612	99.07274627685547	2265
2022/07/13	99.93053436279297	100.35942077636719	97.78610229492188	100.35942077636719	17814
2022/07/14	100.35942077636719	100.35942077636719	97.78610229492188	100.35942077636719	6476
2022/07/15	100.35942077636719	100.7883071899414	97.35721588134766	100.7883071899414	11408
2022/07/18	100.7883071899414	101.21719360351562	99.50164794921875	101.21719360351562	14933
2022/07/19	101.64607238769531	101.64607238769531	99.50164048078192	101.64607238769531	10299
2022/07/20	102.07496643066406	102.07496643066406	100.35942077636719	101.21719360351562	13887
2022/07/21	100.35942077636719	101.64608001708984	100.35942077636719	101.21719360351562	9892
2022/07/22	101.64608001708984	101.64608001708984	99.50164794921875	100.7883071899414	6895
2022/07/25	100.7883071899414	101.64608001708984	99.07276153564453	100.7883071899414	10645
2022/07/26	101.64606449634732	101.64606449634732	99.50163275591805	99.9305191040039	3413
2022/07/27	101.21719360351562	101.64608001708984	99.93053436279297	101.21719360351562	7500
2022/07/28	102.07496643066406	102.07496643066406	99.50164794921875	101.21719360351562	2851
2022/07/29	100.78829965671572	102.93273156430541	100.78829965671572	102.07495880126953	20566
2022/08/01	102.93273156430541	102.93273156430541	101.21718603823366	102.07495880126953	4825
2022/08/02	102.07496643066406	102.50385284423828	99.50164794921875	100.35942077636719	13708
2022/08/03	100.7883071899414	101.21719360351562	98.64387512207031	100.35942077636719	9386
2022/08/04	100.7883071899414	101.21719360351562	98.2149887084961	101.21719360351562	9992
2022/08/05	101.21719360351562	102.07496643066406	100.7883071899414	101.21719360351562	22455
2022/08/08	102.07495129903158	102.93272399902344	100.78829224904379	102.93272399902344	15286
2022/08/09	102.9327316600752	103.36161804199219	101.64607251432427	103.36161804199219	35313
2022/08/10	101.21718613240729	103.36161804199219	101.21718613240729	103.36161804199219	9003
2022/08/11	103.7904966990153	103.7904966990153	100.78829224904379	102.93272399902344	20458
2022/08/12	102.93272393517914	102.93272393517914	100.35940583679965	102.50383758544922	3933
2022/08/15	102.50385284423828	102.50385284423828	100.35942077636719	100.35942077636719	11476
2022/08/16	99.93053436279297	102.07496643066406	99.93053436279297	100.7883071899414	11468
2022/08/17	101.64608001708984	101.64608001708984	98.64387512207031	100.7883071899414	4111
2022/08/18	99.50163275591805	100.78829180017561	98.64386005974634	99.9305191040039	9615
2022/08/19	100.35940545208976	100.35940545208976	98.21497371166049	99.9305191040039	28609
2022/08/22	97.7860872342989	100.35940531941203	97.7860872342989	99.07274627685547	9762
2022/08/23	99.9305268621646	101.64607238769531	98.64386771801655	101.64607238769531	25876
2022/08/24	102.0749589888776	104.64827728271484	100.35941345965277	104.64827728271484	51705
2022/08/25	104.64827053703397	111.51045221159357	102.5038387637341	111.0815658569336	81325
2022/08/26	109.36602043829369	112.7971112755735	109.36602043829369	111.0815658569336	58443
2022/08/29	111.51045981084326	111.93934619473113	108.0793687397404	110.22380065917969	16911
2022/08/30	110.65267944335938	111.51045215222263	109.79490673449612	110.65267944335938	13765
2022/08/31	110.65267967631799	114.08377051899451	110.65267967631799	112.36822509765625	44159
2022/09/01	113.65488392438075	113.65488392438075	108.93713402563287	110.65267944335938	27801
2022/09/02	111.51045981084326	111.51045981084326	109.79491427529183	110.22380065917969	7340
2022/09/05	111.51045978069305	111.51045978069305	109.79491424560547	109.79491424560547	28199
2022/09/06	111.08157351567195	111.93934628413272	110.22380074721116	111.51045989990234	23532
2022/09/07	112.40973780232092	112.8593767535302	109.71190409506521	111.51045989990234	30977
2022/09/08	111.5104610784267	111.5104610784267	109.7119052545811	110.6111831665039	20277
2022/09/12	111.51045989990234	111.96009885111162	108.81262619264665	111.51045989990234	4381
2022/09/13	111.96009287931481	111.96009287931481	108.3629814615055	110.16153717041016	10673
2022/09/14	110.61117609763632	110.61117609763632	109.711898243184	110.16153717041016	13629
2022/09/15	110.16153717041016	110.61117609763632	108.81262038873166	110.16153717041016	11245
2022/09/16	111.06081559228116	111.06081559228116	108.81262094466413	109.71189880371094	3250
2022/09/19	109.71189880371094	109.71189880371094	109.71189880371094	109.71189880371094	0
2022/09/20	109.71189880371094	109.71189880371094	109.71189880371094	109.71189880371094	0
2022/09/21	109.71189880371094	109.71189880371094	109.71189880371094	109.71189880371094	0
2022/09/22	109.71189880371094	109.71189880371094	109.71189880371094	109.71189880371094	0
2022/09/23	104.31623840332031	107.01407215513032	103.86659944468532	104.31623840332031	32501
2022/09/26	106.11478820534252	106.11478820534252	100.71912100846069	102.96731567382812	43306
2022/09/27	102.96731681655682	102.96731681655682	100.71912212623899	102.06803894042969	17190
2022/09/28	101.6184058147928	105.21551752505096	101.6184058147928	103.41696166992188	9427
2022/09/29	103.86659827599158	105.66515409029446	101.16876455453726	105.21551513671875	8733
2022/09/30	107.01406976732156	107.01406976732156	102.96731922990185	106.11479187011719	252
2022/10/03	106.1147954526155	106.1147954526155	102.96732270613961	103.41696166992188	7141
2022/10/04	105.21551632059032	107.91335007240033	103.41696048605031	104.31623840332031	10806
2022/10/05	105.21551226372499	107.9133459115128	103.41695649853311	107.46370697021484	29240
2022/10/06	107.91334533691406	108.36298427581787	104.7658727645874	107.91334533691406	22956
2022/10/07	107.01407215513032	107.46371111376533	102.51768256878032	104.31623840332031	21521
2022/10/11	105.66515292151499	106.56443081871937	102.96731922990185	106.11479187011719	5160
2022/10/12	106.56443319649533	107.46371111376533	102.96732152741531	104.31623840332031	11279
2022/10/13	106.56442713841601	106.56442713841601	102.06803780768115	102.96731567382812	13398
2022/10/14	106.11478591067598	106.11478591067598	102.96731344722372	104.765869140625	2468
2022/10/17	104.76587736195532	105.66515527922532	103.41696048605031	104.31623840332031	2543
2022/10/18	104.76587256881109	104.76587256881109	102.06803894042969	102.06803894042969	6202
2022/10/19	104.76587140612206	104.76587140612206	102.06803780768115	102.96731567382812	14562
2022/10/20	102.9673162426865	102.9673162426865	100.269482629341	102.5176773071289	10414
2022/10/21	102.96731856891087	102.96731856891087	99.37020700318473	100.71912384033203	10541
2022/10/24	101.61840231856958	101.61840231856958	99.81984652532056	100.26948547363281	9051
2022/10/25	98.92056916889392	100.71912497196472	93.97454071044922	93.97454071044922	26671
2022/10/26	93.97453040720147	98.92055832336996	93.97453040720147	96.22272491455078	17130
2022/10/27	97.12200927734375	97.12200927734375	93.07525889078777	97.12200927734375	1093
2022/10/28	97.57165833239286	97.57165833239286	93.52490752598025	95.3234634399414	1352
2022/10/31	97.12200927734375	97.12200927734375	97.12200927734375	97.12200927734375	57
2022/11/01	97.12200218023256	97.12200218023256	93.07525208938954	96.67236328125	12816
2022/11/02	97.12200927734375	97.12200927734375	95.32345354998553	97.12200927734375	691
2022/11/03	97.57165111523669	97.57165111523669	94.87381744384766	94.87381744384766	140
2022/11/04	97.57164820918331	97.57164820918331	96.22273141366463	97.12200927734375	2197
2022/11/07	97.57164820918331	98.02128714102285	96.67237034550419	97.12200927734375	16747
2022/11/08	98.02128714102285	98.02128714102285	97.12200927734375	97.12200927734375	2868
2022/11/09	98.4709243774414	98.4709243774414	97.12200760514769	98.4709243774414	11018
2022/11/10	99.37020279070653	99.37020279070653	98.02128601074219	98.02128601074219	3525
2022/11/11	98.92056443174863	100.26948121945429	95.77309192710207	97.57164764404297	19857
2022/11/14	98.47092550251341	98.47092550251341	97.12200871480775	97.57164764404297	5101
2022/11/15	98.47092493739697	98.47092493739697	97.12200815743262	98.02128601074219	20627
2022/11/16	98.47092550251341	98.47092550251341	96.67236978557253	97.57164764404297	9642
2022/11/17	98.02128657327819	98.47092550251341	96.67236978557253	97.57164764404297	9567
2022/11/18	98.02128601074219	98.47092493739697	96.67236923077785	98.02128601074219	8498
2022/11/21	98.02128657327819	99.37020336098385	95.32345299786685	97.57164764404297	12368
2022/11/22	99.8198471069336	99.8198471069336	97.57165235227292	99.8198471069336	13995
2022/11/23	99.8198471069336	100.26948605786572	98.47093025413719	99.8198471069336	1786
2022/11/24	99.81984537760417	101.61840115017361	99.81984537760417	101.16876220703125	4974
2022/11/25	101.61840115017361	103.86659586588543	101.16876220703125	101.16876220703125	5152
2022/11/28	102.96732270613961	103.41696166992188	101.6184058147928	103.41696166992188	5357
2022/11/29	103.41695517824408	103.41695517824408	99.81984369378341	102.5176773071289	2705
2022/11/30	102.9673162426865	102.9673162426865	98.92056582266825	102.5176773071289	8031
2022/12/01	102.51768374235733	104.31623959748642	102.06804477857507	103.41696166992188	23703
2022/12/02	104.31623840332031	105.66515527922532	101.6184046515103	104.31623840332031	32558
2022/12/05	105.21551513671875	107.46370990459735	104.3162372295673	105.21551513671875	24868
2022/12/06	106.11479187011719	106.56443081871937	104.31623607570842	106.11479187011719	14470
2022/12/07	106.11479423786032	106.11479423786032	101.6184046515103	104.31623840332031	9013
2022/12/08	104.31623247304857	104.31623247304857	102.06803780768115	102.96731567382812	4384
2022/12/09	103.41696621509308	107.46371706698804	101.16877129737367	105.6651611328125	32665
2022/12/12	107.01406152137723	107.01406152137723	105.21550586555577	106.56442260742188	6497
2022/12/13	107.46371706698804	107.46371706698804	104.76588316572473	105.6651611328125	1403
2022/12/14	107.01407215513032	107.01407215513032	101.6184046515103	104.31623840332031	32371
2022/12/15	107.01406976732156	107.01406976732156	102.96731922990185	106.11479187011719	5569
2022/12/16	107.0140609741211	107.0140609741211	102.96731076921735	107.0140609741211	9947
2022/12/19	107.01406152137723	107.01406152137723	106.1147836934665	106.56442260742188	163
2022/12/20	107.01407808344415	107.01407808344415	102.9673272315492	105.6651611328125	7198
2022/12/21	105.66515588141107	105.66515588141107	102.06804419183112	103.8666000366211	1101
2022/12/22	105.21551632059032	105.21551632059032	103.41696048605031	104.31623840332031	5015
2022/12/23	104.31623899781859	104.31623899781859	101.61840523063363	103.8666000366211	6344
2022/12/26	104.31623959748642	105.66515648883322	103.41696166992188	103.41696166992188	2140
2022/12/27	103.86659586588543	103.86659586588543	101.16876220703125	101.16876220703125	5250
2022/12/28	103.86659353997509	103.86659353997509	101.61839887460766	102.96731567382812	14651
2022/12/29	102.96731681655682	102.96731681655682	101.16876106430256	102.06803894042969	15244
2022/12/30	102.5176773071289	103.41695517824408	100.71912156489859	102.5176773071289	11340
2023/01/03	102.96731567382812	103.4169546069016	98.92056527616676	102.96731567382812	33282
2023/01/04	103.41695575462039	103.41695575462039	99.37020531204828	102.06803894042969	4428
2023/01/05	102.06803951432221	102.51767845491393	99.81984481136357	101.61840057373047	6912
2023/01/06	102.06803894042969	102.06803894042969	102.06803894042969	102.06803894042969	706
2023/01/09	102.06803780768115	103.4169546069016	101.61839887460766	102.96731567382812	6226
2023/01/10	103.41695692274305	103.41695692274305	100.71912326388889	101.16876220703125	9538
2023/01/11	102.96732270613961	103.41696166992188	101.16876685101053	103.41696166992188	38505
2023/01/12	103.8666000366211	104.31623899781859	102.9673221142261	103.8666000366211	6770
2023/01/13	103.86660063370415	105.21551752505096	101.6184058147928	103.41696166992188	27205
2023/01/16	105.21550806397532	105.21550806397532	101.16875775382243	104.765869140625	4197
2023/01/17	105.21552214926862	105.6651611328125	103.86660519863698	105.6651611328125	8635
2023/01/30	106.11479360688992	112.85937794631089	105.21551569496712	110.6111831665039	92035
2023/01/31	112.85936959455853	112.85936959455853	109.71189713574614	111.0608139038086	20737
2023/02/01	111.5104610784267	113.30901690227229	109.7119052545811	110.6111831665039	26638
2023/02/02	110.16153717041016	111.96009287931481	107.014064679827	110.16153717041016	19752
2023/02/03	111.51045282649608	111.51045282649608	109.26225821305866	111.0608139038086	10314
2023/02/06	111.5104610784267	111.5104610784267	109.2622662986197	110.6111831665039	12633
2023/02/07	110.1615430462745	111.51045989990234	109.26226514385593	111.51045989990234	16751
2023/02/08	112.40973663330078	113.30901452636719	111.06081979370117	112.40973663330078	12347
2023/02/09	112.4097418597364	114.65793669693113	111.51046392485851	114.20829772949219	41470
2023/02/10	114.2082889676094	115.55720576643944	112.85937216877937	115.1075668334961	29669
2023/02/13	115.55721524204661	116.00685421186003	111.0608255439125	113.75865936279297	42922
2023/02/14	115.55721463180902	115.55721463180902	112.4097418597364	114.20829772949219	24190
2023/02/15	115.55720807635595	115.55720807635595	111.06081865704249	113.30901336669922	47274
2023/02/16	115.10756913442461	115.10756913442461	111.96009654090518	113.30901336669922	47444
2023/02/17	115.10757566437007	115.10757566437007	111.96010289229746	114.20829772949219	10788
2023/02/20	115.10757566437007	115.10757566437007	112.4097418597364	114.20829772949219	19903
2023/02/21	115.1075814688716	117.3557764194355	113.30902550842048	115.55722045898438	40998
2023/02/22	115.55722045898438	115.55722045898438	112.40974752819493	115.55722045898438	3392
2023/02/23	115.1075814688716	115.55722045898438	112.8593865183077	115.55722045898438	23728
2023/02/24	115.10756515444015	117.35575978636281	114.65792622805562	116.45648193359375	39525
2023/03/01	117.80539814875677	118.25503707298866	114.2082867549016	116.90612030029297	11333
2023/03/02	117.80541047869988	119.15432739257812	116.90613253611438	119.15432739257812	29707
2023/03/03	119.60396636387088	120.95288327774912	118.70468842128538	119.15432739257812	48347
2023/03/06	120.50323601055862	120.95287495089653	118.2550413088691	119.60395812988281	8098
2023/03/07	120.50324430645637	120.50324430645637	116.0068545935289	119.15432739257812	17984
2023/03/08	119.60396697304465	120.95288389379327	116.45649415796453	118.7046890258789	38289
2023/03/09	120.50323601055862	120.50323601055862	117.35576342819328	119.60395812988281	43448
2023/03/10	119.60395441828547	119.60395441828547	115.10756515444015	116.45648193359375	44548
2023/03/13	117.35575978636281	117.80539871274735	114.65792622805562	116.45648193359375	9182
2023/03/14	117.80539814875677	117.80539814875677	114.6579256791335	116.90612030029297	4474
2023/03/15	117.35575866699219	117.80539758908795	114.65792513441765	117.35575866699219	3111
2023/03/16	117.80541009111367	117.80541009111367	113.75865936279297	113.75865936279297	28469
2023/03/17	115.10757328003876	116.00685119628906	113.30901744753815	116.00685119628906	11503
2023/03/20	116.00684300720921	116.45648193359375	113.75864837528655	116.45648193359375	9779
2023/03/21	116.90612911253938	116.90612911253938	114.65793432191361	116.00685119628906	7808
2023/03/22	116.90612030029297	116.90612030029297	115.55720352759728	116.90612030029297	4912
2023/03/23	115.10756515444015	116.90612085997827	115.10756515444015	116.45648193359375	5796
2023/03/24	116.45648137606108	117.35575922452487	116.00684245182919	116.90612030029297	16067
2023/03/27	118.2550436121817	119.15432151037318	116.90612676489444	117.80540466308594	193250
2023/03/28	119.60396697304465	119.60396697304465	116.9061331315474	118.7046890258789	22266
2023/03/29	125.89890700120192	133.09313025841345	124.10035118689903	128.59674072265625	119292
2023/03/30	128.59671834309896	130.39527384440103	127.2478017171224	128.14707946777344	29512
2023/03/31	130.39530365309233	130.84494263120646	128.5967477406359	129.04638671875	31632
2023/04/06	130.84491271972655	130.84491271972655	127.2478017171224	128.14707946777344	23520
2023/04/07	129.4960241214463	129.4960241214463	124.54999542236328	124.54999542236328	44177
2023/04/10	128.1471006075541	129.4960174560547	124.5499890115526	129.4960174560547	42507
2023/04/11	126.79819746346308	132.6435044387291	126.79819746346308	130.3953094482422	29988
2023/04/12	130.84494018554688	131.74421812496644	129.9456622461273	130.84494018554688	30314
2023/04/13	130.84494844633957	132.19386544063173	126.79819746346308	130.3953094482422	73387
2023/04/14	132.64350635949586	134.89170138253814	130.39531133645355	134.4420623779297	101174
2023/04/17	135.7909560523475	140.7369842529297	134.8916781976962	140.7369842529297	70995
2023/04/18	138.9384296576693	141.18662431232414	138.03915179580736	139.83770751953125	32235
2023/04/19	139.83769723433483	142.0858917236328	137.58950274503684	142.0858917236328	57474
2023/04/20	142.53554948376072	142.53554948376072	138.0391599101405	139.38807678222656	34916
2023/04/21	141.18662545904758	141.18662545904758	136.24059717863508	138.9384307861328	16497
2023/04/24	139.38806209032748	145.68300682989067	136.2405897205459	145.23336791992188	96836
2023/04/25	145.68300682989067	145.68300682989067	142.08589555014026	145.23336791992188	37833
2023/04/26	145.68300257564673	149.28011375035405	141.63625250410098	148.83047485351562	93781
2023/04/27	147.48155922005606	148.83047592023948	143.8844480195669	147.9311981201172	17473
2023/04/28	149.28011699969952	149.28011699969952	145.6830057466947	146.1326446533203	31857
2023/05/02	148.3808570933119	149.28013501508957	143.88446748442368	144.3341064453125	35177
2023/05/03	145.683023327979	145.683023327979	141.63627267997956	144.3341064453125	39432
2023/05/04	142.9851814412182	145.68301505331667	142.9851814412182	144.7837371826172	13137
2023/05/05	147.48157079471565	147.93120973006538	144.33409824726743	144.7837371826172	24019
2023/05/08	146.1326425198726	148.38083702017835	145.68300361981147	147.9311981201172	47614
2023/05/09	149.2801403808594	157.37364196777344	147.48158447265627	157.37364196777344	162284
2023/05/10	157.82326011657716	167.26567738850912	154.2261487748888	161.87001037597656	142399
2023/05/11	162.7692915921831	162.7692915921831	154.67579090527894	159.17218017578125	60480
2023/05/12	159.1721847622381	159.1721847622381	148.38085020208635	155.5750732421875	62985
2023/05/15	151.9779510498047	156.02470122568707	148.83047869078507	151.9779510498047	24890
2023/05/16	152.87723485325787	155.12542948345285	150.1794012970239	153.32687377929688	31748
2023/05/17	150.17940464304453	153.32687719544367	149.2801267709305	150.62904357910156	22454
2023/05/18	152.87723825938667	152.87723825938667	147.48157102670243	150.62904357910156	29989
2023/05/19	147.48156850615894	151.07867993313843	144.78373493592431	146.58229064941406	91031
2023/05/22	147.9311981201172	147.9311981201172	146.1326425198726	147.9311981201172	18038
2023/05/23	147.48157102670243	151.0786825151586	147.48157102670243	150.62904357910156	5738
2023/05/24	150.6290447246563	151.07868366413288	148.38085002727337	149.72976684570312	10294
2023/05/25	150.17940464304453	151.0786825151586	148.38084889881648	150.62904357910156	10617
2023/05/26	147.4815651767225	151.07867652249624	146.5822873402791	149.28012084960938	12284
2023/05/29	146.5823011569634	150.62905180240105	146.5823011569634	150.17941284179688	12284
2023/05/30	150.62903540475028	151.07867431640625	146.58228519984652	151.07867431640625	6038
2023/05/31	151.07870108621162	153.7765350341797	148.38086713824356	153.7765350341797	34242
2023/06/01	153.7765350341797	153.7765350341797	148.38086713824356	153.7765350341797	18908
2023/06/02	153.77654201852337	154.6758200420235	148.38087387752253	154.22618103027344	22923
2023/06/05	154.6758200420235	154.6758200420235	150.17942992452282	154.22618103027344	9691
2023/06/06	154.22615756544957	154.67579650878906	150.17940707539404	154.67579650878906	25814
2023/06/07	150.17939649309432	154.675785609654	150.17939649309432	151.07867431640625	9359
2023/06/08	150.1794231035556	153.7765350341797	150.1794231035556	153.7765350341797	1440
2023/06/09	153.7765350341797	153.7765350341797	150.1794231035556	153.7765350341797	6657
2023/06/12	153.7765350341797	153.7765350341797	150.1794231035556	153.7765350341797	6511
2023/06/13	153.7765350341797	153.7765350341797	150.1794231035556	153.7765350341797	11185
2023/06/14	152.87723711053414	153.77651497589022	149.2801256491098	151.5283203125	14702
2023/06/15	151.52831544071796	151.97795435893966	149.28012084960938	149.28012084960938	17011
2023/06/16	151.07867323294195	152.87722886666745	148.83047869078507	151.9779510498047	8260
2023/06/19	151.07868724149816	152.8772430419922	149.28013144100413	152.8772430419922	6409
2023/06/20	152.87724660542196	152.87724660542196	149.72977388119267	150.17941284179688	4973
2023/06/21	153.3268819921157	153.3268819921157	149.28013144100413	152.8772430419922	13927
2023/06/26	148.830485611187	152.87723597523737	147.9312077525091	152.42759704589844	12520
2023/06/27	152.42759817785608	152.42759817785608	148.38084778375372	151.5283203125	44236
2023/06/28	153.32688316932092	164.56785700871393	151.0786884014423	163.6685791015625	217394
2023/06/29	164.58294052166292	166.41163986079252	163.21141601731574	165.0401153564453	82991
2023/06/30	162.75421719021267	166.41161532931858	162.29704242282443	164.58291625976562	48857
2023/07/03	165.49728178642164	165.49728178642164	161.83988329390405	162.29705810546875	30961
2023/07/04	160.0111632605224	163.21138652573285	156.81093999531194	160.4683380126953	21669
2023/07/05	160.9255160627694	160.9255160627694	156.81094320889179	159.09681701660156	19022
2023/07/06	159.0968420339185	160.01119170078013	154.52509369961052	157.2681427001953	44010
2023/07/07	153.61074829101562	158.63967159816195	152.6963985988072	153.61074829101562	19850
2023/07/10	157.26812560299794	157.72530038672758	150.41050384705326	151.7820281982422	78480
2023/07/11	153.61074829101562	155.43944767543246	150.86769921439034	153.61074829101562	5627
2023/07/12	153.61073019975672	154.5250797842791	152.2392058229732	152.69638061523438	2425
2023/07/13	154.52508891091418	154.52508891091418	149.03899107975747	153.153564453125	40341
2023/07/14	152.6963985988072	154.06792313711983	150.86769921439034	153.61074829101562	11420
2023/07/17	154.0679161562557	156.35379028320312	153.15356650547676	156.35379028320312	15665
2023/07/18	156.35378750071806	156.35378750071806	152.69638896268955	155.43943786621094	21156
2023/07/19	155.43943786621094	156.35378750071806	152.69638896268955	155.43943786621094	14524
2023/07/20	155.43943786621094	155.43943786621094	151.78203932818244	155.43943786621094	1476
2023/07/21	155.4394197181837	155.4394197181837	151.78202160716762	154.5250701904297	5373
2023/07/24	154.52509798322404	156.3537973676409	152.6963985988072	153.61074829101562	4766
2023/07/25	155.43944767543246	156.3537973676409	153.15357344491142	153.61074829101562	4763
2023/07/26	155.4394385494403	155.89661336870336	152.69638963386194	153.153564453125	20001
2023/07/27	154.52507639355758	154.52507639355758	151.32485291795135	154.06790161132812	4425
2023/07/28	154.5250931952707	154.5250931952707	149.4961700439453	149.4961700439453	26281
2023/07/31	146.29594282670456	152.69639032537287	146.29594282670456	150.86769104003906	11082
2023/08/01	150.86766997729342	151.32484473480037	147.66744667474478	149.03897094726562	39616
2023/08/02	150.41052326155298	150.86769810429325	147.210299362371	148.12464904785156	20567
2023/08/04	149.0389771446815	149.95332669771634	147.2102780386118	148.58180236816406	9326
2023/08/07	148.58180236816406	148.58180236816406	146.75310326209436	148.58180236816406	14430
2023/08/08	149.0389771446815	149.0389771446815	146.75310326209436	148.58180236816406	4052
2023/08/09	149.03899873333214	149.03899873333214	145.83877483415014	148.12464904785156	11509
2023/08/10	148.12464629937404	148.12464629937404	145.38159729383005	147.21029663085938	16968
2023/08/11	146.2959414308176	146.2959414308176	142.18136807807585	145.381591796875	44921
2023/08/14	145.38157789778	145.38157789778	136.23808243251082	138.52395629882812	55896
2023/08/15	139.4382996308176	139.4382996308176	136.23807636060212	138.9811248779297	15735
2023/08/16	138.9811248779297	138.9811248779297	138.52395012504175	138.9811248779297	4773
2023/08/17	139.4383275114148	139.4383275114148	133.49505453551842	138.06680297851562	29195
2023/08/18	138.52395012504175	138.9811248779297	134.86655210193834	138.9811248779297	7444
2023/08/21	138.9811339331455	139.4383087158203	138.9811339331455	139.4383087158203	2362
2023/08/22	139.89548634084895	140.3526611328125	137.1524375890676	140.3526611328125	4881
2023/08/23	140.35266736597796	140.35266736597796	137.15244368010877	139.89549255371094	4079
2023/08/24	140.80984640441486	140.80984640441486	134.4093988405778	136.23809814453125	40300
2023/08/25	138.06677537215384	138.9811248779297	136.23807636060212	138.9811248779297	505
2023/08/28	139.89550076998196	142.6385498046875	139.43832593086438	142.6385498046875	25813
2023/08/29	143.55289597284226	144.01007080078125	141.72419666108632	144.01007080078125	4654
2023/08/30	140.80984362716194	145.381591796875	140.80984362716194	145.381591796875	8948
2023/08/31	142.6385395370911	146.75311279296875	142.6385395370911	146.75311279296875	15004
2023/09/01	146.29592895507812	146.75310373306274	144.01005506515503	146.29592895507812	2397
2023/09/04	146.29595048001568	146.75312532526573	142.6385517180153	145.83877563476562	6372
2023/09/05	143.55290140851537	145.83877563476562	142.18137687276524	145.83877563476562	6637
2023/09/06	145.83875753601265	145.83875753601265	143.0957088049278	144.92440795898438	19164
2023/09/07	145.38158274749853	145.38158274749853	142.63853401641364	144.92440795898438	3781
2023/09/08	144.92440795898438	144.92440795898438	144.92440795898438	144.92440795898438	0
2023/09/11	142.181362565156	144.0100617621355	142.181362565156	143.55288696289062	2179
2023/09/12	143.55288976355445	144.924414188047	142.18136533906187	144.4672393798828	8008
2023/09/13	144.924414188047	144.924414188047	141.7241905308977	144.4672393798828	4313
2023/09/14	144.92441136062524	144.92441136062524	142.181362565156	143.55288696289062	5578
2023/09/15	142.6385283546326	143.095703125	141.72417881389777	143.095703125	6892
2023/09/18	143.09571216364574	143.55288696289062	141.26701296666624	143.55288696289062	14929
2023/09/19	142.6385283546326	143.55287789536743	141.72417881389777	143.095703125	5914
2023/09/20	142.6385407769795	143.55289039734475	140.809841536249	142.18136596679688	6149
2023/09/21	142.18137221797818	142.63854704826107	139.43832323628087	141.7241973876953	2876
2023/09/22	141.72418835093674	141.72418835093674	139.43831434527647	141.2670135498047	11752
2023/09/25	141.26700639724731	148.1246280670166	140.8098316192627	146.29592895507812	42279
2023/09/26	146.29593861253954	146.29593861253954	144.01006457171863	144.4672393798828	2876
2023/09/27	146.2959323245268	146.2959323245268	140.80983486235706	144.92440795898438	2576
2023/09/28	145.3815793991089	146.29592895507812	140.35265684127808	146.29592895507812	1791
2023/10/02	146.2959323245268	146.2959323245268	142.1813592278995	144.92440795898438	9334
2023/10/03	145.38158274749853	145.38158274749853	142.1813592278995	144.92440795898438	7498
2023/10/04	145.38158274749853	145.38158274749853	144.46723317047022	144.92440795898438	4902
2023/10/05	145.38158274749853	145.38158274749853	142.63853401641364	144.92440795898438	2446
2023/10/06	141.72419666108632	144.46724562872024	141.72419666108632	144.01007080078125	711
2023/10/11	144.4672393798828	144.924414188047	142.63854014722605	144.4672393798828	10900
2023/10/12	141.72418776591113	146.29593575835986	141.72418776591113	143.55288696289062	9210
2023/10/13	142.181362565156	144.92441136062524	141.26701296666624	143.55288696289062	16734
2023/10/16	143.55288696289062	143.55288696289062	143.09571216364574	143.55288696289062	381
2023/10/17	144.0100617621355	144.0100617621355	141.72418776591113	143.55288696289062	6960
2023/10/18	141.72417925549792	142.63852879908177	140.35265494012214	140.80982971191406	19196
2023/10/19	139.89549806656376	141.7241973876953	138.98114840599797	141.7241973876953	2178
2023/10/20	141.72417925549792	142.18135402728984	138.98113062474636	140.80982971191406	7133
2023/10/23	138.98113062474636	142.18135402728984	138.52395585295443	140.80982971191406	11663
2023/10/24	142.18136030066674	142.18136030066674	138.52396196495826	140.3526611328125	437
2023/10/25	139.89549191588375	142.18136596679688	138.52396748533587	142.18136596679688	4070
2023/10/26	139.89547438370553	142.18134814814516	138.9811248779297	138.9811248779297	1434
2023/10/27	141.26701699051202	141.26701699051202	138.06679330464283	139.89549255371094	6316
2023/10/30	140.3526611328125	141.26701071673963	137.60961238103116	140.3526611328125	2777
2023/10/31	140.35266736597796	140.35266736597796	137.15244368010877	139.89549255371094	3659
2023/11/01	139.89549255371094	139.89549255371094	137.15244368010877	139.89549255371094	9571
2023/11/02	140.3526611328125	140.3526611328125	138.0667871729947	140.3526611328125	2531
2023/11/03	140.35266672606636	142.18136596679688	138.98114229551848	142.18136596679688	18691
2023/11/06	142.18137496556992	142.6385498046875	139.43832593086438	142.6385498046875	5134
2023/11/07	142.6385498046875	142.6385498046875	140.80985044821716	142.6385498046875	3647
2023/11/08	142.63853401641364	144.92440795898438	142.1813592278995	144.92440795898438	21643
2023/11/09	145.38158899621118	145.83876380437536	143.09571495539024	144.4672393798828	20541
2023/11/10	145.38158615987012	145.38158615987012	142.181362565156	143.55288696289062	16114
2023/11/13	144.01007080078125	144.01007080078125	142.6385463169643	144.01007080078125	692
2023/11/14	144.01007432204028	144.01007432204028	142.18137496556992	142.6385498046875	1458
2023/11/15	143.55289597284226	144.01007080078125	141.72419666108632	144.01007080078125	2404
2023/11/16	144.0100617621355	144.46723656138036	141.72418776591113	143.55288696289062	4144
2023/11/17	144.46723317047022	144.92440795898438	142.63853401641364	144.92440795898438	5100
2023/11/20	144.0100617621355	144.46723656138036	142.63853736440086	143.55288696289062	3557
2023/11/21	144.0100617621355	144.0100617621355	141.72418776591113	143.55288696289062	1177
2023/11/22	142.6385498046875	142.6385498046875	141.72420012645233	142.6385498046875	3891
2023/11/23	143.09572464380508	143.09572464380508	141.26702528733475	142.6385498046875	7594
2023/11/24	140.80983816742136	144.0100617621355	140.80983816742136	143.55288696289062	6253
2023/11/27	144.01007432204028	144.01007432204028	141.26702528733475	142.6385498046875	10905
2023/11/28	143.09571558716215	143.09571558716215	141.26701634643163	142.18136596679688	3604
2023/11/29	143.09571558716215	143.09571558716215	140.809841536249	142.18136596679688	4062
2023/11/30	143.09571558716215	143.09571558716215	140.809841536249	142.18136596679688	8866
2023/12/01	140.35267560909958	143.09572464380508	139.89550076998196	142.6385498046875	5222
2023/12/04	142.63854704826107	142.63854704826107	139.89549806656376	141.7241973876953	9167
2023/12/05	142.1813631520688	142.1813631520688	139.89548914640852	141.2670135498047	1625
2023/12/06	142.63853795320085	142.63853795320085	139.89548914640852	141.2670135498047	6907
2023/12/07	142.18136596679688	142.18136596679688	140.35266672606636	142.18136596679688	3700
2023/12/08	142.63854704826107	142.63854704826107	140.35267289684663	141.7241973876953	10425
2023/12/11	142.63854704826107	144.46724636939263	141.7241973876953	141.7241973876953	7133
2023/12/12	144.01007080078125	144.01007080078125	140.80984700520833	144.01007080078125	1195
2023/12/13	144.92440220646967	144.92440220646967	142.1813535842652	143.095703125	20186
2023/12/14	144.01005311445758	144.01005311445758	139.43830539653828	140.80982971191406	33982
2023/12/15	142.18136596679688	142.6385407769795	138.52396748533587	142.18136596679688	14760
2023/12/18	142.18137221797818	142.18137221797818	138.98114840599797	141.7241973876953	6886
2023/12/19	142.18135402728984	142.18135402728984	139.43830539653828	140.80982971191406	5547
2023/12/20	138.98113675692184	141.26701071673963	138.98113675692184	140.3526611328125	14959
2023/12/21	140.35265494012214	141.267004483706	139.43830539653828	140.80982971191406	25315
2023/12/22	141.26700404353036	143.095703125	140.80982927316293	143.095703125	19130
2023/12/25	141.72418776591113	143.55288696289062	141.72418776591113	143.55288696289062	18016
2023/12/26	144.01007080078125	144.92442045665922	142.6385463169643	144.01007080078125	30918
2023/12/27	144.46723656138036	144.46723656138036	142.63853736440086	143.55288696289062	5508
2023/12/28	144.01007080078125	144.01007080078125	142.1813714890253	144.01007080078125	1343
2023/12/29	144.01007432204028	144.01007432204028	141.26702528733475	142.6385498046875	13508
2024/01/02	142.63854014722605	144.924414188047	140.80984091456932	144.4672393798828	6401
2024/01/03	142.6385283546326	143.55287789536743	140.80982927316293	143.095703125	11801
2024/01/04	143.09572187854397	143.09572187854397	141.26702255741242	141.7241973876953	16755
2024/01/05	143.09572187854397	143.09572187854397	141.26702255741242	141.7241973876953	8755
2024/01/08	143.09571558716215	143.09571558716215	140.809841536249	142.18136596679688	7749
2024/01/09	142.18135402728984	142.18135402728984	139.8954801683302	140.80982971191406	16181
2024/01/10	141.72420012645233	143.55289948292267	139.89550076998196	142.6385498046875	4632
2024/01/11	142.18137221797818	142.18137221797818	140.35267289684663	141.7241973876953	10249
2024/01/12	140.3526611328125	141.26701071673963	140.3526611328125	140.3526611328125	8416
2024/01/15	140.3526611328125	140.3526611328125	140.3526611328125	140.3526611328125	0
2024/01/16	140.80983874867263	141.72418835093674	139.89548914640852	141.2670135498047	7426
2024/01/17	141.267004483706	141.267004483706	138.98113062474636	140.80982971191406	7944
2024/01/18	139.8954801683302	140.80982971191406	139.43830539653828	140.80982971191406	2858
2024/01/19	138.98113062474636	140.80982971191406	138.98113062474636	140.80982971191406	1903
2024/01/22	140.80982971191406	140.80982971191406	138.98113062474636	140.80982971191406	2575
2024/01/23	140.80982388948138	140.80982388948138	138.52395012504175	138.9811248779297	11766
2024/01/24	140.35266736597796	140.35266736597796	138.52396811690986	139.89549255371094	10448
2024/01/25	140.35266736597796	140.35266736597796	138.52396811690986	139.89549255371094	5477
2024/01/26	139.89548349849514	140.35265828116997	138.52395915047066	139.4383087158203	9888
2024/01/29	139.4383177414439	139.89549255371094	138.52396811690986	139.89549255371094	5443
2024/01/30	139.89547438370553	139.89547438370553	138.06677537215384	138.9811248779297	6072
2024/01/31	138.98115266711505	139.4383275114148	136.23810360131674	138.06680297851562	12310
2024/02/01	138.98115266711505	138.98115266711505	136.23810360131674	138.06680297851562	2019
2024/02/02	138.06680297851562	138.52397782281534	136.23810360131674	138.06680297851562	21939
2024/02/05	138.52395965576173	138.52395965576173	136.69526051839193	137.15243530273438	16782
2024/02/15	138.52395965576173	138.52395965576173	135.78091094970702	137.15243530273438	7726
2024/02/16	137.6096006192659	140.80982388948138	137.15242586637797	138.9811248779297	50769
2024/02/19	140.3526611328125	141.26701071673963	138.98113675692184	140.3526611328125	23765
2024/02/20	141.26701699051202	141.26701699051202	139.4383177414439	139.89549255371094	14311
2024/02/21	141.26701071673963	141.26701071673963	138.98113675692184	140.3526611328125	10602
2024/02/22	140.35266394754058	141.2670135498047	138.0667899418803	141.2670135498047	13267
2024/02/23	141.26702688861366	141.26702688861366	138.06680297851562	138.06680297851562	27231
2024/02/26	137.6096281342159	138.98115266711505	136.69527844561645	138.06680297851562	33706
2024/02/27	138.98113107209159	138.98113107209159	136.69525720577428	138.52395629882812	5228
2024/02/29	136.69527844561645	138.98115266711505	136.69527844561645	138.06680297851562	17735
2024/03/01	139.4383115488854	140.80983592477605	137.1524375890676	140.3526611328125	43552
2024/03/04	140.8189413888114	148.27954755510603	139.42007773263114	143.61666870117188	97136
2024/03/05	143.6166720248685	143.6166720248685	139.8863688553914	141.2852325439453	22619
2024/03/06	141.2852227562352	141.7515106201172	138.9537834368254	141.7515106201172	12315
2024/03/07	142.21781173808463	142.21781173808463	138.95379638671875	138.95379638671875	35571
2024/03/08	141.28523695429297	141.28523695429297	138.48750948985153	140.3526611328125	24442
2024/03/11	141.28523695429297	141.28523695429297	138.02122157911128	140.3526611328125	9964
2024/03/12	140.81894696769066	140.81894696769066	131.02690098649364	137.554931640625	97985
2024/03/13	138.02122398610814	138.02122398610814	134.29092063513227	136.6223602294922	28191
2024/03/14	138.02122497558594	138.02122497558594	134.75720952008223	138.02122497558594	1341
2024/03/15	137.554931640625	138.95379535222457	134.75720421742585	137.554931640625	21982
2024/03/18	138.02121849582622	138.02121849582622	136.15606689453125	136.15606689453125	7707
2024/03/19	138.02122551667773	138.02122551667773	131.49319458007812	131.49319458007812	27358
2024/03/20	132.4257767683976	135.2235044466032	130.56062498292724	133.3583526611328	16175
2024/03/21	131.0268968777606	133.82462421322882	131.0268968777606	131.95947265625	9068
2024/03/22	134.75721650023561	134.75721650023561	132.4257767683976	133.3583526611328	6066
2024/03/25	133.3583526611328	133.3583526611328	133.3583526611328	133.3583526611328	0
2024/03/26	133.3583526611328	133.3583526611328	133.3583526611328	133.3583526611328	0
2024/03/27	131.0269012451172	131.95947705469098	129.1617496259696	131.0269012451172	46121
2024/03/28	131.02691016902992	131.02691016902992	129.16175842285156	129.16175842285156	11106
2024/03/29	131.0268980475033	131.0268980475033	124.49886753979851	126.83030700683594	56048
2024/04/01	126.36403021651708	126.36403021651708	121.23486293835587	124.4988784790039	55080
2024/04/02	125.4314422607422	125.4314422607422	123.1000028135165	125.43144226074219	16476
2024/04/03	125.43144005605022	125.89772793729948	122.16742488730543	122.63371276855469	3922
2024/04/08	126.83031010203514	134.75720448341235	124.03258267331378	131.0269012451172	53843
2024/04/09	134.290928553868	135.2235044466032	129.16176114382444	133.3583526611328	29280
2024/04/10	133.82463420029228	133.82463420029228	130.56061873199246	131.49319458007812	8458
2024/04/11	130.5606133403303	133.35834076905167	128.6954617211827	131.0269012451172	10196
2024/04/12	129.6280385406924	132.42576599121094	129.6280385406924	132.42576599121094	173
2024/04/15	132.89204733712333	132.89204733712333	129.16174425397602	130.56060791015625	9488
2024/04/16	131.493184823529	131.493184823529	125.4314422607422	125.43144226074219	22950
2024/04/17	127.29660034179688	127.7628882551368	125.43144868843721	127.29660034179688	12245
2024/04/18	126.83031242845696	129.62803990849645	124.49887286175739	127.29660034179688	6665
2024/04/19	127.29660034179688	129.62803990849645	124.49887286175739	127.29660034179688	17205
2024/04/22	126.83030040228545	126.83030040228545	123.56628531840309	124.96514892578125	20878
2024/04/23	124.96515437129706	125.4314422607422	123.56629070296164	125.43144226074219	9970
2024/04/24	125.43144888626902	125.43144888626902	123.10000931589228	124.03258514404297	11721
2024/04/25	126.36403021651708	126.36403021651708	123.10001467586903	124.4988784790039	8811
2024/04/26	125.89772466403335	125.89772466403335	123.56628531840309	124.96514892578125	30451
2024/04/29	124.96515437129706	125.89773015018733	124.03257859240678	125.43144226074219	5515
2024/04/30	125.89774811010567	130.5606276697392	124.49888424221561	129.6280517578125	21244
2024/05/02	129.6280267093344	132.42575390449989	128.69545097761255	130.0943145751953	27836
2024/05/03	130.09432002476285	131.02689579554968	129.62803213936942	130.56060791015625	10586
2024/05/06	131.95947705469098	131.95947705469098	131.0269012451172	131.0269012451172	1324
2024/05/07	131.95948250412096	131.95948250412096	129.16175495986397	131.49319458007812	8298
2024/05/08	131.0269012451172	131.0269012451172	129.6280375307565	131.0269012451172	5146
2024/05/09	130.09433080794963	131.49319458007812	129.6280428839068	131.49319458007812	2824
2024/05/10	131.95948250412096	131.95948250412096	130.09433080794963	131.49319458007812	2963
2024/05/13	131.02691016902992	131.02691016902992	129.16175842285156	129.16175842285156	4590
2024/05/14	129.6280267093344	131.49317817277804	128.69545097761255	130.0943145751953	14441
2024/05/15	130.09433429594074	130.09433429594074	127.7628946132178	129.16175842285156	11847
2024/05/16	129.16173884347347	131.02689030691715	128.22916311175166	130.0943145751953	16954
2024/05/17	128.69545965021305	131.02689913662996	128.2291717529297	128.2291717529297	9264
2024/05/20	131.02689913662996	131.02689913662996	128.2291717529297	128.2291717529297	8005
2024/05/21	128.2291717529297	131.02689913662996	127.7628838556463	128.2291717529297	9552
2024/05/22	130.0943145751953	130.0943145751953	127.29658738002982	130.0943145751953	6651
2024/05/23	125.8977290562221	126.83030482700893	119.36969866071429	120.76856231689453	245307
2024/05/24	120.30228451428661	120.30228451428661	117.03826904296875	117.03826904296875	144915
2024/05/27	119.36970300340467	121.70114251518991	116.57197558926237	119.83599090576172	16936
2024/05/28	119.36970520019531	120.7685689330101	118.43712937831879	119.36970520019531	19957
2024/05/29	118.90342047048169	120.76857216413632	118.90342047048169	120.30228424072266	37167
2024/05/30	120.76857216413632	120.76857216413632	117.97084462365439	120.30228424072266	6031
2024/05/31	120.30227443150112	120.76856231689453	118.43712288992747	120.76856231689453	4530
2024/06/03	120.76857343057948	121.23486135888287	118.4371337890625	118.4371337890625	14930
2024/06/04	118.90342047048169	120.76857216413632	118.43713254706805	120.30228424072266	13518
2024/06/05	120.30227998876761	121.23485580263402	117.97084045410156	117.97084045410156	22827
2024/06/06	118.43712719869056	120.76856671047581	118.43712719869056	119.83599090576172	2494
2024/06/07	118.43712397556679	119.36969975490196	117.50454819623161	118.90341186523438	20460
2024/06/11	118.90342433278154	120.30228814846133	113.77425700862234	114.70683288574219	45108
2024/06/12	116.57198013797883	116.57198013797883	114.24054053521925	115.639404296875	30248
2024/06/13	116.58338912588651	116.58338912588651	114.22340149175926	115.16739654541016	32540
2024/06/14	115.16739430868003	117.99937941463118	114.22339927336299	117.52738189697266	27291
2024/06/17	118.47138970822704	118.47138970822704	113.7514140226403	115.639404296875	29501
2024/06/18	115.16739654541016	116.11139159906106	114.69539901858471	115.16739654541016	9778
2024/06/19	114.22340393066406	115.63939654137477	113.27940885685692	114.22340393066406	41091
2024/06/20	114.69540405273438	116.11139669536072	113.27941141010803	114.69540405273438	10989
2024/06/21	115.1674092610677	116.11140441894531	114.2234141031901	116.11140441894531	15418
2024/06/24	114.22340899582227	115.63940166932419	113.27941388015431	113.75141143798828	29386
2024/06/25	112.80741131995335	115.1673990044712	112.80741131995335	114.22340393066406	5401
2024/06/26	114.6954116821289	115.1674092610677	113.2794189453125	113.2794189453125	18258
2024/06/27	114.22340899582227	115.16740411149021	113.27941388015431	113.75141143798828	19658
2024/06/28	113.27940885685692	114.69540146756763	113.27940885685692	114.22340393066406	13768
2024/07/01	115.16740411149021	115.16740411149021	112.80741632232034	113.75141143798828	46872
2024/07/02	112.80741119384766	114.69540133935138	112.33541365747172	112.80741119384766	9937
2024/07/03	113.7514165242513	114.2234141031901	112.33542378743489	113.2794189453125	15660
2024/07/04	114.69540133935138	114.69540133935138	111.39141858471986	112.80741119384766	30044
2024/07/05	112.80740859728901	113.27940612280068	110.44742096973067	112.33541107177734	11400
2024/07/08	112.80741879091426	113.27941635907708	110.44743095010014	111.39142608642578	39489
2024/07/09	111.3914210323543	111.86341857910156	109.9754283921125	111.86341857910156	35881
2024/07/10	111.86341354626568	113.27940612280068	109.50342591870732	112.33541107177734	32744
2024/07/11	112.33542636303193	112.33542636303193	110.44743600398937	110.91943359375	17182
2024/07/12	112.33542636303193	112.33542636303193	110.44743600398937	110.91943359375	7767
2024/07/15	112.80742395279256	112.80742395279256	109.97543841422873	110.91943359375	9860
2024/07/16	111.86341857910156	111.86341857910156	110.91942348560703	111.86341857910156	5423
2024/07/17	109.975428197291	112.80741347275772	109.03143310546875	109.03143310546875	52763
2024/07/18	110.44742834156958	110.91942589858483	108.55943811350855	109.50343322753906	19962
2024/07/19	110.91942328911324	110.91942328911324	108.08743801364652	109.03143310546875	9903
2024/07/22	109.50343055055853	109.50343055055853	106.19944773222271	107.61544036865234	18117
2024/07/23	107.1434427218967	107.1434427218967	103.83945990668403	106.19944763183594	53455
2024/07/26	105.72744998416385	105.72744998416385	102.42346717215872	104.78345489501953	29709
2024/07/29	105.25545750189265	105.25545750189265	101.47947696370815	102.89546966552734	17228
2024/07/30	101.00747433415165	103.3674620522393	101.00747433415165	101.95146942138672	6442
2024/07/31	102.89546440017055	102.89546440017055	99.59148159833022	100.53547668457031	29445
2024/08/01	101.0074691772461	101.0074691772461	99.11947909916672	101.0074691772461	23109
2024/08/02	101.47947450117631	104.31145983609287	99.59148427789862	103.83946228027344	40988
2024/08/05	103.83945948641066	103.83945948641066	98.17548896897007	100.53547668457031	56458
2024/08/06	97.70349142585003	100.53547668457031	96.75949633960992	100.53547668457031	12491
2024/08/07	96.75950125760811	101.47947692871094	96.75950125760811	101.47947692871094	6514
2024/08/08	101.95147445966613	101.95147445966613	99.59148662495163	100.06348419189453	4359
2024/08/09	100.0634741382064	102.42346173580562	100.0634741382064	101.0074691772461	9473
2024/08/12	100.53547679053412	103.3674620522393	100.0634792469166	101.95146942138672	7628
2024/08/13	101.00747422769037	101.47947177081042	98.64748651209013	100.53547668457031	6653
2024/08/14	99.11948905800874	101.47947689272323	98.64749149106584	100.06348419189453	7057
2024/08/15	101.95146942138672	103.3674620522393	99.11948415968153	101.95146942138672	2421
2024/08/16	101.95146942138672	101.95146942138672	99.11948415968153	101.95146942138672	2342
2024/08/19	101.95146421628577	102.42346173580562	99.59147661868657	101.0074691772461	3478
2024/08/20	102.89545925532545	102.89545925532545	99.59147661868657	101.0074691772461	2281
2024/08/21	99.59148421045822	102.42346954345703	99.59148421045822	102.42346954345703	1114
2024/08/22	102.89546709895683	102.89546709895683	100.53547932145783	102.42346954345703	2098
2024/08/23	102.89545925532545	102.89545925532545	101.0074691772461	101.0074691772461	11078
2024/08/26	101.95147456518666	104.31146240234375	101.95147456518666	104.31146240234375	10752
2024/08/27	104.31146240234375	104.78345996977517	102.42347213261807	104.31146240234375	3013
2024/08/28	105.25545243959169	105.72744998416385	103.36746226130305	104.78345489501953	11728
2024/08/29	106.67144517686631	106.67144517686631	104.3114574517144	106.19944763183594	2958
2024/08/30	106.19945019747304	107.61544286677268	106.19945019747304	106.67144775390625	8245
2024/09/02	106.67144775390625	107.14344531033946	104.7834575281734	106.67144775390625	11050
2024/09/03	104.78345244271415	105.72744750976562	104.78345244271415	105.72744750976562	6640
2024/09/04	104.31146236734652	105.25545750189265	102.42347209825428	102.89546966552734	32592
2024/09/05	101.95147198795723	102.89546709895683	101.95147198795723	102.42346954345703	2389
2024/09/06	101.9514697265625	107.61544026692708	101.9514697265625	106.19944763183594	24470
2024/09/09	105.25544997623989	106.19944504329138	105.25544997623989	105.72744750976562	3169
2024/09/10	105.72745250355113	105.72745250355113	103.83946228027344	103.83946228027344	3770
2024/09/11	103.36746215820312	104.3114572464059	103.36746215820312	103.36746215820312	298
2024/09/12	103.36746236165365	107.61544026692708	103.36746236165365	106.19944763183594	826
2024/09/13	106.19944504329138	106.19944504329138	103.36745984213694	105.72744750976562	10371
2024/09/16	103.83945990668403	106.19944763183594	103.83945990668403	106.19944763183594	143
2024/09/18	103.36745984213694	105.72744750976562	103.36745984213694	105.72744750976562	11552
2024/09/19	105.72745510463801	105.72745510463801	102.42347213261807	104.31146240234375	27399
2024/09/20	102.42346961281517	104.31145983609287	102.42346961281517	103.83946228027344	2499
2024/09/23	102.42346707000036	103.83945970230451	102.42346707000036	103.36746215820312	21181
2024/09/24	102.42346707000036	103.36746215820312	102.42346707000036	103.36746215820312	5967
2024/09/25	101.95146942138672	105.25545222670944	101.47947187776919	101.95146942138672	8334
2024/09/26	102.42347209825428	105.25545750189265	102.42347209825428	102.89546966552734	7181
2024/09/27	104.78345996977517	104.78345996977517	102.42347213261807	104.31146240234375	4763
2024/09/30	101.95147453098122	104.31146236734652	101.47947696370815	102.89546966552734	37074
2024/10/01	103.36746226130305	105.25545243959169	102.42346717215872	104.78345489501953	28446
2024/10/04	103.36746226130305	104.78345489501953	103.36746226130305	104.78345489501953	3408
2024/10/07	103.83946483491233	105.2554575372066	103.3674672674809	104.31146240234375	28257
2024/10/08	104.78345996977517	104.78345996977517	103.3674672674809	104.31146240234375	25336
2024/10/09	102.89546471673088	104.78345489501953	102.89546471673088	104.78345489501953	17121
2024/10/11	104.78345479050728	105.25545233460866	103.36746215820312	103.36746215820312	14521
2024/10/14	103.83945970230451	105.25545233460866	102.89546461410174	103.36746215820312	20641
2024/10/15	104.31146240234375	104.78345996977517	102.89546970004949	104.31146240234375	6753
2024/10/16	104.31146236734652	104.31146236734652	102.89546966552734	102.89546966552734	1848
2024/10/17	104.31145983609287	104.31145983609287	102.89546716863458	103.83946228027344	5455
2024/10/18	104.78345739191228	104.78345739191228	102.89546716863458	103.83946228027344	2281
2024/10/21	102.89546970004949	104.31146240234375	102.42347213261807	104.31146240234375	27843
2024/10/22	102.89546716863458	104.31145983609287	102.89546716863458	103.83946228027344	11244
2024/10/23	104.78345996977517	104.78345996977517	102.89546970004949	104.31146240234375	19222
2024/10/24	103.3674672674809	104.31146240234375	103.3674672674809	104.31146240234375	5964
2024/10/25	103.3674672674809	105.72745510463801	103.3674672674809	104.31146240234375	11291
2024/10/28	104.78345739191228	104.78345739191228	102.89546716863458	103.83946228027344	13728
2024/10/29	102.89546461410174	104.3114572464059	102.89546461410174	103.36746215820312	8042
2024/10/30	102.89546716863458	104.31145983609287	102.89546716863458	103.83946228027344	22328
2024/11/01	102.89546716863458	104.31145983609287	102.89546716863458	103.83946228027344	2794
2024/11/04	102.89546966552734	104.31146236734652	102.89546966552734	102.89546966552734	25108
2024/11/05	102.42346707000036	104.78345479050728	101.95146952589897	103.36746215820312	30437
2024/11/06	102.42347209825428	102.89546966552734	102.42347209825428	102.89546966552734	12562
2024/11/07	102.42346707000036	103.36746215820312	102.42346707000036	103.36746215820312	3335
2024/11/08	102.42346954345703	103.83946220995644	102.42346954345703	102.42346954345703	4046
2024/11/11	102.42346696500425	103.83945959585684	101.95146942138672	101.95146942138672	4476
2024/11/12	103.83945959585684	103.83945959585684	101.00747433415165	101.95146942138672	38991
2024/11/13	101.47947177081042	101.47947177081042	99.59148159833022	100.53547668457031	13995
2024/11/14	99.59147888621645	101.47946900728216	98.6474838256836	98.6474838256836	13738
2024/11/15	101.47947681760326	101.47947681760326	97.23149871826172	97.23149871826172	16257
2024/11/18	98.17548864028034	98.64748618182014	96.2874984741211	96.2874984741211	20554
2024/11/19	97.70349628485522	97.70349628485522	95.34350845188771	97.23149871826172	13713
2024/11/20	97.23149871826172	97.23149871826172	97.23149871826172	97.23149871826172	0
2024/11/21	94.87150071399047	98.17548332592048	94.87150071399047	95.34349822998047	7187
2024/11/22	94.87151081085206	95.81550594329835	93.92751567840577	94.3995132446289	26625
2024/11/25	96.2874984741211	96.2874984741211	93.54991129276802	96.2874984741211	233
2024/11/26	93.45551040571958	96.28749556952927	92.70031148119271	92.98351287841797	23610
2024/11/27	94.3995045783351	94.3995045783351	92.70031061508081	92.79471588134766	1016
2024/11/28	92.70031575585274	94.3051117439461	92.70031575585274	93.73871612548828	5629
2024/11/29	94.30511596846965	94.39951404208946	91.7563247680664	91.7563247680664	10425
2024/12/02	91.75632563222509	93.64431593084792	91.09553190855166	93.2667236328125	25323
2024/12/03	92.79471908803075	93.26671662723311	90.43473139201888	90.62352752685547	13038
2024/12/04	90.90672588880258	91.75631566924451	89.39632805221548	90.05712890625	35751
2024/12/05	89.3019295568702	89.96273040771484	87.79153892968485	89.96273040771484	8618
2024/12/06	89.96273040771484	89.96273040771484	89.6795290141942	89.96273040771484	1655
2024/12/09	89.96274057126593	89.96274057126593	88.16914834792863	89.01874542236328	4333
2024/12/10	89.01874542236328	89.01874542236328	87.79154884794528	89.01874542236328	5665
2024/12/11	87.50834562035027	87.7915470400336	84.48756408691406	84.48756408691406	17162
2024/12/12	84.20436096191406	87.13075156567193	84.20436096191406	84.20436096191406	4930
2024/12/13	84.20435849398272	87.1307490119715	84.20435849398272	85.14835357666016	3582
2024/12/16	84.48755904303657	85.43155411614312	83.54356396993002	84.95955657958984	22276
2024/12/17	84.9595582960918	85.43155584218121	83.82676706632165	85.24275970458984	14955
2024/12/18	85.24276047663534	85.24276047663534	83.07156886411518	84.01556396484375	4445
2024/12/19	84.77075958251953	85.14835184622812	83.07156558738774	84.77075958251953	13610
2024/12/20	84.0155665221827	84.95956165164542	82.78836997303664	84.48756408691406	16150
2024/12/23	84.95955941813499	85.80915645273855	82.6939697265625	82.6939697265625	3632
2024/12/24	84.95955614746305	84.95955614746305	82.69396654310853	84.86515808105469	1514
2024/12/25	84.67635474612717	84.86515808105469	82.78836460951689	84.86515808105469	4206
2024/12/26	84.77075958251953	84.77075958251953	82.78836418749552	84.77075958251953	10269
2024/12/27	83.07156894747065	85.43155670166016	82.59957139663274	85.43155670166016	15288
2024/12/30	85.71475725067924	85.71475725067924	84.015563203913	85.24275970458984	13713
2024/12/31	85.62035197977256	85.62035197977256	83.73236179541497	85.24275970458984	6509
2025/01/02	85.43155584218121	85.43155584218121	84.58195881879809	85.24275970458984	17035
2025/01/03	85.43155661593663	86.75315119737886	83.63796448413011	84.01556396484375	10448
2025/01/06	84.20435592763648	86.09234603544995	84.20435592763648	84.67635345458984	20620
2025/01/07	86.09234445018696	86.09234445018696	84.58195383216993	85.71475219726562	10586
2025/01/08	85.7147527175688	90.90672544996953	84.67635240940017	89.96273040771484	81822
2025/01/09	89.8652643730658	89.8652643730658	85.869088028148	88.89058685302734	71709
2025/01/10	89.67033128283961	89.9627375115025	85.96655375537304	88.9880599975586	1462
2025/01/13	85.96655425763223	89.96273803710938	85.77162172818427	89.96273803710938	15934
2025/01/14	90.15767414840418	90.15767414840418	86.1614976463635	89.47540283203125	4834
2025/01/15	89.47539575519184	89.47539575519184	86.25895709251668	89.37792205810547	6469
2025/01/16	89.96273803710938	89.96273803710938	85.77162172818427	89.96273803710938	2138
2025/01/17	89.9627375115025	89.9627375115025	86.45389251234499	88.9880599975586	1113
2025/01/20	89.57286501868508	89.57286501868508	88.20831501192374	88.9880599975586	56
2025/01/21	89.9627377742381	89.9627377742381	86.84376525878906	86.84376525878906	2415
2025/01/22	89.96273803710938	90.15767056655733	87.72097676746118	89.96273803710938	6890
2025/02/03	90.25513478792132	90.25513478792132	85.6741535238129	89.18299102783203	9203
2025/02/04	89.4753997887189	89.4753997887189	85.28428345583798	86.74629974365234	8327
2025/02/05	88.69565633152948	89.86526640757535	86.45389501020883	86.5513687133789	3663
2025/02/06	89.96272892827747	91.22980511379491	88.20830659608583	90.15766143798828	30186
2025/02/07	90.64500740301041	92.30195617675781	89.67032990405332	92.30195617675781	20766
2025/02/10	93.86144556095377	93.86144556095377	92.00955683680532	92.39942932128906	23016
2025/02/11	91.81461394674056	93.86144256591797	91.81461394674056	93.86144256591797	8260
2025/02/12	91.81462296032176	93.86145178043945	91.1323516444156	92.59436798095703	19723
2025/02/13	91.9120974136804	93.56904630077678	91.61969116951059	92.49690246582031	11373
2025/02/14	93.86144764756379	93.86144764756379	91.32728016018257	92.10702514648438	6324
2025/02/17	93.08169704307734	94.54371322700001	92.59435831510311	92.88676452636719	10952
2025/02/18	93.86144198231564	93.86144198231564	90.6450034032062	92.88676452636719	1606
2025/02/19	92.88676452636719	92.98423078472226	91.32727464789058	92.88676452636719	12308
2025/02/20	92.98423078472226	93.08169704307734	91.13234213118042	92.88676452636719	4784
2025/02/21	93.17917151521705	93.17917151521705	91.32728269843041	92.78929901123047	5400
2025/02/24	92.78928935004603	93.08169555664062	91.13234067587328	93.08169555664062	4191
2025/02/25	93.08170168986709	93.2766342163086	91.91209165881966	93.2766342163086	24815
2025/02/26	93.56904500228332	95.031061330444	92.59436745017621	94.73865509033203	15280
2025/02/27	96.00573266412795	96.00573266412795	93.76397146500369	94.54371643066406	9404
2025/03/03	95.81079773195837	96.98040771484375	94.64118031287407	96.98040771484375	42668
2025/03/04	97.9550863181429	99.41710253184652	97.17534136302136	98.92976379394531	47285
2025/03/05	97.0778777388	103.80315399169922	97.0778777388	103.80315399169922	58711
2025/03/06	103.80315903129927	108.6765467792476	102.82848148170962	106.23985290527344	59732
2025/03/07	109.16388445858351	112.57525584791425	107.21452937896595	111.60057830810547	75813
2025/03/10	113.54993487418966	115.98662875561004	111.60057976905335	114.52461242675781	68614
2025/03/11	114.52460887068409	115.49928639298778	112.5752538260767	115.01194763183594	53177
2025/03/12	115.98662462805072	115.98662462805072	111.60057579757822	114.03726959228516	31793
2025/03/13	114.03726959228516	115.01194711016794	112.57525331546098	114.03726959228516	25535
2025/03/14	114.03726686750139	114.03726686750139	106.23984691074915	109.16387939453125	30397
2025/03/17	109.65122171581592	110.62589924217873	108.67654418945312	108.67654418945312	10694
2025/03/18	111.11323638775382	111.11323638775382	105.26517131471415	105.75251007080078	21791
2025/03/19	108.18920438583584	108.6765431443306	105.26517183486729	106.72718811035156	6270
2025/03/20	108.18920080011542	108.18920080011542	106.23984583074396	107.21452331542969	13939
2025/03/21	110.13855390506694	111.11323137325337	107.21452150050764	110.62589263916016	9172
2025/03/24	108.18919896869407	111.11323137325337	108.18919896869407	110.62589263916016	12989
2025/03/25	111.11323547363281	111.60057422571015	108.67654171324612	111.11323547363281	21150
2025/03/26	111.11323953820107	111.60057830810547	109.65122322848791	111.60057830810547	11132
2025/03/27	111.60057422571015	111.60057422571015	108.67654171324612	111.11323547363281	8200
2025/03/28	111.60057368320702	111.60057368320702	108.18920243524872	110.13855743408203	10265
2025/03/31	107.70186614990234	109.16388243248021	104.77783358474663	107.70186614990234	13635
2025/04/01	108.18919896869407	110.62589263916016	107.70186023460086	110.62589263916016	7075
2025/04/02	110.62589263916016	110.62589263916016	109.65121517097373	110.62589263916016	9079
2025/04/07	107.21452560424804	107.21452560424804	96.2981405172043	97.4677505493164	45143
2025/04/08	95.03105678558349	97.4677505493164	93.17916803790663	97.4677505493164	59275
2025/04/09	94.54372517726608	97.46775791470729	87.13617706298828	87.13617706298828	160017
2025/04/10	91.6196832424257	106.2398454619617	91.6196832424257	99.9044418334961	65311
2025/04/11	100.39177582995727	100.39177582995727	95.81079485879792	98.44242095947266	6062
2025/04/14	100.39177582995727	101.36645326519957	97.9550822418515	98.44242095947266	10731
2025/04/15	97.37027900940022	101.366455078125	97.37027900940022	101.366455078125	5069
2025/04/16	97.4677546107354	101.3664647951648	97.4677546107354	97.95509338378906	14335
2025/04/17	97.27281560845924	99.9044418334961	96.39560438804726	99.9044418334961	3802
2025/04/18	96.59054474939721	100.8791275024414	96.59054474939721	100.8791275024414	4788
2025/04/21	97.46775129823807	101.3664613501676	97.37028503417969	97.37028503417969	5364
2025/04/22	99.9044418334961	99.9044418334961	96.59053690982813	99.9044418334961	5588
2025/04/23	101.3664647951648	101.3664647951648	97.95509338378906	97.95509338378906	4063
2025/04/24	101.85379932403563	101.85379932403563	97.4677505493164	97.4677505493164	1385
2025/04/25	101.36646218901699	101.36646218901699	98.44242962587226	100.39178466796875	5488
2025/04/28	97.4677546107354	100.39178724905746	97.4677546107354	97.95509338378906	4299
2025/04/29	97.95509338378906	101.85380356821848	97.95509338378906	97.95509338378906	771
2025/04/30	97.95508930206299	100.87912181854247	97.4677505493164	97.4677505493164	3460
2025/05/02	97.4677560410062	100.8791275024414	97.4677560410062	100.8791275024414	23703
2025/05/05	97.95509086534814	100.39178466796875	97.46775210482403	100.39178466796875	18089
2025/05/06	100.39178872223638	102.3411438430565	97.95509482121122	100.8791275024414	17620
2025/05/07	98.92977238162129	101.36646628264644	98.92977238162129	100.8791275024414	8105
2025/05/08	98.92976787043553	101.36646166034774	98.92976787043553	99.41710662841797	2374
2025/05/09	99.41710017277644	101.366455078125	99.41710017277644	101.366455078125	3056
2025/05/12	101.3664580554497	101.3664580554497	98.44242561154249	99.9044418334961	21060
2025/05/13	98.44242561154249	100.8791193147985	98.44242561154249	99.9044418334961	2423
2025/05/14	100.8791193147985	101.3664580554497	99.4171030928449	99.9044418334961	4024
2025/05/15	98.9297643521937	101.3664580554497	98.9297643521937	99.9044418334961	1316
2025/05/16	100.39178466796875	100.39178466796875	99.4171071469205	100.39178466796875	5544
2025/05/19	100.8791193147985	101.3664580554497	99.9044418334961	99.9044418334961	7770
2025/05/20	98.92977238162129	101.85380506285148	98.92977238162129	100.8791275024414	1035
2025/05/21	101.36645326519957	101.36645326519957	98.44242095947266	98.44242095947266	102
2025/05/22	101.85379198282072	101.85379198282072	98.44242095947266	98.44242095947266	11
2025/05/23	101.85380506285148	102.3411438430565	100.8791275024414	100.8791275024414	296
2025/05/26	98.44243360141625	101.85380506285148	98.44243360141625	100.8791275024414	6112
2025/05/27	99.41710556030273	100.87912181854247	97.4677505493164	97.4677505493164	1964
2025/05/28	97.4677560410062	100.8791275024414	97.4677560410062	100.8791275024414	2795
2025/05/29	97.95509338378906	99.90444847600378	97.4677546107354	97.95509338378906	3457
2025/06/02	97.95509338378906	100.39178724905746	97.95509338378906	97.95509338378906	5147
2025/06/03	100.87912342849286	100.87912342849286	97.46775210482403	100.39178466796875	458
2025/06/04	100.87911454757841	100.87911454757841	97.46774352423036	98.44242095947266	2322
2025/06/05	100.87912342849286	100.87912342849286	97.95509086534814	100.39178466796875	57
2025/06/06	98.44243215684274	101.85380356821848	97.95509338378906	97.95509338378906	4167
2025/06/09	102.34113311767578	102.34113311767578	102.34113311767578	102.34113311767578	2
2025/06/10	102.34113971006522	102.34113971006522	98.44242962587226	100.39178466796875	6120
2025/06/11	98.92976201375326	102.34113311767578	98.92976201375326	102.34113311767578	36
2025/06/12	102.34113917631261	102.34113917631261	99.41710662841797	99.41710662841797	1013
2025/06/13	98.92976543663792	102.34113665859095	98.44242669064462	101.85379791259766	233
2025/06/16	101.85379380446214	102.34113253079929	98.44242272010216	101.366455078125	1092
2025/06/17	98.44243360141625	101.85380506285148	98.44243360141625	100.8791275024414	5779
2025/06/18	98.90109524868502	101.37362262990214	98.90109524868502	99.89010620117188	4690
2025/06/19	101.86813354492188	101.86813354492188	98.90110052905037	101.86813354492188	5802
2025/06/20	101.86812810614558	101.86812810614558	98.90109524868502	99.89010620117188	2010
2025/06/23	99.89010620117188	101.86812810614558	98.60438894471707	99.89010620117188	6550
2025/06/24	98.90110148719295	101.86813453180874	98.90110148719295	99.3956069946289	10849
2025/06/25	102.36263496887507	102.36263496887507	98.9010965882851	100.38461303710938	4074
2025/06/26	101.37362400299223	101.37362400299223	99.89010755416795	100.38461303710938	21769
2025/06/27	100.8791185200508	100.8791185200508	98.6043902802983	100.38461303710938	5300
2025/06/30	100.38461303710938	100.38461303710938	98.6043902802983	100.38461303710938	5208
2025/07/01	100.8791235169368	100.8791235169368	98.60439516450927	99.3956069946289	1442
2025/07/02	100.87911715365873	100.87911715365873	98.60438894471707	99.89010620117188	4240
2025/07/03	100.87912121284299	101.37362670898438	98.90109922827743	101.37362670898438	5914
2025/07/04	101.37362400299223	101.86812948593365	100.38461303710938	100.38461303710938	16884
2025/07/07	101.86812948593365	101.86812948593365	99.39560207122652	100.38461303710938	10239
2025/07/08	98.90110148719295	100.8791235169368	98.90110148719295	99.3956069946289	3137
2025/07/09	98.9010965882851	100.8791185200508	98.9010965882851	100.38461303710938	3862
2025/07/10	100.87911715365873	100.87911715365873	98.60438894471707	99.89010620117188	15163
2025/07/11	98.90109791475183	100.87911987304688	98.50549201398184	100.87911987304688	14958
2025/07/14	100.87912079317486	101.37362628725904	98.4065933227539	98.4065933227539	29656
2025/07/15	98.50549557213313	99.3956069946289	98.50549557213313	99.3956069946289	30735
2025/07/16	99.89010620117188	99.89010620117188	98.90109524868502	99.89010620117188	10232
2025/07/17	98.40659597975699	100.38461800950084	98.30769638738083	99.3956069946289	14188
2025/07/18	99.39560565948486	99.39560565948486	98.9011001586914	98.9011001586914	4172
2025/07/21	99.39560072492844	99.89010620117188	98.20879060016613	99.89010620117188	7938
2025/07/22	98.80220189481679	99.3956069946289	98.20879679500469	99.3956069946289	13858
2025/07/23	98.20879547580262	99.39560565948486	98.20879547580262	98.9011001586914	4519
2025/07/24	98.90110148719295	99.3956069946289	98.20879679500469	99.3956069946289	2013
2025/07/25	99.39560380163574	99.39560380163574	97.91208732698446	98.20879364013672	2283
2025/07/28	99.89010755416795	100.38461303710938	98.01098520987956	100.38461303710938	2303
2025/07/29	100.87912216186523	100.87912216186523	97.91208915710449	98.9011001586914	3229
2025/07/30	100.38461418243645	100.38461418243645	98.010986328125	98.010986328125	10544
2025/07/31	100.38461666107177	100.87912216186523	98.9011001586914	98.9011001586914	16818
2025/08/04	100.38461800950084	100.38461800950084	97.91209047232101	99.3956069946289	16521
2025/08/05	99.39560565948486	99.39560565948486	98.20879547580262	98.9011001586914	6909
2025/08/06	98.30769506685027	98.9011001586914	98.30769506685027	98.9011001586914	11430
2025/08/07	99.39560565948486	99.39560565948486	98.01098874815216	98.9011001586914	13428
2025/08/08	98.40659597975699	99.3956069946289	97.91209047232101	99.3956069946289	7233
2025/08/11	98.60439516450927	99.89011250206487	97.91209047232101	99.3956069946289	21295
2025/08/12	100.87912121284299	101.86813220512576	98.90109922827743	101.37362670898438	48078
2025/08/13	101.86813260480692	105.32967109137802	101.86813260480692	104.34066009521484	24734
2025/08/14	101.86813129243397	105.82417522612073	101.37362580072312	103.84615325927734	45980
2025/08/15	102.36263770126715	103.35164869354992	100.87912121284299	101.37362670898438	40793
2025/08/18	101.37362766265869	101.86813316345214	98.01098874815216	98.9011001586914	34166
2025/08/19	97.91208915710449	99.89011116027831	97.91208915710449	98.9011001586914	9946
2025/08/20	98.40659373213605	101.37362670898438	98.40659373213605	101.37362670898438	2356
2025/08/21	98.9010965882851	100.38461303710938	98.20879193038904	100.38461303710938	12556
2025/08/22	100.38461303710938	100.38461303710938	100.38461303710938	100.38461303710938	0
2025/08/25	100.3846116774153	100.3846116774153	98.40658977244159	99.89010620117188	9150
2025/08/26	98.01098520987956	100.38461303710938	98.01098520987956	100.38461303710938	7681
2025/08/27	100.87911715365873	100.87911715365873	97.91208429619817	99.89010620117188	8805
2025/08/28	97.02197774656524	100.38461666107177	97.02197774656524	98.9011001586914	7407
2025/08/29	97.91209047232101	99.3956069946289	97.02197904982523	99.3956069946289	4679
2025/09/01	99.89011250206487	99.89011250206487	96.92307945744909	99.3956069946289	2121
2025/09/02	96.92308069200865	99.89011377441707	96.92308069200865	97.02198028564453	4331
2025/09/03	99.89011250206487	99.89011250206487	97.02197904982523	99.3956069946289	1201
2025/09/04	99.89010843604501	99.89010843604501	97.02197510055254	97.9120864868164	4241
2025/09/05	97.02197904982523	99.3956069946289	97.02197904982523	99.3956069946289	6420
2025/09/08	98.90110148719295	99.3956069946289	97.02197904982523	99.3956069946289	4476
2025/09/09	99.89011116027831	100.38461666107177	98.9011001586914	98.9011001586914	11053
2025/09/10	100.3846116774153	100.3846116774153	98.60438894471707	99.89010620117188	17210
2025/09/11	98.60439516450927	100.38461800950084	98.20879679500469	99.3956069946289	21056
2025/09/12	99.89011116027831	99.89011116027831	98.20879547580262	98.9011001586914	8841
2025/09/15	99.89011250206487	99.89011250206487	98.20879679500469	99.3956069946289	12790
2025/09/16	99.3956069946289	99.89011250206487	98.20879679500469	99.3956069946289	3631
2025/09/17	99.89011250206487	99.89011250206487	98.01099006469717	99.3956069946289	7293
2025/09/18	99.89011116027831	99.89011116027831	98.01098874815216	98.9011001586914	3713
2025/09/19	98.01099006469717	99.3956069946289	98.01099006469717	99.3956069946289	8596
2025/09/22	98.50549557213313	99.3956069946289	97.71429128756871	99.3956069946289	16794
2025/09/23	98.90110148719295	99.3956069946289	98.10988965707331	99.3956069946289	4520
2025/09/24	97.61538201215552	99.39560481816558	97.61538201215552	98.6043930053711	5624
2025/09/25	98.9010993215578	99.39560481816558	98.40659382495001	98.6043930053711	8374
2025/09/26	99.39560456479857	99.39560456479857	97.71428889883991	98.5054931640625	7660
2025/09/30	97.41758099950925	100.38461392335218	96.92307551220209	97.9120864868164	36191
2025/10/01	97.2197844742157	99.89011116027831	96.92307815551757	98.9011001586914	34357
2025/10/02	98.40659440863907	98.90109990817997	96.92307791001637	98.80220031738281	7095
2025/10/03	98.9011001586914	98.9011001586914	97.02197774656524	98.9011001586914	2265
2025/10/07	99.39560565948486	99.39560565948486	97.2197844742157	98.9011001586914	2725
2025/10/08	97.21978315517386	98.9010988168381	97.21978315517386	98.4065933227539	8641
2025/10/09	97.7142875623079	98.40659222810272	96.03296437379127	98.010986328125	17709
2025/10/13	95.04395396688099	98.20879364013672	95.04395396688099	98.20879364013672	4183
2025/10/14	98.30769051047369	98.30769051047369	95.24175805676549	97.21977996826172	18769
2025/10/15	98.40659262777316	98.40659262777316	94.9450541936304	95.34066009521484	55639
2025/10/16	96.82417927149424	96.82417927149424	94.0549454286075	96.32967376708984	9985
2025/10/17	96.92307751661559	96.92307751661559	94.6483492097383	95.83516693115234	41727
2025/10/20	95.83516422643235	95.83516422643235	93.75824270451778	94.84615325927734	19827
2025/10/21	95.34066450031146	95.34066450031146	92.96703652668918	94.15384674072266	39645
2025/10/22	94.15384599517822	94.15384599517822	92.07692436428779	93.85714721679688	11818
2025/10/23	91.68131739019033	93.95604572598897	88.41758559230486	93.46154022216797	25264
2025/10/27	91.97801920535584	94.84615249613918	90.69230194017733	91.78022003173828	34635
2025/10/28	93.85714824110869	93.85714824110869	90.49450923053512	91.3846206665039	26413
2025/10/29	91.4835175865471	91.4835175865471	88.71428376570523	90.3956069946289	92193
2025/10/30	88.71428086385042	89.50549265694035	88.71428086385042	89.30769348144531	50082
2025/10/31	89.50549450549451	90.0	88.7142826960637	90.0	12099
2025/11/03	90.5934037265589	91.97802059953383	89.30769398744675	89.5054931640625	7397
2025/11/04	92.27472717055286	92.27472717055286	89.50549341678398	89.6043930053711	547
2025/11/05	89.5054950046705	92.17582167167068	89.5054950046705	90.19779968261719	3090
2025/11/06	92.27472653042858	92.27472653042858	91.18680842685254	92.17581939697266	11441
2025/11/07	90.69230294179249	92.27472653042858	90.69230294179249	92.17581939697266	2552
2025/11/10	90.79121040707362	92.27472686767578	90.79121040707362	92.27472686767578	341
2025/11/11	91.0879132645812	92.27473101372142	90.989013671875	90.989013671875	4063
2025/11/12	91.08791409242988	91.28572082519531	89.1098920381076	91.28572082519531	2219
2025/11/13	90.98901416800126	91.28572049329294	90.00000314443602	91.18681335449219	4827
2025/11/14	91.1868128572874	91.1868128572874	89.1098912282361	90.989013671875	5418
2025/11/17	91.28572049329294	91.28572049329294	89.10989171411626	91.18681335449219	6162
2025/11/18	89.010986328125	90.59340235373627	88.71428002214266	89.010986328125	6730
2025/11/19	90.49450766720881	90.79121398925781	88.12087972748246	90.79121398925781	9962
2025/11/20	91.97801971435547	91.97801971435547	88.71428051272092	91.97801971435547	467
2025/11/21	88.71428026751597	91.87911987304688	88.71428026751597	91.87911987304688	1056
2025/11/24	91.97801920572917	91.97801920572917	88.61538043533349	89.010986328125	7411
2025/11/25	91.28572107263078	91.3846206665039	88.41758757697816	91.3846206665039	7409
2025/11/26	88.12087761176812	91.48351648351648	88.12087761176812	90.0	13544
2025/11/27	91.97802577529798	91.97802577529798	88.71428635859753	91.3846206665039	503
2025/11/28	91.38461958825506	91.38461958825506	88.81319245011748	90.989013671875	11098
2025/12/01	90.98900737746315	91.28571368061156	88.71427917480469	88.71427917480469	14816
2025/12/02	90.8901138305664	90.8901138305664	88.61538547676926	90.8901138305664	1050
2025/12/03	90.98901183383396	90.98901183383396	88.61538392905771	90.29670715332031	1276
2025/12/04	88.61538417472269	90.98901208607927	88.61538417472269	90.3956069946289	7756
2025/12/05	88.61538392905771	90.29670715332031	88.61538392905771	90.29670715332031	6317
2025/12/08	88.51648736879635	89.50549840084993	88.51648736879635	88.61538696289062	14107
2025/12/09	88.61538177818183	90.89011003703743	88.61538177818183	89.5054931640625	3261
2025/12/10	88.81319220719588	90.8901138305664	88.61538547676926	90.8901138305664	7326
2025/12/11	88.61538547676926	90.8901138305664	88.61538547676926	90.8901138305664	167
2025/12/12	90.989013671875	90.989013671875	88.61538571914981	90.989013671875	125
2025/12/15	88.21977454254197	89.5054918077257	88.12087495573279	89.010986328125	32947
2025/12/16	88.12087736523019	89.9011001586914	88.02197777571679	89.9011001586914	15963
2025/12/17	89.3076989632373	89.3076989632373	87.13187017146298	88.51648712158203	1377
2025/12/18	89.30769348144531	89.30769348144531	87.13186482322544	89.30769348144531	416
2025/12/19	89.20878601074219	89.3076931436705	87.13186449367994	89.20878601074219	6850
2025/12/22	89.30769263410734	89.30769263410734	87.03296440972223	89.010986328125	32440
2025/12/23	88.51648218987397	89.99999865115677	87.13186531689902	89.5054931640625	8451
2025/12/24	87.13186637898617	89.9999997482048	87.13186637898617	89.9011001586914	4067
2025/12/26	90.0	90.0	87.13186662275713	90.0	1524
2025/12/29	90.00000108514362	90.89011249509673	87.13186767331923	90.3956069946289	22205
2025/12/30	90.98901342300209	90.98901342300209	90.49450791526839	90.8901138305664	1571
2025/12/31	87.52747486886615	90.8901138305664	87.52747486886615	90.8901138305664	1494
2026/01/02	90.00000083564011	90.39560674402867	87.03296784105858	90.29670715332031	11405
2026/01/05	90.29670863709114	90.29670863709114	87.03296927119908	88.02198028564453	13979
2026/01/06	90.29670715332031	90.29670715332031	88.02197883925243	90.29670715332031	8685
2026/01/07	89.01098950740712	90.29670681851393	89.01098950740712	90.19779968261719	21023
2026/01/08	90.29670631492532	90.29670631492532	87.03296703296704	90.0	8515
2026/01/09	90.00000316111522	90.00000316111522	88.31868743896484	88.31868743896484	4590
2026/01/12	90.0	90.0	89.01098901098902	90.0	12660
2026/01/13	90.19779968261719	90.29670681851393	89.20878868809044	90.19779968261719	13031
2026/01/14	90.19779917958019	90.19779917958019	88.81318983140883	90.0	18003
2026/01/15	90.5	90.80000305175781	87.9000015258789	87.9000015258789	56151
2026/01/16	90.0	90.30000305175781	88.69999694824219	90.0999984741211	15835
2026/01/19	90.4000015258789	90.5	88.69999694824219	89.30000305175781	14481
2026/01/20	90.0	90.5	88.80000305175781	90.4000015258789	2726
2026/01/21	90.5	90.5	88.80000305175781	90.5	279
2026/01/22	90.5	90.5	88.69999694824219	90.4000015258789	502
2026/01/23	90.5	90.5	88.69999694824219	90.0	17235
2026/01/26	90.0	90.4000015258789	88.0999984741211	90.4000015258789	14213
2026/01/27	90.4000015258789	90.4000015258789	88.69999694824219	90.19999694824219	1493
2026/01/28	88.0	90.30000305175781	88.0	88.80000305175781	11723
2026/01/29	88.69999694824219	90.30000305175781	88.69999694824219	89.4000015258789	5391
2026/01/30	90.4000015258789	90.4000015258789	87.69999694824219	90.0999984741211	16475
2026/02/02	90.0999984741211	90.4000015258789	88.69999694824219	88.80000305175781	5885
2026/02/03	90.30000305175781	90.30000305175781	88.9000015258789	89.5	30983
2026/02/04	90.30000305175781	90.5999984741211	87.4000015258789	90.30000305175781	12500
2026/02/05	90.30000305175781	90.4000015258789	89.69999694824219	90.30000305175781	11851
2026/02/06	90.0	90.30000305175781	90.0	90.0999984741211	10741
2026/02/09	90.0	90.80000305175781	89.69999694824219	90.80000305175781	1882
2026/02/10	91.0	91.0	89.0	90.4000015258789	13203
2026/02/11	90.30000305175781	90.5999984741211	89.80000305175781	90.19999694824219	17470
2026/02/23	90.5999984741211	90.69999694824219	89.80000305175781	90.0999984741211	13321
2026/02/24	90.30000305175781	90.5	89.4000015258789	90.5	16893
2026/02/25	90.5	90.5	89.19999694824219	90.30000305175781	5507
2026/02/26	90.30000305175781	90.30000305175781	88.9000015258789	89.9000015258789	15740
2026/03/02	90.0	90.19999694824219	87.0	90.0	2476
2026/03/03	87.4000015258789	90.0	87.4000015258789	89.5999984741211	24832
2026/03/04	88.69999694824219	90.0	87.69999694824219	90.0	5791
2026/03/05	90.30000305175781	90.30000305175781	87.80000305175781	90.19999694824219	1048
2026/03/06	89.0	90.0	87.9000015258789	88.4000015258789	12213
2026/03/09	87.9000015258789	90.0	87.0	88.4000015258789	29246
2026/03/10	90.0	90.0	86.69999694824219	88.0	9819
2026/03/11	89.0	89.0	87.0	88.0	30527
2026/03/12	90.0	90.0	88.30000305175781	89.0999984741211	6196
2026/03/13	89.5999984741211	89.5999984741211	87.9000015258789	87.9000015258789	8348
2026/03/16	89.5999984741211	89.5999984741211	86.69999694824219	88.0	24726
2026/03/17	89.30000305175781	89.5999984741211	87.69999694824219	89.30000305175781	2012
2026/03/18	89.5999984741211	89.5999984741211	87.0	89.5999984741211	2549
2026/03/19	89.5999984741211	89.5999984741211	86.69999694824219	87.5	4734
2026/03/20	89.5	89.5	89.5	89.5	12
2026/03/23	89.4000015258789	89.5	85.69999694824219	89.30000305175781	3422
2026/03/24	89.5999984741211	89.5999984741211	87.30000305175781	88.0	5203
2026/03/25	89.30000305175781	89.30000305175781	87.69999694824219	88.30000305175781	8846
2026/03/26	88.30000305175781	88.30000305175781	85.5999984741211	88.0	5390
2026/03/27	86.9000015258789	89.5	85.5999984741211	88.9000015258789	34614
2026/03/30	88.9000015258789	89.5	85.5	89.5	29355
2026/03/31	88.80000305175781	88.80000305175781	86.30000305175781	88.0999984741211	32442
2026/04/01	89.0	89.30000305175781	88.5	89.19999694824219	3669
2026/04/02	89.30000305175781	89.30000305175781	86.0999984741211	89.30000305175781	217
2026/04/07	89.5999984741211	89.9000015258789	89.30000305175781	89.30000305175781	82
2026/04/08	89.30000305175781	89.9000015258789	87.0999984741211	89.9000015258789	1775
