Date	Open	High	Low	Close	Volume	Date
2021/09/29 	25.22995631265787	38.746004337296014	25.22995631265787	35.09667205810547	222765	2021/09/29 
2021/09/30 	34.240651915692204	36.04279149020232	30.0506760300328	31.041854858398438	157682	2021/09/30 
2021/10/01 	30.23089225299747	30.23089225299747	27.032095028726555	28.29359245300293	75760	2021/10/01 
2021/10/04 	28.158433725214522	28.158433725214522	27.43757850931079	27.572738647460938	12456	2021/10/04 
2021/10/05 	27.572739321915986	27.6177921295166	27.167257178892662	27.6177921295166	55264	2021/10/05 
2021/10/06 	27.527682487532964	28.518859639528774	27.527682487532964	27.933164596557617	26578	2021/10/06 
2021/10/07 	28.11337968142329	30.09573401589513	28.11337968142329	29.104555130004883	72368	2021/10/07 
2021/10/08 	29.104556987975574	29.104556987975574	27.843059475805152	28.068326950073242	48588	2021/10/08 
2021/10/12 	27.84305704918793	29.104554451414558	27.752949723602967	29.05950164794922	38108	2021/10/12 
2021/10/13 	28.293593487444046	28.293593487444046	26.761775744337395	27.662845611572266	20200	2021/10/13 
2021/10/14 	27.707898251655752	28.338647842407227	27.57273811611026	28.338647842407227	1003	2021/10/14 
2021/10/15 	27.572739194145218	28.293594424341332	27.52768466809894	28.068326950073242	13668	2021/10/15 
2021/10/18 	28.15843205298147	28.15843205298147	27.933164596557617	27.933164596557617	2001	2021/10/18 
2021/10/19 	27.4826305057697	27.4826305057697	27.077148384616272	27.30241584777832	36302	2021/10/19 
2021/10/20 	27.30241584777832	27.30241584777832	27.30241584777832	27.30241584777832	0	2021/10/20 
2021/10/21 	27.167255038964612	27.888111934374656	27.0320949081547	27.257362365722656	29002	2021/10/21 
2021/10/22 	27.572736463064686	27.572736463064686	27.212308883666992	27.212308883666992	2006	2021/10/22 
2021/10/25 	27.1222021882433	27.52768257997532	27.1222021882433	27.482629776000977	4002	2021/10/25 
2021/10/26 	27.30241584777832	27.30241584777832	27.30241584777832	27.30241584777832	2251	2021/10/26 
2021/10/27 	27.302416772344035	27.437578629741846	27.032096494857225	27.122203826904297	32611	2021/10/27 
2021/10/28 	26.536509107770204	27.482631810506188	26.491454581806224	27.03209686279297	57923	2021/10/28 
2021/10/29 	27.03209674439189	27.25736421726182	25.680491907172293	26.221134185791016	39721	2021/10/29 
2021/11/01 	25.59038372997985	26.17607879638672	25.59038372997985	26.17607879638672	28528	2021/11/01 
2021/11/02 	26.221133818286393	26.311241149902344	25.139849276203787	26.311241149902344	35196	2021/11/02 
2021/11/03 	26.311241149902344	26.311241149902344	25.68049154724509	26.311241149902344	7112	2021/11/03 
2021/11/04 	26.311241518669874	26.311241518669874	26.221134185791016	26.221134185791016	4101	2021/11/04 
2021/11/05 	26.221134300640067	27.302417143959126	26.131026967366537	27.03209686279297	57042	2021/11/05 
2021/11/08 	27.257363095843353	27.257363095843353	26.26618591226363	27.0771484375	32104	2021/11/08 
2021/11/09 	27.122203717639877	29.23971827827063	26.896936247756912	28.83423614501953	238112	2021/11/09 
2021/11/10 	29.239717031089192	31.04185671328503	28.834234915133397	28.879287719726562	174098	2021/11/10 
2021/11/11 	28.87928907282508	30.095735477687356	27.9782191895088	28.38370132446289	112138	2021/11/11 
2021/11/12 	28.789181158916033	29.10455421795221	28.248538928397302	28.473806381225586	28876	2021/11/12 
2021/11/15 	28.789182662963867	29.10455573847624	28.383700539227444	28.789182662963867	106203	2021/11/15 
2021/11/16 	28.96939899243103	33.700016021728516	28.96939899243103	33.700016021728516	184997	2021/11/16 
2021/11/17 	33.51980049385129	34.24065571620436	30.996805496961162	32.393463134765625	181373	2021/11/17 
2021/11/18 	32.39346171302565	32.39346171302565	30.23089270357218	30.95174789428711	145671	2021/11/18 
2021/11/19 	30.996804349632555	30.996804349632555	29.91551983747166	30.050678253173828	59706	2021/11/19 
2021/11/22 	29.825411516170984	29.825411516170984	28.518861227360993	29.284770965576172	42463	2021/11/22 
2021/11/23 	29.69025162757833	29.69025162757833	28.699074469458143	28.74412727355957	21300	2021/11/23 
2021/11/24 	29.600143052657902	31.086909672802353	29.284769981625406	30.59132194519043	50462	2021/11/24 
2021/11/25 	29.780359395943567	29.780359395943567	29.329824447631836	29.329824447631836	35200	2021/11/25 
2021/11/26 	29.28477004500606	29.28477004500606	27.97821807861328	27.97821807861328	54000	2021/11/26 
2021/11/29 	28.969398745109586	28.969398745109586	28.654022216796875	28.654022216796875	2700	2021/11/29 
2021/11/30 	27.97821807861328	28.293592868982678	27.933165273698087	27.97821807861328	13000	2021/11/30 
2021/12/01 	28.924341201782227	28.924341201782227	28.924341201782227	28.924341201782227	139	2021/12/01 
2021/12/02 	28.924341134340988	29.194664842218483	28.38370059320346	28.563915252685547	9150	2021/12/02 
2021/12/03 	28.92434144766379	29.645200093400828	28.69907569885254	28.69907569885254	6110	2021/12/03 
2021/12/06 	28.699076006820633	28.83423614501953	28.203486541885468	28.83423614501953	26100	2021/12/06 
2021/12/07 	28.248538928397302	28.879286765123926	28.248538928397302	28.473806381225586	24020	2021/12/07 
2021/12/08 	29.05950471333095	32.66378436769758	29.05950471333095	31.537446975708008	179763	2021/12/08 
2021/12/09 	31.537445469906455	31.537445469906455	29.69025292270226	29.960573196411133	131360	2021/12/09 
2021/12/10 	30.32100234924206	31.222072214749296	30.32100234924206	30.636375427246094	61540	2021/12/10 
2021/12/13 	30.90669734873206	31.94292912428604	30.771538924078673	31.537446975708008	85020	2021/12/13 
2021/12/14 	32.393459183814386	33.29452896118164	32.258297342285935	33.29452896118164	127685	2021/12/14 
2021/12/15 	32.573678681403166	32.573678681403166	31.402285046399083	31.762714385986328	57615	2021/12/15 
2021/12/16 	32.889048911379646	39.01632308959961	32.889048911379646	39.01632308959961	611175	2021/12/16 
2021/12/17 	38.38557514683343	38.38557514683343	33.92528203323687	35.23183059692383	201724	2021/12/17 
2021/12/20 	37.98009207005032	39.1064292792771	35.5922558115662	37.033966064453125	102601	2021/12/20 
2021/12/21 	37.34934460205031	37.34934460205031	35.59225777144148	36.3581657409668	58274	2021/12/21 
2021/12/22 	40.277822569682485	41.26899801960114	38.79105595749584	40.638248443603516	340687	2021/12/22 
2021/12/23 	40.63824796994763	40.77340981941056	38.16030593672378	38.88116455078125	157659	2021/12/23 
2021/12/24 	38.881167268725946	38.881167268725946	36.04279573006016	36.53838348388672	126813	2021/12/24 
2021/12/27 	37.529563903808594	38.34052477722143	37.529563903808594	37.529563903808594	90714	2021/12/27 
2021/12/28 	37.52955718635961	37.844930230019756	36.53837837985502	37.033966064453125	87830	2021/12/28 
2021/12/29 	37.16913346560703	37.30429532586007	36.808704129804866	37.124080657958984	29976	2021/12/29 
2021/12/30 	36.80870472940095	37.66472183789354	36.6284934958732	37.39440155029297	15676	2021/12/30 
2022/01/03 	37.98009585644932	37.98009585644932	36.89881134033203	36.89881134033203	3500	2022/01/03 
2022/01/04 	37.98009490966797	37.98009490966797	37.8449330595319	37.98009490966797	2681	2022/01/04 
2022/01/05 	36.94386052639442	37.39439541086264	36.583431243896484	36.583431243896484	8000	2022/01/05 
2022/01/06 	36.53838348388672	37.12408028942374	36.53838348388672	36.53838348388672	9000	2022/01/06 
2022/01/07 	37.07902476404191	37.12407756794	36.94386291503906	36.94386291503906	8100	2022/01/07 
2022/01/10 	36.53838076377849	36.62848980878077	32.43851374216147	34.556026458740234	127778	2022/01/10 
2022/01/11 	33.92528287431885	35.27688771493221	33.88022662978465	34.01538848876953	40067	2022/01/11 
2022/01/12 	35.09667217859868	35.23183059692383	34.240655113304314	35.23183059692383	4003	2022/01/12 
2022/01/13 	35.23183059692383	35.23183059692383	34.105493257670396	35.23183059692383	4012	2022/01/13 
2022/01/14 	35.23183059692383	35.23183059692383	34.105493257670396	35.23183059692383	6011	2022/01/14 
2022/01/17 	34.195602307195934	35.23183059692383	34.195602307195934	35.23183059692383	1659	2022/01/17 
2022/01/18 	35.27688411917532	35.4120425270747	34.916454823493275	35.05161666870117	28947	2022/01/18 
2022/01/19 	35.096674638244	35.141727447509766	34.55603061512767	35.141727447509766	14711	2022/01/19 
2022/01/20 	35.14172498470706	35.23183059692383	34.82635190463961	35.23183059692383	20111	2022/01/20 
2022/01/21 	35.141727447509766	35.18678025677554	34.24065751295824	35.141727447509766	15012	2022/01/21 
2022/01/24 	35.09667205810547	35.14172486405918	33.79012006159536	35.09667205810547	11195	2022/01/24 
2022/01/25 	33.60990540047177	35.09667205810547	33.60990540047177	35.09667205810547	17001	2022/01/25 
2022/01/26 	34.691187373019126	35.05161666870117	34.24065247207083	35.05161666870117	14324	2022/01/26 
2022/02/07 	35.0516187525216	35.09667155783312	34.24065450767939	34.961509704589844	17136	2022/02/07 
2022/02/08 	34.105492534095845	34.826351165771484	34.105492534095845	34.826351165771484	4506	2022/02/08 
2022/02/09 	34.82635178507446	35.27688671922906	34.691189929904574	35.09667205810547	50944	2022/02/09 
2022/02/10 	34.69118800083106	35.321937561035156	34.646135197382605	35.321937561035156	20000	2022/02/10 
2022/02/11 	35.276886840340985	35.41204525866613	34.556028193371766	35.23183059692383	33323	2022/02/11 
2022/02/14 	35.23183059692383	35.23183059692383	34.69119004900569	35.23183059692383	6211	2022/02/14 
2022/02/15 	34.60108455133706	35.23183071356007	34.42086988899815	34.78129577636719	52714	2022/02/15 
2022/02/16 	34.285710322224006	35.141727447509766	34.285710322224006	35.141727447509766	52962	2022/02/16 
2022/02/17 	35.14172510104501	35.14172510104501	33.429690964788534	34.78129577636719	58230	2022/02/17 
2022/02/18 	34.87140655517578	34.87140655517578	34.24065692437033	34.87140655517578	23712	2022/02/18 
2022/02/21 	34.37581757247268	34.91645812988281	33.83517357775371	34.91645812988281	33133	2022/02/21 
2022/02/22 	34.91645763244857	34.91645763244857	34.37581708274062	34.78129577636719	33860	2022/02/22 
2022/02/23 	34.285707192014755	34.826351165771484	34.105492534095845	34.826351165771484	34224	2022/02/23 
2022/02/24 	34.871402493496966	35.14172275026809	33.38463592529297	33.38463592529297	63489	2022/02/24 
2022/02/25 	33.745065643052875	34.015385903165985	33.339583534228915	33.970333099365234	30750	2022/02/25 
2022/03/01 	33.970333226276395	34.87140305489217	33.159369005598755	34.105491638183594	19116	2022/03/01 
2022/03/02 	34.060439540974706	34.060439540974706	33.20442249856549	33.33958435058594	16551	2022/03/02 
2022/03/03 	33.92528225937914	33.92528225937914	32.52862119954788	33.74506759643555	45905	2022/03/03 
2022/03/04 	32.43851211582861	33.70001118414532	32.43851211582861	33.4296875	19036	2022/03/04 
2022/03/07 	32.348410571087506	32.52862180004913	30.726482011962	32.078086853027344	68494	2022/03/07 
2022/03/08 	32.07808754893943	32.70883717591538	31.312179497310094	31.537446975708008	24830	2022/03/08 
2022/03/09 	31.3572285950833	31.3572285950833	30.95174649448524	31.0869083404541	44940	2022/03/09 
2022/03/10 	30.501212492131483	31.222071108851175	30.005624771118164	30.005624771118164	49475	2022/03/10 
2022/03/11 	31.177017211914062	31.177017211914062	30.005627027616043	31.177017211914062	6630	2022/03/11 
2022/03/14 	31.17701467316354	31.17701467316354	30.501212302178995	30.906694412231445	36370	2022/03/14 
2022/03/15 	30.456159757629774	30.726480020864123	28.203485168495785	28.969396591186523	149553	2022/03/15 
2022/03/16 	29.01445099263755	29.01445099263755	27.798006303813892	28.15843391418457	108371	2022/03/16 
2022/03/17 	29.329822320149674	29.3748751242511	28.383699684785224	28.74412727355957	52021	2022/03/17 
2022/03/18 	29.284770288810783	29.329823094101055	29.239717483520508	29.239717483520508	10110	2022/03/18 
2022/03/21 	29.555089271835758	29.555089271835758	29.51003646850586	29.51003646850586	210	2022/03/21 
2022/03/22 	29.510038095362045	30.636375427246094	28.74412836595002	30.636375427246094	19050	2022/03/22 
2022/03/23 	31.22207450866699	31.267127317790678	31.086912643986924	31.222074508666992	2340	2022/03/23 
2022/03/24 	31.22207339214212	31.40228462219238	30.63637658255213	31.402284622192383	26221	2022/03/24 
2022/03/25 	31.402282870935455	31.402282870935455	30.501213021699904	30.72648048400879	20632	2022/03/25 
2022/03/28 	30.77153460968361	31.041854858398438	30.63637276667197	31.041854858398438	5110	2022/03/28 
2022/03/29 	31.041857554186098	31.041857554186098	30.501213572496507	30.636375427246094	28240	2022/03/29 
2022/03/30 	30.59132194519043	30.59132194519043	29.735304904419642	30.59132194519043	16120	2022/03/30 
2022/03/31 	30.59132194519043	30.59132194519043	29.19466437199003	30.59132194519043	5630	2022/03/31 
2022/04/01 	30.591322394119935	30.591322394119935	29.149608557635933	29.374876022338867	10541	2022/04/01 
2022/04/06 	29.825411398440007	29.870467641902383	29.149608994209714	29.735305786132812	24040	2022/04/06 
2022/04/07 	29.73530523226667	30.230892965342704	29.6001433790147	29.825410842895508	9130	2022/04/07 
2022/04/08 	29.780357880574094	30.50121307373047	29.014449882340827	30.50121307373047	11561	2022/04/08 
2022/04/11 	30.501213234537932	30.6363750877899	29.41993215775702	29.825410842895508	14070	2022/04/11 
2022/04/12 	29.82541128422339	30.185840606689453	29.82541128422339	30.185840606689453	4021	2022/04/12 
2022/04/13 	30.275946334593534	30.32100257805591	29.555091124209646	29.735305786132812	4210	2022/04/13 
2022/04/14 	29.73530420059029	31.086908936980755	29.73530420059029	30.771535873413086	22050	2022/04/14 
2022/04/15 	30.77153660176986	30.77153660176986	29.780357709237332	30.59132194519043	14170	2022/04/15 
2022/04/18 	30.59132204895624	30.63637485392675	30.050678077384084	30.14078712463379	23021	2022/04/18 
2022/04/19 	29.87046627982618	29.87046627982618	29.510036972415218	29.645198822021484	25001	2022/04/19 
2022/04/20 	30.59132194519043	30.59132194519043	30.59132194519043	30.59132194519043	1	2022/04/20 
2022/04/21 	30.591321266953596	30.591321266953596	29.73530424516147	30.546268463134766	2702	2022/04/21 
2022/04/22 	29.735305786132812	30.546270046132673	29.23971804382569	29.735305786132812	37606	2022/04/22 
2022/04/25 	28.87928839613384	29.419932375840688	27.97821853393117	28.924341201782227	68014	2022/04/25 
2022/04/26 	28.924339611795773	28.969395852276133	28.248538970947266	28.248538970947266	18981	2022/04/26 
2022/04/27 	28.248539426327802	28.38369955667635	27.61778985982883	27.707897186279297	44000	2022/04/27 
2022/04/28 	28.06832472668107	28.06832472668107	27.933164596557617	27.933164596557617	10000	2022/04/28 
2022/04/29 	27.57273710260397	27.933164690361647	26.941987535037306	27.482629776000977	73190	2022/04/29 
2022/05/03 	27.48263143643818	27.52768424313451	27.122203826904297	27.122203826904297	11101	2022/05/03 
2022/05/04 	27.167257003376047	27.25736433664958	26.80682938893636	27.03209686279297	28515	2022/05/04 
2022/05/05 	27.39252189935732	27.39252189935732	26.716719541386396	26.76177406311035	19170	2022/05/05 
2022/05/06 	26.67166673831671	26.76177406311035	26.67166673831671	26.76177406311035	5143	2022/05/06 
2022/05/09 	26.671667098999023	26.761774425011193	26.581559772986854	26.671667098999023	16350	2022/05/09 
2022/05/10 	26.581560134887695	26.581560134887695	26.581560134887695	26.581560134887695	500	2022/05/10 
2022/05/11 	27.03209686279297	27.03209686279297	27.03209686279297	27.03209686279297	5000	2022/05/11 
2022/05/12 	27.03209686279297	27.03209686279297	27.03209686279297	27.03209686279297	9000	2022/05/12 
2022/05/13 	27.03209686279297	27.1222041960665	27.03209686279297	27.03209686279297	22000	2022/05/13 
2022/05/16 	27.03209686279297	27.03209686279297	27.03209686279297	27.03209686279297	0	2022/05/16 
2022/05/17 	27.032096494857225	27.122203826904297	27.032096494857225	27.122203826904297	13000	2022/05/17 
2022/05/18 	27.122203826904297	27.122203826904297	27.122203826904297	27.122203826904297	0	2022/05/18 
2022/05/19 	26.987043380737305	27.077148993103528	26.941988855899805	26.987043380737305	18000	2022/05/19 
2022/05/20 	27.0771484375	27.0771484375	27.0771484375	27.0771484375	2000	2022/05/20 
2022/05/23 	27.07714807365047	27.167255401611328	27.07714807365047	27.167255401611328	6000	2022/05/23 
2022/05/24 	27.032095052428165	27.122202379667122	26.581560134887695	26.581560134887695	20400	2022/05/24 
2022/05/25 	27.03209686279297	27.03209686279297	27.03209686279297	27.03209686279297	2000	2022/05/25 
2022/05/26 	26.085973739624023	26.085973739624023	26.085973739624023	26.085973739624023	1000	2022/05/26 
2022/05/27 	26.085972413054908	27.032095052428165	26.085972413054908	26.581560134887695	3100	2022/05/27 
2022/05/30 	26.221134300640067	27.167257003376047	26.221134300640067	27.03209686279297	2700	2022/05/30 
2022/05/31 	27.03209686279297	27.03209686279297	27.03209686279297	27.03209686279297	0	2022/05/31 
2022/06/01 	27.212310515104146	28.3837006480376	27.212310515104146	28.338647842407227	45000	2022/06/01 
2022/06/02 	28.879286765123926	28.879286765123926	28.158431603535135	28.473806381225586	38000	2022/06/02 
2022/06/06 	29.284769948323568	34.60108340617347	29.284769948323568	33.79011917114258	244427	2022/06/06 
2022/06/07 	32.979152092588585	34.240651141132616	31.71765648135294	32.258296966552734	63394	2022/06/07 
2022/06/08 	32.43851688929966	32.70883717591538	31.402285113745684	31.537446975708008	81915	2022/06/08 
2022/06/09 	32.168196602683956	32.34841127286407	31.402285113745684	31.537446975708008	40450	2022/06/09 
2022/06/10 	31.35723175063851	32.43851631527615	31.2671261357974	31.627552032470703	33053	2022/06/10 
2022/06/13 	31.582499929282505	32.798946380615234	31.40228525827296	32.798946380615234	54180	2022/06/13 
2022/06/14 	31.807766020014732	31.98798068315625	31.402283887273526	31.58249855041504	63000	2022/06/14 
2022/06/15 	31.987978531660584	31.987978531660584	31.582496426191906	31.897872924804688	23250	2022/06/15 
2022/06/16 	32.393464081081866	33.11431932449341	31.537446975708008	31.537446975708008	49408	2022/06/16 
2022/06/17 	31.582499045130124	31.8978755698951	30.816591011417344	31.717660903930664	21700	2022/06/17 
2022/06/20 	30.90669734873206	31.537446975708008	30.90669734873206	31.537446975708008	2600	2022/06/20 
2022/06/21 	30.726482678551942	31.627552592143598	30.681429870334146	31.537446975708008	9560	2022/06/21 
2022/06/22 	31.53744630090615	31.53744630090615	31.492393493652344	31.492393493652344	5050	2022/06/22 
2022/06/23 	31.672608341885535	31.672608341885535	31.22207339214212	31.402284622192383	26330	2022/06/23 
2022/06/24 	31.35723114013672	31.35723114013672	30.8165905869982	31.35723114013672	1080	2022/06/24 
2022/06/27 	31.35723108081535	31.582498550415043	31.35723108081535	31.58249855041504	2430	2022/06/27 
2022/06/28 	31.537446975708008	31.537446975708008	31.537446975708008	31.537446975708008	120	2022/06/28 
2022/06/29 	31.537445624170793	31.537445624170793	31.44734001159668	31.44734001159668	730	2022/06/29 
2022/06/30 	31.537446364752988	31.537446364752988	30.996805801995055	31.267126083374023	3540	2022/06/30 
2022/07/01 	31.537445409974055	31.537445409974055	30.185840606689453	30.185840606689453	33361	2022/07/01 
2022/07/04 	29.73530695271074	30.36605657553305	29.14961013780954	29.9155216217041	9653	2022/07/04 
2022/07/05 	30.411108016967773	30.411108016967773	30.18584055017542	30.411108016967773	7550	2022/07/05 
2022/07/06 	30.411107734895847	30.411107734895847	29.149608557635933	29.374876022338867	2850	2022/07/06 
2022/07/07 	30.18583925049197	30.411106707585194	29.149607572939697	30.095733642578125	3709	2022/07/07 
2022/07/08 	29.9155216217041	29.9155216217041	29.555092283717375	29.9155216217041	7699	2022/07/08 
2022/07/11 	30.230892805960416	31.22207170419554	29.870466928036574	30.50121307373047	37509	2022/07/11 
2022/07/12 	29.915520813562335	29.915520813562335	27.84305905074224	28.38370132446289	68101	2022/07/12 
2022/07/13 	28.3837012052536	30.185840964317322	28.3837012052536	28.83423614501953	54900	2022/07/13 
2022/07/14 	28.293593209657757	28.834235468421532	27.75295095089398	28.789182662963867	70689	2022/07/14 
2022/07/15 	27.88811281768475	29.374876022338867	27.88811281768475	29.374876022338867	48820	2022/07/15 
2022/07/18 	30.456158788113616	31.762710695681363	30.36605318234006	31.0869083404541	159710	2022/07/18 
2022/07/19 	31.40228303404777	31.40228303404777	30.050678253173828	30.050678253173828	47810	2022/07/19 
2022/07/20 	30.63637634545291	32.618730796443984	30.591323538289014	31.717660903930664	162882	2022/07/20 
2022/07/21 	31.717660967230245	32.61873086154185	31.222073212820636	31.492393493652344	74323	2022/07/21 
2022/07/22 	31.717660834482952	32.798945390593175	31.717660834482952	32.528621673583984	182855	2022/07/22 
2022/07/25 	32.52862250573526	32.57367875126199	30.726482678551942	31.537446975708008	124267	2022/07/25 
2022/07/26 	32.21324704144452	35.952688282717496	32.12314143163668	33.33958435058594	422257	2022/07/26 
2022/07/27 	33.60990461731814	33.60990461731814	32.21324704144452	33.33958435058594	152422	2022/07/27 
2022/07/28 	32.75388757490893	34.060439540974706	32.483567308176724	33.33958435058594	41388	2022/07/28 
2022/07/29 	32.889049919650056	33.83517258604125	32.843997114071186	33.47474670410156	86692	2022/07/29 
2022/08/01 	35.006564486098156	35.006564486098156	33.47474839517985	34.736244201660156	62524	2022/08/01 
2022/08/02 	34.28570926591839	34.691191411435916	33.159371882430214	34.150550842285156	117534	2022/08/02 
2022/08/03 	33.70001540088329	34.46592343564065	33.609906349123754	34.01538848876953	101692	2022/08/03 
2022/08/04 	34.330759095337534	34.37581533661521	34.01538603024546	34.105491638183594	40105	2022/08/04 
2022/08/05 	34.33076145083665	34.556028923446625	34.19560302965597	34.46592330932617	139548	2022/08/05 
2022/08/08 	34.24065524909972	34.96151046161901	28.83423599924187	31.44734001159668	446320	2022/08/08 
2022/08/09 	31.40228462219238	32.93410413878176	31.177017147320676	31.402284622192383	118360	2022/08/09 
2022/08/10 	32.798946380615234	32.798946380615234	31.40228525827296	32.798946380615234	6903	2022/08/10 
2022/08/11 	32.798944948638656	32.798944948638656	31.447340131040505	31.58249855041504	38558	2022/08/11 
2022/08/12 	32.43851688929966	32.43851688929966	31.447341359272414	31.537446975708008	38402	2022/08/12 
2022/08/15 	32.16819386609448	32.21324667047957	31.492391488392105	31.94292640686035	97750	2022/08/15 
2022/08/16 	31.94292640686035	31.94292640686035	31.492391488392105	31.94292640686035	80036	2022/08/16 
2022/08/17 	31.8978755698951	31.8978755698951	31.582499045130124	31.717660903930664	36270	2022/08/17 
2022/08/18 	31.987981366452875	32.03303417387343	31.627552032470703	31.627552032470703	112051	2022/08/18 
2022/08/19 	31.582495843564644	32.2132453918457	31.582495843564644	32.2132453918457	12351	2022/08/19 
2022/08/22 	32.213244165670815	32.258296966552734	31.357227199680825	32.258296966552734	13111	2022/08/22 
2022/08/23 	31.447340686398537	31.717660967230245	31.131964161004156	31.492393493652344	93601	2022/08/23 
2022/08/24 	31.312179497310094	31.672608837670328	31.267126689092297	31.537446975708008	45255	2022/08/24 
2022/08/25 	31.627552524313877	32.88905177556031	31.53744690807153	31.762714385986328	114710	2022/08/25 
2022/08/26 	31.807766572276048	32.078086853027344	31.537446291524752	32.078086853027344	17506	2022/08/26 
2022/08/29 	31.49239416749021	31.94292912428604	30.63637706211635	31.537446975708008	32505	2022/08/29 
2022/08/30 	31.85281932542235	31.85281932542235	31.3121787648379	31.717660903930664	36001	2022/08/30 
2022/08/31 	31.807764922691874	33.33958435058594	31.807764922691874	33.33958435058594	105654	2022/08/31 
2022/09/01 	33.29453018954346	33.79011789791788	32.483565985070015	33.24947738647461	126079	2022/09/01 
2022/09/02 	33.47474620260638	33.47474620260638	32.79894381712153	33.33958435058594	135620	2022/09/02 
2022/09/05 	34.0604401645407	34.0604401645407	32.97915564050744	33.02421188354492	48813	2022/09/05 
2022/09/06 	33.06926591225139	34.19560328366793	32.57367815628989	33.56485366821289	71304	2022/09/06 
2022/09/07 	33.20442127500937	34.01538548263129	33.20442127500937	33.38463592529297	32563	2022/09/07 
2022/09/08 	33.60990391990664	34.195600683430335	33.474745507999444	34.105491638183594	50295	2022/09/08 
2022/09/12 	34.105491638183594	34.64613559773822	34.01538603024546	34.105491638183594	89294	2022/09/12 
2022/09/13 	35.86257570733062	35.86257570733062	34.42086546839296	34.51097106933594	15101	2022/09/13 
2022/09/14 	34.42086854793378	35.36699119171539	34.42086854793378	34.69118881225586	25802	2022/09/14 
2022/09/15 	35.27688558271091	35.36699119171539	34.42086854793378	34.69118881225586	29941	2022/09/15 
2022/09/16 	34.51097415693825	34.69118881225586	34.46592135243602	34.69118881225586	25021	2022/09/16 
2022/09/19 	34.69118881225586	34.69118881225586	34.69118881225586	34.69118881225586	0	2022/09/19 
2022/09/20 	34.69118881225586	34.69118881225586	34.69118881225586	34.69118881225586	0	2022/09/20 
2022/09/21 	36.09758758544922	36.09758758544922	36.09758758544922	36.09758758544922	0	2022/09/21 
2022/09/22 	36.09758758544922	36.09758758544922	36.09758758544922	36.09758758544922	0	2022/09/22 
2022/09/23 	36.09758758544922	36.09758758544922	36.09758758544922	36.09758758544922	0	2022/09/23 
2022/09/26 	33.800473182536294	33.894235311605144	32.86287335180486	33.70671463012695	156961	2022/09/26 
2022/09/27 	32.722233497776955	33.70671254377659	31.92527154498923	32.62847137451172	103103	2022/09/27 
2022/09/28 	32.90974745421966	33.00350956854803	31.878389233220233	32.112789154052734	75201	2022/09/28 
2022/09/29 	32.01903255651887	32.76911163330078	31.73774977314889	32.76911163330078	69101	2022/09/29 
2022/09/30 	31.222071151728997	32.06591236258352	31.17519187927246	31.17519187927246	116103	2022/09/30 
2022/10/03 	32.76911217940921	32.76911217940921	30.847033395417494	31.17519187927246	55101	2022/10/03 
2022/10/04 	31.97215110205695	31.97215110205695	31.175192718855207	31.50335121154785	28001	2022/10/04 
2022/10/05 	31.550233239530172	32.01903311781942	31.409591845379705	31.831512451171875	25301	2022/10/05 
2022/10/06 	31.972146208415424	32.487828870372745	31.784629142240515	32.30030822753906	33603	2022/10/06 
2022/10/07 	32.48783515329471	32.90975221044286	32.44095230102539	32.44095230102539	23202	2022/10/07 
2022/10/11 	31.925269759112865	31.925269759112865	30.753270108802855	31.737749099731445	35302	2022/10/11 
2022/10/12 	31.878389233220233	32.30030980605053	30.940789549890226	32.112789154052734	48096	2022/10/12 
2022/10/13 	32.15967285008329	33.00351411190956	31.456472990781204	32.48783493041992	48609	2022/10/13 
2022/10/14 	32.53471237127394	32.72223303851324	31.315833399207385	32.675350189208984	4253	2022/10/14 
2022/10/17 	32.72223172072909	32.72223172072909	29.81567043722066	31.315832138061523	54006	2022/10/17 
2022/10/18 	32.15967177359246	32.15967177359246	30.940792773600656	31.50335121154785	25152	2022/10/18 
2022/10/19 	31.456470225488424	31.737749429150522	30.84703254699707	30.84703254699707	2004	2022/10/19 
2022/10/20 	31.690871495644796	31.690871495644796	30.800150999235196	31.128313064575195	25001	2022/10/20 
2022/10/21 	31.690869689738086	31.690869689738086	30.753269973611758	30.893911361694336	12051	2022/10/21 
2022/10/24 	31.597113114333077	31.831513057945845	30.14383417926577	31.550233840942383	51123	2022/10/24 
2022/10/25 	30.893912811066418	31.73775044917288	30.80015068905954	30.940792083740234	27003	2022/10/25 
2022/10/26 	30.23759226365523	31.972150389201214	30.23759226365523	30.940792083740234	26011	2022/10/26 
2022/10/27 	31.081433478420934	31.12831275109475	30.940792083740234	30.940792083740234	26611	2022/10/27 
2022/10/28 	31.08143175564731	31.409590222834197	30.940790368762045	31.36271095275879	24011	2022/10/28 
2022/10/31 	31.40959067910998	32.53471106055917	31.268949290181666	32.39406967163086	18011	2022/10/31 
2022/11/01 	32.347189533006336	32.347189533006336	31.268948451242522	32.06591033935547	6011	2022/11/01 
2022/11/02 	32.019033509022464	36.144470342376195	32.019033509022464	35.25374984741211	158930	2022/11/02 
2022/11/03 	33.80046729101407	35.25374606000507	32.67534697491627	34.83182907104492	80191	2022/11/03 
2022/11/04 	34.87871060433189	34.87871060433189	33.51919028311163	34.5505485534668	115008	2022/11/04 
2022/11/07 	34.9255931854006	35.25375169070703	33.89423481730088	35.06623458862305	160923	2022/11/07 
2022/11/08 	34.97246978707352	35.253748995353526	34.55054918632393	34.92559051513672	113067	2022/11/08 
2022/11/09 	34.87871180016171	35.769432287821196	34.59743258739009	35.72254943847656	70713	2022/11/09 
2022/11/10 	35.722550216859425	37.12894988802176	35.34751245054506	36.51951217651367	176663	2022/11/10 
2022/11/11 	36.566389528741226	37.64463065063699	36.23823105337771	37.597747802734375	164297	2022/11/11 
2022/11/14 	37.73838851723005	37.73838851723005	36.847668072920136	37.69150924682617	45304	2022/11/14 
2022/11/15 	37.69150970310028	37.738388974071654	36.89454778995051	37.644630432128906	90508	2022/11/15 
2022/11/16 	37.644630707526005	37.644630707526005	36.70703097460291	37.17583084106445	116087	2022/11/16 
2022/11/17 	37.45711026612039	37.45711026612039	36.61326907085823	37.12894821166992	56616	2022/11/17 
2022/11/18 	37.17583180626338	37.2695903513263	36.05071138221225	36.6132698059082	80212	2022/11/18 
2022/11/21 	36.566388497901286	37.50398820297568	36.09758864536409	36.8476676940918	41906	2022/11/21 
2022/11/22 	36.98830915017986	37.22270907688993	35.628788859929685	35.956947326660156	95074	2022/11/22 
2022/11/23 	35.956946655821795	37.17582911330102	35.488146811147935	36.05070877075195	96914	2022/11/23 
2022/11/24 	36.19134938955191	36.19134938955191	34.503670532956605	35.30063247680664	111779	2022/11/24 
2022/11/25 	35.347508354501315	35.769428922290025	33.61294681507192	35.67566680908203	78582	2022/11/25 
2022/11/28 	35.67566839368186	35.67566839368186	34.691189409553374	35.4881477355957	45252	2022/11/28 
2022/11/29 	35.44126709583654	36.09758758544922	35.253746444995926	36.09758758544922	72564	2022/11/29 
2022/11/30 	36.519511137887285	41.301268453180796	36.09759053320628	39.238548278808594	497363	2022/11/30 
2022/12/01 	39.84798858901287	40.41054699725293	37.50398926024741	37.597747802734375	341484	2022/12/01 
2022/12/02 	38.441587965450296	39.051029205322266	37.64462964561067	39.051029205322266	190718	2022/12/02 
2022/12/05 	39.37918909584604	39.472947639220095	37.9727894852801	38.44158935546875	272478	2022/12/05 
2022/12/06 	38.95726663502252	39.47294575224656	38.44158751779849	39.09790802001953	461187	2022/12/06 
2022/12/07 	39.191667281611984	39.191667281611984	38.441588226667356	38.58222961425781	263676	2022/12/07 
2022/12/08 	38.86350876516863	39.004146575927734	38.20718825164899	39.004146575927734	155707	2022/12/08 
2022/12/09 	38.769750066813224	38.957270741020444	38.30095016962487	38.629112243652344	229978	2022/12/09 
2022/12/12 	38.91038742533491	38.91038742533491	38.01966699785689	38.20718765258789	212811	2022/12/12 
2022/12/13 	38.3478330206712	38.769750066813224	38.20719162085095	38.629112243652344	179592	2022/12/13 
2022/12/14 	38.34782990256268	39.00414684393295	38.34782990256268	38.53534698486328	136291	2022/12/14 
2022/12/15 	36.94143112515728	45.00478744506836	35.95694853846908	45.00478744506836	6631706	2022/12/15 
2022/12/16 	40.691828257466405	42.3326277262891	39.379187251744646	41.72318649291992	4849822	2022/12/16 
2022/12/19 	41.25438876540845	41.25438876540845	37.082069186302355	38.86351013183594	3041300	2022/12/19 
2022/12/20 	38.81663153712282	40.8793481500517	38.25406953451192	38.76974868774414	1172552	2022/12/20 
2022/12/21 	39.144787700763175	40.129266676109246	38.25406726529424	39.47294616699219	1001652	2022/12/21 
2022/12/22 	39.472948508513326	39.66046917605029	38.394710929329456	38.76974868774414	669006	2022/12/22 
2022/12/23 	38.441587576836895	38.81662888629891	37.972787728338886	38.20718765258789	465020	2022/12/23 
2022/12/26 	38.254068795216305	38.254068795216305	36.707031365417585	37.55086898803711	554000	2022/12/26 
2022/12/27 	37.55086944572467	37.83214865669288	37.03519029617309	37.503990173339844	335000	2022/12/27 
2022/12/28 	36.75390803375824	37.97278689786407	36.75390803375824	36.98830795288086	328000	2022/12/28 
2022/12/29 	37.0351872213736	37.31646640898895	36.84766657074372	36.98830795288086	178194	2022/12/29 
2022/12/30 	37.832145052166254	37.832145052166254	36.84766611924596	37.035186767578125	185001	2022/12/30 
2023/01/03 	37.03518694347626	38.58222782874073	36.94142840719431	38.34782791137695	469040	2023/01/03 
2023/01/04 	38.347829750124475	41.441908092353074	38.347829750124475	40.31678771972656	1698600	2023/01/04 
2023/01/05 	40.223026510677705	40.59806422556832	39.37918539302087	39.75422668457031	833109	2023/01/05 
2023/01/06 	39.754232712236266	39.89487053539715	38.3478330206712	38.629112243652344	524214	2023/01/06 
2023/01/09 	38.48846526124888	38.86350655526522	37.50398633527956	38.39470672607422	720171	2023/01/09 
2023/01/10 	37.26959138350053	39.379190895774144	37.26959138350053	38.67599105834961	452100	2023/01/10 
2023/01/11 	38.4415899841902	38.81663131713867	38.394710711736444	38.81663131713867	125120	2023/01/11 
2023/01/12 	38.53534966020097	38.863511730328014	38.53534966020097	38.67599105834961	85000	2023/01/12 
2023/01/13 	39.28543141763561	39.33231069035504	38.72286941502471	38.76974868774414	185000	2023/01/13 
2023/01/16 	38.816629169104566	41.25438696839136	38.816629169104566	40.36366653442383	1084000	2023/01/16 
2023/01/17 	39.94174730830773	40.785588501062335	39.66046810294258	40.22303009033203	580000	2023/01/17 
2023/01/30 	41.629429274635655	44.207828521728516	40.316788227270195	44.207828521728516	3300258	2023/01/30 
2023/01/31 	43.9734294468216	47.817586968529945	43.129588246125046	46.270545959472656	2245350	2023/01/31 
2023/02/01 	45.89550866162493	46.504946355569956	45.00478818022611	46.22366714477539	985680	2023/02/01 
2023/02/02 	46.036144522484044	46.036144522484044	44.62974495161395	45.567344665527344	924000	2023/02/02 
2023/02/03 	45.28606665126821	46.08302857493679	44.62974611902913	45.00478744506836	833300	2023/02/03 
2023/02/06 	44.30158608303488	45.37982717497871	44.067186156669614	45.19230651855469	512524	2023/02/06 
2023/02/07 	44.20782846843732	45.14542819352266	43.36398728519688	44.62974548339844	1458300	2023/02/07 
2023/02/08 	44.535990068671744	44.7703900164016	43.645269551966436	44.7235107421875	1528001	2023/02/08 
2023/02/09 	44.44222905170512	46.73934555053711	44.16094626872563	46.73934555053711	1228092	2023/02/09 
2023/02/10 	46.83310511445533	46.83310511445533	44.39534378051758	44.39534378051758	1098250	2023/02/10 
2023/02/13 	44.62974714625924	44.62974714625924	43.64526811357073	44.02030944824219	459500	2023/02/13 
2023/02/14 	44.535989987008186	44.535989987008186	42.473269735435935	42.56703186035156	910200	2023/02/14 
2023/02/15 	42.56702981251176	43.45774670807331	41.77006788403672	42.801429748535156	502000	2023/02/15 
2023/02/16 	42.801431583514905	44.067189861643044	42.801431583514905	43.879669189453125	398000	2023/02/16 
2023/02/17 	43.59838793566499	44.72350833965914	43.223346608780545	44.11406707763672	411000	2023/02/17 
2023/02/20 	44.20782994418856	44.44222988328466	43.317109460291526	43.598388671875	490000	2023/02/20 
2023/02/21 	43.59838670786206	43.692145248613194	42.191987136640705	42.94206619262695	730000	2023/02/21 
2023/02/22 	42.94206756415368	42.94206756415368	42.19198848421066	42.801429748535156	390000	2023/02/22 
2023/02/23 	43.12958941007538	44.39534766862041	42.94206874078668	43.97343063354492	433106	2023/02/23 
2023/02/24 	44.34846413438905	44.34846413438905	42.80142680888252	43.12958526611328	399500	2023/02/24 
2023/03/01 	43.129589374248795	43.5983892587515	42.37951027437632	42.660789489746094	207000	2023/03/01 
2023/03/02 	43.03583197902965	43.03583197902965	42.23887000806429	42.52014923095703	406006	2023/03/02 
2023/03/03 	42.707666900357744	43.59838735739989	42.42638769725473	43.317108154296875	429001	2023/03/03 
2023/03/06 	43.69214559501305	46.41118621826172	43.69214559501305	46.41118621826172	1289044	2023/03/06 
2023/03/07 	46.41118423135451	46.87998407207527	45.33294316703321	45.75486373901367	1068211	2023/03/07 
2023/03/08 	45.1454282479441	45.1454282479441	43.59838726902474	44.207828521728516	1096050	2023/03/08 
2023/03/09 	44.39534541884166	44.77038673841347	43.78590774536133	43.78590774536133	431022	2023/03/09 
2023/03/10 	42.8951871909032	43.59838698091801	42.37950806022416	42.4732666015625	729273	2023/03/10 
2023/03/13 	42.191990975962725	42.191990975962725	40.78559127676397	41.20751190185547	766025	2023/03/13 
2023/03/14 	41.25438762608803	41.48878755578171	40.59806710761391	40.73870849609375	391000	2023/03/14 
2023/03/15 	41.16063216831522	41.67631133694026	41.06687004341835	41.254390716552734	244000	2023/03/15 
2023/03/16 	40.59806841062181	40.59806841062181	39.19166878732088	39.285430908203125	657001	2023/03/16 
2023/03/17 	40.316787907313305	40.73870849609375	39.84798804792594	40.73870849609375	178000	2023/03/17 
2023/03/20 	40.78558665709127	40.78558665709127	40.22302827179499	40.410545349121094	111000	2023/03/20 
2023/03/21 	40.598067378123375	40.69182949662105	40.082388244693064	40.2699089050293	253000	2023/03/21 
2023/03/22 	40.50430766190878	41.01998678038757	40.45742839234871	40.83246612548828	191100	2023/03/22 
2023/03/23 	40.36366758006743	43.55150808632591	40.223029766845485	43.317108154296875	663110	2023/03/23 
2023/03/24 	43.41086891887321	44.44223081859721	42.84831048386689	43.50463104248047	761100	2023/03/24 
2023/03/27 	44.06718972091276	44.770389556884766	43.879669049321684	44.770389556884766	962123	2023/03/27 
2023/03/28 	45.42670573242164	49.22398376464844	44.58286458007836	49.22398376464844	4700967	2023/03/28 
2023/03/29 	49.69278683068675	54.09950637817383	49.69278683068675	54.09950637817383	6319025	2023/03/29 
2023/03/30 	55.50590356745372	57.09982379036336	52.130542464234665	55.693424224853516	5030700	2023/03/30 
2023/03/31 	56.34974396125237	60.94398420090756	55.974706204473094	58.4124641418457	4585130	2023/03/31 
2023/04/06 	55.88094381002458	59.631342819466745	55.03710617889562	58.881263732910156	3515228	2023/04/06 
2023/04/07 	59.06878330396569	64.69438171386719	57.38110449632707	64.69438171386719	3723078	2023/04/07 
2023/04/10 	63.944300060350606	63.944300060350606	58.31870513950148	60.19390106201172	5173121	2023/04/10 
2023/04/11 	59.44382268620489	61.41278063466804	58.318702325657796	60.10013961791992	2207000	2023/04/11 
2023/04/12 	60.28766596219477	60.475183048304054	58.78750423670647	59.443824768066406	1372020	2023/04/12 
2023/04/13 	59.350061361859865	60.381423196400505	58.3187031039783	58.69374084472656	1459000	2023/04/13 
2023/04/14 	58.3187047150091	61.225266063560866	58.3187047150091	60.28766632080078	1750119	2023/04/14 
2023/04/17 	59.537580941179655	59.63133948050216	57.943660736083984	57.943660736083984	1634312	2023/04/17 
2023/04/18 	57.5686272475958	58.131185678335335	54.19326593318076	54.849586486816406	2078120	2023/04/18 
2023/04/19 	54.84958501085077	56.53726383431434	54.56830580305004	55.880943298339844	973535	2023/04/19 
2023/04/20 	55.41214204571231	55.59966270512662	51.099184762478664	51.6617431640625	1704646	2023/04/20 
2023/04/21 	51.84926651066724	51.94302863356335	48.192629557541714	48.75518798828125	1152100	2023/04/21 
2023/04/24 	48.66143035888672	51.380467594236904	48.66143035888672	48.66143035888672	593020	2023/04/24 
2023/04/25 	48.84894514787515	49.036465811685055	46.879987119519015	47.1612663269043	790056	2023/04/25 
2023/04/26 	46.692467484422274	46.78622960672255	45.47358850779267	46.176788330078125	687200	2023/04/26 
2023/04/27 	46.1767884962241	46.69246765242368	45.145430183824935	46.59870910644531	437005	2023/04/27 
2023/04/28 	46.97374382564814	48.567664040695114	46.41118543288287	47.81758499145508	706000	2023/04/28 
2023/05/02 	47.630067418844476	47.630067418844476	46.27054704220247	46.59870910644531	516300	2023/05/02 
2023/05/03 	46.223666106964	46.223666106964	45.47358703613281	45.47358703613281	474008	2023/05/03 
2023/05/04 	45.614227623138	46.87998580932617	45.614227623138	46.87998580932617	323100	2023/05/04 
2023/05/05 	46.879985285740275	49.317743089935156	46.879985285740275	47.81758499145508	813000	2023/05/05 
2023/05/08 	48.5676636406384	48.75518429556854	46.9737434387207	46.9737434387207	538100	2023/05/08 
2023/05/09 	46.973743543746984	47.161264199096394	45.567343993614934	45.66110610961914	391081	2023/05/09 
2023/05/10 	46.50494796438431	46.645589362976615	45.56734817819382	46.03614807128906	260000	2023/05/10 
2023/05/11 	46.31743037083069	46.31743037083069	43.41086891887321	43.50463104248047	589000	2023/05/11 
2023/05/12 	43.4108677224149	44.160946807303304	43.22334705702799	44.06718826293945	238000	2023/05/12 
2023/05/15 	44.06718667778424	44.911027853341615	43.73902820765586	44.25470733642578	201010	2023/05/15 
2023/05/16 	44.81726660237117	45.28606646971116	44.30158746362901	44.58286666870117	240000	2023/05/16 
2023/05/17 	44.62974611902913	45.28606665126821	44.62974611902913	45.00478744506836	225006	2023/05/17 
2023/05/18 	45.567347638565955	45.567347638565955	44.67663071356072	45.23918914794922	268000	2023/05/18 
2023/05/19 	45.75486767561524	45.75486767561524	44.58286797297828	44.8641471862793	289034	2023/05/19 
2023/05/22 	44.95790699747908	45.567344665527344	44.72350706900073	45.567344665527344	184000	2023/05/22 
2023/05/23 	45.66111121574543	46.176790393128684	45.33294913802196	45.94239044189453	275060	2023/05/23 
2023/05/24 	46.03614807128906	46.598710088998956	45.848630975378434	46.03614807128906	351000	2023/05/24 
2023/05/25 	46.12990802803158	46.12990802803158	45.09854616569523	45.42670822143555	224000	2023/05/25 
2023/05/26 	45.94238776349007	45.94238776349007	44.06718826293945	44.06718826293945	368300	2023/05/26 
2023/05/29 	44.067186156669614	45.61422710134397	43.926544770186844	45.19230651855469	316000	2023/05/29 
2023/05/30 	45.42670776482945	46.129907564357275	45.37982849352609	45.47358703613281	222445	2023/05/30 
2023/05/31 	45.75486652048767	45.75486652048767	44.72350823886852	45.00478744506836	234017	2023/05/31 
2023/06/01 	45.09854440201316	45.56734425474369	44.72350666582416	45.19230651855469	245000	2023/06/01 
2023/06/02 	45.8486295731897	45.8486295731897	44.91102981567383	44.91102981567383	302000	2023/06/02 
2023/06/05 	45.3798287711076	45.3798287711076	44.72350823886852	45.00478744506836	225000	2023/06/05 
2023/06/06 	44.723509094868135	44.77038836735551	43.551509399387626	43.598388671875	641000	2023/06/06 
2023/06/07 	43.64526681146387	44.254708067958184	43.64526681146387	43.73902893066406	194000	2023/06/07 
2023/06/08 	43.739029492628724	43.739029492628724	42.801429748535156	42.801429748535156	341020	2023/06/08 
2023/06/09 	42.80143003262914	42.84830930481315	42.2857473086275	42.3326301574707	238050	2023/06/09 
2023/06/12 	42.75454729799353	42.75454729799353	41.44190979003906	41.44190979003906	282000	2023/06/12 
2023/06/13 	41.67630735714338	44.20782726106666	41.39502816263168	43.03582763671875	508010	2023/06/13 
2023/06/14 	43.035830193549714	43.035830193549714	41.957589044425916	42.28574752807617	362000	2023/06/14 
2023/06/15 	42.09823004572292	42.332629982332385	41.77006798847417	41.910709381103516	208005	2023/06/15 
2023/06/16 	42.00446775995927	43.22334671020508	41.770067824271266	43.22334671020508	331170	2023/06/16 
2023/06/19 	43.27023030580367	43.27023030580367	42.660789031828145	42.70766830444336	176000	2023/06/19 
2023/06/20 	43.17646732067047	43.17646732067047	42.191988308797036	42.37950897216797	122000	2023/06/20 
2023/06/21 	43.410866425789514	45.66110718990221	43.1295872244402	43.78590774536133	1326213	2023/06/21 
2023/06/26 	43.78590665020151	46.83310567136482	42.94206549060038	46.55182647705078	1713594	2023/06/26 
2023/06/27 	46.97374696034066	50.161587603168336	46.97374696034066	47.44254684448242	3119161	2023/06/27 
2023/06/28 	46.973747756826306	52.13054656982422	46.973747756826306	52.13054656982422	4452000	2023/06/28 
2023/06/29 	53.63070231271614	54.28702280284109	51.09918246603929	53.25566101074219	7739101	2023/06/29 
2023/06/30 	52.880626523597414	55.599663611103836	52.50558519865763	54.19326400756836	5175153	2023/06/30 
2023/07/03 	54.47454527130145	58.97502703399605	54.099507508849754	57.006065368652344	7189441	2023/07/03 
2023/07/04 	56.44350275133168	58.6937398891635	54.84958254328892	56.63102340698242	4786100	2023/07/04 
2023/07/05 	55.599663391982276	56.63102524317245	51.19294393627311	52.03678512573242	4012016	2023/07/05 
2023/07/06 	52.03678512573242	53.34942618118932	50.724144070275514	52.03678512573242	1339018	2023/07/06 
2023/07/07 	51.56798553466797	52.59934381469767	50.91166500344036	51.56798553466797	1005100	2023/07/07 
2023/07/10 	50.630384386222	50.630384386222	48.75518496451007	49.974063873291016	1177700	2023/07/10 
2023/07/11 	50.16158360039752	50.81790410115508	49.41150456095702	50.536624908447266	620091	2023/07/11 
2023/07/12 	50.067827181375435	50.91166479522341	49.22398599086832	49.41150665283203	500028	2023/07/12 
2023/07/13 	49.692784940730945	50.91166385602084	49.22398508279952	49.50526428222656	1180128	2023/07/13 
2023/07/14 	50.067826500688604	51.943025941513504	49.78654372323759	51.6617431640625	872124	2023/07/14 
2023/07/17 	51.661744272026546	55.78718456098127	50.44286532468148	53.724464416503906	2219100	2023/07/17 
2023/07/18 	54.00574333277457	55.693425717959336	50.161585847985165	50.25534439086914	1713000	2023/07/18 
2023/07/19 	50.3491065855728	50.724144334327704	47.63006591796875	47.63006591796875	798030	2023/07/19 
2023/07/20 	47.53630489168637	48.28638392667181	47.44254277690134	47.91134262084961	300000	2023/07/20 
2023/07/21 	47.8175868619094	47.8175868619094	46.458066520111515	47.1612663269043	337534	2023/07/21 
2023/07/24 	46.879985695669724	46.879985695669724	45.09854480857065	45.567344665527344	633417	2023/07/24 
2023/07/25 	45.61422878383373	46.87998700223028	45.23918745715223	46.31742858886719	273299	2023/07/25 
2023/07/26 	45.94239044189453	46.176790393128684	45.286069863107016	45.94239044189453	310000	2023/07/26 
2023/07/27 	45.895505277048535	47.348784072864056	45.61422608699698	47.0675048828125	410000	2023/07/27 
2023/07/28 	46.9737478698492	47.44254776306789	46.41118942865051	47.34878921508789	314010	2023/07/28 
2023/07/31 	47.59437363286145	48.52759738004102	45.777042388916016	45.777042388916016	645001	2023/07/31 
2023/08/01 	45.285871851294615	46.07174683788245	45.04028685481833	45.13852310180664	417100	2023/08/01 
2023/08/02 	45.53145662304948	45.924394114404045	43.41942791217521	44.303531646728516	541000	2023/08/02 
2023/08/04 	44.107065268927215	45.77704018663135	43.8123602859634	44.99116897583008	130200	2023/08/04 
2023/08/07 	44.00883040187741	44.35265164364507	42.437087931118434	44.303531646728516	740014	2023/08/07 
2023/08/08 	48.724061383144466	48.724061383144466	44.40176773071289	44.40176773071289	1690000	2023/08/08 
2023/08/09 	44.15618297378948	44.15618297378948	43.22295924071715	43.37031173706055	324000	2023/08/09 
2023/08/10 	43.32119293316916	43.32119293316916	42.73179042622213	42.780906677246094	187000	2023/08/10 
2023/08/11 	42.731789030929946	42.83002152977035	41.552980308196986	41.60209655761719	326010	2023/08/11 
2023/08/14 	41.50386429763802	41.50386429763802	40.27593931841796	40.570640563964844	269000	2023/08/14 
2023/08/15 	40.570642187606076	41.16004844961759	40.570642187606076	40.717994689941406	122001	2023/08/15 
2023/08/16 	40.472406085677356	41.79856349946123	39.293597413797535	41.552978515625	344000	2023/08/16 
2023/08/17 	41.552979758818104	42.14238598605676	41.16004602132191	41.89680099487305	103000	2023/08/17 
2023/08/18 	41.749447680061586	41.749447680061586	40.32505400974652	40.42329025268555	191000	2023/08/18 
2023/08/21 	40.37417303816169	41.45474930093432	40.37417303816169	40.91446304321289	85000	2023/08/21 
2023/08/22 	41.11092680535574	41.11092680535574	40.32505556812083	40.570640563964844	92000	2023/08/22 
2023/08/23 	40.521523537001876	41.06180976802932	40.47240728824112	40.96357727050781	54000	2023/08/23 
2023/08/24 	40.96357601672073	41.35650974210967	40.37416980764313	40.619754791259766	95000	2023/08/24 
2023/08/25 	40.27593994140625	40.865342441616896	39.88300244304602	40.27593994140625	53000	2023/08/25 
2023/08/28 	40.37417343360224	41.552982210295475	39.6865384155835	40.717994689941406	202000	2023/08/28 
2023/08/29 	41.06180992966943	41.55297991386961	40.86534118652344	40.86534118652344	75000	2023/08/29 
2023/08/30 	41.25827867767081	42.04414990301767	41.209162428710925	41.79856491088867	151000	2023/08/30 
2023/08/31 	42.04414974118553	43.56677593705862	41.74944850123099	41.89680099487305	175000	2023/08/31 
2023/09/01 	43.222960949917166	43.222960949917166	41.3073971583526	41.65121841430664	253010	2023/09/01 
2023/09/04 	42.093265351494274	42.73178781781878	41.258277893066406	41.258277893066406	165004	2023/09/04 
2023/09/05 	41.258277666840456	41.94591637742037	41.1600451713274	41.356510162353516	172000	2023/09/05 
2023/09/06 	41.99503564788439	42.73179065925079	41.45474938901499	42.682674407958984	216000	2023/09/06 
2023/09/07 	42.53532128073774	43.026491281086514	42.240620029994425	42.97737503051758	178062	2023/09/07 
2023/09/08 	42.97737529446648	42.97737529446648	41.40563278262932	41.945919036865234	129100	2023/09/08 
2023/09/11 	40.865342207160815	40.865342207160815	40.17770720997012	40.37417221069336	206000	2023/09/11 
2023/09/12 	40.76710994069169	40.76710994069169	40.12858744268873	40.27593994140625	80000	2023/09/12 
2023/09/13 	40.27593994140625	40.61975744197418	39.98123869130092	40.27593994140625	68000	2023/09/13 
2023/09/14 	40.42329065734408	41.20916187207574	40.42329065734408	41.1600456237793	121000	2023/09/14 
2023/09/15 	41.1600456237793	41.258278120372175	40.47240690564052	41.1600456237793	85000	2023/09/15 
2023/09/18 	41.061808771132426	41.45474624633789	40.8653400335297	41.45474624633789	59000	2023/09/18 
2023/09/19 	41.3073953861906	41.945917871761615	40.66887664794922	40.66887664794922	128000	2023/09/19 
2023/09/20 	40.66887720643758	40.7671097067992	40.37417221069336	40.37417221069336	56000	2023/09/20 
2023/09/21 	40.17770744048104	40.37417244233146	39.88300244304602	40.27593994140625	59000	2023/09/21 
2023/09/22 	39.93212205021487	41.552980783603466	39.93212205021487	40.472408294677734	45000	2023/09/22 
2023/09/25 	40.03035455017915	40.816225791882374	40.03035455017915	40.472408294677734	43085	2023/09/25 
2023/09/26 	40.37417064423959	40.619755632945015	40.128585655534174	40.22682189941406	38000	2023/09/26 
2023/09/27 	39.9812384619172	40.52152470856547	39.93212221173639	40.37417221069336	49000	2023/09/27 
2023/09/28 	40.27593954741951	40.76710954190023	40.177707047455236	40.472408294677734	95000	2023/09/28 
2023/10/02 	40.47240706328281	41.06180953979492	40.226822073514505	41.06180953979492	114000	2023/10/02 
2023/10/03 	41.06180999388482	41.06180999388482	39.78476878243313	39.93212127685547	90025	2023/10/03 
2023/10/04 	39.93212283529143	40.76711034339288	39.88300283701391	40.079471588134766	43000	2023/10/04 
2023/10/05 	40.12858767404364	40.57064142541506	40.12858767404364	40.17770767211914	62000	2023/10/05 
2023/10/06 	40.12858523179279	41.356510162353516	40.12858523179279	41.356510162353516	116000	2023/10/06 
2023/10/11 	41.896800335955575	41.995032831952315	40.32505416870117	40.32505416870117	140050	2023/10/11 
2023/10/12 	40.22682155026716	44.25441383114696	40.17770530241829	44.15618133544922	680108	2023/10/12 
2023/10/13 	45.187639128611465	45.43322412387566	44.2052991475547	44.303531646728516	1414124	2023/10/13 
2023/10/16 	44.10706568963595	44.303530683713085	42.68267199859942	42.92825698852539	243000	2023/10/16 
2023/10/17 	42.731789655463636	43.41942839938531	41.356512167620295	42.24061965942383	154000	2023/10/17 
2023/10/18 	42.73178967364607	42.73178967364607	41.307395935058594	41.307395935058594	284000	2023/10/18 
2023/10/19 	41.454745983954005	41.99503219844471	40.07946857676906	40.619754791259766	257010	2023/10/19 
2023/10/20 	40.96357909451373	40.96357909451373	39.981239086239206	40.079471588134766	110050	2023/10/20 
2023/10/23 	40.27593971033174	40.7671097067992	40.27593971033174	40.37417221069336	70004	2023/10/23 
2023/10/24 	40.37417244233146	40.42329244012377	39.88300244304602	40.27593994140625	67000	2023/10/24 
2023/10/25 	40.17770526633225	40.76710773464837	40.17770526633225	40.42329025268555	81000	2023/10/25 
2023/10/26 	40.275938930281676	41.84768138960472	40.128586435263436	40.76710891723633	193000	2023/10/26 
2023/10/27 	41.258277869988234	41.258277869988234	40.2759379207028	40.32505416870117	78032	2023/10/27 
2023/10/30 	40.27593994140625	40.57064119151158	40.27593994140625	40.27593994140625	50000	2023/10/30 
2023/10/31 	40.47240807406312	40.47240807406312	39.63741683959961	39.63741683959961	132100	2023/10/31 
2023/11/01 	39.5883010518882	40.22682354761611	39.44095230102539	39.44095230102539	64050	2023/11/01 
2023/11/02 	39.58829958759085	40.275938308171895	39.440950842178204	40.12858581542969	49003	2023/11/02 
2023/11/03 	40.22682125697588	40.22682125697588	39.58829879760742	39.58829879760742	72000	2023/11/03 
2023/11/06 	39.048013963526486	39.29359895700778	38.70419647158451	38.90066146850586	185002	2023/11/06 
2023/11/07 	39.04801496675784	40.12858746690605	39.04801496675784	39.342716217041016	72000	2023/11/07 
2023/11/08 	39.539185601960185	40.07947186071978	38.360376834547594	39.04801559448242	151220	2023/11/08 
2023/11/09 	39.244482939561856	39.29359918908228	38.80242919921875	38.80242919921875	88000	2023/11/09 
2023/11/10 	38.65507507324219	38.75331131547005	38.65507507324219	38.65507507324219	38014	2023/11/10 
2023/11/13 	38.80242778996753	39.048012775979984	38.55684280395508	38.55684280395508	56000	2023/11/13 
2023/11/14 	38.213025932875325	38.753312161267225	38.213025932875325	38.262142181396484	103014	2023/11/14 
2023/11/15 	38.262144205220665	38.55684545926502	38.21302795410156	38.21302795410156	62000	2023/11/15 
2023/11/16 	38.45861092281069	38.45861092281069	38.213025932875325	38.262142181396484	29000	2023/11/16 
2023/11/17 	38.31125743732994	38.900659898972464	38.26214119008131	38.75331115722656	36000	2023/11/17 
2023/11/20 	38.802430823137556	39.342717085133	38.802430823137556	38.94978332519531	97000	2023/11/20 
2023/11/21 	39.293599183305865	40.03035416799285	39.293599183305865	39.735652923583984	109038	2023/11/21 
2023/11/22 	39.391833225826396	40.03035573650626	39.391833225826396	39.88300323486328	66000	2023/11/22 
2023/11/23 	39.39183333670899	39.53918583876675	38.851547074713544	38.94978332519531	76038	2023/11/23 
2023/11/24 	38.94978332519531	39.146248331499265	38.40949331587007	38.94978332519531	56000	2023/11/24 
2023/11/27 	38.99889794463009	38.99889794463009	38.60596045380741	38.80242919921875	32000	2023/11/27 
2023/11/28 	38.85154521927552	38.94978146506581	38.65507647502456	38.90066146850586	54000	2023/11/28 
2023/11/29 	38.90065993555674	40.47240608029739	38.70419494637744	39.6865348815918	108000	2023/11/29 
2023/11/30 	39.686535039918446	39.686535039918446	39.293597565333314	39.58829879760742	57000	2023/11/30 
2023/12/01 	39.293600198536126	39.293600198536126	39.04801519729528	39.244483947753906	88000	2023/12/01 
2023/12/04 	39.98123707001704	40.4232908009141	39.78476832880394	40.12858581542969	113078	2023/12/04 
2023/12/05 	40.12858666701926	40.177706663862104	39.735652923583984	39.735652923583984	56050	2023/12/05 
2023/12/06 	39.78476917309719	39.83388542261039	39.735652923583984	39.735652923583984	23000	2023/12/06 
2023/12/07 	39.735652923583984	40.12858666701926	39.293599183305865	39.735652923583984	61000	2023/12/07 
2023/12/08 	39.5391848016006	39.686537299793095	39.44095230102539	39.44095230102539	40010	2023/12/08 
2023/12/11 	39.44095105761065	40.079469785878935	39.097129821777344	39.097129821777344	62150	2023/12/11 
2023/12/12 	38.80242880905442	39.09713005054335	38.65507631464516	38.998897552490234	41000	2023/12/12 
2023/12/13 	38.753313575558074	38.753313575558074	38.409492328703166	38.507728576660156	74000	2023/12/13 
2023/12/14 	38.311260812718096	38.94978332519531	38.311260812718096	38.94978332519531	108000	2023/12/14 
2023/12/15 	38.8024292052041	38.851545454732104	37.869205474853516	37.869205474853516	296500	2023/12/15 
2023/12/18 	37.9183235168457	38.163908523424574	37.9183235168457	37.9183235168457	99621	2023/12/18 
2023/12/19 	37.91832133002349	37.91832133002349	36.98510135670821	37.132450103759766	152000	2023/12/19 
2023/12/20 	37.083335246530204	37.37803649902344	37.083335246530204	37.37803649902344	78000	2023/12/20 
2023/12/21 	37.08333508319439	37.62362133494055	37.08333508319439	37.47627258300781	42050	2023/12/21 
2023/12/22 	37.32891845703125	37.32891845703125	37.13244971568623	37.32891845703125	37646	2023/12/22 
2023/12/25 	37.42715174050716	37.42715174050716	36.93598175048828	36.93598175048828	61000	2023/12/25 
2023/12/26 	36.93598337405028	37.328920882269244	36.93598337405028	37.083335876464844	48025	2023/12/26 
2023/12/27 	37.083332286360246	37.083332286360246	36.886863551271254	36.98509979248047	86000	2023/12/27 
2023/12/28 	36.837750110057094	36.88686636073789	36.39569635927046	36.54304885864258	138000	2023/12/28 
2023/12/29 	36.64127856924238	36.98509979248047	36.543046075362604	36.98509979248047	124000	2023/12/29 
2024/01/02 	36.73951777473432	36.73951777473432	36.39569652375543	36.4448127746582	38000	2024/01/02 
2024/01/03 	36.346578484180334	36.4448109811517	36.248345987208964	36.395694732666016	71000	2024/01/03 
2024/01/04 	36.346578873760535	36.49393136812654	36.19922637939453	36.19922637939453	83000	2024/01/04 
2024/01/05 	36.19922480875837	36.19922480875837	36.002759821234186	36.051876068115234	74000	2024/01/05 
2024/01/08 	35.95364185209903	35.95364185209903	35.020421866807574	35.06953811645508	265000	2024/01/08 
2024/01/09 	35.06953877025931	35.11865502082249	33.59602876938564	33.84161376953125	234166	2024/01/09 
2024/01/10 	33.645145694430575	33.645145694430575	32.220751915565366	32.61368942260742	249000	2024/01/10 
2024/01/11 	32.81015653720447	33.645144013797534	32.81015653720447	33.399559020996094	142000	2024/01/11 
2024/01/12 	33.39955738240308	33.39955738240308	32.859271174212445	33.25220489501953	88000	2024/01/12 
2024/01/15 	33.25220489501953	33.25220489501953	33.25220489501953	33.25220489501953	0	2024/01/15 
2024/01/16 	33.05574294493131	33.39956045063833	32.61368918950103	32.71192169189453	119000	2024/01/16 
2024/01/17 	32.56457177686116	32.76103677464107	31.140178058979018	31.434879302978516	239000	2024/01/17 
2024/01/18 	31.434880355599134	34.578369140625	31.238411603910688	34.578369140625	251080	2024/01/18 
2024/01/19 	38.01655960083008	38.01655960083008	36.98510332719701	38.01655960083008	1322000	2024/01/19 
2024/01/22 	38.70419812809624	39.63741814540262	37.0342193514836	38.11479187011719	1403216	2024/01/22 
2024/01/23 	37.820090251428155	38.70419775623759	37.13245149739079	37.37803649902344	270144	2024/01/23 
2024/01/24 	38.213026318785786	38.213026318785786	37.132450103759766	37.132450103759766	108000	2024/01/24 
2024/01/25 	37.378034705535114	37.91832093373676	36.395694746139554	37.32891845703125	182059	2024/01/25 
2024/01/26 	37.721857611630355	37.721857611630355	36.54304885864258	36.54304885864258	82105	2024/01/26 
2024/01/29 	36.248347965914164	37.27980422973633	36.248347965914164	37.27980422973633	57019	2024/01/29 
2024/01/30 	37.52538655478784	37.52538655478784	36.444810369587685	36.69039535522461	40000	2024/01/30 
2024/01/31 	36.73951737599881	37.03421862554678	36.59216487755998	36.64128112792969	38000	2024/01/31 
2024/02/01 	36.64128050594288	37.034217996889836	36.64128050594288	36.93598175048828	22000	2024/02/01 
2024/02/02 	37.62362112464271	37.62362112464271	36.59216487755998	36.64128112792969	80001	2024/02/02 
2024/02/05 	36.64128152559903	36.78863402563709	36.34658027285266	36.4448127746582	45000	2024/02/05 
2024/02/15 	36.39569512277267	36.73951636051681	36.19922637939453	36.19922637939453	31033	2024/02/15 
2024/02/16 	36.34658010858966	36.54304885864258	36.24834760722807	36.54304885864258	60000	2024/02/16 
2024/02/19 	36.54304885864258	36.7886338593763	36.34658010858966	36.54304885864258	43000	2024/02/19 
2024/02/20 	36.543049023793486	36.543049023793486	36.39569652375543	36.4448127746582	39000	2024/02/20 
2024/02/21 	36.54304706492031	36.641279561460145	36.3465783245111	36.49393081665039	33000	2024/02/21 
2024/02/22 	36.493932969078	38.01655923922784	36.395696719414616	37.27980422973633	111000	2024/02/22 
2024/02/23 	37.62362072066753	37.62362072066753	36.83774948120117	36.83774948120117	52001	2024/02/23 
2024/02/26 	36.837750110057094	36.88686636073789	36.39569635927046	36.54304885864258	49000	2024/02/26 
2024/02/27 	36.739515552728705	36.78863180066093	35.658939361572266	35.658939361572266	114000	2024/02/27 
2024/02/29 	35.8554079409837	36.10099292688085	35.658939202800084	35.75717544555664	32001	2024/02/29 
2024/03/01 	35.757175993759155	35.757175993759155	35.46247100830078	35.46247100830078	35000	2024/03/01 
2024/03/04 	35.41335381004222	36.886863708496094	34.87306759674169	36.886863708496094	107000	2024/03/04 
2024/03/05 	37.08333408179698	38.0165578081558	36.34657910003942	37.96744155883789	159000	2024/03/05 
2024/03/06 	37.96744311611976	38.213028120111915	37.37803685814071	38.11479187011719	173000	2024/03/06 
2024/03/07 	37.672736570299136	38.21302655481412	36.69039659456951	37.034217834472656	71000	2024/03/07 
2024/03/08 	37.72185698024491	37.72185698024491	35.90452575683594	35.90452575683594	64000	2024/03/08 
2024/03/11 	35.90452417878442	37.623619079589844	35.266005464025824	37.623619079589844	183000	2024/03/11 
2024/03/12 	37.42715220867832	37.42715220867832	36.69039721443403	36.73951721191406	87003	2024/03/12 
2024/03/13 	36.93597991536208	36.93597991536208	35.90452373703519	35.95363998413086	61000	2024/03/13 
2024/03/14 	35.85540810063067	36.29746182667969	35.60982311364005	35.658939361572266	25000	2024/03/14 
2024/03/15 	35.413355379703134	35.65894037366409	35.16777038574219	35.16777038574219	50002	2024/03/15 
2024/03/18 	35.02042265989018	35.02042265989018	34.62748515915231	34.67660140991211	84000	2024/03/18 
2024/03/19 	34.578367735908934	34.72571648319204	33.399559020996094	33.399559020996094	183136	2024/03/19 
2024/03/20 	33.4486736490932	33.645142383278966	32.31898498535156	32.31898498535156	111000	2024/03/20 
2024/03/21 	32.31898616304572	33.20308987810399	32.31898616304572	32.662803649902344	78000	2024/03/21 
2024/03/22 	32.662802459679575	32.662802459679575	32.22074874459397	32.31898498535156	47000	2024/03/22 
2024/03/25 	32.417219276782035	32.662804271303116	32.31898677790546	32.36810302734375	53000	2024/03/25 
2024/03/26 	32.220749126673105	32.417217863188625	32.024280390157585	32.12251663208008	46000	2024/03/26 
2024/03/27 	31.92604805301821	32.0242805480957	31.680463067994992	32.0242805480957	23000	2024/03/27 
2024/03/28 	32.9575056809411	32.9575056809411	32.22075069367418	32.269866943359375	23000	2024/03/28 
2024/03/29 	32.2698671741452	32.71192091913274	32.171634674072266	32.171634674072266	11000	2024/03/29 
2024/04/01 	32.61368740139848	33.350442370945146	32.515451157061186	32.662803649902344	29000	2024/04/01 
2024/04/02 	32.810154947151254	32.810154947151254	32.171632497879884	32.31898498535156	41000	2024/04/02 
2024/04/03 	31.926050070158787	32.36810382059616	31.729581320261097	31.97516632080078	31000	2024/04/03 
2024/04/08 	32.417220071238155	32.417220071238155	31.631348818977113	31.97516632080078	44500	2024/04/08 
2024/04/09 	31.926050822372705	32.51545333862305	31.926050822372705	32.51545333862305	27030	2024/04/09 
2024/04/10 	32.220752080497874	32.71192209314976	32.17163582869865	32.51545333862305	27000	2024/04/10 
2024/04/11 	32.41721763650889	32.51545013041502	32.22074890136719	32.22074890136719	35000	2024/04/11 
2024/04/12 	32.46633632188015	32.46633632188015	31.926050070158787	31.97516632080078	39554	2024/04/12 
2024/04/15 	31.975165859081997	31.975165859081997	30.943709621175415	31.28752899169922	60000	2024/04/15 
2024/04/16 	30.992824962472366	30.992824962472366	29.814018135662486	29.863134384155273	72000	2024/04/16 
2024/04/17 	29.863134227795626	32.12251724626474	29.863134227795626	31.827816009521484	83000	2024/04/17 
2024/04/18 	30.4034229989757	31.091059857802886	30.4034229989757	30.55077362060547	46001	2024/04/18 
2024/04/19 	30.354305079319484	30.403423202634965	29.273730724021544	29.519315719604492	87000	2024/04/19 
2024/04/22 	29.51931473147108	29.568432853142376	29.02814475674667	29.07726287841797	49000	2024/04/22 
2024/04/23 	29.077264669378394	29.764901552147435	29.028146544681757	29.126380920410156	39001	2024/04/23 
2024/04/24 	29.224613485623212	30.01048469543457	29.175497237634286	30.01048469543457	55000	2024/04/24 
2024/04/25 	29.421083532161322	29.71578478051871	29.273731034317784	29.371965408325195	89000	2024/04/25 
2024/04/26 	29.66666751651935	29.863134384155273	29.22461378542516	29.863134384155273	64000	2024/04/26 
2024/04/29 	30.05960464477539	30.94371027798484	29.961370269159925	30.05960464477539	51000	2024/04/29 
2024/04/30 	29.76490020751953	29.863134578810197	29.56843333860299	29.76490020751953	28000	2024/04/30 
2024/05/02 	29.37196421437037	29.961368560791016	29.322847966195635	29.961368560791016	30000	2024/05/02 
2024/05/03 	29.61754958741593	29.863134578810197	29.470198967312324	29.76490020751953	18000	2024/05/03 
2024/05/06 	29.86313569650917	30.157838821411133	29.077264444100322	30.157838821411133	68000	2024/05/06 
2024/05/07 	29.961368674508613	30.157837415282778	29.7157836853733	29.91225242614746	26000	2024/05/07 
2024/05/08 	29.56843376159668	29.71578438380822	29.470199388900717	29.56843376159668	20000	2024/05/08 
2024/05/09 	29.56843376159668	29.56843376159668	29.470199388900717	29.56843376159668	31000	2024/05/09 
2024/05/10 	29.470199700352033	29.568434074086174	29.371965326617893	29.421083450317383	62000	2024/05/10 
2024/05/13 	29.273731034317784	29.371965408325195	29.273731034317784	29.371965408325195	39000	2024/05/13 
2024/05/14 	29.175498533975215	29.568434156340015	29.175498533975215	29.371965408325195	25000	2024/05/14 
2024/05/15 	29.371965408325195	29.71578478051871	29.32284915815391	29.371965408325195	37000	2024/05/15 
2024/05/16 	29.863134890195237	29.863134890195237	29.470199274600198	29.617549896240234	60000	2024/05/16 
2024/05/17 	29.568433566185664	29.666667938232422	29.470199194138907	29.666667938232422	32000	2024/05/17 
2024/05/20 	29.6666690159784	30.05960464477539	29.47020026474747	30.05960464477539	31000	2024/05/20 
2024/05/21 	29.7157834601715	30.01048469543457	29.61754909052889	30.01048469543457	27000	2024/05/21 
2024/05/22 	30.01048640418303	30.108720779418945	29.91225390261198	30.108720779418945	36000	2024/05/22 
2024/05/23 	30.305188115249464	30.305188115249464	29.863134384155273	29.863134384155273	32000	2024/05/23 
2024/05/24 	29.568433566185664	29.764900436614376	29.519315443329884	29.666667938232422	26000	2024/05/24 
2024/05/27 	29.715784072875977	29.715784072875977	29.617549701207892	29.715784072875977	28000	2024/05/27 
2024/05/28 	29.715783771715664	32.662803649902344	29.51931503037064	32.662803649902344	319100	2024/05/28 
2024/05/29 	33.49779204046331	35.90452575683594	33.49779204046331	35.90452575683594	1024000	2024/05/29 
2024/05/30 	35.511591875601624	35.511591875601624	33.20309066772461	33.20309066772461	876004	2024/05/30 
2024/05/31 	33.20309066772461	33.350443164070036	32.5154519303287	33.20309066772461	175000	2024/05/31 
2024/06/03 	33.30132818626612	33.30132818626612	32.36810441753858	32.61368942260742	90000	2024/06/03 
2024/06/04 	32.66280584135053	33.153975854002425	32.36810458322537	32.51545333862305	46000	2024/06/04 
2024/06/05 	32.46633615523393	32.761037404902936	31.975166156675687	32.073402404785156	89000	2024/06/05 
2024/06/06 	32.90838834275566	32.90838834275566	31.77869590071432	31.87693214416504	60000	2024/06/06 
2024/06/07 	31.926050070158787	32.220751321340465	31.876933819516797	31.97516632080078	28000	2024/06/07 
2024/06/11 	32.02428219267312	32.02428219267312	31.23841094970703	31.23841094970703	71002	2024/06/11 
2024/06/12 	31.336645555785392	31.582232428905716	31.091060556329918	31.140178680419922	50000	2024/06/12 
2024/06/13 	31.140178564820655	31.385763563364463	31.140178564820655	31.189294815063477	39000	2024/06/13 
2024/06/14 	31.434879615162327	31.434879615162327	31.238410868101628	31.28752899169922	20000	2024/06/14 
2024/06/17 	31.18929342932812	32.61368710706255	31.18929342932812	31.87693214416504	70000	2024/06/17 
2024/06/18 	32.26986537396962	32.417217863188625	31.631346664456007	32.12251663208008	63000	2024/06/18 
2024/06/19 	32.662804156651355	32.662804156651355	31.434879188356188	31.48399543762207	77000	2024/06/19 
2024/06/20 	31.483995706407253	32.269866943359375	31.287528834001634	32.269866943359375	62000	2024/06/20 
2024/06/21 	32.61368637165059	32.61368637165059	32.122516407461056	32.22074890136719	22000	2024/06/21 
2024/06/24 	32.31898740406428	32.31898740406428	31.876933655895918	32.073402404785156	28000	2024/06/24 
2024/06/25 	32.51545051814214	32.51545051814214	31.778695563072485	32.0242805480957	28000	2024/06/25 
2024/06/26 	32.122517434583294	34.5783673340571	31.97516494168304	33.59602737426758	304000	2024/06/26 
2024/06/27 	33.64514564993837	34.18543191090938	32.957506887189005	33.546913146972656	142002	2024/06/27 
2024/06/28 	34.283668161204886	34.43101691565346	32.90839063570615	33.546913146972656	190000	2024/06/28 
2024/07/01 	32.46633629509336	33.39956004584013	32.46633629509336	32.908390045166016	134000	2024/07/01 
2024/07/02 	32.90839027777619	33.104859028900506	32.810157775878906	32.810157775878906	37095	2024/07/02 
2024/07/03 	32.81015537236274	33.39955783522912	32.81015537236274	33.05574035644531	67000	2024/07/03 
2024/07/04 	33.39956018259907	34.08719893582441	33.252207682861595	33.743377685546875	95000	2024/07/04 
2024/07/05 	33.79249712551651	34.08719837279405	33.5960283782216	34.038082122802734	75000	2024/07/05 
2024/07/08 	34.67660023637408	34.92218522919164	34.185430250738946	34.33278274536133	141000	2024/07/08 
2024/07/09 	34.38189777155939	34.38189777155939	32.908387867063986	33.05574035644531	218000	2024/07/09 
2024/07/10 	32.85927301216195	33.497791749436885	32.81015676272997	33.301326751708984	43000	2024/07/10 
2024/07/11 	33.203090898464005	33.399559645846686	32.957505901068075	33.1048583984375	93000	2024/07/11 
2024/07/12 	33.39956081126121	33.93984707491859	32.810158295876754	33.44867706298828	89000	2024/07/12 
2024/07/15 	33.3013251141119	33.49779010217861	33.15397262573242	33.15397262573242	43000	2024/07/15 
2024/07/16 	33.10485660379593	33.39955783522912	33.05574035644531	33.05574035644531	36000	2024/07/16 
2024/07/17 	33.05574191870883	33.39955941374196	33.05574191870883	33.20309066772461	96000	2024/07/17 
2024/07/18 	33.252207653899475	35.46247266405813	33.252207653899475	34.67660140991211	426000	2024/07/18 
2024/07/19 	34.72571730473359	34.774837302319646	33.006622314453125	33.006622314453125	266004	2024/07/19 
2024/07/22 	33.39955861944901	33.39955861944901	32.515451157061186	32.662803649902344	138099	2024/07/22 
2024/07/23 	32.76103829681988	33.59602956549929	32.76103829681988	33.44867706298828	62000	2024/07/23 
2024/07/26 	32.957505901068075	33.1048583984375	32.51545215628946	33.1048583984375	30000	2024/07/26 
2024/07/29 	33.30132818626612	33.39956068936174	32.61368942260742	32.61368942260742	65000	2024/07/29 
2024/07/30 	32.61368623928892	34.627482334827164	32.26986501735397	34.185428619384766	292000	2024/07/30 
2024/07/31 	34.23454609973303	34.23454609973303	33.20308989141994	33.59602737426758	64000	2024/07/31 
2024/08/01 	33.59602815117737	34.28366688839763	33.399559405210205	34.136314392089844	50000	2024/08/01 
2024/08/02 	34.03808356469776	34.03808356469776	32.957507282466025	33.35044479370117	68000	2024/08/02 
2024/08/05 	32.613689042453146	32.613689042453146	30.05960464477539	30.05960464477539	162000	2024/08/05 
2024/08/06 	30.206954173992383	30.55077353932363	28.979029207569926	29.666667938232422	139100	2024/08/06 
2024/08/07 	29.715783668515435	31.434878591487404	29.715783668515435	30.845474243164062	62000	2024/08/07 
2024/08/08 	29.814017961639216	30.943708533362347	29.814017961639216	30.89459228515625	28095	2024/08/08 
2024/08/09 	31.04194450378418	31.48399638142302	31.04194450378418	31.04194450378418	85002	2024/08/09 
2024/08/12 	31.04194290343931	31.434878510082385	30.845474163285388	30.89459228515625	59000	2024/08/12 
2024/08/13 	30.894593185364247	31.336645053093946	30.452539443969727	30.452539443969727	32058	2024/08/13 
2024/08/14 	30.452539329161205	31.238410562383308	30.40342307970913	30.50165557861328	51000	2024/08/14 
2024/08/15 	31.041944974384148	33.546913146972656	31.041944974384148	33.546913146972656	366000	2024/08/15 
2024/08/16 	34.28366665588054	36.49393160152909	34.28366665588054	35.16777038574219	1130167	2024/08/16 
2024/08/19 	35.364240235101654	38.65507775804728	35.167771484329585	37.37803649902344	1755414	2024/08/19 
2024/08/20 	37.32891885080645	39.539183782762095	36.64128012250988	38.065673828125	1190064	2024/08/20 
2024/08/21 	37.672737332009405	39.048014824769645	37.47627233075482	38.507728576660156	382366	2024/08/21 
2024/08/22 	38.80242759774416	38.80242759774416	37.03421645667995	37.72185516357422	271080	2024/08/22 
2024/08/23 	37.32891845703125	37.574503446880136	36.444810994643426	37.32891845703125	170070	2024/08/23 
2024/08/26 	37.32891987509474	37.869206123820966	36.64128112792969	36.64128112792969	173000	2024/08/26 
2024/08/27 	36.64127876341015	38.114788663391764	36.64127876341015	37.82008743286133	268000	2024/08/27 
2024/08/28 	38.45861209588929	41.6020970650821	38.06567460107536	38.605960845947266	1748065	2024/08/28 
2024/08/29 	38.900662828739385	40.17770783736006	38.802430326843826	40.079471588134766	459160	2024/08/29 
2024/08/30 	40.27593893059969	40.27593893059969	39.2444827074527	39.833885192871094	260100	2024/08/30 
2024/09/02 	39.833885802920925	40.91446203917632	39.293599558458055	40.472408294677734	419000	2024/09/02 
2024/09/03 	40.52152270850402	42.43708634964466	40.12858523179279	41.356510162353516	872070	2024/09/03 
2024/09/04 	39.73565369165821	42.19150368808542	38.802429943549924	40.27593994140625	588416	2024/09/04 
2024/09/05 	40.91446320933202	42.24062073342628	40.61975820635127	40.816226959228516	278030	2024/09/05 
2024/09/06 	41.700331432256824	41.700331432256824	40.32505400974652	40.42329025268555	210030	2024/09/06 
2024/09/09 	41.65121743833737	43.32119243804411	39.637417443403294	40.27593994140625	783000	2024/09/09 
2024/09/10 	40.86534148922058	40.86534148922058	37.96744155883789	37.96744155883789	471070	2024/09/10 
2024/09/11 	38.01655857886431	40.47240856784353	38.01655857886431	38.507728576660156	458257	2024/09/11 
2024/09/12 	39.53918494247809	40.57064119151158	39.24448369237276	40.27593994140625	420108	2024/09/12 
2024/09/13 	40.275938322002254	41.25827828107548	40.12858582920945	41.06180953979492	280070	2024/09/13 
2024/09/16 	41.40563155993638	44.99117023022583	41.11092656875592	41.60209655761719	924050	2024/09/16 
2024/09/18 	42.09326847330868	43.02649224432957	40.717994689941406	40.717994689941406	162000	2024/09/18 
2024/09/19 	41.160045013598534	41.55297874147451	40.52152255322203	41.45474624633789	159288	2024/09/19 
2024/09/20 	41.45474764812609	42.19150262855251	40.325055179207055	41.70033264160156	154400	2024/09/20 
2024/09/23 	42.6826713357568	42.6826713357568	41.061808928484844	41.356510162353516	103020	2024/09/23 
2024/09/24 	41.40562976821692	41.50386226280657	39.6865348815918	39.6865348815918	245200	2024/09/24 
2024/09/25 	40.12858666701926	40.66887665365343	39.440951679175114	39.735652923583984	161000	2024/09/25 
2024/09/26 	39.98123689257809	39.98123689257809	38.60595945751957	39.29359817504883	238000	2024/09/26 
2024/09/27 	39.29359817504883	40.0794693890839	39.24448192679592	39.29359817504883	88000	2024/09/27 
2024/09/30 	38.99889809865302	39.63741683959961	38.90066185189456	39.63741683959961	33000	2024/09/30 
2024/10/01 	39.78477073198782	40.177708238149236	39.29360072295093	39.88300323486328	84000	2024/10/01 
2024/10/04 	40.07947222326263	40.07947222326263	39.29360095365548	39.78477096557617	131000	2024/10/04 
2024/10/07 	39.78477065142463	42.14238818895948	39.78477065142463	41.74945068359375	403000	2024/10/07 
2024/10/08 	41.7494478903037	42.19150161743164	40.325054212815665	42.19150161743164	161000	2024/10/08 
2024/10/09 	44.205298759892045	46.36644744873047	42.83002129954134	46.36644744873047	2407007	2024/10/09 
2024/10/11 	50.98344606488465	50.98344606488465	43.12472628593239	43.566776275634766	7403185	2024/10/11 
2024/10/14 	43.86148013427961	47.88907241821289	43.86148013427961	47.88907241821289	2271000	2024/10/14 
2024/10/15 	47.88907479440372	52.555189774371264	47.348788546189205	49.50993728637695	7963200	2024/10/15 
2024/10/16 	48.871415345621486	51.86755161734439	48.478477843910724	49.215232849121094	2732120	2024/10/16 
2024/10/17 	50.09933876084547	50.29580750545197	48.2328913080782	50.00110626220703	1214030	2024/10/17 
2024/10/18 	50.197571261548774	50.49227625213545	47.64348882354815	49.0678825378418	900151	2024/10/18 
2024/10/21 	49.116998360027644	53.93046569824219	49.116998360027644	53.93046569824219	2727419	2024/10/21 
2024/10/22 	55.30573995825185	58.940398622789814	50.78697756276981	57.368656158447266	8644056	2024/10/22 
2024/10/23 	57.368655809147796	63.06622314453125	56.38631583808245	63.06622314453125	9557767	2024/10/23 
2024/10/24 	65.42384280176438	69.35320281982422	64.34327029572982	69.35320281982422	23410546	2024/10/24 
2024/10/25 	72.8896261870091	76.22958374023438	71.71082116571056	76.22958374023438	15462251	2024/10/25 
2024/10/28 	78.58720111917779	80.3554161422231	76.13135108420349	79.96247863769531	41864924	2024/10/28 
2024/10/29 	78.29249015106305	80.35541001897022	77.6048551915333	79.17659759521484	2760366	2024/10/29 
2024/10/30 	81.14128034728923	81.14128034728923	77.31015295004912	77.80132293701172	1827334	2024/10/30 
2024/11/01 	76.62251870333172	82.02538861189998	76.62251870333172	81.14128112792969	2450121	2024/11/01 
2024/11/04 	82.12361785696969	83.4988952781295	79.274830519137	82.71302032470703	2266874	2024/11/04 
2024/11/05 	80.06070503936664	81.73067993802972	79.17659759521484	79.17659759521484	1283975	2024/11/05 
2024/11/06 	80.45364897388214	87.03532409667969	80.35541647101313	87.03532409667969	1640964	2024/11/06 
2024/11/07 	89.29470576296822	91.16115322561481	88.41059828122413	90.4735107421875	1859292	2024/11/07 
2024/11/08 	90.86644823348036	92.73289569612695	88.41059828122413	90.4735107421875	1439120	2024/11/08 
2024/11/11 	90.27704715055891	97.15342712402344	90.27704715055891	97.15342712402344	2274437	2024/11/11 
2024/11/12 	97.54636180347578	99.2163367509247	87.82119462301766	96.6622543334961	3232659	2024/11/12 
2024/11/13 	94.79581111907959	98.7251711654663	93.32230110168457	98.23400115966797	2362883	2024/11/13 
2024/11/14 	95.28697865804037	96.85872113697309	88.41059875488281	88.41059875488281	2245680	2024/11/14 
2024/11/15 	86.44591878255208	89.88410873413086	80.5518788655599	88.41059875488281	8980258	2024/11/15 
2024/11/18 	87.91942631301298	90.17881121612724	82.12361905713394	89.58940124511719	6547265	2024/11/18 
2024/11/19 	90.76821857046511	98.23400115966797	84.9724110031128	98.23400115966797	11135404	2024/11/19 
2024/11/20 	88.41059875488281	88.41059875488281	88.41059875488281	88.41059875488281	30161833	2024/11/20 
2024/11/21 	81.73068698573955	84.48124205035928	79.56954193115234	79.56954193115234	7440406	2024/11/21 
2024/11/22 	80.55187672581583	81.63244918296202	76.7207493826074	78.39073181152344	13088301	2024/11/22 
2024/11/25 	77.60486142782808	80.15894397588798	73.77373385840846	79.76600646972656	7772622	2024/11/25 
2024/11/26 	80.35541574238016	80.74834575029323	76.81898571388656	78.29249572753906	7207190	2024/11/26 
2024/11/27 	78.78366270290893	79.76600267424026	70.53201293945312	70.53201293945312	6896843	2024/11/27 
2024/11/28 	69.15673271120079	72.10375250717816	67.9779202960145	70.04084014892578	6308533	2024/11/28 
2024/11/29 	70.43377605719385	71.71082107418702	68.76380103004236	70.82671356201172	4426190	2024/11/29 
2024/12/02 	71.12141220929179	74.46136945981506	69.74613481264588	72.10375213623047	5320415	2024/12/02 
2024/12/03 	72.79138699538642	73.1843244645979	69.84436721828851	70.2373046875	3042567	2024/12/03 
2024/12/04 	70.23730508303221	72.69315491111026	70.23730508303221	71.90727996826172	2394379	2024/12/04 
2024/12/05 	72.2019858537617	73.08609330192323	70.23730596658451	71.51435089111328	2025426	2024/12/05 
2024/12/06 	75.73840888887833	77.40839130602755	65.4238393808108	67.38851928710938	8125295	2024/12/06 
2024/12/09 	67.78146223588423	68.66556976397987	64.83444213867188	64.83444213867188	2347301	2024/12/09 
2024/12/10 	65.03090275459306	67.5849926620483	63.066222822494666	63.2626953125	2497005	2024/12/10 
2024/12/11 	62.47681990453171	63.16446237274894	59.23509878872357	59.72626876831055	3525523	2024/12/11 
2024/12/12 	61.78918802048779	65.62031555175781	61.59271926936348	65.62031555175781	2865366	2024/12/12 
2024/12/13 	66.79911725351047	66.8973497505397	60.02097003326656	61.592716217041016	6878890	2024/12/13 
2024/12/16 	61.887417642598805	62.37858762388927	57.56512030831087	57.76158905029297	3665166	2024/12/16 
2024/12/17 	58.54746090009079	61.29801582274077	57.36865593018892	59.333335876464844	2294421	2024/12/17 
2024/12/18 	58.94039735955707	59.529799834220825	56.97571744757183	57.95805740356445	1463212	2024/12/18 
2024/12/19 	57.07395145895979	62.28035636176027	56.28808022277489	60.90507888793945	5555120	2024/12/19 
2024/12/20 	60.31567501901334	63.85209737467913	60.21743877465456	61.592716217041016	4289201	2024/12/20 
2024/12/23 	62.37858685865624	67.09382161906396	62.37858685865624	63.75386428833008	5512553	2024/12/23 
2024/12/24 	64.24503793684852	65.0309054454096	61.887420421846286	61.985652923583984	2574095	2024/12/24 
2024/12/25 	62.575054187211826	67.09382010615316	62.575054187211826	64.44149780273438	4367433	2024/12/25 
2024/12/26 	66.11148305542233	68.07616299769748	64.44150060769293	64.93267059326172	4999225	2024/12/26 
2024/12/27 	65.71854838562909	67.2902909079037	64.14680586335449	65.42384338378906	3345112	2024/12/27 
2024/12/30 	65.91501103950122	66.70088601993939	62.47682111573795	62.86975860595703	3280671	2024/12/30 
2024/12/31 	61.887420026196665	63.45916252793009	60.80684752467115	62.18212127685547	1737236	2024/12/31 
2025/01/02 	62.476820958865304	66.1114833659415	61.10154724121094	61.10154724121094	2867075	2025/01/02 
2025/01/03 	61.98564992494473	62.86975738713311	59.62803627132497	59.72626876831055	1605105	2025/01/03 
2025/01/06 	61.00331252689054	63.55739502903979	60.61037877512204	62.18212127685547	2089053	2025/01/06 
2025/01/07 	63.36092843597353	65.32560838747658	60.905078496594705	61.10154724121094	3052075	2025/01/07 
2025/01/08 	60.11920648048602	61.10154644341119	58.64569653609827	59.62803649902344	1646076	2025/01/08 
2025/01/09 	59.726268177022234	61.494479336564204	58.05628951349334	58.15452575683594	1758078	2025/01/09 
2025/01/10 	55.79690871588601	56.1898461969682	52.35871887207031	52.35871887207031	5815442	2025/01/10 
2025/01/13 	53.14459160417083	53.242827850910764	49.3134679172248	49.80463790893555	1882050	2025/01/13 
2025/01/14 	50.492277402096164	51.27814865112305	49.60816990485985	51.27814865112305	1296778	2025/01/14 
2025/01/15 	50.98344640340109	51.37638014655992	49.60816893402113	49.902870178222656	990035	2025/01/15 
2025/01/16 	50.786979442172125	51.671083205832986	50.786979442172125	50.88521194458008	768111	2025/01/16 
2025/01/17 	50.688741811589175	50.88521055838271	49.70640182495117	49.70640182495117	537050	2025/01/17 
2025/01/20 	49.80463690297559	50.68874062179991	49.60816816079366	50.295806884765625	389133	2025/01/20 
2025/01/21 	50.39403854191709	51.37637848911754	49.90286856831687	50.68873977661133	513020	2025/01/21 
2025/01/22 	51.179911005328144	52.26048722214598	50.39403977776128	51.96578598022461	737192	2025/01/22 
2025/02/03 	49.31346709145627	53.144590714249	49.018765850830604	52.06401824951172	1333070	2025/02/03 
2025/02/04 	52.1622531377189	53.144593149708555	51.08168062346218	52.75165939331055	997075	2025/02/04 
2025/02/05 	53.341058638197225	54.61809982618918	52.84988866225189	54.32339859008789	896300	2025/02/05 
2025/02/06 	54.71633606977597	55.305738541978556	53.83222861414256	54.32339859008789	480000	2025/02/06 
2025/02/07 	54.22516749575683	54.81456998319771	53.53752876218939	53.63576126098633	559689	2025/02/07 
2025/02/10 	54.22516834895793	58.94039956466521	53.83223085292829	58.74393081665039	4220000	2025/02/10 
2025/02/11 	58.25276024377213	64.53973388671875	57.17218776137916	64.53973388671875	6433137	2025/02/11 
2025/02/12 	67.58499461574733	70.82671210062344	63.557394642791294	66.01324462890625	12705111	2025/02/12 
2025/02/13 	66.60265245592824	67.68322491575557	63.2626950844681	63.36092758178711	4345420	2025/02/13 
2025/02/14 	64.34326833866658	65.12914331623917	62.47682088792608	62.96799087524414	2099050	2025/02/14 
2025/02/17 	63.459162652457664	64.04856515493186	59.431570141781236	60.315677642822266	3629500	2025/02/17 
2025/02/18 	60.61037403554799	65.42383741278732	60.21743656717646	64.63796997070312	4476015	2025/02/18 
2025/02/19 	65.62031626548085	70.13907885383993	64.1468062370164	67.09382629394531	10365969	2025/02/19 
2025/02/20 	67.6832233713304	67.6832233713304	63.26269364091249	64.0485610961914	5457150	2025/02/20 
2025/02/21 	64.0485655427633	66.70088806194693	63.36093053482282	65.62031555175781	3035659	2025/02/21 
2025/02/24 	64.7362040585537	66.60265145829403	63.95032910245492	65.71854400634766	1645300	2025/02/24 
2025/02/25 	64.7362068430956	66.40618182831348	64.34326934814453	64.34326934814453	1373170	2025/02/25 
2025/02/26 	64.3432657690882	69.15673295150903	64.2450332744794	67.97792053222656	6664115	2025/02/26 
2025/02/27 	68.86202889134054	69.35319886559355	66.30794652415668	67.58499145507812	5175068	2025/02/27 
2025/03/03 	65.32560657565065	69.54967135209017	65.32560657565065	67.58499145507812	3698080	2025/03/03 
2025/03/04 	66.89735448969437	68.96026705208573	66.79912198570614	68.56733703613281	4171179	2025/03/04 
2025/03/05 	69.45143430253607	75.34547424316406	69.05850430222169	75.34547424316406	14590715	2025/03/05 
2025/03/06 	75.64017765620436	81.04304748879038	69.74613783883778	72.39845275878906	44113441	2025/03/06 
2025/03/07 	72.00552526938183	73.57726777637667	68.86203276073272	71.21965026855469	9577581	2025/03/07 
2025/03/10 	71.21964951636086	71.51435451222335	68.8620320334391	69.74613952636719	4407170	2025/03/10 
2025/03/11 	68.7637979796301	68.7637979796301	64.93267059326172	64.93267059326172	4041750	2025/03/11 
2025/03/12 	65.03090434331439	66.99558432341041	64.34326934814453	64.34326934814453	3248586	2025/03/12 
2025/03/13 	64.83443668910435	65.91500913499095	61.78918434354793	61.88741683959961	2629074	2025/03/13 
2025/03/14 	62.57505613639137	63.65563233966537	61.494479933117375	63.45915985107422	1513050	2025/03/14 
2025/03/17 	64.04856334841205	64.2450358401348	62.673289632319225	62.96799087524414	1116500	2025/03/17 
2025/03/18 	63.262697536441486	68.37086254160644	63.262697536441486	67.6832275390625	4547081	2025/03/18 
2025/03/19 	68.2726272053718	70.23730712495085	66.99558225978178	67.19205474853516	4738005	2025/03/19 
2025/03/20 	67.97792509543439	68.76380009437675	65.7185475891291	65.81678009033203	1748212	2025/03/20 
2025/03/21 	66.30794516558636	67.38851758787155	64.44149780273438	64.44149780273438	1651194	2025/03/21 
2025/03/24 	64.73620752633443	65.03090502966351	62.18212127685547	62.18212127685547	1195100	2025/03/24 
2025/03/25 	63.36092935809652	67.87969181338549	62.771526862999586	64.34326934814453	2936060	2025/03/25 
2025/03/26 	65.12913993250281	66.99557979161457	64.53972998261611	64.63796997070312	1400250	2025/03/26 
2025/03/27 	64.63797420654127	64.63797420654127	62.57505798339844	62.57505798339844	852000	2025/03/27 
2025/03/28 	62.1821184648668	62.37858720553123	57.859824906897	57.95805740356445	1494006	2025/03/28 
2025/03/31 	55.01103936873012	56.4845493518211	53.04635939127547	53.341060638427734	1417140	2025/03/31 
2025/04/01 	54.22516688524268	56.28807931538931	53.43929566172633	55.79690933227539	856010	2025/04/01 
2025/04/02 	55.79690972395822	57.66335717182503	54.71633725245403	57.466888427734375	859015	2025/04/02 
2025/04/07 	51.769317626953125	51.769317626953125	51.769317626953125	51.769317626953125	13000	2025/04/07 
2025/04/08 	46.61203384399414	48.87141509911017	46.61203384399414	46.61203384399414	1654000	2025/04/08 
2025/04/09 	44.1561819242963	44.69646815249794	41.995033264160156	41.995033264160156	1055010	2025/04/09 
2025/04/10 	46.169979095458984	46.169979095458984	46.169979095458984	46.169979095458984	168000	2025/04/10 
2025/04/11 	43.76324441527966	45.48233934318773	41.552979507969276	44.794700622558594	1039060	2025/04/11 
2025/04/14 	46.07174597362866	47.88907341453028	45.04028600991357	45.531455993652344	904000	2025/04/14 
2025/04/15 	45.97350952804829	48.67494442683385	45.97350952804829	48.429359436035156	790000	2025/04/15 
2025/04/16 	48.77318007898315	49.11699756299229	46.661147684842675	46.85761642456055	622000	2025/04/16 
2025/04/17 	46.85761798663647	47.20143548210733	45.5805767568923	47.004966735839844	438000	2025/04/17 
2025/04/18 	46.955850097324	47.545256331246335	46.16997886609052	46.268211364746094	401000	2025/04/18 
2025/04/21 	46.51379451747141	46.562914512184406	43.41942596435547	43.41942596435547	450000	2025/04/21 
2025/04/22 	41.94591740509791	43.91059734212985	41.79856491088867	41.79856491088867	579050	2025/04/22 
2025/04/23 	43.56677701933373	45.9735107421875	43.56677701933373	45.9735107421875	479001	2025/04/23 
2025/04/24 	48.72405965289876	48.969644638543066	45.67880732984114	46.1208610534668	1453070	2025/04/24 
2025/04/25 	47.39790509612193	47.938191347751676	46.61203384399414	46.61203384399414	576030	2025/04/25 
2025/04/28 	47.98730756301719	51.17991256713867	47.74172256270015	51.17991256713867	1640000	2025/04/28 
2025/04/29 	51.86755131749232	53.73399881883369	50.59051006530967	51.17991256713867	5689897	2025/04/29 
2025/04/30 	51.671081223038186	52.653421198741036	49.60816877299404	50.00110626220703	2227100	2025/04/30 
2025/05/02 	51.08167810616377	51.08167810616377	49.60816816079366	50.295806884765625	841050	2025/05/02 
2025/05/05 	50.98344650008763	50.98344650008763	45.38410786032136	46.169979095458984	1181100	2025/05/05 
2025/05/06 	46.02262811473046	47.59437438408583	45.92439561235252	47.250553131103516	782005	2025/05/06 
2025/05/07 	47.25055221621153	47.25055221621153	45.777042225094796	45.87527847290039	953026	2025/05/07 
2025/05/08 	48.920529215353355	50.394039154052734	48.920529215353355	50.394039154052734	747000	2025/05/08 
2025/05/09 	50.88521144002663	51.86755144368479	48.42936143088124	49.31346893310547	2794170	2025/05/09 
2025/05/12 	50.001105645157516	51.67108058537998	50.001105645157516	50.295806884765625	1394050	2025/05/12 
2025/05/13 	51.671081390761444	52.45695637173835	49.902870178222656	49.902870178222656	1398179	2025/05/13 
2025/05/14 	50.59050890304726	52.84989010459121	50.59050890304726	51.769317626953125	2040110	2025/05/14 
2025/05/15 	51.867550520065315	52.555189259847005	50.78697803421528	51.57284927368164	809050	2025/05/15 
2025/05/16 	51.671083205832986	52.45695821441565	50.49227818761851	50.88521194458008	770200	2025/05/16 
2025/05/19 	50.88520999194183	51.08167873654833	49.80463751760054	50.00110626220703	586041	2025/05/19 
2025/05/20 	51.08167810616377	52.26048681192577	50.19757064000987	50.295806884765625	619050	2025/05/20 
2025/05/21 	50.688742403855606	51.57284990109192	50.099339903917866	51.27814865112305	781755	2025/05/21 
2025/05/22 	51.17990997935152	51.96578493849397	50.00110503529691	50.59050750732422	515110	2025/05/22 
2025/05/23 	51.57285070342503	52.653423219231556	50.68874319243441	50.88521194458008	915241	2025/05/23 
2025/05/26 	51.96578517205769	51.96578517205769	50.394038994038006	50.49227523803711	509000	2025/05/26 
2025/05/27 	50.49227665645777	50.9834466482625	48.2820116933365	48.87141418457031	553000	2025/05/27 
2025/05/28 	49.90287066790087	50.88521065643171	47.692605693706476	47.83995819091797	517014	2025/05/28 
2025/05/29 	48.33112755809954	48.67494505069252	47.250551336338006	48.13465881347656	411002	2025/05/29 
2025/06/02 	47.59437241428303	47.59437241428303	46.02262620997799	46.36644744873047	287000	2025/06/02 
2025/06/03 	47.34878901305598	47.34878901305598	46.169980257027625	46.513797760009766	192968	2025/06/03 
2025/06/04 	47.00496554557826	51.08167787491168	47.00496554557826	50.394039154052734	1441152	2025/06/04 
2025/06/05 	50.19757285606826	50.983447859489786	49.06788409647687	49.215232849121094	564000	2025/06/05 
2025/06/06 	49.116997766976404	49.31346650751022	48.183774059937946	48.62582778930664	254010	2025/06/06 
2025/06/09 	47.74172109720669	48.72406106832065	47.34878735715887	48.23289108276367	437135	2025/06/09 
2025/06/10 	48.28201091782242	49.804637118494455	48.28201091782242	48.33112716674805	387000	2025/06/10 
2025/06/11 	48.72406307626341	49.50993808340456	48.13466056823731	49.117000579833984	386001	2025/06/11 
2025/06/12 	50.0993395512647	50.492277046677074	49.11699956006343	49.60816955566406	433017	2025/06/12 
2025/06/13 	49.31346860456392	49.31346860456392	46.71026611328125	46.71026611328125	935000	2025/06/13 
2025/06/16 	46.26821196087082	47.83995819091797	45.629693216723574	47.83995819091797	352000	2025/06/16 
2025/06/17 	47.79084194095736	48.82229817944881	47.49613694653437	47.83995819091797	491100	2025/06/17 
2025/06/18 	48.62582840203004	48.62582840203004	47.39790344238281	47.39790344238281	219000	2025/06/18 
2025/06/19 	47.39790447590338	47.39790447590338	45.826161992214615	45.9735107421875	388000	2025/06/19 
2025/06/20 	46.46468177749831	46.562918027010255	45.04028801187807	45.48234176635742	224000	2025/06/20 
2025/06/23 	45.48233997239439	45.48233997239439	43.910597515495205	44.5	213010	2025/06/23 
2025/06/24 	45.150001525878906	47.0	45.150001525878906	46.54999923706055	260020	2025/06/24 
2025/06/25 	46.599998474121094	48.0	46.5	46.54999923706055	279000	2025/06/25 
2025/06/26 	47.400001525878906	49.400001525878906	47.20000076293945	48.400001525878906	865145	2025/06/26 
2025/06/27 	49.0	49.95000076293945	47.54999923706055	47.54999923706055	522200	2025/06/27 
2025/06/30 	47.599998474121094	48.400001525878906	46.5	48.25	373108	2025/06/30 
2025/07/01 	47.400001525878906	53.0	47.400001525878906	53.0	2976024	2025/07/01 
2025/07/02 	57.0	57.900001525878906	54.70000076293945	57.900001525878906	13513307	2025/07/02 
2025/07/03 	58.599998474121094	58.599998474121094	55.599998474121094	56.099998474121094	6849374	2025/07/03 
2025/07/04 	56.0	56.70000076293945	53.599998474121094	53.599998474121094	3230020	2025/07/04 
2025/07/07 	53.0	53.20000076293945	51.0	51.599998474121094	1393030	2025/07/07 
2025/07/08 	50.70000076293945	51.0	49.150001525878906	49.900001525878906	1142500	2025/07/08 
2025/07/09 	49.900001525878906	50.599998474121094	49.150001525878906	50.0	617100	2025/07/09 
2025/07/10 	50.5	51.5	49.29999923706055	49.29999923706055	825677	2025/07/10 
2025/07/11 	49.5	49.79999923706055	48.650001525878906	48.650001525878906	529100	2025/07/11 
