Date	Open	High	Low	Close	Volume	Date
2019/08/06 	34.99743675024385	36.81548541259418	34.99743675024385	36.397335052490234	27130	2019/08/06 
2019/08/07 	35.633756548684055	35.633756548684055	32.82487106323242	32.82487106323242	48131	2019/08/07 
2019/08/08 	33.633897022859365	34.53383255004883	33.52481508453868	34.53383255004883	43000	2019/08/08 
2019/08/12 	32.824868602383994	33.6338996887207	32.824868602383994	33.6338996887207	6500	2019/08/12 
2019/08/13 	32.82487106323242	32.82487106323242	32.82487106323242	32.82487106323242	1	2019/08/13 
2019/08/14 	32.82487106323242	32.82487106323242	32.82487106323242	32.82487106323242	0	2019/08/14 
2019/08/15 	32.815773010253906	32.815773010253906	32.815773010253906	32.815773010253906	1500	2019/08/15 
2019/08/16 	32.815773010253906	32.815773010253906	32.815773010253906	32.815773010253906	0	2019/08/16 
2019/08/19 	33.52481594587333	35.397403717041016	33.52481594587333	35.397403717041016	14092	2019/08/19 
2019/08/20 	35.388315000135904	35.397403717041016	35.388315000135904	35.397403717041016	8000	2019/08/20 
2019/08/21 	35.397403717041016	35.397403717041016	35.397403717041016	35.397403717041016	0	2019/08/21 
2019/08/22 	35.397403717041016	35.397403717041016	35.397403717041016	35.397403717041016	0	2019/08/22 
2019/08/23 	35.397403717041016	35.397403717041016	35.397403717041016	35.397403717041016	0	2019/08/23 
2019/08/26 	35.4428596496582	35.4428596496582	35.4428596496582	35.4428596496582	3032	2019/08/26 
2019/08/27 	35.45194625854492	35.45194625854492	35.45194625854492	35.45194625854492	12000	2019/08/27 
2019/08/28 	35.45194625854492	35.45194625854492	35.45194625854492	35.45194625854492	0	2019/08/28 
2019/08/29 	35.45194625854492	35.45194625854492	35.45194625854492	35.45194625854492	0	2019/08/29 
2019/08/30 	35.45194625854492	35.45194625854492	35.45194625854492	35.45194625854492	0	2019/08/30 
2019/09/02 	35.45194625854492	35.45194625854492	35.45194625854492	35.45194625854492	0	2019/09/02 
2019/09/03 	35.45194625854492	35.45194625854492	35.45194625854492	35.45194625854492	0	2019/09/03 
2019/09/04 	35.45194625854492	35.45194625854492	35.45194625854492	35.45194625854492	0	2019/09/04 
2019/09/05 	35.45194625854492	35.45194625854492	35.45194625854492	35.45194625854492	0	2019/09/05 
2019/09/06 	35.45194625854492	35.45194625854492	35.45194625854492	35.45194625854492	0	2019/09/06 
2019/09/10 	35.45194625854492	35.45194625854492	35.45194625854492	35.45194625854492	0	2019/09/10 
2019/09/11 	35.45194625854492	35.45194625854492	35.45194625854492	35.45194625854492	0	2019/09/11 
2019/09/12 	35.45194625854492	35.45194625854492	35.45194625854492	35.45194625854492	0	2019/09/12 
2019/09/16 	34.570193980905145	34.9974365234375	34.570193980905145	34.9974365234375	4000	2019/09/16 
2019/09/17 	34.5520133972168	34.5520133972168	34.5520133972168	34.5520133972168	2000	2019/09/17 
2019/09/18 	34.5520133972168	34.5520133972168	34.5520133972168	34.5520133972168	0	2019/09/18 
2019/09/19 	34.5520133972168	34.5520133972168	34.5520133972168	34.5520133972168	3000	2019/09/19 
2019/09/20 	34.5520133972168	34.5520133972168	34.5520133972168	34.5520133972168	0	2019/09/20 
2019/09/23 	34.5520133972168	34.5520133972168	34.5520133972168	34.5520133972168	0	2019/09/23 
2019/09/24 	34.5520133972168	34.5520133972168	34.5520133972168	34.5520133972168	0	2019/09/24 
2019/09/25 	34.5520133972168	34.5520133972168	34.5520133972168	34.5520133972168	0	2019/09/25 
2019/09/26 	34.5520133972168	34.5520133972168	34.5520133972168	34.5520133972168	0	2019/09/26 
2019/09/27 	34.5520133972168	34.5520133972168	34.5520133972168	34.5520133972168	0	2019/09/27 
2019/10/01 	34.5520133972168	34.5520133972168	34.5520133972168	34.5520133972168	0	2019/10/01 
2019/10/02 	34.54292297363281	34.54292297363281	34.54292297363281	34.54292297363281	1000	2019/10/02 
2019/10/03 	34.54292297363281	34.54292297363281	34.54292297363281	34.54292297363281	0	2019/10/03 
2019/10/04 	34.54292297363281	34.54292297363281	34.54292297363281	34.54292297363281	0	2019/10/04 
2019/10/07 	33.261199951171875	33.261199951171875	33.261199951171875	33.261199951171875	2000	2019/10/07 
2019/10/08 	33.6338996887207	33.6338996887207	33.6338996887207	33.6338996887207	7000	2019/10/08 
2019/10/09 	33.6338996887207	33.6338996887207	33.6338996887207	33.6338996887207	0	2019/10/09 
2019/10/14 	33.6338996887207	33.6338996887207	33.6338996887207	33.6338996887207	0	2019/10/14 
2019/10/15 	34.53383255004883	34.53383255004883	34.53383255004883	34.53383255004883	7000	2019/10/15 
2019/10/16 	34.53383255004883	34.53383255004883	34.53383255004883	34.53383255004883	0	2019/10/16 
2019/10/17 	34.53383255004883	34.53383255004883	34.53383255004883	34.53383255004883	0	2019/10/17 
2019/10/18 	32.82487106323242	32.82487106323242	32.82487106323242	32.82487106323242	32	2019/10/18 
2019/10/21 	32.82487106323242	32.82487106323242	32.82487106323242	32.82487106323242	0	2019/10/21 
2019/10/22 	32.82487106323242	32.82487106323242	32.82487106323242	32.82487106323242	0	2019/10/22 
2019/10/23 	32.82487106323242	32.82487106323242	32.82487106323242	32.82487106323242	0	2019/10/23 
2019/10/24 	32.82487106323242	32.82487106323242	32.82487106323242	32.82487106323242	0	2019/10/24 
2019/10/25 	32.82487106323242	32.82487106323242	32.82487106323242	32.82487106323242	0	2019/10/25 
2019/10/28 	32.82487106323242	32.82487106323242	32.82487106323242	32.82487106323242	0	2019/10/28 
2019/10/29 	32.82487106323242	32.82487106323242	32.82487106323242	32.82487106323242	0	2019/10/29 
2019/10/30 	32.82487106323242	32.82487106323242	32.82487106323242	32.82487106323242	0	2019/10/30 
2019/10/31 	32.82487106323242	32.82487106323242	32.82487106323242	32.82487106323242	0	2019/10/31 
2019/11/01 	32.82487106323242	32.82487106323242	32.82487106323242	32.82487106323242	0	2019/11/01 
2019/11/04 	32.82487106323242	32.82487106323242	32.82487106323242	32.82487106323242	0	2019/11/04 
2019/11/05 	32.82487106323242	32.82487106323242	32.82487106323242	32.82487106323242	0	2019/11/05 
2019/11/06 	32.82487106323242	32.82487106323242	32.82487106323242	32.82487106323242	0	2019/11/06 
2019/11/07 	32.82487106323242	32.82487106323242	32.82487106323242	32.82487106323242	0	2019/11/07 
2019/11/08 	32.82487106323242	32.82487106323242	32.82487106323242	32.82487106323242	0	2019/11/08 
2019/11/11 	32.82487106323242	32.82487106323242	32.82487106323242	32.82487106323242	0	2019/11/11 
2019/11/12 	32.82487106323242	32.82487106323242	32.82487106323242	32.82487106323242	0	2019/11/12 
2019/11/13 	32.82487106323242	32.82487106323242	32.82487106323242	32.82487106323242	0	2019/11/13 
2019/11/14 	32.82487106323242	32.82487106323242	32.82487106323242	32.82487106323242	0	2019/11/14 
2019/11/15 	32.82487106323242	32.82487106323242	32.82487106323242	32.82487106323242	0	2019/11/15 
2019/11/18 	32.82487106323242	32.82487106323242	32.82487106323242	32.82487106323242	0	2019/11/18 
2019/11/19 	32.82487106323242	32.82487106323242	32.82487106323242	32.82487106323242	0	2019/11/19 
2019/11/20 	32.82487106323242	32.82487106323242	32.82487106323242	32.82487106323242	0	2019/11/20 
2019/11/21 	32.82487106323242	32.82487106323242	32.82487106323242	32.82487106323242	0	2019/11/21 
2019/11/22 	32.82487106323242	32.82487106323242	32.82487106323242	32.82487106323242	0	2019/11/22 
2019/11/25 	32.82487106323242	32.82487106323242	32.82487106323242	32.82487106323242	0	2019/11/25 
2019/11/26 	32.82487106323242	32.82487106323242	32.82487106323242	32.82487106323242	0	2019/11/26 
2019/11/27 	32.82487106323242	32.82487106323242	32.82487106323242	32.82487106323242	0	2019/11/27 
2019/11/28 	32.82487106323242	32.82487106323242	32.82487106323242	32.82487106323242	0	2019/11/28 
2019/11/29 	32.82487106323242	32.82487106323242	32.82487106323242	32.82487106323242	0	2019/11/29 
2019/12/02 	32.82487106323242	32.82487106323242	32.82487106323242	32.82487106323242	0	2019/12/02 
2019/12/03 	32.82487106323242	32.82487106323242	32.82487106323242	32.82487106323242	0	2019/12/03 
2019/12/04 	34.53383255004883	34.53383255004883	34.53383255004883	34.53383255004883	2000	2019/12/04 
2019/12/05 	34.53383255004883	34.53383255004883	34.53383255004883	34.53383255004883	2000	2019/12/05 
2019/12/06 	34.53383255004883	34.53383255004883	34.53383255004883	34.53383255004883	0	2019/12/06 
2019/12/09 	34.53383255004883	34.53383255004883	34.53383255004883	34.53383255004883	3000	2019/12/09 
2019/12/10 	34.53383255004883	34.53383255004883	34.53383255004883	34.53383255004883	0	2019/12/10 
2019/12/11 	34.53383255004883	34.53383255004883	34.53383255004883	34.53383255004883	3000	2019/12/11 
2019/12/12 	34.53383255004883	34.53383255004883	34.53383255004883	34.53383255004883	0	2019/12/12 
2019/12/13 	34.53383255004883	34.53383255004883	34.53383255004883	34.53383255004883	0	2019/12/13 
2019/12/16 	34.53383255004883	34.53383255004883	34.53383255004883	34.53383255004883	0	2019/12/16 
2019/12/17 	34.53383255004883	34.53383255004883	34.53383255004883	34.53383255004883	0	2019/12/17 
2019/12/18 	34.53383255004883	34.53383255004883	34.53383255004883	34.53383255004883	0	2019/12/18 
2019/12/19 	34.53383255004883	34.53383255004883	34.53383255004883	34.53383255004883	0	2019/12/19 
2019/12/20 	34.53383255004883	34.53383255004883	34.53383255004883	34.53383255004883	0	2019/12/20 
2019/12/23 	34.53383255004883	34.53383255004883	34.53383255004883	34.53383255004883	0	2019/12/23 
2019/12/24 	34.53383255004883	34.53383255004883	34.53383255004883	34.53383255004883	0	2019/12/24 
2019/12/25 	34.53383255004883	34.53383255004883	34.53383255004883	34.53383255004883	0	2019/12/25 
2019/12/26 	34.53383255004883	34.53383255004883	34.53383255004883	34.53383255004883	0	2019/12/26 
2019/12/27 	34.53383255004883	34.53383255004883	34.53383255004883	34.53383255004883	0	2019/12/27 
2019/12/30 	34.53383255004883	34.53383255004883	34.53383255004883	34.53383255004883	0	2019/12/30 
2019/12/31 	34.53383255004883	34.53383255004883	34.53383255004883	34.53383255004883	0	2019/12/31 
2020/01/02 	34.53383255004883	34.53383255004883	34.53383255004883	34.53383255004883	0	2020/01/02 
2020/01/03 	34.53383255004883	34.53383255004883	34.53383255004883	34.53383255004883	0	2020/01/03 
2020/01/06 	34.53383255004883	34.53383255004883	34.53383255004883	34.53383255004883	0	2020/01/06 
2020/01/07 	34.53383255004883	34.53383255004883	34.53383255004883	34.53383255004883	0	2020/01/07 
2020/01/08 	34.53383255004883	34.53383255004883	34.53383255004883	34.53383255004883	0	2020/01/08 
2020/01/09 	34.53383255004883	34.53383255004883	34.53383255004883	34.53383255004883	0	2020/01/09 
2020/01/10 	34.53383255004883	34.53383255004883	34.53383255004883	34.53383255004883	0	2020/01/10 
2020/01/13 	34.53383255004883	34.53383255004883	34.53383255004883	34.53383255004883	0	2020/01/13 
2020/01/14 	34.53383255004883	34.53383255004883	34.53383255004883	34.53383255004883	0	2020/01/14 
2020/01/15 	34.53383255004883	34.53383255004883	34.53383255004883	34.53383255004883	0	2020/01/15 
2020/01/16 	34.53383255004883	34.53383255004883	34.53383255004883	34.53383255004883	0	2020/01/16 
2020/01/17 	34.53383255004883	34.53383255004883	34.53383255004883	34.53383255004883	0	2020/01/17 
2020/01/20 	34.53383255004883	34.53383255004883	34.53383255004883	34.53383255004883	0	2020/01/20 
2020/01/30 	34.53383255004883	34.53383255004883	34.53383255004883	34.53383255004883	0	2020/01/30 
2020/01/31 	34.53383255004883	34.53383255004883	34.53383255004883	34.53383255004883	0	2020/01/31 
2020/02/03 	34.53383255004883	34.53383255004883	34.53383255004883	34.53383255004883	0	2020/02/03 
2020/02/04 	34.53383255004883	34.53383255004883	34.53383255004883	34.53383255004883	0	2020/02/04 
2020/02/05 	34.53383255004883	34.53383255004883	34.53383255004883	34.53383255004883	0	2020/02/05 
2020/02/06 	34.53383255004883	34.53383255004883	34.53383255004883	34.53383255004883	0	2020/02/06 
2020/02/07 	34.53383255004883	34.53383255004883	34.53383255004883	34.53383255004883	0	2020/02/07 
2020/02/10 	34.53383255004883	34.53383255004883	34.53383255004883	34.53383255004883	0	2020/02/10 
2020/02/11 	34.53383255004883	34.53383255004883	34.53383255004883	34.53383255004883	0	2020/02/11 
2020/02/12 	34.53383255004883	34.53383255004883	34.53383255004883	34.53383255004883	0	2020/02/12 
2020/02/13 	34.53383255004883	34.53383255004883	34.53383255004883	34.53383255004883	0	2020/02/13 
2020/02/14 	34.53383255004883	34.53383255004883	34.53383255004883	34.53383255004883	0	2020/02/14 
2020/02/17 	34.53383255004883	34.53383255004883	34.53383255004883	34.53383255004883	0	2020/02/17 
2020/02/18 	34.53383255004883	34.53383255004883	34.53383255004883	34.53383255004883	0	2020/02/18 
2020/02/19 	34.53383255004883	34.53383255004883	34.53383255004883	34.53383255004883	0	2020/02/19 
2020/02/20 	34.53383255004883	34.53383255004883	34.53383255004883	34.53383255004883	0	2020/02/20 
2020/02/21 	34.53383255004883	34.53383255004883	34.53383255004883	34.53383255004883	0	2020/02/21 
2020/02/24 	34.53383255004883	34.53383255004883	34.53383255004883	34.53383255004883	0	2020/02/24 
2020/02/25 	34.53383255004883	34.53383255004883	34.53383255004883	34.53383255004883	0	2020/02/25 
2020/02/26 	34.53383255004883	34.53383255004883	34.53383255004883	34.53383255004883	0	2020/02/26 
2020/02/27 	34.53383255004883	34.53383255004883	34.53383255004883	34.53383255004883	0	2020/02/27 
2020/03/02 	34.53383255004883	34.53383255004883	34.53383255004883	34.53383255004883	0	2020/03/02 
2020/03/03 	34.53383255004883	34.53383255004883	34.53383255004883	34.53383255004883	0	2020/03/03 
2020/03/04 	34.53383255004883	34.53383255004883	34.53383255004883	34.53383255004883	0	2020/03/04 
2020/03/05 	34.53383255004883	34.53383255004883	34.53383255004883	34.53383255004883	0	2020/03/05 
2020/03/06 	34.53383255004883	34.53383255004883	34.53383255004883	34.53383255004883	0	2020/03/06 
2020/03/09 	34.53383255004883	34.53383255004883	34.53383255004883	34.53383255004883	0	2020/03/09 
2020/03/10 	34.53383255004883	34.53383255004883	34.53383255004883	34.53383255004883	0	2020/03/10 
2020/03/11 	34.53383255004883	34.53383255004883	34.53383255004883	34.53383255004883	0	2020/03/11 
2020/03/12 	34.53383255004883	34.53383255004883	34.53383255004883	34.53383255004883	0	2020/03/12 
2020/03/13 	34.53383255004883	34.53383255004883	34.53383255004883	34.53383255004883	0	2020/03/13 
2020/03/16 	34.53383255004883	34.53383255004883	34.53383255004883	34.53383255004883	0	2020/03/16 
2020/03/17 	34.53383255004883	34.53383255004883	34.53383255004883	34.53383255004883	0	2020/03/17 
2020/03/18 	34.53383255004883	34.53383255004883	34.53383255004883	34.53383255004883	0	2020/03/18 
2020/03/19 	34.53383255004883	34.53383255004883	34.53383255004883	34.53383255004883	0	2020/03/19 
2020/03/20 	34.53383255004883	34.53383255004883	34.53383255004883	34.53383255004883	0	2020/03/20 
2020/03/23 	34.53383255004883	34.53383255004883	34.53383255004883	34.53383255004883	0	2020/03/23 
2020/03/24 	34.53383255004883	34.53383255004883	34.53383255004883	34.53383255004883	0	2020/03/24 
2020/03/25 	34.53383255004883	34.53383255004883	34.53383255004883	34.53383255004883	0	2020/03/25 
2020/03/26 	34.53383255004883	34.53383255004883	34.53383255004883	34.53383255004883	0	2020/03/26 
2020/03/27 	34.53383255004883	34.53383255004883	34.53383255004883	34.53383255004883	0	2020/03/27 
2020/03/30 	34.53383255004883	34.53383255004883	34.53383255004883	34.53383255004883	0	2020/03/30 
2020/03/31 	34.53383255004883	34.53383255004883	34.53383255004883	34.53383255004883	0	2020/03/31 
2020/04/01 	34.53383255004883	34.53383255004883	34.53383255004883	34.53383255004883	0	2020/04/01 
2020/04/06 	34.53383255004883	34.53383255004883	34.53383255004883	34.53383255004883	0	2020/04/06 
2020/04/07 	34.53383255004883	34.53383255004883	34.53383255004883	34.53383255004883	0	2020/04/07 
2020/04/08 	34.53383255004883	34.53383255004883	34.53383255004883	34.53383255004883	0	2020/04/08 
2020/04/09 	34.53383255004883	34.53383255004883	34.53383255004883	34.53383255004883	0	2020/04/09 
2020/04/10 	34.497474670410156	34.497474670410156	34.497474670410156	34.497474670410156	1000	2020/04/10 
2020/04/13 	34.497474670410156	34.497474670410156	34.497474670410156	34.497474670410156	0	2020/04/13 
2020/04/14 	34.497474670410156	34.497474670410156	34.497474670410156	34.497474670410156	0	2020/04/14 
2020/04/15 	34.497474670410156	34.497474670410156	34.497474670410156	34.497474670410156	0	2020/04/15 
2020/04/16 	34.497474670410156	34.497474670410156	34.497474670410156	34.497474670410156	0	2020/04/16 
2020/04/17 	34.497474670410156	34.497474670410156	34.497474670410156	34.497474670410156	0	2020/04/17 
2020/04/20 	34.497474670410156	34.497474670410156	34.497474670410156	34.497474670410156	2	2020/04/20 
2020/04/21 	34.497474670410156	34.497474670410156	34.497474670410156	34.497474670410156	0	2020/04/21 
2020/04/22 	34.497474670410156	34.497474670410156	34.497474670410156	34.497474670410156	0	2020/04/22 
2020/04/23 	34.497474670410156	34.497474670410156	34.497474670410156	34.497474670410156	0	2020/04/23 
2020/04/24 	34.497474670410156	34.497474670410156	34.497474670410156	34.497474670410156	0	2020/04/24 
2020/04/27 	34.497474670410156	34.497474670410156	34.497474670410156	34.497474670410156	0	2020/04/27 
2020/04/28 	34.497474670410156	34.497474670410156	34.497474670410156	34.497474670410156	0	2020/04/28 
2020/04/29 	34.497474670410156	34.497474670410156	34.497474670410156	34.497474670410156	0	2020/04/29 
2020/04/30 	34.497474670410156	34.497474670410156	34.497474670410156	34.497474670410156	0	2020/04/30 
2020/05/04 	34.497474670410156	34.497474670410156	34.497474670410156	34.497474670410156	0	2020/05/04 
2020/05/05 	34.497474670410156	34.497474670410156	34.497474670410156	34.497474670410156	0	2020/05/05 
2020/05/06 	34.497474670410156	34.497474670410156	34.497474670410156	34.497474670410156	0	2020/05/06 
2020/05/07 	34.497474670410156	34.497474670410156	34.497474670410156	34.497474670410156	0	2020/05/07 
2020/05/08 	34.497474670410156	34.497474670410156	34.497474670410156	34.497474670410156	0	2020/05/08 
2020/05/11 	34.497474670410156	34.497474670410156	34.497474670410156	34.497474670410156	0	2020/05/11 
2020/05/12 	34.497474670410156	34.497474670410156	34.497474670410156	34.497474670410156	0	2020/05/12 
2020/05/13 	34.497474670410156	34.497474670410156	34.497474670410156	34.497474670410156	0	2020/05/13 
2020/05/14 	34.497474670410156	34.497474670410156	34.497474670410156	34.497474670410156	0	2020/05/14 
2020/05/15 	34.497474670410156	34.497474670410156	34.497474670410156	34.497474670410156	0	2020/05/15 
2020/05/18 	34.497474670410156	34.497474670410156	34.497474670410156	34.497474670410156	0	2020/05/18 
2020/05/19 	34.497474670410156	34.497474670410156	34.497474670410156	34.497474670410156	0	2020/05/19 
2020/05/20 	34.497474670410156	34.497474670410156	34.497474670410156	34.497474670410156	0	2020/05/20 
2020/05/21 	34.497474670410156	34.497474670410156	34.497474670410156	34.497474670410156	0	2020/05/21 
2020/05/22 	34.497474670410156	34.497474670410156	34.497474670410156	34.497474670410156	0	2020/05/22 
2020/05/25 	34.497474670410156	34.497474670410156	34.497474670410156	34.497474670410156	0	2020/05/25 
2020/05/26 	34.497474670410156	34.497474670410156	34.497474670410156	34.497474670410156	0	2020/05/26 
2020/05/27 	34.497474670410156	34.497474670410156	34.497474670410156	34.497474670410156	0	2020/05/27 
2020/05/28 	34.497474670410156	34.497474670410156	34.497474670410156	34.497474670410156	0	2020/05/28 
2020/05/29 	34.497474670410156	34.497474670410156	34.497474670410156	34.497474670410156	0	2020/05/29 
2020/06/01 	34.497474670410156	34.497474670410156	34.497474670410156	34.497474670410156	0	2020/06/01 
2020/06/02 	34.497474670410156	34.497474670410156	34.497474670410156	34.497474670410156	0	2020/06/02 
2020/06/03 	34.497474670410156	34.497474670410156	34.497474670410156	34.497474670410156	0	2020/06/03 
2020/06/04 	34.497474670410156	34.497474670410156	34.497474670410156	34.497474670410156	0	2020/06/04 
2020/06/05 	34.497474670410156	34.497474670410156	34.497474670410156	34.497474670410156	0	2020/06/05 
2020/06/08 	34.497474670410156	34.497474670410156	34.497474670410156	34.497474670410156	0	2020/06/08 
2020/06/09 	34.497474670410156	34.497474670410156	34.497474670410156	34.497474670410156	0	2020/06/09 
2020/06/10 	34.497474670410156	34.497474670410156	34.497474670410156	34.497474670410156	0	2020/06/10 
2020/06/11 	34.497474670410156	34.497474670410156	34.497474670410156	34.497474670410156	0	2020/06/11 
2020/06/12 	34.497474670410156	34.497474670410156	34.497474670410156	34.497474670410156	0	2020/06/12 
2020/06/15 	34.497474670410156	34.497474670410156	34.497474670410156	34.497474670410156	0	2020/06/15 
2020/06/16 	34.497474670410156	34.497474670410156	34.497474670410156	34.497474670410156	0	2020/06/16 
2020/06/17 	34.497474670410156	34.497474670410156	34.497474670410156	34.497474670410156	0	2020/06/17 
2020/06/18 	34.497474670410156	34.497474670410156	34.497474670410156	34.497474670410156	0	2020/06/18 
2020/06/19 	34.497474670410156	34.497474670410156	34.497474670410156	34.497474670410156	0	2020/06/19 
2020/06/22 	34.497474670410156	34.497474670410156	34.497474670410156	34.497474670410156	0	2020/06/22 
2020/06/23 	34.497474670410156	34.497474670410156	34.497474670410156	34.497474670410156	0	2020/06/23 
2020/06/24 	34.497474670410156	34.497474670410156	34.497474670410156	34.497474670410156	0	2020/06/24 
2020/06/29 	34.497474670410156	34.497474670410156	34.497474670410156	34.497474670410156	0	2020/06/29 
2020/06/30 	34.497474670410156	34.497474670410156	34.497474670410156	34.497474670410156	0	2020/06/30 
2020/07/01 	34.497474670410156	34.497474670410156	34.497474670410156	34.497474670410156	0	2020/07/01 
2020/07/02 	34.497474670410156	34.497474670410156	34.497474670410156	34.497474670410156	0	2020/07/02 
2020/07/03 	34.497474670410156	34.497474670410156	34.497474670410156	34.497474670410156	0	2020/07/03 
2020/07/06 	34.497474670410156	34.497474670410156	34.497474670410156	34.497474670410156	0	2020/07/06 
2020/07/07 	34.497474670410156	34.497474670410156	34.497474670410156	34.497474670410156	0	2020/07/07 
2020/07/08 	34.497474670410156	34.497474670410156	34.497474670410156	34.497474670410156	0	2020/07/08 
2020/07/09 	34.497474670410156	34.497474670410156	34.497474670410156	34.497474670410156	0	2020/07/09 
2020/07/10 	34.497474670410156	34.497474670410156	34.497474670410156	34.497474670410156	0	2020/07/10 
2020/07/13 	34.497474670410156	34.497474670410156	34.497474670410156	34.497474670410156	0	2020/07/13 
2020/07/14 	34.497474670410156	34.497474670410156	34.497474670410156	34.497474670410156	0	2020/07/14 
2020/07/15 	34.497474670410156	34.497474670410156	34.497474670410156	34.497474670410156	0	2020/07/15 
2020/07/16 	34.497474670410156	34.497474670410156	34.497474670410156	34.497474670410156	0	2020/07/16 
2020/07/17 	34.497474670410156	34.497474670410156	34.497474670410156	34.497474670410156	0	2020/07/17 
2020/07/20 	34.497474670410156	34.497474670410156	34.497474670410156	34.497474670410156	0	2020/07/20 
2020/07/21 	34.497474670410156	34.497474670410156	34.497474670410156	34.497474670410156	0	2020/07/21 
2020/07/22 	34.497474670410156	34.497474670410156	34.497474670410156	34.497474670410156	0	2020/07/22 
2020/07/23 	34.497474670410156	34.497474670410156	34.497474670410156	34.497474670410156	0	2020/07/23 
2020/07/24 	34.497474670410156	34.497474670410156	34.497474670410156	34.497474670410156	0	2020/07/24 
2020/07/27 	34.497474670410156	34.497474670410156	34.497474670410156	34.497474670410156	0	2020/07/27 
2020/07/28 	34.497474670410156	34.497474670410156	34.497474670410156	34.497474670410156	0	2020/07/28 
2020/07/29 	34.497474670410156	34.497474670410156	34.497474670410156	34.497474670410156	0	2020/07/29 
2020/07/30 	34.497474670410156	34.497474670410156	34.497474670410156	34.497474670410156	0	2020/07/30 
2020/07/31 	34.497474670410156	34.497474670410156	34.497474670410156	34.497474670410156	0	2020/07/31 
2020/08/03 	34.497474670410156	34.497474670410156	34.497474670410156	34.497474670410156	0	2020/08/03 
2020/08/04 	34.497474670410156	34.497474670410156	34.497474670410156	34.497474670410156	0	2020/08/04 
2020/08/05 	34.497474670410156	34.497474670410156	34.497474670410156	34.497474670410156	0	2020/08/05 
2020/08/06 	34.497474670410156	34.497474670410156	34.497474670410156	34.497474670410156	0	2020/08/06 
2020/08/07 	34.497474670410156	34.497474670410156	34.497474670410156	34.497474670410156	0	2020/08/07 
2020/08/10 	34.497474670410156	34.497474670410156	34.497474670410156	34.497474670410156	0	2020/08/10 
2020/08/11 	34.497474670410156	34.497474670410156	34.497474670410156	34.497474670410156	0	2020/08/11 
2020/08/12 	34.497474670410156	34.497474670410156	34.497474670410156	34.497474670410156	0	2020/08/12 
2020/08/13 	34.497474670410156	34.497474670410156	34.497474670410156	34.497474670410156	0	2020/08/13 
2020/08/14 	34.497474670410156	34.497474670410156	34.497474670410156	34.497474670410156	0	2020/08/14 
2020/08/17 	34.497474670410156	34.497474670410156	34.497474670410156	34.497474670410156	0	2020/08/17 
2020/08/18 	34.497474670410156	34.497474670410156	34.497474670410156	34.497474670410156	0	2020/08/18 
2020/08/19 	34.497474670410156	34.497474670410156	34.497474670410156	34.497474670410156	0	2020/08/19 
2020/08/20 	34.497474670410156	34.497474670410156	34.497474670410156	34.497474670410156	0	2020/08/20 
2020/08/21 	34.497474670410156	34.497474670410156	34.497474670410156	34.497474670410156	0	2020/08/21 
2020/08/24 	34.497474670410156	34.497474670410156	34.497474670410156	34.497474670410156	0	2020/08/24 
2020/08/25 	34.497474670410156	34.497474670410156	34.497474670410156	34.497474670410156	0	2020/08/25 
2020/08/26 	34.497474670410156	34.497474670410156	34.497474670410156	34.497474670410156	0	2020/08/26 
2020/08/27 	34.497474670410156	34.497474670410156	34.497474670410156	34.497474670410156	0	2020/08/27 
2020/08/28 	34.497474670410156	34.497474670410156	34.497474670410156	34.497474670410156	0	2020/08/28 
2020/08/31 	34.497474670410156	34.497474670410156	34.497474670410156	34.497474670410156	0	2020/08/31 
2020/09/01 	34.497474670410156	34.497474670410156	34.497474670410156	34.497474670410156	0	2020/09/01 
2020/09/02 	35.22468948364258	35.22468948364258	35.22468948364258	35.22468948364258	3	2020/09/02 
2020/09/03 	35.22468948364258	35.22468948364258	35.22468948364258	35.22468948364258	0	2020/09/03 
2020/09/04 	35.22468948364258	35.22468948364258	35.22468948364258	35.22468948364258	0	2020/09/04 
2020/09/07 	35.22468948364258	35.22468948364258	35.22468948364258	35.22468948364258	0	2020/09/07 
2020/09/08 	35.22468948364258	35.22468948364258	35.22468948364258	35.22468948364258	0	2020/09/08 
2020/09/09 	35.22468948364258	35.22468948364258	35.22468948364258	35.22468948364258	0	2020/09/09 
2020/09/10 	35.22468948364258	35.22468948364258	35.22468948364258	35.22468948364258	0	2020/09/10 
2020/09/11 	35.22468948364258	35.22468948364258	35.22468948364258	35.22468948364258	0	2020/09/11 
2020/09/14 	35.22468948364258	35.22468948364258	35.22468948364258	35.22468948364258	0	2020/09/14 
2020/09/15 	35.22468948364258	35.22468948364258	35.22468948364258	35.22468948364258	0	2020/09/15 
2020/09/16 	33.5884471319476	33.5884471319476	33.270286560058594	33.270286560058594	6000	2020/09/16 
2020/09/17 	33.270286560058594	33.270286560058594	33.270286560058594	33.270286560058594	0	2020/09/17 
2020/09/18 	33.270286560058594	33.270286560058594	33.270286560058594	33.270286560058594	0	2020/09/18 
2020/09/21 	33.270286560058594	33.270286560058594	33.270286560058594	33.270286560058594	0	2020/09/21 
2020/09/22 	33.270286560058594	33.270286560058594	33.270286560058594	33.270286560058594	0	2020/09/22 
2020/09/23 	33.270286560058594	33.270286560058594	33.270286560058594	33.270286560058594	0	2020/09/23 
2020/09/24 	33.270286560058594	33.270286560058594	33.270286560058594	33.270286560058594	0	2020/09/24 
2020/09/25 	33.270286560058594	33.270286560058594	33.270286560058594	33.270286560058594	0	2020/09/25 
2020/09/28 	33.270286560058594	33.270286560058594	33.270286560058594	33.270286560058594	0	2020/09/28 
2020/09/29 	33.270286560058594	33.270286560058594	33.270286560058594	33.270286560058594	0	2020/09/29 
2020/09/30 	33.270286560058594	33.270286560058594	33.270286560058594	33.270286560058594	0	2020/09/30 
2020/10/05 	33.270286560058594	33.270286560058594	33.270286560058594	33.270286560058594	0	2020/10/05 
2020/10/06 	33.270286560058594	33.270286560058594	33.270286560058594	33.270286560058594	0	2020/10/06 
2020/10/07 	32.270362854003906	32.270362854003906	32.270362854003906	32.270362854003906	14000	2020/10/07 
2020/10/08 	32.452171325683594	32.452171325683594	32.452171325683594	32.452171325683594	14000	2020/10/08 
2020/10/12 	32.452171325683594	32.452171325683594	32.452171325683594	32.452171325683594	0	2020/10/12 
2020/10/13 	32.452171325683594	32.452171325683594	32.452171325683594	32.452171325683594	0	2020/10/13 
2020/10/14 	32.452171325683594	32.452171325683594	32.452171325683594	32.452171325683594	0	2020/10/14 
2020/10/15 	32.72487258911133	32.72487258911133	32.72487258911133	32.72487258911133	52000	2020/10/15 
2020/10/16 	32.90668092952212	33.6338996887207	32.90668092952212	33.6338996887207	77000	2020/10/16 
2020/10/19 	33.6338996887207	33.6338996887207	33.6338996887207	33.6338996887207	0	2020/10/19 
2020/10/20 	32.724871709731474	32.90667724609375	32.724871709731474	32.90667724609375	467908	2020/10/20 
2024/03/14 	32.90667724609375	32.90667724609375	32.90667724609375	32.90667724609375	0	2024/03/14 
2024/03/15 	89.08437793502391	90.90242646431011	80.903159553236	83.17572021484375	100781	2024/03/15 
2024/03/18 	83.72113980732777	86.35731176402756	82.44850435216526	83.35752868652344	104877	2024/03/18 
2024/03/19 	84.63015968949006	84.63015968949006	81.1758715618342	81.35767364501953	115565	2024/03/19 
2024/03/20 	82.08489151847607	82.1757925552738	78.17608451843262	79.99413299560547	94656	2024/03/20 
2024/03/21 	80.63045127621864	81.81218562041323	79.99413705107072	80.72135925292969	47525	2024/03/21 
2024/03/22 	79.81234115495216	83.44843857549111	79.81234115495216	80.26685333251953	74709	2024/03/22 
2024/03/25 	80.26685333251953	80.26685333251953	80.26685333251953	80.26685333251953	0	2024/03/25 
2024/03/26 	80.26685333251953	80.26685333251953	80.26685333251953	80.26685333251953	0	2024/03/26 
2024/03/27 	80.26684929686199	80.26684929686199	79.26691700824404	79.53962707519531	43602	2024/03/27 
2024/03/28 	79.08511477052487	79.99413907823205	78.44880052925188	78.90331268310547	22002	2024/03/28 
2024/03/29 	79.08511228596791	79.35782234383457	78.99421124511399	79.26691436767578	15003	2024/03/29 
2024/04/01 	79.17601479869028	79.17601479869028	77.35796620659495	77.63067626953125	45152	2024/04/01 
2024/04/02 	77.08526460728234	78.72150421142578	76.81255453893921	78.72150421142578	98155	2024/04/02 
2024/04/03 	77.267069705697	78.17609405517578	76.5398474519918	78.17609405517578	52109	2024/04/03 
2024/04/08 	77.63067588386133	78.81240330166946	77.2670647801877	78.44879913330078	215766	2024/04/08 
2024/04/09 	77.72157731207501	78.90331167105897	77.53977522698749	77.63067626953125	112716	2024/04/09 
2024/04/10 	77.63068083254959	78.26699510306258	76.630755435184	78.17609405517578	61204	2024/04/10 
2024/04/11 	78.176088423956	78.176088423956	75.63081765463548	76.35803985595703	83730	2024/04/11 
2024/04/12 	75.44901434924252	77.72157502241248	75.44901434924252	76.53984069824219	46504	2024/04/12 
2024/04/15 	76.8125460923582	76.8125460923582	75.72171980954705	75.99442291259766	17352	2024/04/15 
2024/04/16 	76.53983892585879	76.99435104996795	75.90352472622783	76.90345001220703	14003	2024/04/16 
2024/04/17 	76.90345161294489	77.17616166720866	75.90352630615234	75.90352630615234	94651	2024/04/17 
2024/04/18 	76.81254897444613	76.90345001220703	75.90352472622783	76.90345001220703	16001	2024/04/18 
2024/04/19 	76.17624263346184	76.4489457748777	74.2672859670241	75.44902038574219	50200	2024/04/19 
2024/04/22 	75.44902038574219	76.17624263346184	75.44902038574219	75.44902038574219	224000	2024/04/22 
2024/04/23 	75.17630906455288	75.63082122802734	74.53999480981074	75.63082122802734	219001	2024/04/23 
2024/04/24 	75.63082122802734	75.63082122802734	75.63082122802734	75.63082122802734	0	2024/04/24 
2024/04/25 	75.72172546386719	75.90352754614318	75.17630534642944	75.72172546386719	57553	2024/04/25 
2024/04/26 	75.99442858728118	77.26706396912779	75.17630534642944	75.72172546386719	81945	2024/04/26 
2024/04/29 	75.72172725837633	75.72172725837633	74.53999288966212	75.35811614990234	38976	2024/04/29 
2024/04/30 	75.44900977119208	76.53983605400323	75.17629973283711	75.99442291259766	79162	2024/04/30 
2024/05/02 	75.99443360387926	75.99443360387926	75.08540926188236	75.44902038574219	19515	2024/05/02 
2024/05/03 	75.63082248001943	75.81263150960201	75.35811933860357	75.44902038574219	1530504	2024/05/03 
2024/05/06 	75.90353255674064	75.99443360387926	75.26721829146494	75.44902038574219	158133	2024/05/06 
2024/05/07 	75.72172601108225	75.72172601108225	75.26721386680278	75.5399169921875	41018	2024/05/07 
2024/05/08 	75.72172563127934	76.35803985595703	75.35811453061856	76.35803985595703	283200	2024/05/08 
2024/05/09 	77.44887180147059	81.72129040520414	77.267069705697	78.17609405517578	116994	2024/05/09 
2024/05/10 	78.35789462959863	79.9941412010142	75.90353170778053	77.08526611328125	78305	2024/05/10 
2024/05/13 	76.44894229843675	76.81255340576172	76.44894229843675	76.81255340576172	100005	2024/05/13 
2024/05/14 	76.17623760486205	76.63074974585693	75.17630534642944	75.72172546386719	188152	2024/05/14 
2024/05/15 	76.26714368060047	76.26714368060047	75.26721829146494	75.44902038574219	927151	2024/05/15 
2024/05/16 	75.44901540514832	75.90352754614318	75.35811436401032	75.72172546386719	174900	2024/05/16 
2024/05/17 	75.35811436401032	77.26706396912779	75.35811436401032	75.72172546386719	581384	2024/05/17 
2024/05/20 	76.8125553524352	81.26677592561377	76.8125553524352	79.35782623291016	154674	2024/05/20 
2024/05/21 	79.17601818596543	81.17587588401037	77.26706846965847	78.35789489746094	84163	2024/05/21 
2024/05/22 	78.08519300728898	78.35789615094939	76.9943596267312	78.17609405517578	126841	2024/05/22 
2024/05/23 	78.17608998616537	83.90294586392507	78.17608998616537	81.81218719482422	160039	2024/05/23 
2024/05/24 	80.63045347239024	80.7213614515774	77.7215784563337	79.53962707519531	24106	2024/05/24 
2024/05/27 	79.99413882994952	80.35774993896484	79.08511452506373	80.35774993896484	20971	2024/05/27 
2024/05/28 	79.99413344439338	84.99376678466797	79.99413344439338	84.99376678466797	78663	2024/05/28 
2024/05/29 	81.35767488869885	84.81197000446394	81.17587280273438	81.17587280273438	45218	2024/05/29 
2024/05/30 	81.81218327504405	81.81218327504405	76.99435193028069	77.5397720336914	143081	2024/05/30 
2024/05/31 	77.63067681953218	78.17609001396394	76.99435564660759	77.44886779785156	189053	2024/05/31 
2024/06/03 	77.72157708529768	79.08511352539062	77.1761638963215	79.08511352539062	247855	2024/06/03 
2024/06/04 	78.99421538995075	81.17587516144144	78.99421538995075	80.63045501708984	43255	2024/06/04 
2024/06/05 	79.72142775664534	80.72136002762414	78.81240346325005	79.08511352539062	37361	2024/06/05 
2024/06/06 	79.53962567208828	80.2668478809265	78.63060137869297	79.08511352539062	12417	2024/06/06 
2024/06/07 	77.35796951609112	78.35789489746094	77.26706846965847	78.35789489746094	17266	2024/06/07 
2024/06/11 	78.63059819983167	79.2669124053616	77.72157394318621	78.99420928955078	21055	2024/06/11 
2024/06/12 	77.35796302078626	77.9942841629972	76.08532767166908	77.5397720336914	152222	2024/06/12 
2024/06/13 	77.44887029776892	77.99429044511096	77.08526611328125	77.08526611328125	5833	2024/06/13 
2024/06/14 	78.08518717039705	78.17608821148896	77.26706392996002	77.8124771118164	6292	2024/06/14 
2024/06/17 	77.81247214875486	78.0851821899414	77.81247214875486	78.0851821899414	2032	2024/06/17 
2024/06/18 	78.08518662395188	78.08518662395188	77.44886547015172	77.9942855834961	12021	2024/06/18 
2024/06/19 	78.0851855687472	78.8124008178711	77.5397723980781	78.8124008178711	11087	2024/06/19 
2024/06/20 	78.63060316707978	78.72150421142578	77.72157885300949	78.72150421142578	3007	2024/06/20 
2024/06/21 	78.17609225068107	78.63060441492921	77.8124811322215	78.53970336914062	6155	2024/06/21 
2024/06/24 	78.44879929413591	79.08511352539062	78.17608923199533	79.08511352539062	8009	2024/06/24 
2024/06/25 	79.08511336325093	79.08511336325093	78.17608907171932	78.44879913330078	12504	2024/06/25 
2024/06/26 	78.53969876153565	78.53969876153565	77.08526130832857	77.9942855834961	106015	2024/06/26 
2024/06/27 	76.99435023414844	80.26684304130322	76.99435023414844	79.99413299560547	123281	2024/06/27 
2024/06/28 	78.44879456413037	79.99413299560547	78.44879456413037	79.99413299560547	2015	2024/06/28 
2024/07/01 	79.99413656511697	80.81225980341209	78.63060014639339	79.26691436767578	19204	2024/07/01 
2024/07/02 	79.53962832352757	80.81226376376505	78.35789392859878	79.35782623291016	141531	2024/07/02 
2024/07/03 	80.81226106990268	80.81226106990268	79.08511352539062	79.08511352539062	22785	2024/07/03 
2024/07/04 	79.08510875701904	79.99413299560547	78.8123987113213	79.99413299560547	115006	2024/07/04 
2024/07/05 	79.90323535069108	79.90323535069108	77.9942857556858	78.63059997558594	126864	2024/07/05 
2024/07/08 	77.90338176675006	79.35782623291016	77.35796855959262	79.35782623291016	19424	2024/07/08 
2024/07/09 	78.17608946009885	79.08511375614651	77.44886724913871	77.63067626953125	19007	2024/07/09 
2024/07/10 	78.90331268310547	79.35782483695907	78.08518941910799	78.90331268310547	24013	2024/07/10 
2024/07/11 	78.17608923199533	79.08511352539062	77.90337916985476	79.08511352539062	20604	2024/07/11 
2024/07/12 	79.08511352539062	80.2668478809265	78.17608923199533	79.08511352539062	68717	2024/07/12 
2024/07/15 	78.90331020426005	79.53962442554244	78.72150118724731	79.26691436767578	12353	2024/07/15 
2024/07/16 	79.08511087085802	79.35782092384494	77.44886442354596	78.8124008178711	33056	2024/07/16 
2024/07/17 	77.90337901013784	79.26691544743527	77.90337901013784	78.44879913330078	209002	2024/07/17 
2024/07/18 	77.9033779489522	79.26691436767578	77.44886580937766	79.26691436767578	225237	2024/07/18 
2024/07/19 	78.17609280459563	78.90331504666746	77.44887056252378	78.35789489746094	10778	2024/07/19 
2024/07/22 	76.99435193028069	78.08518520179743	76.63074777507981	77.5397720336914	229001	2024/07/22 
2024/07/23 	77.35796179125026	78.35788707276916	76.8125486318131	77.72157287597656	207512	2024/07/23 
2024/07/26 	77.26706516405119	78.72150265066644	77.26706516405119	77.63067626953125	10213	2024/07/26 
2024/07/29 	78.53969770018891	78.99420983163063	78.1760866079746	78.8124008178711	215066	2024/07/29 
2024/07/30 	77.26706075389484	79.1760102795772	77.26706075389484	77.72157287597656	201010	2024/07/30 
2024/07/31 	77.267069705697	78.99421735676778	77.267069705697	78.17609405517578	103002	2024/07/31 
2024/08/01 	78.44879504542918	78.44879504542918	77.08525867918398	77.72157287597656	12075	2024/08/01 
2024/08/02 	77.53977344591233	78.63059980199144	76.99435333256794	77.9942855834961	14256	2024/08/02 
2024/08/05 	75.63081516004085	76.35803733737582	71.99471814397533	72.5401382446289	58634	2024/08/05 
2024/08/06 	72.72194210942376	75.26721285737554	71.9947199142076	72.17652893066406	15007	2024/08/06 
2024/08/07 	75.17630825205843	77.2670669555664	74.99450616275563	77.2670669555664	13716	2024/08/07 
2024/08/08 	78.99477837020561	78.99477837020561	75.63534077550902	75.7313232421875	18641	2024/08/08 
2024/08/09 	75.82730865478516	76.11526338900056	75.25140650934743	75.82730865478516	63178	2024/08/09 
2024/08/12 	75.34738583221463	76.21124267578125	75.34738583221463	76.21124267578125	5018	2024/08/12 
2024/08/13 	75.9232911251926	75.9232911251926	75.82730865478516	75.82730865478516	6040	2024/08/13 
2024/08/14 	74.48353258049853	74.86746978759766	74.48353258049853	74.86746978759766	2005	2024/08/14 
2024/08/15 	74.86746978759766	74.86746978759766	74.86746978759766	74.86746978759766	2000	2024/08/15 
2024/08/16 	74.57951505152504	74.86746978759766	74.57951505152504	74.86746978759766	22317	2024/08/16 
2024/08/19 	74.67550700359122	76.40321350097656	74.387552259197	76.40321350097656	4002	2024/08/19 
2024/08/20 	76.88313319297139	76.88313319297139	75.63534638758087	76.40321350097656	17002	2024/08/20 
2024/08/21 	76.01927359560004	76.30722832981544	75.82730865478516	75.82730865478516	10002	2024/08/21 
2024/08/22 	75.05943400805096	76.3072280883789	75.05943400805096	76.3072280883789	1001	2024/08/22 
2024/08/23 	77.07510375976562	77.07510375976562	77.07510375976562	77.07510375976562	3000	2024/08/23 
2024/08/26 	77.26706719398499	77.26706719398499	76.30722784996033	76.78714752197266	19070	2024/08/26 
2024/08/27 	77.36304966378884	77.36304966378884	76.78714752197266	76.78714752197266	11011	2024/08/27 
2024/08/28 	77.07510225437727	77.07510225437727	76.49919278956804	76.78714752197266	34000	2024/08/28 
2024/08/29 	77.07510073765589	77.07510073765589	76.49919128417969	76.49919128417969	5500	2024/08/29 
2024/08/30 	77.07510375976562	77.07510375976562	77.07510375976562	77.07510375976562	4	2024/08/30 
2024/09/02 	77.07510546356532	77.07510546356532	76.40321350097656	76.40321350097656	13200	2024/09/02 
2024/09/03 	77.07510375976562	77.07510375976562	77.07510375976562	77.07510375976562	1000	2024/09/03 
2024/09/04 	75.05943572826023	76.69116704939219	75.05943572826023	76.11526489257812	24053	2024/09/04 
2024/09/05 	76.3072280883789	76.3072280883789	75.73132594476334	76.3072280883789	10000	2024/09/05 
2024/09/06 	76.11526314817141	76.59518282168322	76.11526314817141	76.3072280883789	17019	2024/09/06 
2024/09/09 	76.3072280883789	76.3072280883789	76.3072280883789	76.3072280883789	0	2024/09/09 
2024/09/10 	76.59518177606586	76.59518177606586	75.05943298339844	75.05943298339844	2001	2024/09/10 
2024/09/11 	74.96345275467452	74.96345275467452	73.90763092041016	73.90763092041016	2101	2024/09/11 
2024/09/12 	75.15542427976142	75.3473892211914	74.8674695446233	75.3473892211914	35300	2024/09/12 
2024/09/13 	75.63534571310578	75.63534571310578	75.15542602539062	75.15542602539062	7000	2024/09/13 
2024/09/16 	75.05943047098663	75.34738519072151	72.94778693623994	74.00360870361328	9101	2024/09/16 
2024/09/18 	74.00360870361328	74.00360870361328	74.00360870361328	74.00360870361328	0	2024/09/18 
2024/09/19 	73.04377427588147	73.4277114868164	73.04377427588147	73.4277114868164	12150	2024/09/19 
2024/09/20 	74.86747053557751	74.86747053557751	73.4277114868164	73.4277114868164	9000	2024/09/20 
2024/09/23 	74.67550509102313	74.67550509102313	74.3875503540039	74.3875503540039	5010	2024/09/23 
2024/09/24 	74.86747003370715	74.86747003370715	73.90763067430065	74.3875503540039	8000	2024/09/24 
2024/09/25 	74.3875503540039	74.3875503540039	74.3875503540039	74.3875503540039	0	2024/09/25 
2024/09/26 	74.3875503540039	74.3875503540039	74.3875503540039	74.3875503540039	1000	2024/09/26 
2024/09/27 	74.77148731657117	74.86746978759766	74.77148731657117	74.86746978759766	4000	2024/09/27 
2024/09/30 	74.38754763782937	74.86746730000891	73.8116455078125	73.8116455078125	7032	2024/09/30 
2024/10/01 	73.81164820295864	74.3875503540039	73.81164820295864	74.3875503540039	5013	2024/10/01 
2024/10/04 	73.71566798539189	73.90763293394504	72.94779354519251	73.23574829101562	11002	2024/10/04 
2024/10/07 	72.4678726196289	72.75582736055983	70.45221140209219	72.4678726196289	7512	2024/10/07 
2024/10/08 	73.71566696224517	75.15542602539062	72.9477925327036	75.15542602539062	36100	2024/10/08 
2024/10/09 	73.52369322424728	75.34738946572328	71.9879517188439	74.86746978759766	63100	2024/10/09 
2024/10/11 	75.53935392056975	75.82730865478516	75.15542403894	75.82730865478516	43050	2024/10/11 
2024/10/14 	77.26706379126203	77.6510009765625	75.82730483862983	77.6510009765625	6014	2024/10/14 
2024/10/15 	76.11526267548808	77.2670669555664	75.34738827344053	77.2670669555664	21101	2024/10/15 
2024/10/16 	77.2670669555664	77.2670669555664	77.2670669555664	77.2670669555664	0	2024/10/16 
2024/10/17 	77.4590321335927	77.4590321335927	76.78714752197266	76.78714752197266	6000	2024/10/17 
2024/10/18 	77.4590321335927	77.4590321335927	76.78714752197266	76.78714752197266	5040	2024/10/18 
2024/10/21 	76.78714752197266	76.78714752197266	76.78714752197266	76.78714752197266	1000	2024/10/21 
2024/10/22 	76.78714752197266	76.78714752197266	76.78714752197266	76.78714752197266	0	2024/10/22 
2024/10/23 	76.88312952023755	77.74698638916016	76.88312952023755	77.74698638916016	20000	2024/10/23 
2024/10/24 	77.74698638916016	77.74698638916016	77.45903165852162	77.74698638916016	18000	2024/10/24 
2024/10/25 	78.03493960143854	78.22690453613374	77.45903015136719	77.45903015136719	5501	2024/10/25 
2024/10/28 	77.93895156511324	78.03494135761396	77.2670669555664	77.2670669555664	7000	2024/10/28 
2024/10/29 	75.827308177948	76.78714752197266	75.827308177948	76.78714752197266	17039	2024/10/29 
2024/10/30 	77.74698638916016	77.74698638916016	77.74698638916016	77.74698638916016	5000	2024/10/30 
2024/11/01 	76.30722784996033	77.26706719398499	76.30722784996033	76.78714752197266	12039	2024/11/01 
2024/11/04 	76.78714752197266	76.78714752197266	76.78714752197266	76.78714752197266	5000	2024/11/04 
2024/11/05 	77.74698686599731	77.74698686599731	76.78714752197266	76.78714752197266	9000	2024/11/05 
2024/11/06 	77.45903015136719	77.45903015136719	77.45903015136719	77.45903015136719	1000	2024/11/06 
2024/11/07 	77.4590321335927	77.74698686599731	75.827308177948	76.78714752197266	22102	2024/11/07 
2024/11/08 	76.691162109375	76.691162109375	76.11525998965733	76.691162109375	4071	2024/11/08 
2024/11/11 	76.97911246158037	76.97911246158037	76.78714752197266	76.78714752197266	6000	2024/11/11 
2024/11/12 	76.97911071777344	76.97911071777344	76.97911071777344	76.97911071777344	3000	2024/11/12 
2024/11/13 	76.59518258236494	76.97911246158037	73.90762948989868	76.78714752197266	22201	2024/11/13 
2024/11/14 	76.59518306403085	76.59518306403085	75.53935392056975	75.82730865478516	19000	2024/11/14 
2024/11/15 	76.11526363289761	76.69116578018071	75.3473892211914	75.3473892211914	21500	2024/11/15 
2024/11/18 	76.59518153943748	76.78714647643137	75.53935241699219	75.53935241699219	19000	2024/11/18 
2024/11/19 	76.6911650521688	76.78714752197266	76.6911650521688	76.78714752197266	6000	2024/11/19 
2024/11/20 	76.78714752197266	76.78714752197266	76.78714752197266	76.78714752197266	0	2024/11/20 
2024/11/21 	76.6911650521688	76.78714752197266	76.6911650521688	76.78714752197266	8000	2024/11/21 
2024/11/22 	76.97911294566062	76.97911294566062	75.82730865478516	75.82730865478516	6100	2024/11/22 
2024/11/25 	76.88313293457031	76.88313293457031	76.88313293457031	76.88313293457031	3000	2024/11/25 
2024/11/26 	76.88312871040932	76.88312871040932	76.01927185058594	76.01927185058594	6000	2024/11/26 
2024/11/27 	76.88313293457031	76.88313293457031	76.88313293457031	76.88313293457031	3001	2024/11/27 
2024/11/28 	76.59518432617188	76.59518432617188	76.59518432617188	76.59518432617188	11000	2024/11/28 
2024/11/29 	74.3875496296943	76.59518306403085	74.3875496296943	75.82730865478516	5003	2024/11/29 
2024/12/02 	76.78714776189072	76.78714776189072	76.3072280883789	76.3072280883789	6000	2024/12/02 
2024/12/03 	76.3072280883789	76.3072280883789	76.3072280883789	76.3072280883789	0	2024/12/03 
2024/12/04 	76.78714875252015	76.78714875252015	74.3875503540039	74.3875503540039	3600	2024/12/04 
2024/12/05 	76.69116529178697	76.69116529178697	75.34738874135527	76.3072280883789	6000	2024/12/05 
2024/12/06 	76.69116233076352	76.69116233076352	76.21124267578125	76.21124267578125	6000	2024/12/06 
2024/12/09 	76.69116529178697	76.69116529178697	76.3072280883789	76.3072280883789	5001	2024/12/09 
2024/12/10 	74.48352813720703	74.48352813720703	74.48352813720703	74.48352813720703	1	2024/12/10 
2024/12/11 	76.691162109375	76.691162109375	76.691162109375	76.691162109375	3000	2024/12/11 
2024/12/12 	76.69116704939219	76.69116704939219	76.11526489257812	76.11526489257812	6000	2024/12/12 
2024/12/13 	76.69116377400098	76.69116377400098	75.8273069141776	76.01927185058594	4100	2024/12/13 
2024/12/16 	76.21124267578125	76.21124267578125	76.21124267578125	76.21124267578125	3000	2024/12/16 
2024/12/17 	76.11526514508708	76.11526514508708	75.63534545898438	75.63534545898438	6000	2024/12/17 
2024/12/18 	76.01927534947194	76.01927534947194	75.63534545898438	75.63534545898438	6000	2024/12/18 
2024/12/19 	76.01927359560004	76.11526338900056	75.63534371397029	75.82730865478516	14000	2024/12/19 
2024/12/20 	75.6353439563295	75.73132642704451	75.3473892211914	75.3473892211914	12000	2024/12/20 
2024/12/23 	74.00361266220212	76.11526363289761	74.00361266220212	75.3473892211914	13375	2024/12/23 
2024/12/24 	75.6353439563295	76.11526363289761	75.3473892211914	75.3473892211914	6013	2024/12/24 
2024/12/25 	75.63534420179592	75.63534420179592	74.86746978759766	74.86746978759766	4000	2024/12/25 
2024/12/26 	75.44337193674978	75.44337193674978	74.77148731657117	74.86746978759766	5000	2024/12/26 
2024/12/27 	75.63534545898438	75.63534545898438	75.63534545898438	75.63534545898438	3000	2024/12/27 
2024/12/30 	75.63534371397029	76.59518306403085	75.63534371397029	75.82730865478516	9000	2024/12/30 
2024/12/31 	76.01927185058594	76.01927185058594	76.01927185058594	76.01927185058594	3000	2024/12/31 
2025/01/02 	76.01927185058594	76.01927185058594	76.01927185058594	76.01927185058594	2003	2025/01/02 
2025/01/03 	76.59518432617188	76.59518432617188	76.59518432617188	76.59518432617188	3000	2025/01/03 
2025/01/06 	76.59518432617188	76.59518432617188	75.34739022133465	76.59518432617188	7000	2025/01/06 
2025/01/07 	74.38754630751157	76.691162109375	74.38754630751157	76.691162109375	11000	2025/01/07 
2025/01/08 	75.63534220848209	76.30722681095368	75.53935241699219	75.53935241699219	10000	2025/01/08 
2025/01/09 	73.90762708332508	75.7313232421875	73.61967236029682	75.7313232421875	14001	2025/01/09 
2025/01/10 	73.42770831347029	75.827306624368	73.42770831347029	73.8116455078125	17089	2025/01/10 
2025/01/13 	73.52369371077043	74.67550533968961	72.46787187650607	73.90763092041016	24000	2025/01/13 
2025/01/14 	74.09959561698469	74.86747003370715	74.09959561698469	74.3875503540039	10000	2025/01/14 
2025/01/15 	76.69116653655671	76.69116653655671	73.90763092041016	73.90763092041016	8201	2025/01/15 
2025/01/16 	73.90763092041016	74.86747028301288	73.90763092041016	73.90763092041016	5203	2025/01/16 
2025/01/17 	73.9076304313464	74.86746978759766	73.9076304313464	74.86746978759766	3002	2025/01/17 
2025/01/20 	74.00361050342345	76.49919128417969	74.00361050342345	76.49919128417969	3001	2025/01/20 
2025/01/21 	73.90762995466402	76.59518306403085	73.90762995466402	75.82730865478516	9001	2025/01/21 
2025/01/22 	73.90762972081983	76.69116529178697	73.90762972081983	76.3072280883789	13014	2025/01/22 
2025/02/03 	76.11526338900056	76.11526338900056	72.851808134196	75.82730865478516	3010	2025/02/03 
2025/02/04 	76.01927509728142	76.11526489257812	76.01927509728142	76.11526489257812	6000	2025/02/04 
2025/02/05 	76.40321350097656	76.40321350097656	76.40321350097656	76.40321350097656	3000	2025/02/05 
2025/02/06 	73.04377476023379	76.40321256295276	73.04377476023379	75.63534545898438	9002	2025/02/06 
2025/02/07 	73.04377284389994	76.3072280883789	73.04377284389994	76.3072280883789	3002	2025/02/07 
2025/02/10 	76.40321350097656	76.40321350097656	76.40321350097656	76.40321350097656	3000	2025/02/10 
2025/02/11 	73.90763256720217	76.40321350097656	73.90763256720217	76.40321350097656	3003	2025/02/11 
2025/02/12 	76.40321350097656	76.40321350097656	76.40321350097656	76.40321350097656	3000	2025/02/12 
2025/02/13 	76.40321388010295	76.40321388010295	73.23574829101562	73.23574829101562	3001	2025/02/13 
2025/02/14 	76.40321350097656	76.40321350097656	76.40321350097656	76.40321350097656	3000	2025/02/14 
2025/02/17 	73.23574792760677	76.40321350097656	73.23574792760677	76.40321350097656	6001	2025/02/17 
2025/02/18 	73.23574581116779	76.40321129300104	73.23574581116779	74.86746978759766	4002	2025/02/18 
2025/02/19 	73.23574533881884	76.30722832981544	73.23574533881884	75.82730865478516	4200	2025/02/19 
2025/02/20 	76.11526489257812	76.11526489257812	76.11526489257812	76.11526489257812	3000	2025/02/20 
2025/02/21 	76.11526489257812	76.11526489257812	76.11526489257812	76.11526489257812	3000	2025/02/21 
2025/02/24 	76.11526489257812	76.11526489257812	76.11526489257812	76.11526489257812	3000	2025/02/24 
2025/02/25 	76.11526489257812	76.11526489257812	76.11526489257812	76.11526489257812	3000	2025/02/25 
2025/02/26 	76.11526489257812	76.11526489257812	76.11526489257812	76.11526489257812	3000	2025/02/26 
2025/02/27 	76.11526489257812	76.11526489257812	76.11526489257812	76.11526489257812	3000	2025/02/27 
2025/03/03 	76.11526489257812	76.11526489257812	76.11526489257812	76.11526489257812	3000	2025/03/03 
2025/03/04 	76.11526489257812	76.11526489257812	76.11526489257812	76.11526489257812	3000	2025/03/04 
2025/03/05 	76.11526489257812	76.11526489257812	76.11526489257812	76.11526489257812	3000	2025/03/05 
2025/03/06 	76.11526489257812	76.11526489257812	76.11526489257812	76.11526489257812	2200	2025/03/06 
2025/03/07 	76.11526489257812	76.11526489257812	76.11526489257812	76.11526489257812	3000	2025/03/07 
2025/03/10 	76.11526489257812	76.11526489257812	76.11526489257812	76.11526489257812	3000	2025/03/10 
2025/03/11 	73.90763019148712	75.82730889775951	73.90763019148712	75.3473892211914	6201	2025/03/11 
2025/03/12 	72.94778798652595	75.8273059333625	72.94778798652595	75.25140380859375	5021	2025/03/12 
2025/03/13 	75.82730865478516	75.82730865478516	75.82730865478516	75.82730865478516	3000	2025/03/13 
2025/03/14 	72.94778755730334	76.21124267578125	72.94778755730334	76.21124267578125	3001	2025/03/14 
2025/03/17 	76.40321350097656	76.40321350097656	76.40321350097656	76.40321350097656	3000	2025/03/17 
2025/03/18 	76.30722832981544	76.30722832981544	75.82730865478516	75.82730865478516	6000	2025/03/18 
2025/03/19 	72.94779083835091	75.3473892211914	72.75582589692092	75.3473892211914	37000	2025/03/19 
2025/03/20 	76.30722559116859	76.30722559116859	73.71566236821282	75.25140380859375	6001	2025/03/20 
2025/03/21 	76.01927185058594	76.01927185058594	76.01927185058594	76.01927185058594	3000	2025/03/21 
2025/03/24 	73.61967468261719	76.01927304023826	73.61967468261719	73.61967468261719	4004	2025/03/24 
2025/03/25 	75.731323020799	76.21124267578125	75.34738583221463	76.21124267578125	11100	2025/03/25 
2025/03/26 	73.5236896786835	76.21124267578125	73.5236896786835	76.21124267578125	3005	2025/03/26 
2025/03/27 	76.01927064222296	76.11526043189424	75.7313232421875	75.7313232421875	7100	2025/03/27 
2025/03/28 	73.61967691895839	75.63534545898438	72.75582734236812	75.63534545898438	7365	2025/03/28 
2025/03/31 	75.7313232421875	75.7313232421875	75.7313232421875	75.7313232421875	6000	2025/03/31 
2025/04/01 	75.82730865478516	75.82730865478516	75.82730865478516	75.82730865478516	6000	2025/04/01 
2025/04/02 	76.01927185058594	76.01927185058594	76.01927185058594	76.01927185058594	3000	2025/04/02 
2025/04/07 	72.65983165378309	73.42770601846739	72.2759017944336	72.2759017944336	19052	2025/04/07 
2025/04/08 	72.08393074762417	72.56385040283203	72.08393074762417	72.56385040283203	8000	2025/04/08 
2025/04/09 	72.08393247779786	72.37188720703125	71.02811067559703	72.37188720703125	19020	2025/04/09 
2025/04/10 	72.65983392478586	77.26706561090664	72.65983392478586	73.8116455078125	27004	2025/04/10 
2025/04/11 	70.26023721051081	73.90762965515736	70.26023721051081	73.13975524902344	9059	2025/04/11 
2025/04/14 	70.26023889048558	73.90763142234401	70.26023889048558	72.94779205322266	21000	2025/04/14 
2025/04/15 	72.94779205322266	73.71566647771702	72.94779205322266	72.94779205322266	9000	2025/04/15 
2025/04/16 	73.52369421009682	73.90763142234401	72.94779205322266	72.94779205322266	20007	2025/04/16 
2025/04/17 	73.13975230257759	73.33172455787397	72.94778737027397	73.04376983642578	28000	2025/04/17 
2025/04/18 	73.81164399060548	73.81164399060548	73.42770680415514	73.52368927001953	10000	2025/04/18 
2025/04/21 	73.81164869775135	73.81164869775135	73.4277114868164	73.4277114868164	8000	2025/04/21 
2025/04/22 	73.23574679315635	73.71566647771702	72.94779205322266	72.94779205322266	28000	2025/04/22 
2025/04/23 	72.94779030898648	73.81164718513888	72.659835575938	73.13975524902344	18000	2025/04/23 
2025/04/24 	71.98794932693166	73.8116455078125	71.98794932693166	73.8116455078125	10015	2025/04/24 
2025/04/25 	73.81164466249541	73.81164466249541	72.08393096923828	72.08393096923828	108000	2025/04/25 
2025/04/28 	72.08393565901788	73.71566699169732	71.98795318603516	71.98795318603516	32000	2025/04/28 
2025/04/29 	73.33172455787397	73.81164421162578	73.04376983642578	73.04376983642578	26000	2025/04/29 
2025/04/30 	73.90763142234401	73.90763142234401	72.94779205322266	72.94779205322266	9000	2025/04/30 
2025/05/02 	71.98795293340619	72.9477923058516	71.98795293340619	72.4678726196289	31000	2025/05/02 
2025/05/05 	71.8919717567815	71.8919717567815	70.06827545166016	70.06827545166016	298023	2025/05/05 
2025/05/06 	70.93212650432237	72.85180512515387	70.83614403787935	72.56385040283203	51000	2025/05/06 
2025/05/07 	73.42770998207193	73.5236924520904	73.13975524902344	73.13975524902344	16000	2025/05/07 
2025/05/08 	73.13975404594396	73.13975404594396	72.851806640625	72.851806640625	6000	2025/05/08 
2025/05/09 	73.42770998207193	73.42770998207193	73.13975524902344	73.13975524902344	6000	2025/05/09 
2025/05/12 	70.16425792603636	73.42771331578085	70.06827545166016	70.06827545166016	22300	2025/05/12 
2025/05/13 	71.02810986203961	72.75582357166475	70.35622526551477	70.64417266845703	91000	2025/05/13 
2025/05/14 	72.3718856924454	72.3718856924454	72.08393096923828	72.08393096923828	21000	2025/05/14 
2025/05/15 	72.94779335073873	72.94779335073873	70.5481948852539	70.5481948852539	14000	2025/05/15 
2025/05/16 	71.31606540483043	72.94778934250508	71.02811067559703	72.37188720703125	22000	2025/05/16 
2025/05/19 	70.16425592820215	71.02811281897755	70.06827345655893	70.74015808105469	58000	2025/05/19 
2025/05/20 	70.06827345655893	71.50803250018686	70.06827345655893	70.74015808105469	37000	2025/05/20 
2025/05/21 	71.02811137594321	71.6040135170955	70.54819170448413	70.93212890625	53000	2025/05/21 
2025/05/22 	70.93213184517761	71.50803401019122	70.93213184517761	71.02811431884766	24000	2025/05/22 
2025/05/23 	71.31606906285113	72.46787339287836	71.02811431884766	71.02811431884766	72000	2025/05/23 
2025/05/26 	71.3160683018917	72.75582736055983	71.02811356096078	72.4678726196289	24000	2025/05/26 
2025/05/27 	72.75582736055983	72.75582736055983	72.4678726196289	72.4678726196289	5010	2025/05/27 
2025/05/28 	73.33172455787397	73.33172455787397	73.04376983642578	73.04376983642578	6000	2025/05/28 
2025/05/29 	71.02811431884766	71.02811431884766	71.02811431884766	71.02811431884766	1	2025/05/29 
2025/06/02 	70.16425792603636	70.16425792603636	70.06827545166016	70.06827545166016	8000	2025/06/02 
2025/06/03 	68.72449493408203	68.72449493408203	68.72449493408203	68.72449493408203	100	2025/06/03 
2025/06/04 	71.02810986203961	71.31606458797475	70.54819020080961	70.64417266845703	53006	2025/06/04 
2025/06/05 	72.37188469276671	72.37188469276671	71.3160629272461	71.3160629272461	12000	2025/06/05 
2025/06/06 	70.93212617906873	71.02810864507164	70.3562240600586	70.3562240600586	60064	2025/06/06 
2025/06/09 	71.02811281897755	71.3160675569004	70.74015808105469	70.74015808105469	27000	2025/06/09 
2025/06/10 	71.41204978026063	71.98795193111089	71.12409504333893	71.22007751464844	28000	2025/06/10 
2025/06/11 	71.50802906860739	71.98794872678596	70.93212694339165	71.60401153564453	69000	2025/06/11 
2025/06/12 	71.02810897076539	72.56385040283203	71.02810897076539	72.56385040283203	28000	2025/06/12 
2025/06/13 	70.16425592820215	71.98795218139615	70.06827345655893	70.74015808105469	46000	2025/06/13 
2025/06/16 	70.74015348878693	71.60401032348297	70.74015348878693	71.3160629272461	21000	2025/06/16 
2025/06/17 	71.8919662597488	71.8919662597488	71.60401153564453	71.60401153564453	12000	2025/06/17 
2025/06/18 	72.46787111679528	72.46787111679528	72.17991638183594	72.17991638183594	16000	2025/06/18 
2025/06/19 	72.4678726196289	72.4678726196289	72.4678726196289	72.4678726196289	3000	2025/06/19 
2025/06/20 	72.2759079279766	72.37189040095933	71.89197071305243	71.98795318603516	22000	2025/06/20 
2025/06/23 	72.17991518061169	72.17991518061169	71.12409337498701	71.8919677734375	4001	2025/06/23 
2025/06/24 	71.79598849540696	71.79598849540696	71.5080337524414	71.5080337524414	10000	2025/06/24 
2025/06/25 	71.79598849540696	71.79598849540696	71.5080337524414	71.5080337524414	6000	2025/06/25 
2025/06/26 	71.5080337524414	71.5080337524414	71.5080337524414	71.5080337524414	0	2025/06/26 
2025/06/27 	71.7959887541947	71.7959887541947	71.02811431884766	71.02811431884766	28000	2025/06/27 
2025/06/30 	72.08392975620858	72.08392975620858	71.79598236083984	71.79598236083984	6000	2025/06/30 
2025/07/01 	72.4678726196289	72.4678726196289	72.4678726196289	72.4678726196289	1000	2025/07/01 
2025/07/02 	72.17991518061169	72.17991518061169	71.8919677734375	71.8919677734375	12000	2025/07/02 
2025/07/03 	72.2759017944336	72.2759017944336	72.2759017944336	72.2759017944336	1000	2025/07/03 
2025/07/04 	72.2759079279766	72.2759079279766	71.98795318603516	71.98795318603516	6000	2025/07/04 
2025/07/07 	72.2759017944336	72.2759017944336	72.2759017944336	72.2759017944336	4000	2025/07/07 
2025/07/08 	72.2759017944336	72.2759017944336	72.2759017944336	72.2759017944336	3000	2025/07/08 
2025/07/09 	71.98795168417614	71.98795168417614	71.69999694824219	71.69999694824219	12000	2025/07/09 
2025/07/10 	71.98795168417614	71.98795168417614	71.69999694824219	71.69999694824219	14000	2025/07/10 
2025/07/11 	71.98795168417614	71.98795168417614	71.69999694824219	71.69999694824219	6000	2025/07/11 
2025/07/14 	74.80000305175781	74.80000305175781	74.5	74.5	6000	2025/07/14 
2025/07/15 	74.9000015258789	74.9000015258789	74.9000015258789	74.9000015258789	3000	2025/07/15 
2025/07/16 	74.80000305175781	74.80000305175781	74.5	74.5	6000	2025/07/16 
2025/07/17 	74.80000305175781	74.80000305175781	74.5	74.5	5200	2025/07/17 
2025/07/18 	74.80000305175781	74.80000305175781	74.5	74.5	6000	2025/07/18 
2025/07/21 	74.80000305175781	74.80000305175781	74.80000305175781	74.80000305175781	6	2025/07/21 
2025/07/22 	74.80000305175781	74.80000305175781	74.80000305175781	74.80000305175781	20	2025/07/22 
2025/07/23 	74.80000305175781	74.80000305175781	74.5	74.5	6000	2025/07/23 
2025/07/24 	73.0	74.69999694824219	73.0	74.69999694824219	2000	2025/07/24 
2025/07/25 	74.69999694824219	74.80000305175781	74.4000015258789	74.80000305175781	6001	2025/07/25 
2025/07/28 	74.80000305175781	74.80000305175781	74.5	74.5	6000	2025/07/28 
2025/07/29 	74.80000305175781	74.80000305175781	74.5	74.5	6000	2025/07/29 
2025/07/30 	74.80000305175781	74.80000305175781	74.5	74.5	6000	2025/07/30 
2025/07/31 	74.80000305175781	74.80000305175781	74.5	74.5	6000	2025/07/31 
2025/08/04 	74.80000305175781	74.80000305175781	74.5	74.5	5200	2025/08/04 
2025/08/05 	71.4000015258789	74.80000305175781	71.4000015258789	74.5	7000	2025/08/05 
2025/08/06 	74.80000305175781	74.80000305175781	74.5	74.5	6004	2025/08/06 
2025/08/07 	74.80000305175781	74.80000305175781	74.5	74.5	6000	2025/08/07 
2025/08/08 	74.80000305175781	74.80000305175781	74.5	74.80000305175781	6011	2025/08/08 
2025/08/11 	74.80000305175781	74.80000305175781	74.5	74.5	6000	2025/08/11 
2025/08/12 	72.0	74.19999694824219	68.0	70.30000305175781	78200	2025/08/12 
2025/08/13 	69.0	71.30000305175781	68.9000015258789	71.0	39000	2025/08/13 
2025/08/14 	71.30000305175781	73.5999984741211	71.30000305175781	73.0	54000	2025/08/14 
2025/08/15 	71.0	73.5999984741211	70.0999984741211	73.0999984741211	57000	2025/08/15 
2025/08/18 	73.0	73.0	72.5999984741211	72.5999984741211	27011	2025/08/18 
2025/08/19 	71.0	73.30000305175781	71.0	72.69999694824219	27000	2025/08/19 
2025/08/20 	72.0	73.30000305175781	72.0	72.5	26000	2025/08/20 
2025/08/21 	71.0	73.30000305175781	71.0	72.0999984741211	33000	2025/08/21 
