Date	Open	High	Low	Close	Volume	Date
2022/07/28 	44.5	46.79999923706055	37.0	38.45000076293945	152556	2022/07/28 
2022/07/29 	38.70000076293945	38.70000076293945	37.20000076293945	38.0	53923	2022/07/29 
2022/08/01 	38.0	38.04999923706055	37.0	37.20000076293945	20631	2022/08/01 
2022/08/02 	36.29999923706055	37.0	36.29999923706055	36.5	17481	2022/08/02 
2022/08/03 	35.150001525878906	36.0	35.150001525878906	36.0	1150	2022/08/03 
2022/08/04 	34.900001525878906	35.45000076293945	34.04999923706055	34.20000076293945	21748	2022/08/04 
2022/08/05 	34.150001525878906	35.20000076293945	34.0	34.20000076293945	24860	2022/08/05 
2022/08/08 	34.5	34.5	32.95000076293945	33.0	41600	2022/08/08 
2022/08/09 	33.900001525878906	34.0	33.900001525878906	34.0	9044	2022/08/09 
2022/08/10 	33.0	34.0	32.95000076293945	34.0	8121	2022/08/10 
2022/08/11 	33.29999923706055	33.849998474121094	32.900001525878906	33.400001525878906	9100	2022/08/11 
2022/08/12 	33.79999923706055	33.79999923706055	33.79999923706055	33.79999923706055	1079	2022/08/12 
2022/08/15 	33.849998474121094	33.849998474121094	33.849998474121094	33.849998474121094	671	2022/08/15 
2022/08/16 	33.79999923706055	33.849998474121094	33.150001525878906	33.849998474121094	5091	2022/08/16 
2022/08/17 	33.150001525878906	33.900001525878906	33.0	33.849998474121094	9210	2022/08/17 
2022/08/18 	33.849998474121094	33.849998474121094	33.5	33.5	3021	2022/08/18 
2022/08/19 	33.5	33.5	33.5	33.5	0	2022/08/19 
2022/08/22 	33.79999923706055	34.0	33.79999923706055	33.849998474121094	10600	2022/08/22 
2022/08/23 	34.150001525878906	34.150001525878906	34.150001525878906	34.150001525878906	200	2022/08/23 
2022/08/24 	34.150001525878906	34.150001525878906	33.0	33.0	3163	2022/08/24 
2022/08/25 	34.0	34.0	33.0	33.0	3018	2022/08/25 
2022/08/26 	33.0	33.5	33.0	33.5	3322	2022/08/26 
2022/08/29 	33.5	34.20000076293945	33.349998474121094	34.0	49063	2022/08/29 
2022/08/30 	34.0	35.099998474121094	33.79999923706055	35.0	40802	2022/08/30 
2022/08/31 	33.54999923706055	34.0	33.54999923706055	34.0	13001	2022/08/31 
2022/09/01 	34.0	34.0	34.0	34.0	0	2022/09/01 
2022/09/02 	34.650001525878906	34.650001525878906	33.599998474121094	34.0	3050	2022/09/02 
2022/09/05 	33.54999923706055	33.54999923706055	33.54999923706055	33.54999923706055	9	2022/09/05 
2022/09/06 	33.54999923706055	33.54999923706055	33.54999923706055	33.54999923706055	0	2022/09/06 
2022/09/07 	33.54999923706055	33.54999923706055	33.54999923706055	33.54999923706055	0	2022/09/07 
2022/09/08 	33.95000076293945	33.95000076293945	33.0	33.0	801	2022/09/08 
2022/09/12 	33.95000076293945	33.95000076293945	33.95000076293945	33.95000076293945	1996	2022/09/12 
2022/09/13 	33.25	34.400001525878906	33.25	34.400001525878906	14101	2022/09/13 
2022/09/14 	34.25	34.25	34.099998474121094	34.099998474121094	3003	2022/09/14 
2022/09/15 	34.25	34.25	33.150001525878906	34.0	14504	2022/09/15 
2022/09/16 	33.20000076293945	33.20000076293945	33.20000076293945	33.20000076293945	1000	2022/09/16 
2022/09/19 	33.20000076293945	33.20000076293945	33.20000076293945	33.20000076293945	0	2022/09/19 
2022/09/20 	33.20000076293945	33.20000076293945	33.20000076293945	33.20000076293945	0	2022/09/20 
2022/09/21 	33.20000076293945	33.20000076293945	33.20000076293945	33.20000076293945	0	2022/09/21 
2022/09/22 	33.20000076293945	33.20000076293945	33.20000076293945	33.20000076293945	0	2022/09/22 
2022/09/23 	33.20000076293945	33.20000076293945	33.20000076293945	33.20000076293945	0	2022/09/23 
2022/09/26 	32.349998474121094	32.349998474121094	32.349998474121094	32.349998474121094	20	2022/09/26 
2022/09/27 	32.349998474121094	32.349998474121094	32.349998474121094	32.349998474121094	1	2022/09/27 
2022/09/28 	33.650001525878906	33.650001525878906	32.349998474121094	32.349998474121094	4050	2022/09/28 
2022/09/29 	33.650001525878906	33.650001525878906	33.650001525878906	33.650001525878906	1409	2022/09/29 
2022/09/30 	32.04999923706055	33.0	32.04999923706055	33.0	3100	2022/09/30 
2022/10/03 	33.349998474121094	33.349998474121094	32.099998474121094	32.099998474121094	9100	2022/10/03 
2022/10/04 	32.099998474121094	32.099998474121094	32.099998474121094	32.099998474121094	0	2022/10/04 
2022/10/05 	33.29999923706055	33.29999923706055	32.04999923706055	32.150001525878906	5102	2022/10/05 
2022/10/06 	32.150001525878906	32.150001525878906	32.150001525878906	32.150001525878906	0	2022/10/06 
2022/10/07 	32.75	32.75	32.5	32.70000076293945	1250	2022/10/07 
2022/10/11 	31.75	32.70000076293945	31.75	32.70000076293945	2050	2022/10/11 
2022/10/12 	32.70000076293945	32.70000076293945	32.70000076293945	32.70000076293945	0	2022/10/12 
2022/10/13 	31.75	31.799999237060547	31.100000381469727	31.799999237060547	5100	2022/10/13 
2022/10/14 	31.600000381469727	31.850000381469727	31.600000381469727	31.850000381469727	3123	2022/10/14 
2022/10/17 	31.850000381469727	31.850000381469727	30.450000762939453	31.0	10002	2022/10/17 
2022/10/18 	31.850000381469727	31.850000381469727	30.399999618530273	31.0	6300	2022/10/18 
2022/10/19 	30.450000762939453	30.450000762939453	30.0	30.299999237060547	6160	2022/10/19 
2022/10/20 	30.299999237060547	30.299999237060547	30.299999237060547	30.299999237060547	0	2022/10/20 
2022/10/21 	29.5	29.5	29.5	29.5	1	2022/10/21 
2022/10/24 	29.5	29.5	29.5	29.5	0	2022/10/24 
2022/10/25 	29.0	30.25	29.0	30.25	3001	2022/10/25 
2022/10/26 	30.25	30.25	30.25	30.25	0	2022/10/26 
2022/10/27 	29.049999237060547	29.100000381469727	27.549999237060547	27.799999237060547	29544	2022/10/27 
2022/10/28 	26.549999237060547	27.75	25.350000381469727	26.0	28824	2022/10/28 
2022/10/31 	25.200000762939453	25.950000762939453	25.200000762939453	25.799999237060547	2301	2022/10/31 
2022/11/01 	25.299999237060547	25.299999237060547	25.299999237060547	25.299999237060547	3200	2022/11/01 
2022/11/02 	25.299999237060547	25.299999237060547	25.299999237060547	25.299999237060547	0	2022/11/02 
2022/11/03 	25.850000381469727	25.850000381469727	25.850000381469727	25.850000381469727	3000	2022/11/03 
2022/11/04 	25.899999618530273	25.899999618530273	25.899999618530273	25.899999618530273	701	2022/11/04 
2022/11/07 	25.25	25.5	25.25	25.5	1120	2022/11/07 
2022/11/08 	25.600000381469727	25.600000381469727	25.5	25.5	6300	2022/11/08 
2022/11/09 	25.600000381469727	25.600000381469727	25.5	25.5	2000	2022/11/09 
2022/11/10 	25.549999237060547	25.549999237060547	25.549999237060547	25.549999237060547	228	2022/11/10 
2022/11/11 	25.5	25.600000381469727	25.399999618530273	25.450000762939453	5300	2022/11/11 
2022/11/14 	25.200000762939453	25.200000762939453	25.200000762939453	25.200000762939453	3000	2022/11/14 
2022/11/15 	25.5	25.5	25.399999618530273	25.399999618530273	1100	2022/11/15 
2022/11/16 	25.399999618530273	25.399999618530273	25.399999618530273	25.399999618530273	1197	2022/11/16 
2022/11/17 	25.399999618530273	25.399999618530273	25.399999618530273	25.399999618530273	3000	2022/11/17 
2022/11/18 	25.399999618530273	25.399999618530273	25.399999618530273	25.399999618530273	0	2022/11/18 
2022/11/21 	25.399999618530273	25.399999618530273	25.399999618530273	25.399999618530273	0	2022/11/21 
2022/11/22 	25.399999618530273	25.399999618530273	25.399999618530273	25.399999618530273	0	2022/11/22 
2022/11/23 	25.299999237060547	25.299999237060547	25.200000762939453	25.200000762939453	5000	2022/11/23 
2022/11/24 	25.350000381469727	25.350000381469727	25.350000381469727	25.350000381469727	1100	2022/11/24 
2022/11/25 	25.299999237060547	25.299999237060547	23.799999237060547	24.149999618530273	22150	2022/11/25 
2022/11/28 	23.299999237060547	23.299999237060547	21.850000381469727	22.0	60847	2022/11/28 
2022/11/29 	22.450000762939453	22.600000381469727	22.450000762939453	22.600000381469727	10565	2022/11/29 
2022/11/30 	22.600000381469727	23.0	22.600000381469727	23.0	4802	2022/11/30 
2022/12/01 	23.0	23.0	23.0	23.0	0	2022/12/01 
2022/12/02 	22.0	22.899999618530273	22.0	22.200000762939453	15056	2022/12/02 
2022/12/05 	23.049999237060547	23.049999237060547	23.049999237060547	23.049999237060547	1201	2022/12/05 
2022/12/06 	23.049999237060547	24.700000762939453	23.049999237060547	24.600000381469727	30030	2022/12/06 
2022/12/07 	24.049999237060547	25.25	24.0	25.25	24302	2022/12/07 
2022/12/08 	25.25	25.25	25.25	25.25	1	2022/12/08 
2022/12/09 	25.25	25.350000381469727	24.299999237060547	25.200000762939453	19801	2022/12/09 
2022/12/12 	24.600000381469727	24.600000381469727	24.600000381469727	24.600000381469727	1204	2022/12/12 
2022/12/13 	24.600000381469727	24.600000381469727	24.600000381469727	24.600000381469727	2000	2022/12/13 
2022/12/14 	24.700000762939453	24.700000762939453	24.600000381469727	24.600000381469727	4320	2022/12/14 
2022/12/15 	24.600000381469727	24.600000381469727	24.549999237060547	24.549999237060547	3000	2022/12/15 
2022/12/16 	24.549999237060547	24.549999237060547	24.549999237060547	24.549999237060547	0	2022/12/16 
2022/12/19 	24.549999237060547	24.549999237060547	24.549999237060547	24.549999237060547	2000	2022/12/19 
2022/12/20 	24.549999237060547	24.549999237060547	24.049999237060547	24.049999237060547	3400	2022/12/20 
2022/12/21 	23.950000762939453	24.100000381469727	23.600000381469727	24.0	22010	2022/12/21 
2022/12/22 	24.100000381469727	24.149999618530273	24.100000381469727	24.149999618530273	7320	2022/12/22 
2022/12/23 	24.149999618530273	24.149999618530273	24.149999618530273	24.149999618530273	0	2022/12/23 
2022/12/26 	24.149999618530273	24.149999618530273	24.149999618530273	24.149999618530273	1429	2022/12/26 
2022/12/27 	24.100000381469727	24.100000381469727	24.100000381469727	24.100000381469727	96	2022/12/27 
2022/12/28 	24.100000381469727	24.100000381469727	24.100000381469727	24.100000381469727	5673	2022/12/28 
2022/12/29 	23.399999618530273	24.100000381469727	23.399999618530273	24.0	7000	2022/12/29 
2022/12/30 	24.0	24.0	24.0	24.0	0	2022/12/30 
2023/01/03 	24.200000762939453	24.200000762939453	24.200000762939453	24.200000762939453	1000	2023/01/03 
2023/01/04 	24.200000762939453	24.200000762939453	24.200000762939453	24.200000762939453	3300	2023/01/04 
2023/01/05 	24.100000381469727	24.200000762939453	24.100000381469727	24.200000762939453	13000	2023/01/05 
2023/01/06 	24.200000762939453	24.200000762939453	24.200000762939453	24.200000762939453	0	2023/01/06 
2023/01/09 	24.700000762939453	24.700000762939453	24.700000762939453	24.700000762939453	3000	2023/01/09 
2023/01/10 	24.700000762939453	24.700000762939453	24.700000762939453	24.700000762939453	0	2023/01/10 
2023/01/11 	24.700000762939453	24.700000762939453	24.700000762939453	24.700000762939453	0	2023/01/11 
2023/01/12 	25.100000381469727	25.100000381469727	24.25	24.25	840	2023/01/12 
2023/01/13 	24.25	24.25	24.25	24.25	600	2023/01/13 
2023/01/16 	24.25	24.25	24.25	24.25	0	2023/01/16 
2023/01/17 	24.25	24.25	24.25	24.25	0	2023/01/17 
2023/01/30 	25.100000381469727	25.100000381469727	24.799999237060547	25.100000381469727	1827	2023/01/30 
2023/01/31 	25.100000381469727	25.100000381469727	25.100000381469727	25.100000381469727	0	2023/01/31 
2023/02/01 	25.399999618530273	25.450000762939453	25.0	25.450000762939453	4339	2023/02/01 
2023/02/02 	25.100000381469727	26.0	25.0	26.0	17250	2023/02/02 
2023/02/03 	26.049999237060547	26.100000381469727	26.0	26.0	10050	2023/02/03 
2023/02/06 	26.0	26.200000762939453	25.5	25.700000762939453	7421	2023/02/06 
2023/02/07 	26.200000762939453	26.799999237060547	26.0	26.799999237060547	13301	2023/02/07 
2023/02/08 	26.799999237060547	26.799999237060547	26.700000762939453	26.700000762939453	5179	2023/02/08 
2023/02/09 	26.700000762939453	26.700000762939453	26.700000762939453	26.700000762939453	0	2023/02/09 
2023/02/10 	26.799999237060547	26.799999237060547	26.5	26.5	3015	2023/02/10 
2023/02/13 	25.899999618530273	26.700000762939453	25.899999618530273	26.700000762939453	1004	2023/02/13 
2023/02/14 	26.700000762939453	26.700000762939453	26.700000762939453	26.700000762939453	0	2023/02/14 
2023/02/15 	25.700000762939453	26.0	25.700000762939453	25.799999237060547	8000	2023/02/15 
2023/02/16 	26.799999237060547	26.899999618530273	26.75	26.899999618530273	9302	2023/02/16 
2023/02/17 	26.700000762939453	27.799999237060547	26.600000381469727	27.799999237060547	5054	2023/02/17 
2023/02/20 	27.850000381469727	29.450000762939453	27.700000762939453	29.450000762939453	26252	2023/02/20 
2023/02/21 	29.149999618530273	30.5	29.049999237060547	29.100000381469727	6707	2023/02/21 
2023/02/22 	29.149999618530273	29.149999618530273	29.149999618530273	29.149999618530273	33	2023/02/22 
2023/02/23 	30.0	30.0	30.0	30.0	401	2023/02/23 
2023/02/24 	30.0	30.0	30.0	30.0	8050	2023/02/24 
2023/03/01 	29.700000762939453	30.5	29.700000762939453	30.5	15110	2023/03/01 
2023/03/02 	29.850000381469727	29.850000381469727	28.549999237060547	29.600000381469727	25560	2023/03/02 
2023/03/03 	28.649999618530273	29.450000762939453	27.5	27.799999237060547	27024	2023/03/03 
2023/03/06 	27.899999618530273	27.899999618530273	27.899999618530273	27.899999618530273	3000	2023/03/06 
2023/03/07 	27.0	27.100000381469727	26.450000762939453	27.0	31013	2023/03/07 
2023/03/08 	27.0	27.0	26.399999618530273	26.399999618530273	2302	2023/03/08 
2023/03/09 	27.200000762939453	27.200000762939453	26.5	27.149999618530273	3151	2023/03/09 
2023/03/10 	26.399999618530273	26.5	26.049999237060547	26.5	12100	2023/03/10 
2023/03/13 	27.0	27.0	27.0	27.0	89	2023/03/13 
2023/03/14 	27.0	27.0	27.0	27.0	1000	2023/03/14 
2023/03/15 	27.0	27.0	26.799999237060547	27.0	5600	2023/03/15 
2023/03/16 	26.0	26.0	26.0	26.0	1588	2023/03/16 
2023/03/17 	26.0	26.899999618530273	25.600000381469727	26.850000381469727	22217	2023/03/17 
2023/03/20 	26.899999618530273	27.100000381469727	26.899999618530273	27.100000381469727	6001	2023/03/20 
2023/03/21 	26.5	26.5	26.5	26.5	7	2023/03/21 
2023/03/22 	27.100000381469727	27.850000381469727	27.0	27.850000381469727	15511	2023/03/22 
2023/03/23 	27.350000381469727	27.399999618530273	27.0	27.399999618530273	7000	2023/03/23 
2023/03/24 	27.450000762939453	27.450000762939453	27.450000762939453	27.450000762939453	100	2023/03/24 
2023/03/27 	26.5	27.399999618530273	26.5	27.399999618530273	359	2023/03/27 
2023/03/28 	27.399999618530273	27.399999618530273	27.299999237060547	27.299999237060547	3001	2023/03/28 
2023/03/29 	27.350000381469727	27.399999618530273	27.350000381469727	27.399999618530273	4000	2023/03/29 
2023/03/30 	27.399999618530273	27.399999618530273	27.399999618530273	27.399999618530273	0	2023/03/30 
2023/03/31 	27.5	27.5	27.0	27.0	2215	2023/03/31 
2023/04/06 	27.0	27.700000762939453	27.0	27.200000762939453	7501	2023/04/06 
2023/04/07 	27.149999618530273	27.149999618530273	27.149999618530273	27.149999618530273	1146	2023/04/07 
2023/04/10 	27.149999618530273	27.25	26.899999618530273	27.25	16402	2023/04/10 
2023/04/11 	26.950000762939453	27.25	26.899999618530273	27.049999237060547	17388	2023/04/11 
2023/04/12 	26.950000762939453	26.950000762939453	26.950000762939453	26.950000762939453	100	2023/04/12 
2023/04/13 	27.399999618530273	27.399999618530273	27.0	27.399999618530273	3060	2023/04/13 
2023/04/14 	28.450000762939453	28.5	27.5	27.5	10500	2023/04/14 
2023/04/17 	27.5	27.5	27.5	27.5	2000	2023/04/17 
2023/04/18 	27.5	27.600000381469727	27.5	27.600000381469727	12000	2023/04/18 
2023/04/19 	27.5	28.899999618530273	27.5	28.600000381469727	37001	2023/04/19 
2023/04/20 	28.049999237060547	28.600000381469727	28.049999237060547	28.5	8001	2023/04/20 
2023/04/21 	28.100000381469727	28.25	28.049999237060547	28.049999237060547	7000	2023/04/21 
2023/04/24 	28.049999237060547	28.049999237060547	28.049999237060547	28.049999237060547	0	2023/04/24 
2023/04/25 	28.0	28.149999618530273	28.0	28.0	9723	2023/04/25 
2023/04/26 	27.899999618530273	28.0	27.850000381469727	28.0	7000	2023/04/26 
2023/04/27 	27.850000381469727	28.0	27.850000381469727	28.0	6000	2023/04/27 
2023/04/28 	28.5	30.5	27.950000762939453	30.149999618530273	47000	2023/04/28 
2023/05/02 	30.75	31.100000381469727	30.450000762939453	30.450000762939453	22826	2023/05/02 
2023/05/03 	30.399999618530273	31.200000762939453	29.899999618530273	31.0	23100	2023/05/03 
2023/05/04 	30.0	30.649999618530273	29.450000762939453	30.399999618530273	18018	2023/05/04 
2023/05/05 	29.5	30.0	29.5	30.0	6000	2023/05/05 
2023/05/08 	29.399999618530273	30.049999237060547	28.5	28.600000381469727	27862	2023/05/08 
2023/05/09 	28.049999237060547	28.5	28.049999237060547	28.5	5201	2023/05/09 
2023/05/10 	28.399999618530273	28.799999237060547	28.200000762939453	28.799999237060547	11332	2023/05/10 
2023/05/11 	28.399999618530273	28.5	28.049999237060547	28.049999237060547	14100	2023/05/11 
2023/05/12 	28.399999618530273	28.399999618530273	28.399999618530273	28.399999618530273	2000	2023/05/12 
2023/05/15 	28.200000762939453	28.200000762939453	27.25	27.700000762939453	16200	2023/05/15 
2023/05/16 	28.0	28.299999237060547	28.0	28.299999237060547	9120	2023/05/16 
2023/05/17 	28.299999237060547	28.399999618530273	28.299999237060547	28.299999237060547	8001	2023/05/17 
2023/05/18 	28.0	28.450000762939453	27.649999618530273	27.649999618530273	3003	2023/05/18 
2023/05/19 	28.399999618530273	28.399999618530273	28.399999618530273	28.399999618530273	100	2023/05/19 
2023/05/22 	28.399999618530273	28.5	28.399999618530273	28.5	6100	2023/05/22 
2023/05/23 	28.799999237060547	28.799999237060547	28.799999237060547	28.799999237060547	3000	2023/05/23 
2023/05/24 	28.799999237060547	28.799999237060547	28.799999237060547	28.799999237060547	0	2023/05/24 
2023/05/25 	29.0	29.0	27.899999618530273	28.100000381469727	11300	2023/05/25 
2023/05/26 	28.0	28.0	28.0	28.0	2000	2023/05/26 
2023/05/29 	28.100000381469727	28.600000381469727	28.100000381469727	28.600000381469727	10200	2023/05/29 
2023/05/30 	28.100000381469727	28.200000762939453	28.100000381469727	28.200000762939453	6000	2023/05/30 
2023/05/31 	27.950000762939453	28.200000762939453	27.950000762939453	28.200000762939453	86	2023/05/31 
2023/06/01 	29.25	29.25	29.25	29.25	5001	2023/06/01 
2023/06/02 	28.5	28.600000381469727	28.149999618530273	28.399999618530273	27601	2023/06/02 
2023/06/05 	28.049999237060547	28.049999237060547	28.049999237060547	28.049999237060547	1500	2023/06/05 
2023/06/06 	28.299999237060547	29.049999237060547	28.149999618530273	29.0	7402	2023/06/06 
2023/06/07 	28.149999618530273	29.149999618530273	28.149999618530273	28.399999618530273	9251	2023/06/07 
2023/06/08 	28.399999618530273	28.5	28.25	28.25	16316	2023/06/08 
2023/06/09 	28.25	28.399999618530273	28.200000762939453	28.350000381469727	15000	2023/06/09 
2023/06/12 	28.350000381469727	29.299999237060547	28.350000381469727	29.299999237060547	6069	2023/06/12 
2023/06/13 	29.25	29.25	29.25	29.25	121	2023/06/13 
2023/06/14 	29.25	29.25	29.25	29.25	2001	2023/06/14 
2023/06/15 	29.200000762939453	29.200000762939453	29.200000762939453	29.200000762939453	1001	2023/06/15 
2023/06/16 	29.200000762939453	29.25	29.200000762939453	29.25	1201	2023/06/16 
2023/06/19 	29.25	29.25	29.200000762939453	29.25	3201	2023/06/19 
2023/06/20 	29.25	29.25	28.149999618530273	29.200000762939453	4604	2023/06/20 
2023/06/21 	29.25	29.25	29.25	29.25	801	2023/06/21 
2023/06/26 	28.200000762939453	28.950000762939453	27.899999618530273	28.950000762939453	24103	2023/06/26 
2023/06/27 	29.0	29.0	29.0	29.0	1	2023/06/27 
2023/06/28 	29.0	29.0	29.0	29.0	1	2023/06/28 
2023/06/29 	27.899999618530273	29.0	27.899999618530273	29.0	1001	2023/06/29 
2023/06/30 	27.899999618530273	27.899999618530273	27.850000381469727	27.850000381469727	1037	2023/06/30 
2023/07/03 	27.850000381469727	27.850000381469727	27.850000381469727	27.850000381469727	0	2023/07/03 
2023/07/04 	28.450000762939453	28.450000762939453	27.950000762939453	27.950000762939453	4020	2023/07/04 
2023/07/05 	28.899999618530273	28.899999618530273	27.850000381469727	27.850000381469727	2	2023/07/05 
2023/07/06 	27.850000381469727	28.0	27.549999237060547	27.549999237060547	6019	2023/07/06 
2023/07/07 	28.450000762939453	28.450000762939453	27.149999618530273	27.149999618530273	697	2023/07/07 
2023/07/10 	27.399999618530273	27.5	27.399999618530273	27.5	6028	2023/07/10 
2023/07/11 	27.5	27.5	27.5	27.5	0	2023/07/11 
2023/07/12 	27.5	27.5	27.5	27.5	0	2023/07/12 
2023/07/13 	27.200000762939453	27.200000762939453	27.200000762939453	27.200000762939453	68	2023/07/13 
2023/07/14 	27.200000762939453	27.200000762939453	27.200000762939453	27.200000762939453	0	2023/07/14 
2023/07/17 	27.200000762939453	27.200000762939453	27.200000762939453	27.200000762939453	0	2023/07/17 
2023/07/18 	27.100000381469727	27.600000381469727	27.100000381469727	27.5	12010	2023/07/18 
2023/07/19 	27.5	27.5	27.5	27.5	0	2023/07/19 
2023/07/20 	27.5	27.5	27.5	27.5	0	2023/07/20 
2023/07/21 	27.5	27.5	27.5	27.5	0	2023/07/21 
2023/07/24 	27.5	27.5	27.5	27.5	0	2023/07/24 
2023/07/25 	27.5	27.5	27.5	27.5	0	2023/07/25 
2023/07/26 	28.450000762939453	28.450000762939453	28.450000762939453	28.450000762939453	2000	2023/07/26 
2023/07/27 	28.450000762939453	28.450000762939453	28.450000762939453	28.450000762939453	0	2023/07/27 
2023/07/28 	28.450000762939453	28.450000762939453	27.25	27.25	1195	2023/07/28 
2023/07/31 	27.25	27.25	27.25	27.25	0	2023/07/31 
2023/08/01 	28.5	28.5	28.5	28.5	1000	2023/08/01 
2023/08/02 	28.5	28.5	27.25	27.25	2134	2023/08/02 
2023/08/04 	27.200000762939453	28.450000762939453	27.200000762939453	27.200000762939453	2002	2023/08/04 
2023/08/07 	27.200000762939453	27.200000762939453	27.200000762939453	27.200000762939453	0	2023/08/07 
2023/08/08 	27.200000762939453	27.200000762939453	27.200000762939453	27.200000762939453	0	2023/08/08 
2023/08/09 	27.200000762939453	27.200000762939453	27.200000762939453	27.200000762939453	0	2023/08/09 
2023/08/10 	27.200000762939453	27.5	27.200000762939453	27.5	3500	2023/08/10 
2023/08/11 	27.100000381469727	27.100000381469727	27.100000381469727	27.100000381469727	4	2023/08/11 
2023/08/14 	27.100000381469727	27.200000762939453	26.799999237060547	26.799999237060547	13117	2023/08/14 
2023/08/15 	26.899999618530273	26.899999618530273	26.899999618530273	26.899999618530273	110	2023/08/15 
2023/08/16 	26.899999618530273	26.899999618530273	26.899999618530273	26.899999618530273	0	2023/08/16 
2023/08/17 	26.899999618530273	26.899999618530273	26.899999618530273	26.899999618530273	0	2023/08/17 
2023/08/18 	25.899999618530273	26.0	25.899999618530273	26.0	5010	2023/08/18 
2023/08/21 	25.799999237060547	26.0	25.75	25.899999618530273	8160	2023/08/21 
2023/08/22 	25.899999618530273	25.899999618530273	25.899999618530273	25.899999618530273	0	2023/08/22 
2023/08/23 	25.600000381469727	25.700000762939453	25.5	25.549999237060547	13000	2023/08/23 
2023/08/24 	25.950000762939453	27.200000762939453	25.950000762939453	27.049999237060547	19793	2023/08/24 
2023/08/25 	27.850000381469727	28.0	27.450000762939453	27.450000762939453	15010	2023/08/25 
2023/08/28 	27.450000762939453	27.450000762939453	27.450000762939453	27.450000762939453	0	2023/08/28 
2023/08/29 	27.450000762939453	27.450000762939453	27.450000762939453	27.450000762939453	0	2023/08/29 
2023/08/30 	27.450000762939453	28.200000762939453	27.450000762939453	28.200000762939453	181	2023/08/30 
2023/08/31 	28.200000762939453	28.200000762939453	28.200000762939453	28.200000762939453	3288	2023/08/31 
2023/09/01 	27.450000762939453	27.450000762939453	27.450000762939453	27.450000762939453	171	2023/09/01 
2023/09/04 	28.5	28.5	28.5	28.5	1000	2023/09/04 
2023/09/05 	28.5	28.5	28.5	28.5	2171	2023/09/05 
2023/09/06 	28.799999237060547	28.799999237060547	27.5	27.5	2288	2023/09/06 
2023/09/07 	28.5	28.5	28.049999237060547	28.049999237060547	12185	2023/09/07 
2023/09/08 	28.049999237060547	28.049999237060547	28.049999237060547	28.049999237060547	0	2023/09/08 
2023/09/11 	28.399999618530273	28.600000381469727	28.399999618530273	28.600000381469727	24000	2023/09/11 
2023/09/12 	28.600000381469727	28.600000381469727	28.600000381469727	28.600000381469727	0	2023/09/12 
2023/09/13 	27.799999237060547	27.799999237060547	27.799999237060547	27.799999237060547	1	2023/09/13 
2023/09/14 	27.600000381469727	27.799999237060547	27.549999237060547	27.549999237060547	6000	2023/09/14 
2023/09/15 	27.399999618530273	27.5	27.100000381469727	27.200000762939453	15085	2023/09/15 
2023/09/18 	27.200000762939453	27.200000762939453	27.200000762939453	27.200000762939453	0	2023/09/18 
2023/09/19 	27.200000762939453	27.200000762939453	27.200000762939453	27.200000762939453	0	2023/09/19 
2023/09/20 	27.200000762939453	27.200000762939453	27.200000762939453	27.200000762939453	0	2023/09/20 
2023/09/21 	27.0	27.0	26.649999618530273	26.649999618530273	12035	2023/09/21 
2023/09/22 	25.899999618530273	26.700000762939453	25.899999618530273	26.299999237060547	7187	2023/09/22 
2023/09/25 	27.0	27.0	27.0	27.0	1	2023/09/25 
2023/09/26 	27.0	27.0	27.0	27.0	0	2023/09/26 
2023/09/27 	27.0	27.0	27.0	27.0	0	2023/09/27 
2023/09/28 	27.0	27.0	27.0	27.0	0	2023/09/28 
2023/10/02 	27.0	27.0	27.0	27.0	0	2023/10/02 
2023/10/03 	27.0	27.0	26.0	26.0	3001	2023/10/03 
2023/10/04 	26.0	26.0	26.0	26.0	0	2023/10/04 
2023/10/05 	27.100000381469727	27.200000762939453	27.100000381469727	27.200000762939453	8100	2023/10/05 
2023/10/06 	27.200000762939453	27.200000762939453	27.200000762939453	27.200000762939453	0	2023/10/06 
2023/10/11 	28.0	28.0	28.0	28.0	1000	2023/10/11 
2023/10/12 	28.0	28.0	28.0	28.0	0	2023/10/12 
2023/10/13 	26.850000381469727	26.850000381469727	26.850000381469727	26.850000381469727	1000	2023/10/13 
2023/10/16 	26.899999618530273	26.899999618530273	26.899999618530273	26.899999618530273	1000	2023/10/16 
2023/10/17 	26.899999618530273	26.899999618530273	26.899999618530273	26.899999618530273	0	2023/10/17 
2023/10/18 	26.850000381469727	26.850000381469727	26.799999237060547	26.799999237060547	7000	2023/10/18 
2023/10/19 	26.600000381469727	26.899999618530273	26.600000381469727	26.899999618530273	2399	2023/10/19 
2023/10/20 	26.899999618530273	26.899999618530273	26.899999618530273	26.899999618530273	0	2023/10/20 
2023/10/23 	26.899999618530273	26.899999618530273	26.899999618530273	26.899999618530273	1000	2023/10/23 
2023/10/24 	26.899999618530273	26.899999618530273	26.899999618530273	26.899999618530273	0	2023/10/24 
2023/10/25 	26.899999618530273	26.899999618530273	26.899999618530273	26.899999618530273	0	2023/10/25 
2023/10/26 	26.5	26.899999618530273	26.5	26.899999618530273	1100	2023/10/26 
2023/10/27 	26.5	26.600000381469727	26.5	26.600000381469727	7000	2023/10/27 
2023/10/30 	26.600000381469727	26.600000381469727	26.600000381469727	26.600000381469727	0	2023/10/30 
2023/10/31 	25.799999237060547	25.799999237060547	25.799999237060547	25.799999237060547	1	2023/10/31 
2023/11/01 	25.799999237060547	25.799999237060547	25.799999237060547	25.799999237060547	0	2023/11/01 
2023/11/02 	25.799999237060547	25.799999237060547	25.799999237060547	25.799999237060547	0	2023/11/02 
2023/11/03 	25.799999237060547	25.799999237060547	25.799999237060547	25.799999237060547	0	2023/11/03 
2023/11/06 	25.799999237060547	25.799999237060547	25.799999237060547	25.799999237060547	0	2023/11/06 
2023/11/07 	25.799999237060547	25.799999237060547	25.799999237060547	25.799999237060547	0	2023/11/07 
2023/11/08 	25.700000762939453	26.0	25.549999237060547	25.899999618530273	27697	2023/11/08 
2023/11/09 	24.899999618530273	25.0	24.649999618530273	24.850000381469727	36350	2023/11/09 
2023/11/10 	24.700000762939453	24.850000381469727	24.700000762939453	24.850000381469727	3000	2023/11/10 
2023/11/13 	24.700000762939453	24.75	24.600000381469727	24.75	7232	2023/11/13 
2023/11/14 	24.0	24.100000381469727	23.0	23.049999237060547	64467	2023/11/14 
2023/11/15 	23.600000381469727	23.600000381469727	22.850000381469727	22.850000381469727	5289	2023/11/15 
2023/11/16 	23.700000762939453	23.700000762939453	23.700000762939453	23.700000762939453	3025	2023/11/16 
2023/11/17 	23.75	23.850000381469727	22.850000381469727	22.850000381469727	11382	2023/11/17 
2023/11/20 	23.850000381469727	23.850000381469727	22.899999618530273	23.049999237060547	10161	2023/11/20 
2023/11/21 	23.049999237060547	23.049999237060547	23.049999237060547	23.049999237060547	0	2023/11/21 
2023/11/22 	23.850000381469727	23.850000381469727	23.850000381469727	23.850000381469727	300	2023/11/22 
2023/11/23 	23.0	23.0	23.0	23.0	7	2023/11/23 
2023/11/24 	23.0	23.0	23.0	23.0	0	2023/11/24 
2023/11/27 	23.049999237060547	23.049999237060547	23.049999237060547	23.049999237060547	1100	2023/11/27 
2023/11/28 	23.049999237060547	23.049999237060547	23.049999237060547	23.049999237060547	0	2023/11/28 
2023/11/29 	23.850000381469727	23.850000381469727	23.850000381469727	23.850000381469727	1001	2023/11/29 
2023/11/30 	23.450000762939453	23.850000381469727	23.450000762939453	23.850000381469727	1265	2023/11/30 
2023/12/01 	23.850000381469727	24.899999618530273	23.75	24.899999618530273	21000	2023/12/01 
2023/12/04 	25.0	25.649999618530273	25.0	25.649999618530273	13936	2023/12/04 
2023/12/05 	25.149999618530273	25.5	25.149999618530273	25.5	5100	2023/12/05 
2023/12/06 	25.899999618530273	26.649999618530273	25.899999618530273	26.649999618530273	23035	2023/12/06 
2023/12/07 	26.350000381469727	26.5	26.350000381469727	26.350000381469727	7235	2023/12/07 
2023/12/08 	26.350000381469727	26.350000381469727	26.149999618530273	26.149999618530273	3632	2023/12/08 
2023/12/11 	26.100000381469727	26.100000381469727	26.100000381469727	26.100000381469727	466	2023/12/11 
2023/12/12 	26.100000381469727	26.100000381469727	26.100000381469727	26.100000381469727	1000	2023/12/12 
2023/12/13 	26.149999618530273	26.149999618530273	26.149999618530273	26.149999618530273	2000	2023/12/13 
2023/12/14 	26.049999237060547	26.049999237060547	26.049999237060547	26.049999237060547	100	2023/12/14 
2023/12/15 	26.049999237060547	26.049999237060547	26.0	26.0	440	2023/12/15 
2023/12/18 	26.200000762939453	26.600000381469727	26.200000762939453	26.5	8099	2023/12/18 
2023/12/19 	26.399999618530273	27.350000381469727	26.399999618530273	26.799999237060547	39300	2023/12/19 
2023/12/20 	26.799999237060547	27.600000381469727	26.799999237060547	27.600000381469727	6327	2023/12/20 
2023/12/21 	26.75	26.799999237060547	26.600000381469727	26.600000381469727	7100	2023/12/21 
2023/12/22 	27.0	27.0	26.299999237060547	26.299999237060547	1111	2023/12/22 
2023/12/25 	26.299999237060547	26.299999237060547	26.299999237060547	26.299999237060547	0	2023/12/25 
2023/12/26 	26.299999237060547	26.299999237060547	26.299999237060547	26.299999237060547	0	2023/12/26 
2023/12/27 	26.299999237060547	26.299999237060547	26.299999237060547	26.299999237060547	0	2023/12/27 
2023/12/28 	27.0	27.100000381469727	27.0	27.100000381469727	14000	2023/12/28 
2023/12/29 	26.899999618530273	27.0	26.899999618530273	27.0	4000	2023/12/29 
2024/01/02 	27.0	27.0	27.0	27.0	0	2024/01/02 
2024/01/03 	26.700000762939453	26.799999237060547	26.399999618530273	26.399999618530273	12000	2024/01/03 
2024/01/04 	26.399999618530273	26.399999618530273	26.399999618530273	26.399999618530273	0	2024/01/04 
2024/01/05 	25.950000762939453	26.200000762939453	25.399999618530273	25.549999237060547	24450	2024/01/05 
2024/01/08 	25.549999237060547	25.850000381469727	25.549999237060547	25.850000381469727	5275	2024/01/08 
2024/01/09 	25.850000381469727	26.0	25.799999237060547	25.799999237060547	10200	2024/01/09 
2024/01/10 	26.149999618530273	26.200000762939453	26.149999618530273	26.200000762939453	6000	2024/01/10 
2024/01/11 	26.200000762939453	26.200000762939453	26.200000762939453	26.200000762939453	0	2024/01/11 
2024/01/12 	25.700000762939453	25.700000762939453	25.0	25.100000381469727	19000	2024/01/12 
2024/01/15 	25.100000381469727	25.100000381469727	25.100000381469727	25.100000381469727	0	2024/01/15 
2024/01/16 	25.100000381469727	25.100000381469727	25.100000381469727	25.100000381469727	0	2024/01/16 
2024/01/17 	25.100000381469727	25.100000381469727	25.100000381469727	25.100000381469727	0	2024/01/17 
2024/01/18 	25.100000381469727	25.100000381469727	25.100000381469727	25.100000381469727	0	2024/01/18 
2024/01/19 	25.850000381469727	25.850000381469727	25.5	25.5	9001	2024/01/19 
2024/01/22 	25.5	25.5	25.5	25.5	0	2024/01/22 
2024/01/23 	25.5	25.5	25.5	25.5	0	2024/01/23 
2024/01/24 	25.5	25.5	25.5	25.5	0	2024/01/24 
2024/01/25 	25.5	25.5	25.5	25.5	0	2024/01/25 
2024/01/26 	25.5	25.5	25.5	25.5	0	2024/01/26 
2024/01/29 	25.5	25.5	25.5	25.5	0	2024/01/29 
2024/01/30 	25.5	25.5	25.5	25.5	0	2024/01/30 
2024/01/31 	25.5	25.5	25.5	25.5	0	2024/01/31 
2024/02/01 	25.5	25.600000381469727	25.5	25.600000381469727	3000	2024/02/01 
2024/02/02 	25.600000381469727	25.600000381469727	25.600000381469727	25.600000381469727	0	2024/02/02 
2024/02/05 	25.100000381469727	25.200000762939453	24.799999237060547	24.799999237060547	21000	2024/02/05 
2024/02/15 	24.700000762939453	24.700000762939453	24.700000762939453	24.700000762939453	3000	2024/02/15 
2024/02/16 	25.0	25.100000381469727	25.0	25.0	21000	2024/02/16 
2024/02/19 	25.100000381469727	25.100000381469727	25.100000381469727	25.100000381469727	2025	2024/02/19 
2024/02/20 	25.100000381469727	25.100000381469727	25.100000381469727	25.100000381469727	0	2024/02/20 
2024/02/21 	25.399999618530273	26.0	25.399999618530273	25.5	12060	2024/02/21 
2024/02/22 	26.0	26.0	25.899999618530273	26.0	8797	2024/02/22 
2024/02/23 	26.0	26.0	25.899999618530273	25.899999618530273	4000	2024/02/23 
2024/02/26 	26.100000381469727	26.100000381469727	26.100000381469727	26.100000381469727	125	2024/02/26 
2024/02/27 	26.100000381469727	26.100000381469727	26.100000381469727	26.100000381469727	1000	2024/02/27 
2024/02/29 	25.100000381469727	26.049999237060547	25.0	25.0	7413	2024/02/29 
2024/03/01 	24.75	25.100000381469727	24.700000762939453	24.700000762939453	4334	2024/03/01 
2024/03/04 	25.049999237060547	25.100000381469727	25.0	25.0	10350	2024/03/04 
2024/03/05 	25.0	25.0	25.0	25.0	0	2024/03/05 
2024/03/06 	24.700000762939453	25.100000381469727	24.700000762939453	25.100000381469727	3381	2024/03/06 
2024/03/07 	25.100000381469727	25.100000381469727	23.899999618530273	25.0	7025	2024/03/07 
2024/03/08 	23.899999618530273	24.0	23.899999618530273	24.0	3000	2024/03/08 
2024/03/11 	23.850000381469727	23.850000381469727	22.899999618530273	23.850000381469727	16977	2024/03/11 
2024/03/12 	23.850000381469727	23.850000381469727	22.850000381469727	23.899999618530273	1301	2024/03/12 
2024/03/13 	23.850000381469727	23.850000381469727	23.850000381469727	23.850000381469727	600	2024/03/13 
2024/03/14 	23.850000381469727	23.850000381469727	23.850000381469727	23.850000381469727	100	2024/03/14 
2024/03/15 	23.850000381469727	23.850000381469727	22.799999237060547	23.850000381469727	7721	2024/03/15 
2024/03/18 	23.899999618530273	24.100000381469727	23.850000381469727	24.100000381469727	10014	2024/03/18 
2024/03/19 	24.100000381469727	24.100000381469727	24.100000381469727	24.100000381469727	2000	2024/03/19 
2024/03/20 	24.100000381469727	24.100000381469727	24.100000381469727	24.100000381469727	3000	2024/03/20 
2024/03/21 	24.200000762939453	26.450000762939453	24.200000762939453	24.799999237060547	45704	2024/03/21 
2024/03/22 	25.5	25.5	25.299999237060547	25.299999237060547	9000	2024/03/22 
2024/03/25 	25.299999237060547	25.299999237060547	25.299999237060547	25.299999237060547	0	2024/03/25 
2024/03/26 	24.700000762939453	24.799999237060547	24.299999237060547	24.299999237060547	12000	2024/03/26 
2024/03/27 	24.0	25.5	24.0	25.5	10001	2024/03/27 
2024/03/28 	25.0	25.450000762939453	24.549999237060547	24.850000381469727	8020	2024/03/28 
2024/03/29 	24.5	25.100000381469727	24.5	25.100000381469727	3002	2024/03/29 
2024/04/01 	24.899999618530273	24.899999618530273	24.899999618530273	24.899999618530273	2001	2024/04/01 
2024/04/02 	25.0	25.450000762939453	25.0	25.450000762939453	9501	2024/04/02 
2024/04/03 	25.399999618530273	25.399999618530273	25.399999618530273	25.399999618530273	1	2024/04/03 
2024/04/08 	24.299999237060547	25.450000762939453	24.299999237060547	24.5	27026	2024/04/08 
2024/04/09 	25.399999618530273	25.399999618530273	24.399999618530273	25.0	19010	2024/04/09 
2024/04/10 	25.0	25.450000762939453	24.950000762939453	24.950000762939453	12024	2024/04/10 
2024/04/11 	24.600000381469727	24.700000762939453	24.5	24.5	18000	2024/04/11 
2024/04/12 	24.25	24.700000762939453	23.799999237060547	24.700000762939453	19998	2024/04/12 
2024/04/15 	23.75	23.950000762939453	23.549999237060547	23.950000762939453	14503	2024/04/15 
2024/04/16 	23.850000381469727	23.950000762939453	23.5	23.950000762939453	11990	2024/04/16 
2024/04/17 	24.0	25.149999618530273	24.0	25.0	35500	2024/04/17 
2024/04/18 	24.799999237060547	25.049999237060547	23.850000381469727	23.850000381469727	8001	2024/04/18 
2024/04/19 	23.850000381469727	23.850000381469727	23.850000381469727	23.850000381469727	1000	2024/04/19 
2024/04/22 	23.850000381469727	24.700000762939453	23.850000381469727	24.700000762939453	7556	2024/04/22 
2024/04/23 	24.549999237060547	24.549999237060547	23.75	23.950000762939453	10102	2024/04/23 
2024/04/24 	24.700000762939453	24.700000762939453	24.700000762939453	24.700000762939453	50	2024/04/24 
2024/04/25 	24.100000381469727	24.100000381469727	24.0	24.0	2200	2024/04/25 
2024/04/26 	24.0	24.0	24.0	24.0	0	2024/04/26 
2024/04/29 	24.600000381469727	24.600000381469727	24.600000381469727	24.600000381469727	1200	2024/04/29 
2024/04/30 	24.649999618530273	24.649999618530273	23.75	23.75	201	2024/04/30 
2024/05/02 	24.649999618530273	24.649999618530273	24.649999618530273	24.649999618530273	4	2024/05/02 
2024/05/03 	24.700000762939453	26.100000381469727	24.700000762939453	24.799999237060547	77901	2024/05/03 
2024/05/06 	25.100000381469727	25.600000381469727	24.899999618530273	25.600000381469727	32081	2024/05/06 
2024/05/07 	25.600000381469727	25.600000381469727	24.049999237060547	24.049999237060547	46072	2024/05/07 
2024/05/08 	24.5	27.5	24.5	27.299999237060547	123292	2024/05/08 
2024/05/09 	26.850000381469727	27.850000381469727	26.600000381469727	27.049999237060547	148625	2024/05/09 
2024/05/10 	27.600000381469727	27.600000381469727	26.549999237060547	27.049999237060547	28186	2024/05/10 
2024/05/13 	26.549999237060547	27.049999237060547	26.549999237060547	27.049999237060547	30500	2024/05/13 
2024/05/14 	26.600000381469727	27.799999237060547	26.600000381469727	27.799999237060547	30401	2024/05/14 
2024/05/15 	27.0	28.899999618530273	27.0	28.100000381469727	144602	2024/05/15 
2024/05/16 	28.600000381469727	29.0	27.600000381469727	28.100000381469727	108628	2024/05/16 
2024/05/17 	28.5	28.5	27.700000762939453	27.700000762939453	40502	2024/05/17 
2024/05/20 	28.100000381469727	28.299999237060547	27.799999237060547	28.0	100616	2024/05/20 
2024/05/21 	28.0	28.0	28.0	28.0	0	2024/05/21 
2024/05/22 	28.299999237060547	33.5	28.200000762939453	32.0	318792	2024/05/22 
2024/05/23 	34.5	34.70000076293945	31.549999237060547	34.150001525878906	149731	2024/05/23 
2024/05/24 	34.04999923706055	34.29999923706055	32.849998474121094	34.0	152937	2024/05/24 
2024/05/27 	34.0	39.45000076293945	34.0	38.5	249196	2024/05/27 
2024/05/28 	40.54999923706055	50.29999923706055	40.54999923706055	50.0	512118	2024/05/28 
2024/05/29 	54.29999923706055	54.29999923706055	48.04999923706055	49.25	380238	2024/05/29 
2024/05/30 	50.20000076293945	50.20000076293945	42.900001525878906	45.0	253460	2024/05/30 
2024/05/31 	44.849998474121094	45.20000076293945	41.0	42.0	92600	2024/05/31 
2024/06/03 	40.849998474121094	46.29999923706055	40.849998474121094	46.099998474121094	164919	2024/06/03 
2024/06/04 	46.099998474121094	46.099998474121094	41.04999923706055	42.25	100665	2024/06/04 
2024/06/05 	42.349998474121094	42.349998474121094	35.849998474121094	38.650001525878906	275196	2024/06/05 
2024/06/06 	38.95000076293945	43.150001525878906	37.79999923706055	40.0	150732	2024/06/06 
2024/06/07 	41.400001525878906	41.400001525878906	38.0	38.099998474121094	100776	2024/06/07 
2024/06/11 	38.45000076293945	40.0	38.25	39.599998474121094	45499	2024/06/11 
2024/06/12 	38.099998474121094	39.599998474121094	38.04999923706055	39.099998474121094	29732	2024/06/12 
2024/06/13 	39.5	44.0	38.04999923706055	43.150001525878906	113316	2024/06/13 
2024/06/14 	41.5	42.5	39.95000076293945	40.849998474121094	71551	2024/06/14 
2024/06/17 	39.900001525878906	40.45000076293945	36.75	38.45000076293945	105767	2024/06/17 
2024/06/18 	38.5	38.599998474121094	35.150001525878906	37.099998474121094	115192	2024/06/18 
2024/06/19 	35.650001525878906	37.79999923706055	35.45000076293945	37.75	25799	2024/06/19 
2024/06/20 	36.5	39.0	36.5	39.0	31062	2024/06/20 
2024/06/21 	39.45000076293945	40.5	38.099998474121094	38.099998474121094	34323	2024/06/21 
2024/06/24 	37.599998474121094	39.099998474121094	37.599998474121094	37.79999923706055	11859	2024/06/24 
2024/06/25 	37.599998474121094	39.349998474121094	37.599998474121094	39.150001525878906	1673	2024/06/25 
2024/06/26 	37.650001525878906	39.20000076293945	37.599998474121094	37.650001525878906	2020	2024/06/26 
2024/06/27 	37.599998474121094	38.849998474121094	37.400001525878906	38.150001525878906	12669	2024/06/27 
2024/06/28 	37.45000076293945	39.400001525878906	37.45000076293945	39.349998474121094	22471	2024/06/28 
2024/07/01 	38.0	39.400001525878906	38.0	39.349998474121094	2676	2024/07/01 
2024/07/02 	38.0	39.849998474121094	38.0	39.75	24519	2024/07/02 
2024/07/03 	39.150001525878906	39.849998474121094	37.95000076293945	39.599998474121094	21236	2024/07/03 
2024/07/04 	37.900001525878906	39.20000076293945	37.900001525878906	38.95000076293945	6280	2024/07/04 
2024/07/05 	38.849998474121094	44.650001525878906	38.849998474121094	42.849998474121094	162571	2024/07/05 
2024/07/08 	44.25	49.20000076293945	43.25	45.5	237421	2024/07/08 
2024/07/09 	45.0	45.0	40.04999923706055	42.75	111864	2024/07/09 
2024/07/10 	42.150001525878906	43.29999923706055	41.349998474121094	42.849998474121094	30244	2024/07/10 
2024/07/11 	43.150001525878906	48.400001525878906	43.0	48.400001525878906	176443	2024/07/11 
2024/07/12 	46.79999923706055	47.349998474121094	44.099998474121094	45.5	47289	2024/07/12 
2024/07/15 	46.849998474121094	46.849998474121094	44.900001525878906	45.0	54572	2024/07/15 
2024/07/16 	45.0	51.599998474121094	45.0	51.099998474121094	232077	2024/07/16 
2024/07/17 	51.20000076293945	51.400001525878906	49.849998474121094	51.099998474121094	89877	2024/07/17 
2024/07/18 	51.20000076293945	51.400001525878906	46.54999923706055	49.0	62139	2024/07/18 
2024/07/19 	47.29999923706055	49.54999923706055	46.45000076293945	47.0	71417	2024/07/19 
2024/07/22 	46.45000076293945	46.599998474121094	45.150001525878906	46.5	78887	2024/07/22 
2024/07/23 	46.5	47.150001525878906	45.150001525878906	47.150001525878906	4211	2024/07/23 
2024/07/26 	45.099998474121094	45.150001525878906	40.849998474121094	41.900001525878906	166754	2024/07/26 
2024/07/29 	41.849998474121094	42.45000076293945	39.900001525878906	40.099998474121094	77951	2024/07/29 
2024/07/30 	39.45000076293945	40.849998474121094	38.70000076293945	40.400001525878906	44083	2024/07/30 
2024/07/31 	39.0	42.04999923706055	39.0	41.0	16510	2024/07/31 
2024/08/01 	42.04999923706055	43.95000076293945	42.04999923706055	42.79999923706055	23976	2024/08/01 
2024/08/02 	42.20000076293945	42.20000076293945	40.29999923706055	41.0	10035	2024/08/02 
2024/08/05 	40.29999923706055	40.29999923706055	36.599998474121094	37.0	60029	2024/08/05 
2024/08/06 	37.150001525878906	37.20000076293945	36.45000076293945	36.79999923706055	26346	2024/08/06 
2024/08/07 	37.95000076293945	38.5	37.79999923706055	38.5	47100	2024/08/07 
2024/08/08 	38.29999923706055	41.04999923706055	38.150001525878906	40.349998474121094	47002	2024/08/08 
2024/08/09 	41.849998474121094	44.150001525878906	41.849998474121094	43.0	32707	2024/08/09 
2024/08/12 	43.849998474121094	48.150001525878906	42.400001525878906	45.0	145565	2024/08/12 
2024/08/13 	44.0	44.0	39.70000076293945	42.20000076293945	147371	2024/08/13 
2024/08/14 	42.20000076293945	43.0	41.25	41.25	25285	2024/08/14 
2024/08/15 	41.25	43.150001525878906	40.849998474121094	42.599998474121094	55922	2024/08/15 
2024/08/16 	42.650001525878906	42.650001525878906	41.5	42.0	5667	2024/08/16 
2024/08/19 	42.400001525878906	44.20000076293945	42.20000076293945	43.04999923706055	49348	2024/08/19 
2024/08/20 	42.54999923706055	44.29999923706055	42.54999923706055	44.0	33265	2024/08/20 
2024/08/21 	44.150001525878906	44.150001525878906	44.0	44.0	3026	2024/08/21 
2024/08/22 	42.650001525878906	42.900001525878906	42.5	42.5	28000	2024/08/22 
2024/08/23 	41.900001525878906	42.0	40.0	40.349998474121094	21260	2024/08/23 
2024/08/26 	39.900001525878906	40.45000076293945	39.849998474121094	39.849998474121094	7400	2024/08/26 
2024/08/27 	40.04999923706055	41.54999923706055	39.900001525878906	41.54999923706055	34312	2024/08/27 
2024/08/28 	41.54999923706055	41.54999923706055	40.0	40.0	24200	2024/08/28 
2024/08/29 	40.45000076293945	40.45000076293945	39.0	40.0	10000	2024/08/29 
2024/08/30 	40.45000076293945	40.45000076293945	39.849998474121094	40.150001525878906	17018	2024/08/30 
2024/09/02 	39.0	39.5	38.95000076293945	39.20000076293945	5789	2024/09/02 
2024/09/03 	39.04999923706055	41.150001525878906	39.04999923706055	41.0	34139	2024/09/03 
2024/09/04 	40.5	40.79999923706055	39.25	40.0	67660	2024/09/04 
2024/09/05 	39.70000076293945	39.849998474121094	38.900001525878906	38.900001525878906	13110	2024/09/05 
2024/09/06 	38.5	38.79999923706055	37.849998474121094	38.0	47639	2024/09/06 
2024/09/09 	38.0	38.0	38.0	38.0	0	2024/09/09 
2024/09/10 	36.900001525878906	38.150001525878906	35.849998474121094	35.849998474121094	56976	2024/09/10 
2024/09/11 	36.849998474121094	36.95000076293945	35.95000076293945	35.95000076293945	7100	2024/09/11 
2024/09/12 	37.0	37.75	37.0	37.75	10928	2024/09/12 
2024/09/13 	37.04999923706055	37.75	37.04999923706055	37.75	6113	2024/09/13 
2024/09/16 	38.5	39.75	38.5	39.599998474121094	19200	2024/09/16 
2024/09/18 	39.74148178100586	39.74148178100586	38.20534133911133	38.20534133911133	8880	2024/09/18 
2024/09/19 	39.59282302856445	39.59282302856445	39.59282302856445	39.59282302856445	1034	2024/09/19 
2024/09/20 	39.543270111083984	39.543270111083984	39.543270111083984	39.543270111083984	25	2024/09/20 
2024/09/23 	38.15578842163086	39.543270111083984	38.15578842163086	38.65131759643555	13344	2024/09/23 
2024/09/24 	38.20534133911133	38.65131759643555	37.66025924682617	37.66025924682617	11200	2024/09/24 
2024/09/25 	38.65131759643555	38.65131759643555	37.511600494384766	37.511600494384766	16369	2024/09/25 
2024/09/26 	38.65131759643555	38.94863510131836	38.50265884399414	38.89908218383789	25830	2024/09/26 
2024/09/27 	38.899078369140625	38.899078369140625	38.899078369140625	38.899078369140625	0	2024/09/27 
2024/09/30 	37.54999923706055	38.0	37.5	38.0	6116	2024/09/30 
2024/10/01 	37.349998474121094	37.5	37.349998474121094	37.5	6000	2024/10/01 
2024/10/04 	36.599998474121094	36.599998474121094	34.849998474121094	35.0	62250	2024/10/04 
2024/10/07 	35.29999923706055	35.29999923706055	35.29999923706055	35.29999923706055	110	2024/10/07 
2024/10/08 	35.0	35.150001525878906	33.25	33.75	57289	2024/10/08 
2024/10/09 	34.099998474121094	34.099998474121094	32.599998474121094	34.099998474121094	11021	2024/10/09 
2024/10/11 	34.04999923706055	34.20000076293945	33.25	34.20000076293945	14681	2024/10/11 
2024/10/14 	34.5	34.70000076293945	34.20000076293945	34.20000076293945	28367	2024/10/14 
2024/10/15 	34.20000076293945	34.95000076293945	33.849998474121094	34.25	32008	2024/10/15 
2024/10/16 	34.650001525878906	34.650001525878906	34.650001525878906	34.650001525878906	2110	2024/10/16 
2024/10/17 	34.79999923706055	36.25	34.599998474121094	36.20000076293945	23797	2024/10/17 
2024/10/18 	36.599998474121094	36.599998474121094	35.349998474121094	35.349998474121094	6691	2024/10/18 
2024/10/21 	35.0	35.349998474121094	34.79999923706055	35.0	24845	2024/10/21 
2024/10/22 	35.95000076293945	35.95000076293945	33.25	33.54999923706055	35670	2024/10/22 
2024/10/23 	34.0	36.0	34.0	35.900001525878906	46943	2024/10/23 
2024/10/24 	36.29999923706055	39.54999923706055	35.150001525878906	39.150001525878906	79575	2024/10/24 
2024/10/25 	39.20000076293945	39.54999923706055	37.400001525878906	39.099998474121094	44486	2024/10/25 
2024/10/28 	38.900001525878906	39.150001525878906	37.400001525878906	39.150001525878906	15161	2024/10/28 
2024/10/29 	39.099998474121094	39.099998474121094	37.150001525878906	39.0	77400	2024/10/29 
2024/10/30 	39.0	39.150001525878906	37.5	39.150001525878906	92346	2024/10/30 
2024/11/01 	39.0	39.0	37.5	38.79999923706055	2889	2024/11/01 
2024/11/04 	38.79999923706055	38.79999923706055	36.099998474121094	37.45000076293945	19050	2024/11/04 
2024/11/05 	37.400001525878906	37.400001525878906	35.54999923706055	36.95000076293945	11350	2024/11/05 
2024/11/06 	37.0	37.04999923706055	36.5	37.04999923706055	9098	2024/11/06 
2024/11/07 	37.0	37.0	35.25	36.650001525878906	6155	2024/11/07 
2024/11/08 	36.599998474121094	36.599998474121094	33.849998474121094	34.95000076293945	37440	2024/11/08 
2024/11/11 	33.95000076293945	35.0	33.75	35.0	25605	2024/11/11 
2024/11/12 	35.150001525878906	35.150001525878906	33.400001525878906	34.70000076293945	31050	2024/11/12 
2024/11/13 	34.70000076293945	35.0	34.29999923706055	35.0	25810	2024/11/13 
2024/11/14 	34.5	34.650001525878906	33.5	34.0	20775	2024/11/14 
2024/11/15 	34.0	34.0	34.0	34.0	1010	2024/11/15 
2024/11/18 	34.0	34.0	34.0	34.0	0	2024/11/18 
2024/11/19 	32.849998474121094	34.0	32.849998474121094	34.0	2010	2024/11/19 
2024/11/20 	34.0	34.0	34.0	34.0	0	2024/11/20 
2024/11/21 	34.0	34.5	34.0	34.5	2045	2024/11/21 
2024/11/22 	34.5	34.5	32.70000076293945	32.900001525878906	41550	2024/11/22 
2024/11/25 	31.899999618530273	33.29999923706055	31.75	33.0	38663	2024/11/25 
2024/11/26 	33.0	33.0	31.700000762939453	33.0	1420	2024/11/26 
2024/11/27 	33.0	33.0	33.0	33.0	0	2024/11/27 
2024/11/28 	33.0	33.0	33.0	33.0	0	2024/11/28 
2024/11/29 	33.0	33.0	33.0	33.0	0	2024/11/29 
2024/12/02 	31.149999618530273	32.45000076293945	31.149999618530273	32.45000076293945	1110	2024/12/02 
2024/12/03 	32.45000076293945	33.650001525878906	32.29999923706055	33.650001525878906	25020	2024/12/03 
2024/12/04 	33.599998474121094	33.599998474121094	32.20000076293945	32.29999923706055	24512	2024/12/04 
2024/12/05 	32.29999923706055	32.29999923706055	32.29999923706055	32.29999923706055	0	2024/12/05 
2024/12/06 	33.0	33.599998474121094	33.0	33.599998474121094	6218	2024/12/06 
2024/12/09 	33.650001525878906	35.25	33.650001525878906	34.25	30668	2024/12/09 
2024/12/10 	33.29999923706055	34.70000076293945	33.29999923706055	34.70000076293945	111	2024/12/10 
2024/12/11 	34.70000076293945	34.70000076293945	33.29999923706055	34.650001525878906	4050	2024/12/11 
2024/12/12 	34.650001525878906	34.650001525878906	34.0	34.599998474121094	3560	2024/12/12 
2024/12/13 	33.29999923706055	34.599998474121094	33.25	34.0	8545	2024/12/13 
2024/12/16 	34.0	34.0	34.0	34.0	0	2024/12/16 
2024/12/17 	33.5	34.0	31.850000381469727	33.0	33199	2024/12/17 
2024/12/18 	33.0	33.0	31.350000381469727	32.599998474121094	23041	2024/12/18 
2024/12/19 	32.599998474121094	32.599998474121094	31.350000381469727	32.0	9210	2024/12/19 
2024/12/20 	31.5	34.650001525878906	31.5	33.150001525878906	42826	2024/12/20 
2024/12/23 	34.5	34.5	33.20000076293945	33.5	19011	2024/12/23 
2024/12/24 	34.20000076293945	35.70000076293945	34.20000076293945	35.0	24020	2024/12/24 
2024/12/25 	35.75	36.29999923706055	34.900001525878906	36.0	57479	2024/12/25 
2024/12/26 	36.400001525878906	36.79999923706055	35.04999923706055	35.04999923706055	82560	2024/12/26 
2024/12/27 	36.150001525878906	36.150001525878906	35.150001525878906	35.150001525878906	15225	2024/12/27 
2024/12/30 	35.099998474121094	36.599998474121094	35.04999923706055	35.099998474121094	16620	2024/12/30 
2024/12/31 	36.5	36.5	35.099998474121094	36.150001525878906	23005	2024/12/31 
2025/01/02 	36.099998474121094	36.099998474121094	35.95000076293945	36.099998474121094	21000	2025/01/02 
2025/01/03 	35.54999923706055	36.5	35.099998474121094	36.349998474121094	6334	2025/01/03 
2025/01/06 	36.5	36.5	35.04999923706055	35.5	6200	2025/01/06 
2025/01/07 	36.5	38.400001525878906	35.5	38.400001525878906	89364	2025/01/07 
2025/01/08 	37.5	38.849998474121094	34.20000076293945	35.5	66756	2025/01/08 
2025/01/09 	35.95000076293945	36.650001525878906	35.349998474121094	35.349998474121094	26119	2025/01/09 
2025/01/10 	36.599998474121094	36.599998474121094	33.849998474121094	34.5	62100	2025/01/10 
2025/01/13 	34.95000076293945	34.95000076293945	34.900001525878906	34.900001525878906	964	2025/01/13 
2025/01/14 	34.900001525878906	35.099998474121094	33.54999923706055	35.099998474121094	16201	2025/01/14 
2025/01/15 	33.900001525878906	34.70000076293945	33.900001525878906	34.5	4050	2025/01/15 
2025/01/16 	35.099998474121094	35.150001525878906	33.95000076293945	33.95000076293945	8000	2025/01/16 
2025/01/17 	33.95000076293945	35.099998474121094	33.900001525878906	33.900001525878906	3108	2025/01/17 
2025/01/20 	35.099998474121094	35.150001525878906	33.599998474121094	33.599998474121094	21170	2025/01/20 
2025/01/21 	35.0	35.099998474121094	33.54999923706055	35.099998474121094	6345	2025/01/21 
2025/01/22 	35.099998474121094	35.099998474121094	33.849998474121094	35.099998474121094	6045	2025/01/22 
2025/02/03 	35.099998474121094	35.150001525878906	33.599998474121094	34.79999923706055	15010	2025/02/03 
2025/02/04 	34.95000076293945	35.099998474121094	34.79999923706055	35.099998474121094	4061	2025/02/04 
2025/02/05 	35.099998474121094	36.599998474121094	35.099998474121094	36.5	16053	2025/02/05 
2025/02/06 	36.599998474121094	36.599998474121094	35.5	35.849998474121094	23467	2025/02/06 
2025/02/07 	36.45000076293945	36.45000076293945	36.0	36.0	6100	2025/02/07 
2025/02/10 	36.400001525878906	36.400001525878906	34.849998474121094	34.849998474121094	28625	2025/02/10 
2025/02/11 	36.0	36.0	34.5	34.70000076293945	15402	2025/02/11 
2025/02/12 	34.400001525878906	34.45000076293945	34.400001525878906	34.45000076293945	2905	2025/02/12 
2025/02/13 	34.400001525878906	34.650001525878906	34.400001525878906	34.5	9156	2025/02/13 
2025/02/14 	34.349998474121094	34.650001525878906	34.349998474121094	34.650001525878906	12028	2025/02/14 
2025/02/17 	35.099998474121094	35.20000076293945	34.900001525878906	35.20000076293945	12000	2025/02/17 
2025/02/18 	35.25	36.099998474121094	35.099998474121094	36.099998474121094	9048	2025/02/18 
2025/02/19 	36.099998474121094	36.099998474121094	36.099998474121094	36.099998474121094	48	2025/02/19 
2025/02/20 	36.099998474121094	36.099998474121094	36.099998474121094	36.099998474121094	31	2025/02/20 
2025/02/21 	35.54999923706055	35.54999923706055	35.349998474121094	35.349998474121094	3300	2025/02/21 
2025/02/24 	35.5	35.5	34.95000076293945	34.95000076293945	3100	2025/02/24 
2025/02/25 	35.20000076293945	35.5	35.20000076293945	35.5	9010	2025/02/25 
2025/02/26 	34.349998474121094	34.349998474121094	34.349998474121094	34.349998474121094	1200	2025/02/26 
2025/02/27 	34.04999923706055	34.349998474121094	33.79999923706055	34.150001525878906	31826	2025/02/27 
2025/03/03 	34.150001525878906	34.150001525878906	34.150001525878906	34.150001525878906	0	2025/03/03 
2025/03/04 	34.150001525878906	34.150001525878906	34.150001525878906	34.150001525878906	0	2025/03/04 
2025/03/05 	35.150001525878906	35.150001525878906	34.0	34.29999923706055	6251	2025/03/05 
2025/03/06 	34.20000076293945	35.400001525878906	33.95000076293945	35.400001525878906	20121	2025/03/06 
2025/03/07 	33.900001525878906	34.29999923706055	33.900001525878906	34.29999923706055	4110	2025/03/07 
2025/03/10 	33.849998474121094	34.900001525878906	33.849998474121094	34.900001525878906	3300	2025/03/10 
2025/03/11 	33.75	33.900001525878906	33.75	33.900001525878906	6000	2025/03/11 
2025/03/12 	34.900001525878906	34.900001525878906	34.900001525878906	34.900001525878906	2100	2025/03/12 
2025/03/13 	34.349998474121094	34.95000076293945	34.349998474121094	34.95000076293945	9000	2025/03/13 
2025/03/14 	34.0	35.0	34.0	35.0	8201	2025/03/14 
2025/03/17 	35.0	35.0	34.849998474121094	35.0	7000	2025/03/17 
2025/03/18 	35.099998474121094	35.099998474121094	33.349998474121094	35.04999923706055	54263	2025/03/18 
2025/03/19 	34.04999923706055	34.04999923706055	34.04999923706055	34.04999923706055	200	2025/03/19 
2025/03/20 	35.20000076293945	35.20000076293945	35.20000076293945	35.20000076293945	100	2025/03/20 
2025/03/21 	34.0	35.150001525878906	34.0	34.0	6100	2025/03/21 
2025/03/24 	34.0	35.0	34.0	34.0	8100	2025/03/24 
2025/03/25 	34.900001525878906	34.900001525878906	34.04999923706055	34.900001525878906	10075	2025/03/25 
2025/03/26 	33.849998474121094	34.900001525878906	33.849998474121094	34.900001525878906	6140	2025/03/26 
2025/03/27 	34.900001525878906	34.900001525878906	33.599998474121094	34.849998474121094	6261	2025/03/27 
2025/03/28 	34.900001525878906	34.900001525878906	34.849998474121094	34.849998474121094	51	2025/03/28 
2025/03/31 	34.849998474121094	35.0	32.54999923706055	32.54999923706055	34102	2025/03/31 
2025/04/01 	33.45000076293945	33.95000076293945	32.25	32.849998474121094	41900	2025/04/01 
2025/04/02 	34.150001525878906	34.150001525878906	33.150001525878906	33.29999923706055	5100	2025/04/02 
2025/04/07 	31.649999618530273	31.649999618530273	20.100000381469727	25.149999618530273	310253	2025/04/07 
2025/04/08 	24.0	24.450000762939453	21.399999618530273	21.450000762939453	91185	2025/04/08 
2025/04/09 	21.149999618530273	21.950000762939453	20.700000762939453	21.100000381469727	79068	2025/04/09 
2025/04/10 	21.299999237060547	23.350000381469727	21.299999237060547	23.25	137223	2025/04/10 
2025/04/11 	22.299999237060547	24.25	21.399999618530273	23.149999618530273	138048	2025/04/11 
2025/04/14 	24.149999618530273	24.149999618530273	23.049999237060547	24.100000381469727	18550	2025/04/14 
2025/04/15 	24.100000381469727	25.0	23.700000762939453	25.0	33000	2025/04/15 
2025/04/16 	25.049999237060547	25.100000381469727	24.299999237060547	24.700000762939453	55678	2025/04/16 
2025/04/17 	24.049999237060547	25.200000762939453	24.049999237060547	25.049999237060547	23638	2025/04/17 
2025/04/18 	25.100000381469727	25.100000381469727	24.899999618530273	25.049999237060547	10514	2025/04/18 
2025/04/21 	24.0	24.200000762939453	24.0	24.149999618530273	31009	2025/04/21 
2025/04/22 	25.100000381469727	25.100000381469727	24.399999618530273	24.850000381469727	30838	2025/04/22 
2025/04/23 	24.799999237060547	25.149999618530273	24.399999618530273	25.100000381469727	32500	2025/04/23 
2025/04/24 	25.100000381469727	25.100000381469727	25.0	25.100000381469727	15410	2025/04/24 
2025/04/25 	25.100000381469727	25.100000381469727	24.149999618530273	24.5	19333	2025/04/25 
2025/04/28 	24.149999618530273	25.149999618530273	24.149999618530273	24.299999237060547	1434	2025/04/28 
2025/04/29 	25.149999618530273	25.450000762939453	25.100000381469727	25.399999618530273	17910	2025/04/29 
2025/04/30 	25.450000762939453	25.549999237060547	25.25	25.350000381469727	62171	2025/04/30 
2025/05/02 	25.600000381469727	25.700000762939453	25.0	25.0	40150	2025/05/02 
2025/05/05 	24.899999618530273	24.899999618530273	23.75	24.549999237060547	52179	2025/05/05 
2025/05/06 	24.549999237060547	24.549999237060547	24.450000762939453	24.450000762939453	20250	2025/05/06 
2025/05/07 	24.549999237060547	24.549999237060547	24.450000762939453	24.549999237060547	11300	2025/05/07 
2025/05/08 	24.549999237060547	25.600000381469727	24.5	25.549999237060547	62460	2025/05/08 
2025/05/09 	25.600000381469727	25.600000381469727	25.200000762939453	25.549999237060547	10142	2025/05/09 
2025/05/12 	25.450000762939453	25.5	25.450000762939453	25.450000762939453	3800	2025/05/12 
2025/05/13 	25.5	25.75	25.299999237060547	25.75	16466	2025/05/13 
2025/05/14 	25.600000381469727	26.700000762939453	25.600000381469727	26.700000762939453	72885	2025/05/14 
2025/05/15 	26.549999237060547	26.549999237060547	26.200000762939453	26.549999237060547	41722	2025/05/15 
2025/05/16 	26.450000762939453	26.450000762939453	26.200000762939453	26.450000762939453	22320	2025/05/16 
2025/05/19 	26.450000762939453	26.450000762939453	26.450000762939453	26.450000762939453	0	2025/05/19 
2025/05/20 	26.450000762939453	26.450000762939453	26.450000762939453	26.450000762939453	0	2025/05/20 
2025/05/21 	26.25	26.75	26.0	26.600000381469727	9200	2025/05/21 
2025/05/22 	25.5	25.5	25.5	25.5	1117	2025/05/22 
2025/05/23 	25.5	26.600000381469727	25.5	26.600000381469727	8171	2025/05/23 
2025/05/26 	26.600000381469727	26.600000381469727	26.600000381469727	26.600000381469727	0	2025/05/26 
2025/05/27 	25.450000762939453	25.450000762939453	25.299999237060547	25.399999618530273	12000	2025/05/27 
2025/05/28 	25.450000762939453	26.0	25.450000762939453	26.0	4300	2025/05/28 
2025/05/29 	25.0	25.600000381469727	24.850000381469727	24.850000381469727	2009	2025/05/29 
2025/06/02 	24.850000381469727	24.850000381469727	24.850000381469727	24.850000381469727	0	2025/06/02 
2025/06/03 	25.600000381469727	25.600000381469727	25.5	25.5	5000	2025/06/03 
2025/06/04 	24.700000762939453	25.25	23.100000381469727	23.100000381469727	61800	2025/06/04 
2025/06/05 	23.399999618530273	24.0	23.0	24.0	47766	2025/06/05 
2025/06/06 	24.049999237060547	24.049999237060547	23.600000381469727	23.600000381469727	389	2025/06/06 
2025/06/09 	24.100000381469727	24.100000381469727	23.850000381469727	23.850000381469727	200	2025/06/09 
2025/06/10 	23.5	24.100000381469727	23.5	24.100000381469727	14140	2025/06/10 
2025/06/11 	23.5	23.700000762939453	23.5	23.600000381469727	10500	2025/06/11 
2025/06/12 	24.049999237060547	24.049999237060547	23.299999237060547	23.5	20200	2025/06/12 
2025/06/13 	23.5	23.5	22.899999618530273	23.5	2100	2025/06/13 
2025/06/16 	23.5	23.5	23.5	23.5	100	2025/06/16 
2025/06/17 	23.5	23.5	23.399999618530273	23.399999618530273	11003	2025/06/17 
2025/06/18 	23.399999618530273	23.399999618530273	23.399999618530273	23.399999618530273	0	2025/06/18 
2025/06/19 	23.799999237060547	23.799999237060547	22.850000381469727	23.799999237060547	5500	2025/06/19 
2025/06/20 	23.799999237060547	23.799999237060547	23.799999237060547	23.799999237060547	0	2025/06/20 
2025/06/23 	23.799999237060547	23.799999237060547	23.799999237060547	23.799999237060547	0	2025/06/23 
2025/06/24 	23.799999237060547	23.850000381469727	23.0	23.850000381469727	4170	2025/06/24 
2025/06/25 	23.899999618530273	23.899999618530273	23.899999618530273	23.899999618530273	2050	2025/06/25 
2025/06/26 	23.950000762939453	23.950000762939453	23.5	23.950000762939453	6150	2025/06/26 
2025/06/27 	24.0	24.100000381469727	23.049999237060547	24.049999237060547	34440	2025/06/27 
2025/06/30 	23.0	24.049999237060547	23.0	24.049999237060547	13020	2025/06/30 
2025/07/01 	23.399999618530273	23.600000381469727	22.950000762939453	23.049999237060547	45300	2025/07/01 
2025/07/02 	22.899999618530273	23.0	22.600000381469727	22.799999237060547	14805	2025/07/02 
2025/07/03 	22.799999237060547	23.200000762939453	22.700000762939453	22.799999237060547	21305	2025/07/03 
2025/07/04 	22.350000381469727	22.549999237060547	22.350000381469727	22.450000762939453	9464	2025/07/04 
2025/07/07 	22.350000381469727	22.350000381469727	22.299999237060547	22.299999237060547	6000	2025/07/07 
2025/07/08 	22.100000381469727	22.100000381469727	22.0	22.100000381469727	4411	2025/07/08 
2025/07/09 	22.25	22.5	22.25	22.5	8300	2025/07/09 
2025/07/10 	22.450000762939453	22.450000762939453	22.350000381469727	22.450000762939453	18250	2025/07/10 
2025/07/11 	22.350000381469727	22.450000762939453	22.350000381469727	22.450000762939453	9401	2025/07/11 
2025/07/14 	22.0	22.450000762939453	22.0	22.299999237060547	19182	2025/07/14 
2025/07/15 	22.350000381469727	22.350000381469727	21.299999237060547	21.549999237060547	26403	2025/07/15 
2025/07/16 	22.100000381469727	22.100000381469727	22.100000381469727	22.100000381469727	2050	2025/07/16 
2025/07/17 	22.049999237060547	22.100000381469727	21.899999618530273	22.0	56110	2025/07/17 
2025/07/18 	22.100000381469727	22.100000381469727	21.549999237060547	21.549999237060547	8701	2025/07/18 
2025/07/21 	22.100000381469727	22.100000381469727	21.549999237060547	21.600000381469727	51200	2025/07/21 
2025/07/22 	22.0	22.0	22.0	22.0	9	2025/07/22 
2025/07/23 	22.0	22.0	21.950000762939453	22.0	5050	2025/07/23 
2025/07/24 	22.200000762939453	22.200000762939453	22.100000381469727	22.100000381469727	17000	2025/07/24 
2025/07/25 	22.100000381469727	22.200000762939453	22.0	22.200000762939453	11009	2025/07/25 
2025/07/28 	22.100000381469727	22.200000762939453	22.0	22.0	5100	2025/07/28 
2025/07/29 	21.899999618530273	22.0	21.899999618530273	22.0	11050	2025/07/29 
2025/07/30 	22.0	22.0	21.75	21.75	7250	2025/07/30 
2025/07/31 	22.049999237060547	22.200000762939453	21.200000762939453	21.200000762939453	51450	2025/07/31 
2025/08/04 	21.75	21.799999237060547	21.5	21.700000762939453	24000	2025/08/04 
2025/08/05 	21.600000381469727	23.100000381469727	21.600000381469727	23.100000381469727	58050	2025/08/05 
2025/08/06 	23.5	23.5	22.5	22.850000381469727	15501	2025/08/06 
2025/08/07 	23.5	23.5	22.75	22.850000381469727	13292	2025/08/07 
