Date	Open	High	Low	Close	Volume	Date
2023/04/26 	30.799999237060547	46.45000076293945	30.799999237060547	46.04999923706055	1898367	2023/04/26 
2023/04/27 	45.20000076293945	47.29999923706055	43.04999923706055	45.150001525878906	1222374	2023/04/27 
2023/04/28 	45.900001525878906	46.099998474121094	43.29999923706055	44.150001525878906	474470	2023/04/28 
2023/05/02 	44.150001525878906	44.150001525878906	38.849998474121094	40.45000076293945	993695	2023/05/02 
2023/05/03 	40.400001525878906	40.45000076293945	37.650001525878906	39.54999923706055	507699	2023/05/03 
2023/05/04 	40.150001525878906	41.45000076293945	39.400001525878906	41.099998474121094	477055	2023/05/04 
2023/05/05 	41.04999923706055	41.150001525878906	39.349998474121094	40.150001525878906	258212	2023/05/05 
2023/05/08 	40.0	40.29999923706055	39.75	40.150001525878906	258291	2023/05/08 
2023/05/09 	40.150001525878906	42.5	39.75	42.45000076293945	610400	2023/05/09 
2023/05/10 	42.95000076293945	47.54999923706055	41.900001525878906	47.349998474121094	1457725	2023/05/10 
2023/05/11 	47.650001525878906	52.400001525878906	46.79999923706055	52.20000076293945	2364707	2023/05/11 
2023/05/12 	52.20000076293945	53.5	48.04999923706055	50.099998474121094	1112965	2023/05/12 
2023/05/15 	50.70000076293945	55.79999923706055	50.400001525878906	55.0	1980837	2023/05/15 
2023/05/16 	53.20000076293945	55.70000076293945	51.099998474121094	53.20000076293945	1264002	2023/05/16 
2023/05/17 	52.5	55.0	50.099998474121094	53.400001525878906	519918	2023/05/17 
2023/05/18 	53.599998474121094	54.70000076293945	52.20000076293945	53.20000076293945	229102	2023/05/18 
2023/05/19 	53.20000076293945	54.0	51.79999923706055	51.79999923706055	576213	2023/05/19 
2023/05/22 	51.70000076293945	53.20000076293945	51.5	52.0	230404	2023/05/22 
2023/05/23 	52.0	53.0	51.400001525878906	53.0	394127	2023/05/23 
2023/05/24 	53.0	53.29999923706055	51.900001525878906	52.5	230662	2023/05/24 
2023/05/25 	52.70000076293945	52.79999923706055	51.5	52.70000076293945	296925	2023/05/25 
2023/05/26 	51.900001525878906	52.900001525878906	51.099998474121094	52.0	293021	2023/05/26 
2023/05/29 	51.29999923706055	51.900001525878906	49.25	50.400001525878906	572555	2023/05/29 
2023/05/30 	50.5	50.5	49.04999923706055	50.20000076293945	298178	2023/05/30 
2023/05/31 	49.29999923706055	49.79999923706055	48.900001525878906	49.650001525878906	151318	2023/05/31 
2023/06/01 	49.20000076293945	49.95000076293945	46.849998474121094	47.75	574965	2023/06/01 
2023/06/02 	47.5	47.849998474121094	43.45000076293945	46.650001525878906	584321	2023/06/02 
2023/06/05 	46.900001525878906	50.20000076293945	46.150001525878906	49.04999923706055	407966	2023/06/05 
2023/06/06 	50.20000076293945	50.900001525878906	49.349998474121094	50.0	168786	2023/06/06 
2023/06/07 	49.349998474121094	50.20000076293945	49.0	49.75	207569	2023/06/07 
2023/06/08 	49.75	50.400001525878906	48.29999923706055	48.79999923706055	321701	2023/06/08 
2023/06/09 	48.29999923706055	50.400001525878906	48.04999923706055	49.45000076293945	154403	2023/06/09 
2023/06/12 	48.54999923706055	49.95000076293945	48.20000076293945	49.75	65131	2023/06/12 
2023/06/13 	48.25	49.70000076293945	48.20000076293945	49.25	83510	2023/06/13 
2023/06/14 	49.25	49.25	48.400001525878906	48.79999923706055	103185	2023/06/14 
2023/06/15 	48.400001525878906	49.400001525878906	46.04999923706055	47.70000076293945	360676	2023/06/15 
2023/06/16 	48.45000076293945	48.95000076293945	46.150001525878906	47.0	225609	2023/06/16 
2023/06/19 	46.849998474121094	47.25	45.25	46.849998474121094	161225	2023/06/19 
2023/06/20 	46.04999923706055	47.29999923706055	45.400001525878906	46.29999923706055	177884	2023/06/20 
2023/06/21 	45.849998474121094	46.25	44.04999923706055	46.0	149994	2023/06/21 
2023/06/26 	46.0	47.150001525878906	45.75	47.150001525878906	260305	2023/06/26 
2023/06/27 	47.150001525878906	49.95000076293945	47.0	49.20000076293945	421777	2023/06/27 
2023/06/28 	49.400001525878906	49.70000076293945	48.04999923706055	49.150001525878906	352059	2023/06/28 
2023/06/29 	49.150001525878906	49.95000076293945	48.79999923706055	49.150001525878906	326633	2023/06/29 
2023/06/30 	48.79999923706055	49.150001525878906	47.45000076293945	48.25	255326	2023/06/30 
2023/07/03 	48.29999923706055	48.599998474121094	46.70000076293945	47.5	337977	2023/07/03 
2023/07/04 	47.20000076293945	47.650001525878906	46.25	47.400001525878906	80297	2023/07/04 
2023/07/05 	47.54999923706055	47.54999923706055	46.599998474121094	47.150001525878906	185814	2023/07/05 
2023/07/06 	46.75	47.20000076293945	45.400001525878906	46.45000076293945	187507	2023/07/06 
2023/07/07 	45.54999923706055	47.150001525878906	45.20000076293945	45.75	170466	2023/07/07 
2023/07/10 	45.75	46.95000076293945	44.849998474121094	45.54999923706055	179046	2023/07/10 
2023/07/12 	46.0	48.400001525878906	44.79999923706055	45.150001525878906	243224	2023/07/12 
2023/07/13 	46.04999923706055	46.04999923706055	44.54999923706055	45.0	172766	2023/07/13 
2023/07/14 	44.849998474121094	46.29999923706055	44.150001525878906	45.099998474121094	151365	2023/07/14 
2023/07/17 	44.0	44.5	42.400001525878906	42.95000076293945	284765	2023/07/17 
2023/07/18 	42.45000076293945	43.150001525878906	40.75	42.150001525878906	364991	2023/07/18 
2023/07/19 	41.5	45.25	41.5	44.04999923706055	353794	2023/07/19 
2023/07/20 	45.150001525878906	45.150001525878906	42.0	43.45000076293945	174398	2023/07/20 
2023/07/21 	41.849998474121094	45.150001525878906	41.70000076293945	42.0	424184	2023/07/21 
2023/07/24 	43.0	43.45000076293945	40.849998474121094	41.650001525878906	219215	2023/07/24 
2023/07/25 	41.0	42.099998474121094	40.650001525878906	42.099998474121094	138059	2023/07/25 
2023/07/26 	42.150001525878906	43.650001525878906	41.20000076293945	41.599998474121094	239641	2023/07/26 
2023/07/27 	42.150001525878906	42.150001525878906	40.900001525878906	41.70000076293945	165824	2023/07/27 
2023/07/28 	41.75	41.75	40.400001525878906	40.95000076293945	297936	2023/07/28 
2023/07/31 	41.150001525878906	41.150001525878906	39.849998474121094	40.150001525878906	234435	2023/07/31 
2023/08/01 	40.150001525878906	40.29999923706055	39.75	40.20000076293945	220716	2023/08/01 
2023/08/02 	40.150001525878906	40.5	39.650001525878906	40.04999923706055	237149	2023/08/02 
2023/08/04 	40.099998474121094	40.150001525878906	39.650001525878906	40.150001525878906	133681	2023/08/04 
2023/08/07 	40.150001525878906	43.099998474121094	39.849998474121094	40.5	332197	2023/08/07 
2023/08/08 	40.54999923706055	40.70000076293945	39.900001525878906	40.04999923706055	129266	2023/08/08 
2023/08/09 	40.150001525878906	40.45000076293945	39.79999923706055	40.150001525878906	136146	2023/08/09 
2023/08/10 	40.150001525878906	40.150001525878906	39.45000076293945	40.099998474121094	138249	2023/08/10 
2023/08/11 	40.150001525878906	40.45000076293945	39.54999923706055	40.0	83224	2023/08/11 
2023/08/14 	40.0	40.45000076293945	39.45000076293945	40.150001525878906	116558	2023/08/14 
2023/08/15 	40.150001525878906	40.79999923706055	39.349998474121094	40.75	104064	2023/08/15 
2023/08/16 	39.79999923706055	40.150001525878906	39.0	39.79999923706055	94966	2023/08/16 
2023/08/17 	39.70000076293945	39.70000076293945	39.0	39.5	217655	2023/08/17 
2023/08/18 	39.20000076293945	39.650001525878906	39.04999923706055	39.45000076293945	198180	2023/08/18 
2023/08/21 	39.45000076293945	40.0	39.0	39.54999923706055	196013	2023/08/21 
2023/08/22 	39.5	39.650001525878906	39.04999923706055	39.5	119488	2023/08/22 
2023/08/23 	39.650001525878906	39.650001525878906	39.04999923706055	39.54999923706055	119810	2023/08/23 
2023/08/24 	39.349998474121094	39.650001525878906	38.849998474121094	39.29999923706055	158795	2023/08/24 
2023/08/25 	40.0	40.0	39.04999923706055	39.45000076293945	285073	2023/08/25 
2023/08/28 	39.650001525878906	41.45000076293945	39.20000076293945	41.150001525878906	442756	2023/08/28 
2023/08/29 	41.0	41.5	40.349998474121094	40.849998474121094	220245	2023/08/29 
2023/08/30 	41.0	41.20000076293945	40.599998474121094	40.95000076293945	215057	2023/08/30 
2023/08/31 	41.0	41.099998474121094	40.5	41.0	144194	2023/08/31 
2023/09/01 	41.0	41.04999923706055	40.599998474121094	41.0	246930	2023/09/01 
2023/09/04 	41.0	41.54999923706055	40.650001525878906	41.04999923706055	246685	2023/09/04 
2023/09/05 	41.0	41.04999923706055	40.099998474121094	40.5	120237	2023/09/05 
2023/09/06 	40.75	40.900001525878906	40.349998474121094	40.849998474121094	176785	2023/09/06 
2023/09/07 	40.849998474121094	40.849998474121094	39.70000076293945	40.150001525878906	100344	2023/09/07 
2023/09/08 	40.150001525878906	41.29999923706055	40.150001525878906	40.79999923706055	301063	2023/09/08 
2023/09/11 	40.79999923706055	41.29999923706055	40.75	41.0	187736	2023/09/11 
2023/09/12 	41.0	41.04999923706055	40.599998474121094	41.0	89867	2023/09/12 
2023/09/13 	40.900001525878906	41.04999923706055	40.650001525878906	40.849998474121094	72120	2023/09/13 
2023/09/14 	41.0	43.150001525878906	40.650001525878906	41.5	326172	2023/09/14 
2023/09/15 	41.29999923706055	42.0	40.900001525878906	41.45000076293945	99045	2023/09/15 
2023/09/18 	41.5	41.650001525878906	40.70000076293945	41.45000076293945	150380	2023/09/18 
2023/09/19 	41.29999923706055	41.70000076293945	40.650001525878906	41.349998474121094	91173	2023/09/19 
2023/09/20 	41.150001525878906	41.25	40.20000076293945	41.04999923706055	180096	2023/09/20 
2023/09/21 	41.0	41.0	39.95000076293945	40.400001525878906	235970	2023/09/21 
2023/09/22 	39.900001525878906	41.75	39.900001525878906	40.349998474121094	105121	2023/09/22 
2023/09/25 	41.0	41.0	39.75	40.650001525878906	116189	2023/09/25 
2023/09/26 	39.54999923706055	40.70000076293945	39.54999923706055	40.45000076293945	128821	2023/09/26 
2023/09/27 	40.45000076293945	40.45000076293945	40.0	40.25	40413	2023/09/27 
2023/09/28 	40.25	40.650001525878906	39.75	40.349998474121094	145367	2023/09/28 
2023/10/02 	40.29999923706055	42.900001525878906	40.04999923706055	40.95000076293945	294420	2023/10/02 
2023/10/03 	40.95000076293945	41.29999923706055	40.04999923706055	40.599998474121094	114772	2023/10/03 
2023/10/04 	40.04999923706055	40.5	39.650001525878906	40.099998474121094	106615	2023/10/04 
2023/10/05 	40.25	41.0	39.599998474121094	40.099998474121094	203181	2023/10/05 
2023/10/06 	40.5	40.5	39.849998474121094	40.099998474121094	98878	2023/10/06 
2023/10/11 	40.150001525878906	40.150001525878906	38.95000076293945	39.349998474121094	196774	2023/10/11 
2023/10/12 	39.70000076293945	40.0	38.95000076293945	39.900001525878906	133649	2023/10/12 
2023/10/13 	40.0	40.0	39.0	39.349998474121094	99022	2023/10/13 
2023/10/16 	39.0	39.5	38.849998474121094	39.099998474121094	86391	2023/10/16 
2023/10/17 	39.099998474121094	39.849998474121094	38.650001525878906	39.0	122580	2023/10/17 
2023/10/18 	39.150001525878906	39.150001525878906	37.849998474121094	38.349998474121094	227571	2023/10/18 
2023/10/19 	37.849998474121094	38.20000076293945	37.04999923706055	37.900001525878906	228542	2023/10/19 
2023/10/20 	37.400001525878906	37.400001525878906	36.349998474121094	37.04999923706055	218883	2023/10/20 
2023/10/23 	36.849998474121094	37.20000076293945	36.349998474121094	36.95000076293945	113230	2023/10/23 
2023/10/24 	37.0	37.150001525878906	36.349998474121094	37.0	32813	2023/10/24 
2023/10/25 	37.150001525878906	37.150001525878906	36.45000076293945	37.099998474121094	74279	2023/10/25 
2023/10/26 	36.599998474121094	37.150001525878906	36.599998474121094	37.0	34859	2023/10/26 
2023/10/27 	37.099998474121094	37.099998474121094	36.5	36.95000076293945	73457	2023/10/27 
2023/10/30 	36.95000076293945	37.150001525878906	36.650001525878906	37.150001525878906	73579	2023/10/30 
2023/10/31 	37.099998474121094	37.150001525878906	36.650001525878906	37.099998474121094	92364	2023/10/31 
2023/11/01 	37.150001525878906	37.150001525878906	36.70000076293945	37.04999923706055	46455	2023/11/01 
2023/11/02 	37.150001525878906	37.25	36.70000076293945	37.099998474121094	129657	2023/11/02 
2023/11/03 	37.099998474121094	37.20000076293945	36.75	37.20000076293945	42836	2023/11/03 
2023/11/06 	37.150001525878906	37.29999923706055	36.849998474121094	37.25	38160	2023/11/06 
2023/11/07 	37.25	37.25	36.75	37.150001525878906	21074	2023/11/07 
2023/11/08 	37.04999923706055	37.150001525878906	36.349998474121094	37.150001525878906	50393	2023/11/08 
2023/11/09 	37.150001525878906	37.25	36.75	37.150001525878906	76318	2023/11/09 
2023/11/10 	37.099998474121094	37.25	36.5	37.150001525878906	75697	2023/11/10 
2023/11/13 	36.849998474121094	37.0	36.349998474121094	37.0	68209	2023/11/13 
2023/11/14 	36.45000076293945	36.900001525878906	36.04999923706055	36.45000076293945	58579	2023/11/14 
2023/11/15 	36.5	36.5	36.0	36.349998474121094	140252	2023/11/15 
2023/11/16 	36.29999923706055	36.29999923706055	35.900001525878906	36.25	68674	2023/11/16 
2023/11/17 	35.79999923706055	36.150001525878906	35.54999923706055	35.95000076293945	176247	2023/11/17 
2023/11/20 	35.849998474121094	35.849998474121094	34.599998474121094	35.150001525878906	247946	2023/11/20 
2023/11/21 	34.599998474121094	35.25	34.599998474121094	35.150001525878906	123164	2023/11/21 
2023/11/22 	34.849998474121094	35.150001525878906	34.75	35.150001525878906	128772	2023/11/22 
2023/11/23 	35.150001525878906	35.150001525878906	34.650001525878906	35.04999923706055	139431	2023/11/23 
2023/11/24 	35.0	35.04999923706055	34.54999923706055	34.95000076293945	78744	2023/11/24 
2023/11/27 	34.79999923706055	34.95000076293945	33.849998474121094	34.150001525878906	148678	2023/11/27 
2023/11/28 	34.25	34.25	33.04999923706055	33.45000076293945	220565	2023/11/28 
2023/11/29 	33.349998474121094	34.25	33.20000076293945	34.25	221470	2023/11/29 
2023/11/30 	34.20000076293945	39.0	33.849998474121094	38.349998474121094	398763	2023/11/30 
2023/12/01 	37.70000076293945	41.150001525878906	37.599998474121094	39.95000076293945	748105	2023/12/01 
2023/12/04 	39.95000076293945	41.04999923706055	38.20000076293945	39.54999923706055	342134	2023/12/04 
2023/12/05 	39.75	39.75	37.849998474121094	38.099998474121094	166396	2023/12/05 
2023/12/06 	38.20000076293945	38.25	37.650001525878906	38.150001525878906	70367	2023/12/06 
2023/12/07 	38.150001525878906	38.150001525878906	37.349998474121094	38.150001525878906	71967	2023/12/07 
2023/12/08 	37.70000076293945	38.150001525878906	37.400001525878906	37.70000076293945	82517	2023/12/08 
2023/12/11 	37.70000076293945	37.95000076293945	36.70000076293945	37.150001525878906	90412	2023/12/11 
2023/12/12 	37.349998474121094	37.349998474121094	36.900001525878906	37.25	38046	2023/12/12 
2023/12/13 	37.099998474121094	37.150001525878906	36.20000076293945	36.79999923706055	64275	2023/12/13 
2023/12/14 	36.849998474121094	37.70000076293945	36.650001525878906	37.29999923706055	96196	2023/12/14 
2023/12/15 	37.5	37.70000076293945	36.54999923706055	37.0	81447	2023/12/15 
2023/12/18 	37.150001525878906	37.5	36.849998474121094	37.20000076293945	69809	2023/12/18 
2023/12/19 	37.150001525878906	37.150001525878906	36.45000076293945	37.0	27542	2023/12/19 
2023/12/20 	37.0	37.150001525878906	36.349998474121094	36.900001525878906	90368	2023/12/20 
2023/12/21 	37.0	37.0	36.20000076293945	36.95000076293945	18079	2023/12/21 
2023/12/22 	37.0	37.099998474121094	36.349998474121094	36.5	26533	2023/12/22 
2023/12/25 	36.5	37.0	36.349998474121094	36.75	68112	2023/12/25 
2023/12/26 	36.900001525878906	36.900001525878906	35.849998474121094	36.400001525878906	79673	2023/12/26 
2023/12/27 	36.400001525878906	36.849998474121094	36.0	36.400001525878906	112139	2023/12/27 
2023/12/28 	36.400001525878906	36.400001525878906	35.900001525878906	36.349998474121094	83539	2023/12/28 
2023/12/29 	36.349998474121094	36.349998474121094	36.0	36.29999923706055	23407	2023/12/29 
2024/01/02 	36.150001525878906	36.150001525878906	35.349998474121094	35.75	84266	2024/01/02 
2024/01/03 	35.29999923706055	36.25	35.20000076293945	35.95000076293945	30281	2024/01/03 
2024/01/04 	35.5	36.0	35.45000076293945	35.75	74867	2024/01/04 
2024/01/05 	36.400001525878906	36.54999923706055	35.349998474121094	35.599998474121094	48409	2024/01/05 
2024/01/08 	35.29999923706055	35.29999923706055	34.75	35.0	53415	2024/01/08 
2024/01/09 	34.599998474121094	35.150001525878906	34.099998474121094	34.5	80940	2024/01/09 
2024/01/10 	34.650001525878906	34.650001525878906	33.45000076293945	33.75	195108	2024/01/10 
2024/01/11 	33.29999923706055	34.0	32.849998474121094	33.25	165851	2024/01/11 
2024/01/12 	33.25	33.25	32.79999923706055	33.20000076293945	127491	2024/01/12 
2024/01/15 	34.0	34.0	32.79999923706055	33.150001525878906	159643	2024/01/15 
2024/01/16 	33.599998474121094	33.599998474121094	32.70000076293945	33.099998474121094	86299	2024/01/16 
2024/01/17 	33.0	33.0	32.5	32.95000076293945	150933	2024/01/17 
2024/01/18 	32.95000076293945	33.45000076293945	32.849998474121094	33.150001525878906	100414	2024/01/18 
2024/01/19 	33.150001525878906	34.400001525878906	33.04999923706055	33.849998474121094	182518	2024/01/19 
2024/01/22 	34.0	34.349998474121094	33.25	34.150001525878906	224711	2024/01/22 
2024/01/23 	33.150001525878906	34.29999923706055	33.150001525878906	33.5	34544	2024/01/23 
2024/01/24 	34.150001525878906	34.150001525878906	33.349998474121094	33.95000076293945	35924	2024/01/24 
2024/01/25 	34.150001525878906	34.5	33.849998474121094	34.150001525878906	119970	2024/01/25 
2024/01/26 	34.150001525878906	34.29999923706055	33.0	33.650001525878906	137857	2024/01/26 
2024/01/29 	34.0	34.0	33.349998474121094	33.650001525878906	46445	2024/01/29 
2024/01/30 	33.04999923706055	33.75	32.849998474121094	33.150001525878906	76301	2024/01/30 
2024/01/31 	33.150001525878906	33.20000076293945	32.849998474121094	33.150001525878906	56619	2024/01/31 
2024/02/01 	33.150001525878906	33.20000076293945	32.849998474121094	33.150001525878906	45897	2024/02/01 
2024/02/02 	33.150001525878906	33.29999923706055	32.79999923706055	33.29999923706055	144735	2024/02/02 
2024/02/05 	33.400001525878906	34.0	33.04999923706055	33.650001525878906	164013	2024/02/05 
2024/02/15 	33.650001525878906	34.150001525878906	32.849998474121094	33.45000076293945	181053	2024/02/15 
2024/02/16 	33.25	33.25	32.75	33.150001525878906	110738	2024/02/16 
2024/02/19 	32.849998474121094	33.150001525878906	32.650001525878906	33.150001525878906	155109	2024/02/19 
2024/02/20 	33.150001525878906	33.29999923706055	32.70000076293945	33.150001525878906	74419	2024/02/20 
2024/02/21 	32.70000076293945	33.150001525878906	32.349998474121094	33.0	91070	2024/02/21 
2024/02/22 	33.0	33.04999923706055	32.349998474121094	33.04999923706055	29815	2024/02/22 
2024/02/23 	32.349998474121094	33.0	32.0	32.79999923706055	124859	2024/02/23 
2024/02/26 	32.650001525878906	32.79999923706055	32.20000076293945	32.599998474121094	94319	2024/02/26 
2024/02/27 	32.79999923706055	32.79999923706055	31.950000762939453	32.20000076293945	133341	2024/02/27 
2024/02/29 	32.150001525878906	32.5	31.200000762939453	32.0	230290	2024/02/29 
2024/03/01 	32.0	33.5	31.299999237060547	32.20000076293945	181420	2024/03/01 
2024/03/04 	31.850000381469727	32.0	31.25	32.0	193116	2024/03/04 
2024/03/05 	32.0	32.150001525878906	31.399999618530273	32.0	115637	2024/03/05 
2024/03/06 	32.0	32.0	31.200000762939453	31.5	53922	2024/03/06 
2024/03/07 	32.0	32.0	30.649999618530273	31.200000762939453	226563	2024/03/07 
2024/03/08 	31.0	31.5	29.75	29.899999618530273	321088	2024/03/08 
2024/03/11 	29.799999237060547	30.799999237060547	29.200000762939453	30.100000381469727	134581	2024/03/11 
2024/03/12 	30.100000381469727	30.5	29.5	30.200000762939453	68501	2024/03/12 
2024/03/13 	30.299999237060547	30.399999618530273	29.350000381469727	29.799999237060547	124308	2024/03/13 
2024/03/14 	29.350000381469727	29.600000381469727	29.0	29.25	76684	2024/03/14 
2024/03/15 	30.0	30.0	29.149999618530273	29.600000381469727	32663	2024/03/15 
2024/03/18 	29.450000762939453	29.799999237060547	29.399999618530273	29.700000762939453	136682	2024/03/18 
2024/03/19 	30.0	30.0	29.350000381469727	29.75	134608	2024/03/19 
2024/03/20 	29.600000381469727	30.0	29.399999618530273	29.799999237060547	99047	2024/03/20 
2024/03/21 	30.0	30.450000762939453	29.399999618530273	30.450000762939453	273910	2024/03/21 
2024/03/22 	30.5	30.5	29.700000762939453	30.100000381469727	111417	2024/03/22 
2024/03/25 	29.799999237060547	30.0	29.350000381469727	30.0	35836	2024/03/25 
2024/03/26 	29.600000381469727	29.700000762939453	28.799999237060547	29.399999618530273	136662	2024/03/26 
2024/03/27 	29.700000762939453	29.700000762939453	28.600000381469727	29.100000381469727	304017	2024/03/27 
2024/03/28 	29.100000381469727	30.200000762939453	28.700000762939453	30.200000762939453	180845	2024/03/28 
2024/03/29 	30.200000762939453	30.950000762939453	30.0	30.950000762939453	168016	2024/03/29 
2024/04/01 	30.950000762939453	32.5	30.850000381469727	32.400001525878906	315145	2024/04/01 
2024/04/02 	32.400001525878906	35.20000076293945	32.400001525878906	35.150001525878906	313527	2024/04/02 
2024/04/03 	35.0	35.5	34.0	34.95000076293945	364715	2024/04/03 
2024/04/08 	35.0	35.0	32.849998474121094	33.5	245690	2024/04/08 
2024/04/09 	33.25	34.0	32.29999923706055	33.0	165559	2024/04/09 
2024/04/10 	33.0	33.79999923706055	32.79999923706055	33.25	120329	2024/04/10 
2024/04/11 	33.5	33.5	31.799999237060547	32.099998474121094	98680	2024/04/11 
2024/04/12 	31.850000381469727	32.0	31.200000762939453	31.700000762939453	172541	2024/04/12 
2024/04/15 	32.0	32.20000076293945	30.600000381469727	31.549999237060547	64613	2024/04/15 
2024/04/16 	31.549999237060547	31.549999237060547	29.549999237060547	30.600000381469727	121052	2024/04/16 
2024/04/17 	31.0	31.100000381469727	30.0	31.0	71491	2024/04/17 
2024/04/18 	31.0	31.0	30.049999237060547	30.75	31009	2024/04/18 
2024/04/19 	30.5	30.5	29.0	30.0	233401	2024/04/19 
2024/04/22 	30.0	30.799999237060547	28.799999237060547	29.5	127671	2024/04/22 
2024/04/23 	30.0	31.399999618530273	28.799999237060547	31.0	142176	2024/04/23 
2024/04/24 	31.0	31.149999618530273	30.049999237060547	31.0	47500	2024/04/24 
2024/04/25 	31.25	31.25	29.850000381469727	31.200000762939453	131289	2024/04/25 
2024/04/26 	31.25	32.650001525878906	31.0	32.29999923706055	243006	2024/04/26 
2024/04/29 	31.600000381469727	31.600000381469727	29.850000381469727	31.0	197307	2024/04/29 
2024/04/30 	30.899999618530273	31.149999618530273	29.850000381469727	31.100000381469727	36426	2024/04/30 
2024/05/02 	30.549999237060547	31.200000762939453	30.549999237060547	31.200000762939453	147457	2024/05/02 
2024/05/03 	31.200000762939453	31.350000381469727	30.899999618530273	31.350000381469727	91573	2024/05/03 
2024/05/06 	31.350000381469727	33.25	31.350000381469727	33.25	246487	2024/05/06 
2024/05/07 	33.25	33.400001525878906	32.400001525878906	33.400001525878906	169910	2024/05/07 
2024/05/08 	33.75	33.79999923706055	32.900001525878906	33.650001525878906	223011	2024/05/08 
2024/05/09 	33.650001525878906	33.650001525878906	32.599998474121094	33.25	214458	2024/05/09 
2024/05/10 	32.849998474121094	35.45000076293945	32.849998474121094	34.150001525878906	263218	2024/05/10 
2024/05/13 	33.75	34.25	33.5	34.150001525878906	97113	2024/05/13 
2024/05/14 	34.150001525878906	37.400001525878906	34.150001525878906	37.349998474121094	1054597	2024/05/14 
2024/05/15 	37.349998474121094	38.29999923706055	37.04999923706055	38.25	682637	2024/05/15 
2024/05/16 	38.400001525878906	38.79999923706055	37.95000076293945	38.5	637155	2024/05/16 
2024/05/17 	38.5	39.20000076293945	38.0	38.650001525878906	566743	2024/05/17 
2024/05/20 	38.0	38.95000076293945	36.849998474121094	37.650001525878906	724538	2024/05/20 
2024/05/21 	37.45000076293945	38.099998474121094	36.0	36.45000076293945	366178	2024/05/21 
2024/05/22 	36.29999923706055	37.0	34.599998474121094	34.599998474121094	463141	2024/05/22 
2024/05/23 	35.0	35.79999923706055	34.04999923706055	34.79999923706055	285629	2024/05/23 
2024/05/24 	34.849998474121094	35.599998474121094	33.79999923706055	34.5	150882	2024/05/24 
2024/05/27 	34.5	36.25	34.45000076293945	35.70000076293945	306903	2024/05/27 
2024/05/28 	36.150001525878906	36.150001525878906	35.349998474121094	36.099998474121094	89674	2024/05/28 
2024/05/29 	36.04999923706055	38.54999923706055	35.900001525878906	38.349998474121094	713838	2024/05/29 
2024/05/30 	38.650001525878906	38.79999923706055	37.849998474121094	38.599998474121094	356173	2024/05/30 
2024/05/31 	38.599998474121094	39.25	38.04999923706055	39.25	667749	2024/05/31 
2024/06/03 	39.099998474121094	40.29999923706055	39.099998474121094	40.25	767631	2024/06/03 
2024/06/04 	40.400001525878906	40.400001525878906	37.25	39.0	771351	2024/06/04 
2024/06/05 	39.150001525878906	39.95000076293945	38.849998474121094	39.400001525878906	517839	2024/06/05 
2024/06/06 	39.75	39.75	37.75	38.45000076293945	258295	2024/06/06 
2024/06/07 	39.0	39.0	37.54999923706055	38.150001525878906	146695	2024/06/07 
2024/06/11 	38.150001525878906	39.150001525878906	37.849998474121094	38.29999923706055	188305	2024/06/11 
2024/06/12 	38.349998474121094	38.45000076293945	37.45000076293945	38.099998474121094	186836	2024/06/12 
2024/06/13 	37.849998474121094	38.150001525878906	36.599998474121094	37.0	384837	2024/06/13 
2024/06/14 	37.54999923706055	37.54999923706055	36.349998474121094	37.099998474121094	172168	2024/06/14 
2024/06/17 	37.099998474121094	37.45000076293945	36.04999923706055	37.0	345986	2024/06/17 
2024/06/18 	36.349998474121094	37.349998474121094	36.349998474121094	36.79999923706055	193036	2024/06/18 
2024/06/19 	36.099998474121094	36.349998474121094	35.04999923706055	35.900001525878906	341920	2024/06/19 
2024/06/20 	35.900001525878906	35.900001525878906	34.849998474121094	35.20000076293945	230974	2024/06/20 
2024/06/21 	35.0	35.25	34.70000076293945	35.25	98301	2024/06/21 
2024/06/24 	35.099998474121094	40.0	34.849998474121094	38.25	380402	2024/06/24 
2024/06/25 	38.900001525878906	38.900001525878906	37.54999923706055	38.150001525878906	141253	2024/06/25 
2024/06/26 	38.25	38.25	37.599998474121094	37.70000076293945	165959	2024/06/26 
2024/06/27 	38.150001525878906	38.150001525878906	37.75	38.150001525878906	134475	2024/06/27 
2024/06/28 	38.150001525878906	38.150001525878906	37.20000076293945	37.650001525878906	188297	2024/06/28 
2024/07/01 	37.650001525878906	38.45000076293945	37.650001525878906	38.150001525878906	198695	2024/07/01 
2024/07/02 	38.150001525878906	38.25	37.349998474121094	38.099998474121094	112370	2024/07/02 
2024/07/03 	38.150001525878906	38.150001525878906	37.20000076293945	37.650001525878906	250037	2024/07/03 
2024/07/04 	37.349998474121094	38.29999923706055	37.25	37.900001525878906	366033	2024/07/04 
2024/07/05 	38.0	38.150001525878906	37.20000076293945	38.0	173522	2024/07/05 
2024/07/08 	38.0	38.150001525878906	37.5	37.95000076293945	299885	2024/07/08 
2024/07/09 	38.0	38.150001525878906	37.150001525878906	37.70000076293945	158185	2024/07/09 
2024/07/10 	38.0	38.0	37.04999923706055	37.54999923706055	114290	2024/07/10 
2024/07/11 	38.0	38.0	37.04999923706055	37.599998474121094	57062	2024/07/11 
2024/07/12 	37.150001525878906	38.0	37.0	37.29999923706055	157776	2024/07/12 
2024/07/15 	38.0	38.0	37.29999923706055	37.650001525878906	201258	2024/07/15 
2024/07/16 	37.349998474121094	37.79999923706055	37.20000076293945	37.5	112634	2024/07/16 
2024/07/17 	37.5	37.5	37.0	37.349998474121094	72630	2024/07/17 
2024/07/18 	37.0	37.29999923706055	36.75	37.150001525878906	167929	2024/07/18 
2024/07/19 	37.25	37.349998474121094	36.349998474121094	36.79999923706055	166354	2024/07/19 
2024/07/22 	37.099998474121094	37.150001525878906	33.79999923706055	34.75	296920	2024/07/22 
2024/07/23 	35.25	36.0	35.0	36.0	107612	2024/07/23 
2024/07/26 	35.0	35.29999923706055	34.5	35.150001525878906	87813	2024/07/26 
2024/07/29 	34.70000076293945	35.150001525878906	33.79999923706055	34.349998474121094	202198	2024/07/29 
2024/07/30 	34.04999923706055	34.45000076293945	33.849998474121094	34.45000076293945	79732	2024/07/30 
2024/07/31 	34.45000076293945	34.599998474121094	33.849998474121094	34.54999923706055	25685	2024/07/31 
2024/08/01 	33.900001525878906	34.400001525878906	33.70000076293945	34.25	144868	2024/08/01 
2024/08/02 	33.849998474121094	34.0	33.29999923706055	33.900001525878906	159144	2024/08/02 
2024/08/05 	33.349998474121094	33.5	30.0	31.899999618530273	309434	2024/08/05 
2024/08/06 	31.899999618530273	31.899999618530273	29.399999618530273	31.5	179539	2024/08/06 
2024/08/07 	31.5	32.400001525878906	30.0	31.75	77745	2024/08/07 
2024/08/08 	31.75	32.0	31.0	32.0	99830	2024/08/08 
2024/08/09 	32.0	32.5	31.25	31.950000762939453	87567	2024/08/09 
2024/08/12 	32.0	32.45000076293945	31.200000762939453	32.0	37321	2024/08/12 
2024/08/13 	32.0	32.29999923706055	30.0	31.25	92141	2024/08/13 
2024/08/14 	31.350000381469727	31.350000381469727	29.700000762939453	31.0	101162	2024/08/14 
2024/08/15 	31.25	33.25	31.100000381469727	33.099998474121094	191864	2024/08/15 
2024/08/16 	33.45000076293945	33.599998474121094	32.20000076293945	33.0	179155	2024/08/16 
2024/08/19 	33.0	33.5	32.04999923706055	33.150001525878906	29493	2024/08/19 
2024/08/20 	32.099998474121094	33.150001525878906	31.399999618530273	32.349998474121094	210226	2024/08/20 
2024/08/21 	32.349998474121094	32.349998474121094	31.600000381469727	32.099998474121094	55438	2024/08/21 
2024/08/22 	32.150001525878906	33.150001525878906	32.0	32.650001525878906	107457	2024/08/22 
2024/08/23 	33.0	33.0	32.25	33.0	52770	2024/08/23 
2024/08/26 	33.0	33.650001525878906	32.849998474121094	33.400001525878906	174492	2024/08/26 
2024/08/27 	32.70000076293945	33.099998474121094	32.5	33.0	91266	2024/08/27 
2024/08/28 	33.0	33.79999923706055	33.0	33.75	140821	2024/08/28 
2024/08/29 	33.5	33.79999923706055	32.0	32.79999923706055	172259	2024/08/29 
2024/08/30 	33.150001525878906	33.150001525878906	32.650001525878906	32.95000076293945	48703	2024/08/30 
2024/09/02 	33.0	33.0	32.349998474121094	32.79999923706055	62146	2024/09/02 
2024/09/03 	32.650001525878906	32.95000076293945	31.850000381469727	32.650001525878906	88639	2024/09/03 
2024/09/04 	32.650001525878906	32.650001525878906	31.5	32.0	70830	2024/09/04 
2024/09/05 	31.5	32.20000076293945	31.25	32.150001525878906	77734	2024/09/05 
2024/09/06 	31.350000381469727	32.150001525878906	31.350000381469727	32.099998474121094	59321	2024/09/06 
2024/09/09 	31.5	32.5	31.350000381469727	32.0	162114	2024/09/09 
2024/09/10 	31.799999237060547	33.0	31.5	32.25	90663	2024/09/10 
2024/09/11 	31.850000381469727	32.400001525878906	31.649999618530273	32.0	62451	2024/09/11 
2024/09/12 	32.0	32.29999923706055	31.549999237060547	32.0	111962	2024/09/12 
2024/09/13 	31.700000762939453	32.29999923706055	31.549999237060547	31.799999237060547	39861	2024/09/13 
2024/09/16 	31.5	31.899999618530273	31.399999618530273	31.700000762939453	80028	2024/09/16 
2024/09/18 	31.600000381469727	31.799999237060547	31.0	31.600000381469727	97849	2024/09/18 
2024/09/19 	31.600000381469727	31.950000762939453	31.200000762939453	31.5	171096	2024/09/19 
2024/09/20 	31.700000762939453	32.099998474121094	31.049999237060547	31.600000381469727	151377	2024/09/20 
2024/09/23 	31.600000381469727	31.700000762939453	30.899999618530273	31.100000381469727	135104	2024/09/23 
2024/09/24 	31.0	31.200000762939453	29.899999618530273	30.5	246163	2024/09/24 
2024/09/25 	30.149999618530273	30.600000381469727	30.100000381469727	30.399999618530273	128924	2024/09/25 
2024/09/26 	30.299999237060547	30.549999237060547	29.850000381469727	30.200000762939453	157540	2024/09/26 
2024/09/27 	31.0	31.0	29.850000381469727	30.049999237060547	147384	2024/09/27 
2024/09/30 	29.950000762939453	31.0	29.950000762939453	30.149999618530273	161471	2024/09/30 
2024/10/01 	29.950000762939453	30.450000762939453	29.799999237060547	30.450000762939453	95010	2024/10/01 
2024/10/04 	29.899999618530273	31.0	29.850000381469727	30.0	153069	2024/10/04 
2024/10/07 	30.0	30.149999618530273	29.799999237060547	30.0	92631	2024/10/07 
2024/10/08 	30.0	30.100000381469727	29.700000762939453	30.100000381469727	68919	2024/10/08 
2024/10/09 	29.649999618530273	30.5	29.399999618530273	30.0	185252	2024/10/09 
2024/10/11 	29.649999618530273	30.149999618530273	29.549999237060547	29.799999237060547	88993	2024/10/11 
2024/10/14 	29.5	29.799999237060547	29.299999237060547	29.549999237060547	141527	2024/10/14 
2024/10/15 	29.25	29.5	28.799999237060547	29.0	177914	2024/10/15 
2024/10/16 	29.0	29.100000381469727	28.700000762939453	29.049999237060547	142611	2024/10/16 
2024/10/17 	29.700000762939453	29.700000762939453	28.5	29.700000762939453	239500	2024/10/17 
2024/10/18 	30.0	30.0	28.899999618530273	29.5	110406	2024/10/18 
2024/10/21 	29.399999618530273	29.5	28.5	29.0	97626	2024/10/21 
2024/10/22 	28.549999237060547	29.100000381469727	28.5	28.899999618530273	143730	2024/10/22 
2024/10/23 	28.549999237060547	29.0	28.299999237060547	29.0	70983	2024/10/23 
2024/10/24 	28.350000381469727	29.149999618530273	28.299999237060547	29.0	108769	2024/10/24 
2024/10/25 	28.350000381469727	29.0	28.0	28.649999618530273	200714	2024/10/25 
2024/10/28 	28.299999237060547	28.950000762939453	28.25	28.950000762939453	74107	2024/10/28 
2024/10/29 	28.950000762939453	29.0	27.950000762939453	28.600000381469727	98811	2024/10/29 
2024/10/30 	28.799999237060547	28.799999237060547	28.0	28.5	107843	2024/10/30 
2024/11/01 	27.899999618530273	28.5	27.600000381469727	28.200000762939453	98280	2024/11/01 
2024/11/04 	27.850000381469727	28.149999618530273	27.299999237060547	27.799999237060547	172732	2024/11/04 
2024/11/05 	28.0	28.0	27.0	27.5	144930	2024/11/05 
2024/11/06 	27.649999618530273	27.649999618530273	26.899999618530273	26.899999618530273	161757	2024/11/06 
2024/11/07 	27.700000762939453	27.700000762939453	26.450000762939453	26.950000762939453	191412	2024/11/07 
2024/11/08 	26.950000762939453	26.950000762939453	26.049999237060547	26.100000381469727	168617	2024/11/08 
2024/11/11 	27.0	27.299999237060547	26.049999237060547	26.899999618530273	93294	2024/11/11 
2024/11/12 	26.899999618530273	27.0	26.299999237060547	26.950000762939453	96210	2024/11/12 
2024/11/13 	26.25	26.600000381469727	25.700000762939453	26.5	155050	2024/11/13 
2024/11/14 	26.0	26.200000762939453	25.25	25.600000381469727	131689	2024/11/14 
2024/11/15 	25.600000381469727	26.0	25.100000381469727	25.5	138880	2024/11/15 
2024/11/18 	25.100000381469727	25.100000381469727	23.549999237060547	24.0	369727	2024/11/18 
2024/11/19 	24.0	27.5	23.799999237060547	25.549999237060547	142622	2024/11/19 
2024/11/20 	26.299999237060547	28.350000381469727	26.0	28.0	358472	2024/11/20 
2024/11/21 	27.799999237060547	28.100000381469727	27.399999618530273	28.0	75407	2024/11/21 
2024/11/22 	28.0	28.100000381469727	27.399999618530273	28.0	51609	2024/11/22 
2024/11/25 	28.0	28.149999618530273	27.5	28.100000381469727	43306	2024/11/25 
2024/11/26 	28.100000381469727	29.600000381469727	28.0	29.399999618530273	354251	2024/11/26 
2024/11/27 	29.399999618530273	29.399999618530273	28.299999237060547	29.0	96639	2024/11/27 
2024/11/28 	29.0	29.399999618530273	28.0	29.0	66238	2024/11/28 
2024/11/29 	29.0	30.0	28.5	29.25	131459	2024/11/29 
2024/12/02 	29.399999618530273	29.450000762939453	28.700000762939453	29.25	104693	2024/12/02 
2024/12/03 	29.299999237060547	29.399999618530273	28.600000381469727	29.100000381469727	83513	2024/12/03 
2024/12/04 	29.100000381469727	29.200000762939453	28.549999237060547	28.799999237060547	54059	2024/12/04 
2024/12/05 	29.0	29.100000381469727	28.549999237060547	29.0	15759	2024/12/05 
2024/12/06 	29.0	29.0	28.0	28.399999618530273	55511	2024/12/06 
2024/12/09 	28.399999618530273	28.399999618530273	27.649999618530273	28.149999618530273	55960	2024/12/09 
2024/12/10 	28.149999618530273	28.350000381469727	27.649999618530273	28.350000381469727	19449	2024/12/10 
2024/12/11 	28.350000381469727	28.600000381469727	27.649999618530273	28.149999618530273	65009	2024/12/11 
2024/12/12 	27.549999237060547	28.25	27.549999237060547	28.25	51609	2024/12/12 
2024/12/13 	27.549999237060547	28.399999618530273	27.5	28.149999618530273	23004	2024/12/13 
2024/12/16 	28.149999618530273	28.149999618530273	27.450000762939453	28.0	13103	2024/12/16 
2024/12/17 	27.5	28.149999618530273	27.350000381469727	28.149999618530273	35047	2024/12/17 
2024/12/18 	27.350000381469727	28.149999618530273	27.350000381469727	27.850000381469727	17074	2024/12/18 
2024/12/19 	28.0	28.0	27.149999618530273	28.0	40022	2024/12/19 
2024/12/20 	28.0	28.0	27.049999237060547	27.649999618530273	53408	2024/12/20 
2024/12/23 	27.149999618530273	28.100000381469727	27.0	27.649999618530273	42306	2024/12/23 
2024/12/24 	27.850000381469727	27.850000381469727	26.5	27.799999237060547	30956	2024/12/24 
2024/12/25 	27.700000762939453	27.700000762939453	27.049999237060547	27.399999618530273	50105	2024/12/25 
2024/12/26 	27.5	27.700000762939453	26.600000381469727	27.100000381469727	25745	2024/12/26 
2024/12/27 	27.200000762939453	27.799999237060547	26.899999618530273	27.799999237060547	61087	2024/12/27 
2024/12/30 	27.700000762939453	27.850000381469727	26.600000381469727	27.649999618530273	30564	2024/12/30 
2024/12/31 	27.600000381469727	27.649999618530273	26.600000381469727	27.649999618530273	58057	2024/12/31 
2025/01/02 	27.299999237060547	28.399999618530273	27.049999237060547	28.0	141596	2025/01/02 
2025/01/03 	28.149999618530273	28.700000762939453	27.799999237060547	28.649999618530273	83897	2025/01/03 
2025/01/06 	28.649999618530273	28.649999618530273	27.850000381469727	28.25	48210	2025/01/06 
2025/01/07 	28.25	28.25	27.350000381469727	28.100000381469727	101627	2025/01/07 
2025/01/08 	28.100000381469727	28.100000381469727	27.299999237060547	28.0	28075	2025/01/08 
2025/01/09 	28.0	28.149999618530273	27.350000381469727	28.0	63010	2025/01/09 
2025/01/10 	28.0	28.0	27.399999618530273	27.700000762939453	61189	2025/01/10 
2025/01/13 	27.450000762939453	27.850000381469727	27.200000762939453	27.600000381469727	127692	2025/01/13 
2025/01/14 	27.200000762939453	27.649999618530273	26.850000381469727	27.100000381469727	114478	2025/01/14 
2025/01/15 	26.950000762939453	27.200000762939453	26.899999618530273	27.200000762939453	67943	2025/01/15 
2025/01/16 	27.549999237060547	27.549999237060547	26.899999618530273	27.399999618530273	26864	2025/01/16 
2025/01/17 	27.350000381469727	27.549999237060547	27.0	27.5	31215	2025/01/17 
2025/01/20 	27.649999618530273	27.649999618530273	26.899999618530273	27.600000381469727	73015	2025/01/20 
2025/01/21 	26.899999618530273	27.600000381469727	26.799999237060547	27.5	30009	2025/01/21 
2025/01/22 	27.5	27.649999618530273	26.850000381469727	27.600000381469727	66128	2025/01/22 
2025/02/03 	26.600000381469727	27.600000381469727	26.549999237060547	27.100000381469727	80608	2025/02/03 
2025/02/04 	26.649999618530273	27.5	26.600000381469727	27.0	78197	2025/02/04 
2025/02/05 	27.799999237060547	27.799999237060547	26.399999618530273	26.649999618530273	55228	2025/02/05 
2025/02/06 	26.649999618530273	27.299999237060547	26.299999237060547	26.600000381469727	82007	2025/02/06 
2025/02/07 	26.799999237060547	26.799999237060547	26.25	26.75	7403	2025/02/07 
2025/02/10 	27.0	27.0	25.950000762939453	27.0	45047	2025/02/10 
2025/02/11 	27.0	27.0	26.0	26.450000762939453	36002	2025/02/11 
2025/02/12 	26.200000762939453	27.149999618530273	25.850000381469727	27.0	71328	2025/02/12 
2025/02/13 	27.0	27.149999618530273	25.899999618530273	27.0	14023	2025/02/13 
2025/02/14 	26.0	27.0	26.0	27.0	61121	2025/02/14 
2025/02/17 	27.0	27.149999618530273	25.899999618530273	26.649999618530273	119216	2025/02/17 
2025/02/18 	26.5	27.100000381469727	26.25	27.100000381469727	57719	2025/02/18 
2025/02/19 	26.049999237060547	27.100000381469727	25.799999237060547	26.850000381469727	98210	2025/02/19 
2025/02/20 	26.100000381469727	27.0	25.799999237060547	26.200000762939453	96203	2025/02/20 
2025/02/21 	26.149999618530273	27.100000381469727	26.0	26.200000762939453	33307	2025/02/21 
2025/02/24 	26.200000762939453	27.0	25.799999237060547	26.25	32512	2025/02/24 
2025/02/25 	26.350000381469727	27.0	25.799999237060547	26.399999618530273	83666	2025/02/25 
2025/02/26 	26.799999237060547	26.799999237060547	26.0	26.450000762939453	68390	2025/02/26 
2025/02/27 	26.5	26.549999237060547	26.100000381469727	26.399999618530273	47005	2025/02/27 
2025/03/03 	26.5	26.700000762939453	26.0	26.700000762939453	72208	2025/03/03 
2025/03/04 	26.5	26.600000381469727	26.049999237060547	26.5	46017	2025/03/04 
2025/03/05 	27.0	27.0	26.0	26.600000381469727	19015	2025/03/05 
2025/03/06 	26.0	26.350000381469727	25.75	26.350000381469727	108714	2025/03/06 
2025/03/07 	26.350000381469727	26.450000762939453	25.75	26.350000381469727	120309	2025/03/07 
2025/03/10 	26.299999237060547	26.299999237060547	25.450000762939453	25.649999618530273	207566	2025/03/10 
2025/03/11 	25.5	25.700000762939453	24.899999618530273	25.700000762939453	87613	2025/03/11 
2025/03/12 	25.450000762939453	25.700000762939453	24.799999237060547	25.5	112264	2025/03/12 
2025/03/13 	25.700000762939453	25.799999237060547	24.5	25.75	176240	2025/03/13 
2025/03/14 	25.5	25.75	25.0	25.5	49892	2025/03/14 
2025/03/17 	24.850000381469727	25.649999618530273	24.25	25.450000762939453	137272	2025/03/17 
2025/03/18 	24.350000381469727	25.100000381469727	24.299999237060547	25.0	28354	2025/03/18 
2025/03/19 	25.0	25.350000381469727	24.350000381469727	25.0	38514	2025/03/19 
2025/03/20 	25.0	25.200000762939453	24.0	25.0	95273	2025/03/20 
2025/03/21 	25.0	25.5	24.850000381469727	25.100000381469727	46157	2025/03/21 
2025/03/24 	25.100000381469727	25.5	24.350000381469727	25.0	89422	2025/03/24 
2025/03/25 	25.0	25.100000381469727	24.350000381469727	25.0	16367	2025/03/25 
2025/03/26 	25.0	26.5	25.0	26.0	69868	2025/03/26 
2025/03/27 	25.049999237060547	26.0	25.0	25.799999237060547	35835	2025/03/27 
2025/03/28 	25.600000381469727	25.799999237060547	24.700000762939453	25.0	46232	2025/03/28 
2025/03/31 	24.700000762939453	25.100000381469727	23.899999618530273	25.0	51040	2025/03/31 
2025/04/01 	24.899999618530273	24.899999618530273	24.0	24.899999618530273	23924	2025/04/01 
2025/04/02 	24.899999618530273	24.899999618530273	24.25	24.899999618530273	1822	2025/04/02 
2025/04/07 	23.700000762939453	24.0	21.049999237060547	21.450000762939453	247999	2025/04/07 
2025/04/08 	21.299999237060547	22.100000381469727	20.799999237060547	21.75	207616	2025/04/08 
2025/04/09 	21.75	21.75	19.799999237060547	20.200000762939453	159366	2025/04/09 
2025/04/10 	21.5	22.600000381469727	20.799999237060547	22.600000381469727	91025	2025/04/10 
2025/04/11 	21.799999237060547	22.600000381469727	21.5	22.149999618530273	58136	2025/04/11 
2025/04/14 	22.399999618530273	22.5	21.600000381469727	21.700000762939453	62400	2025/04/14 
2025/04/15 	22.0	22.299999237060547	21.5	22.0	28856	2025/04/15 
2025/04/16 	22.0	22.25	21.5	22.100000381469727	22387	2025/04/16 
2025/04/17 	22.100000381469727	22.25	21.450000762939453	21.649999618530273	53474	2025/04/17 
2025/04/18 	21.649999618530273	22.549999237060547	21.399999618530273	22.5	55045	2025/04/18 
2025/04/21 	22.5	22.5	21.5	22.100000381469727	37004	2025/04/21 
2025/04/22 	21.5	22.0	21.200000762939453	21.600000381469727	80712	2025/04/22 
2025/04/23 	21.600000381469727	22.0	21.200000762939453	21.950000762939453	31183	2025/04/23 
2025/04/24 	21.950000762939453	22.0	21.0	21.899999618530273	17505	2025/04/24 
2025/04/25 	21.899999618530273	22.0	21.549999237060547	21.950000762939453	39407	2025/04/25 
2025/04/28 	21.950000762939453	21.950000762939453	21.299999237060547	21.950000762939453	52771	2025/04/28 
2025/04/29 	21.950000762939453	22.0	21.350000381469727	21.950000762939453	23170	2025/04/29 
2025/04/30 	21.950000762939453	22.100000381469727	21.700000762939453	21.950000762939453	75308	2025/04/30 
2025/05/02 	21.950000762939453	22.0	21.25	22.0	23004	2025/05/02 
2025/05/05 	21.350000381469727	22.299999237060547	21.350000381469727	22.25	56085	2025/05/05 
2025/05/06 	22.0	22.0	21.350000381469727	21.950000762939453	29004	2025/05/06 
2025/05/07 	21.950000762939453	22.0	21.350000381469727	21.950000762939453	16104	2025/05/07 
2025/05/08 	22.0	22.0	21.350000381469727	21.950000762939453	11053	2025/05/08 
2025/05/09 	22.0	22.0	21.200000762939453	21.600000381469727	56555	2025/05/09 
2025/05/12 	21.600000381469727	22.399999618530273	21.299999237060547	22.0	122433	2025/05/12 
2025/05/13 	22.0	22.149999618530273	21.5	22.149999618530273	22945	2025/05/13 
2025/05/14 	22.149999618530273	22.399999618530273	21.549999237060547	22.399999618530273	58010	2025/05/14 
2025/05/15 	22.399999618530273	22.399999618530273	21.549999237060547	22.25	20007	2025/05/15 
2025/05/16 	22.0	22.350000381469727	21.399999618530273	22.350000381469727	46275	2025/05/16 
2025/05/19 	21.75	22.200000762939453	21.149999618530273	22.200000762939453	141236	2025/05/19 
2025/05/20 	22.149999618530273	22.5	21.549999237060547	22.149999618530273	95010	2025/05/20 
2025/05/21 	22.350000381469727	22.399999618530273	21.75	22.399999618530273	39031	2025/05/21 
2025/05/22 	22.0	22.700000762939453	21.850000381469727	22.700000762939453	60195	2025/05/22 
2025/05/23 	22.75	24.700000762939453	22.5	24.700000762939453	129739	2025/05/23 
2025/05/26 	24.700000762939453	29.850000381469727	24.700000762939453	28.0	412665	2025/05/26 
2025/05/27 	27.25	29.350000381469727	27.25	28.299999237060547	382413	2025/05/27 
2025/05/28 	28.600000381469727	28.899999618530273	27.299999237060547	27.899999618530273	172832	2025/05/28 
2025/05/29 	27.25	28.0	27.200000762939453	27.799999237060547	38651	2025/05/29 
2025/06/02 	28.0	28.350000381469727	27.100000381469727	28.0	86858	2025/06/02 
2025/06/03 	28.0	28.100000381469727	27.200000762939453	28.0	43056	2025/06/03 
2025/06/04 	28.0	28.5	27.200000762939453	28.0	84642	2025/06/04 
2025/06/05 	28.0	28.0	26.850000381469727	27.600000381469727	50154	2025/06/05 
2025/06/06 	28.0	28.0	26.850000381469727	27.25	186995	2025/06/06 
