Date	Open	High	Low	Close	Volume	Date
2021/05/25 	142.77556505031927	178.22329154557096	142.77556505031927	164.4380645751953	3453000	2021/05/25 
2021/05/26 	155.57613435083505	192.99317932128906	153.60681619449537	192.99317932128906	2641000	2021/05/26 
2021/05/27 	185.1159079986093	201.85511244529204	181.17727165821336	188.06988525390625	2075000	2021/05/27 
2021/05/28 	188.06987346669354	190.5315210251581	178.22328323283523	186.10055541992188	1296000	2021/05/28 
2021/05/31 	185.11590688901717	194.47016814138772	179.20795241383576	186.5928955078125	1270000	2021/05/31 
2021/06/01 	183.14658171555092	184.13124075703237	168.37669609332906	171.33067321777344	1713000	2021/06/01 
2021/06/02 	172.31534036357752	181.66960169760029	168.37670401241002	175.26931762695312	837000	2021/06/02 
2021/06/03 	175.26930583607069	178.22328290072355	168.86902219598943	173.29998779296875	402000	2021/06/03 
2021/06/04 	172.3153481554629	173.30000728777983	164.43807509692746	164.93040466308594	671000	2021/06/04 
2021/06/07 	166.40738859630767	167.3920477004278	157.54545665922618	165.4227294921875	508000	2021/06/07 
2021/06/08 	167.8843742308578	181.6696014404297	167.8843742308578	181.6696014404297	884000	2021/06/08 
2021/06/09 	188.5622132854697	199.39346313476562	182.16192928361303	199.39346313476562	1798000	2021/06/09 
2021/06/10 	201.85511082778743	212.19403113847898	195.45482682593075	199.39346313476562	1718000	2021/06/10 
2021/06/11 	199.3934549471227	206.77839772294206	189.0545350609756	201.8551025390625	957000	2021/06/11 
2021/06/15 	200.8704558616461	213.67102412733922	197.91647856956305	211.7017059326172	1090000	2021/06/15 
2021/06/16 	202.83976971932006	214.6556786350086	202.83976971932006	205.7937469482422	776000	2021/06/16 
2021/06/17 	202.34743205745045	207.76305675971798	199.88578446551065	201.8551025390625	656000	2021/06/17 
2021/06/18 	202.83977217105763	207.7630676121027	200.37812445053507	202.34744262695312	568000	2021/06/18 
2021/06/21 	202.83977677336836	222.532958984375	202.83977677336836	222.532958984375	1003000	2021/06/21 
2021/06/22 	236.31817270812374	244.68777465820312	228.4409002845196	244.68777465820312	2271000	2021/06/22 
2021/06/23 	238.28750774163612	255.51904239237427	238.28750774163612	247.6417694091797	1518000	2021/06/23 
2021/06/24 	247.64176237302922	272.25823974609375	247.64176237302922	272.25823974609375	1879000	2021/06/24 
2021/06/25 	279.1508533076236	299.33636474609375	277.6738646657843	299.33636474609375	2085000	2021/06/25 
2021/06/28 	308.1982886948271	328.8761291503906	308.1982886948271	328.8761291503906	1872000	2021/06/28 
2021/06/29 	330.845458984375	354.47727748325894	308.6906291416713	330.845458984375	1711000	2021/06/29 
2021/06/30 	311.64460570493816	327.8914808838686	302.29034423828125	302.29034423828125	1136000	2021/06/30 
2021/07/01 	313.12159206992703	313.12159206992703	285.55113742226047	299.33636474609375	1199000	2021/07/01 
2021/07/02 	296.8747284833123	307.21364937576595	295.39773978439035	301.3056945800781	675000	2021/07/02 
2021/07/05 	312.13695171946495	312.13695171946495	288.9974616077696	295.89007568359375	786000	2021/07/05 
2021/07/06 	301.305691579106	325.4298400878906	296.3823959650683	325.4298400878906	1157000	2021/07/06 
2021/07/07 	323.46052184227557	342.6613747370225	318.0448966668341	325.4298400878906	893000	2021/07/07 
2021/07/08 	320.5065318816299	331.33778180696913	305.2443160777427	321.9835205078125	655000	2021/07/08 
2021/07/09 	321.49118370233583	342.6613535326581	318.04487698577174	338.72271728515625	843000	2021/07/09 
2021/07/12 	339.70736306811136	372.20111083984375	339.70736306811136	372.20111083984375	1128000	2021/07/12 
2021/07/13 	365.80086074806695	380.07841789704935	335.27642822265625	335.27642822265625	4346000	2021/07/13 
2021/07/14 	341.67670755386354	342.66136665344237	302.29034357070924	315.0909118652344	2366000	2021/07/14 
2021/07/15 	326.9068278350164	340.6920555148062	316.0755775151815	338.23040771484375	1628000	2021/07/15 
2021/07/16 	338.2303940819912	371.21647327193796	329.8607918994674	360.3852233886719	2526000	2021/07/16 
2021/07/19 	367.77017302898145	396.3252868652344	367.77017302898145	396.3252868652344	2953000	2021/07/19 
2021/07/20 	397.8022703799902	420.44942933726685	374.1704523376145	376.1397705078125	4205000	2021/07/20 
2021/07/21 	391.40199840068817	395.8329644203186	369.7394978602727	378.1091003417969	1668000	2021/07/21 
2021/07/22 	374.1704481560994	385.49402750819183	357.4312438964844	357.4312438964844	1925000	2021/07/22 
2021/07/23 	358.90822656183747	374.66277148636254	357.43123797516324	362.84686279296875	974000	2021/07/23 
2021/07/26 	365.3085115999789	373.18578408730997	343.6460122598184	364.3238525390625	1242000	2021/07/26 
2021/07/27 	373.1858058192232	396.81762465737984	370.23182846445366	379.5860900878906	2647000	2021/07/27 
2021/07/28 	393.86363355419303	403.21789485110514	353.00028157294554	388.9403381347656	3516000	2021/07/28 
2021/07/29 	403.71022961803317	404.20255916634784	379.09375220229947	382.0477294921875	1708000	2021/07/29 
2021/07/30 	382.04773014322916	386.478696085612	369.2471618652344	369.2471618652344	775000	2021/07/30 
2021/08/02 	369.2471585293048	377.61676078930236	362.3545449034244	364.8161926269531	501000	2021/08/02 
2021/08/03 	368.26250276692707	380.0784119466146	364.3238663736979	369.2471618652344	525000	2021/08/03 
2021/08/04 	369.2471317829997	371.21644981917575	341.67667927653576	345.12298583984375	1077000	2021/08/04 
2021/08/05 	334.7841104647008	350.04632726529746	320.99888238674254	322.96820068359375	1309000	2021/08/05 
2021/08/06 	322.9681922808718	338.72273824579236	320.99887403525673	325.4298400878906	967000	2021/08/06 
2021/08/09 	325.4298387145996	328.38381607055663	295.3977355957031	295.3977355957031	1108000	2021/08/09 
2021/08/10 	294.4130707740784	315.0909118652344	287.02812752723696	315.0909118652344	1137000	2021/08/10 
2021/08/11 	305.2443097224001	320.0141956767098	291.9514123635214	300.3210144042969	1334000	2021/08/11 
2021/08/12 	305.73664827076044	312.1369323730469	299.33636416847395	312.1369323730469	558000	2021/08/12 
2021/08/13 	312.1369396855656	322.96818995856626	308.19830322265625	308.19830322265625	770000	2021/08/13 
2021/08/16 	302.2903278057392	315.5832249568059	281.61248779296875	281.61248779296875	967000	2021/08/16 
2021/08/17 	276.6892015179384	281.6124969186135	253.54971313476562	253.54971313476562	1685000	2021/08/17 
2021/08/18 	251.08807085145196	263.39630961868	231.3948888238871	260.9346618652344	2051000	2021/08/18 
2021/08/19 	249.61107236901108	268.81192408970423	241.24147033691406	241.24147033691406	872000	2021/08/19 
2021/08/20 	248.13408596436028	254.04204039208312	241.24147246535026	250.59573364257812	636000	2021/08/20 
2021/08/23 	259.457673593156	275.21221923828125	254.5343780790544	275.21221923828125	590000	2021/08/23 
2021/08/24 	290.4744419738324	300.3210332271826	268.81194121646183	269.7966003417969	1444000	2021/08/24 
2021/08/25 	269.7965909090909	278.1661931818182	264.8732954545454	270.78125	565000	2021/08/25 
2021/08/26 	272.2582244307906	274.71987202962237	263.88862259476275	265.8579406738281	416000	2021/08/26 
2021/08/27 	267.82726483012357	267.82726483012357	253.05737890199174	254.0420379638672	334000	2021/08/27 
2021/08/30 	253.54971425413623	259.9499983032698	246.1647711205206	255.02670288085938	344000	2021/08/30 
2021/08/31 	253.0573847118952	269.7965891480906	253.0573847118952	255.02670288085938	725000	2021/08/31 
2021/09/01 	256.9960210498235	262.41164601447497	253.54971425413623	255.02670288085938	430000	2021/09/01 
2021/09/02 	257.9806792118635	259.9499973737861	246.16477024032775	247.14942932128906	288000	2021/09/02 
2021/09/03 	250.10339343138415	250.59572294601284	238.28748508029514	243.70310974121094	437000	2021/09/03 
2021/09/06 	245.18010678784603	252.07272023168105	228.44090270996094	228.44090270996094	752000	2021/09/06 
2021/09/07 	230.41021839042065	245.67243371115364	224.50226407271757	244.68777465820312	895000	2021/09/07 
2021/09/08 	244.68779204048172	259.45767888397154	239.27216686453545	247.6417694091797	1090000	2021/09/08 
2021/09/09 	248.13409500441293	251.5804018794742	234.34886750416777	235.33352661132812	536000	2021/09/09 
2021/09/10 	238.2875017069154	242.71846764774648	231.8872175701594	232.37954711914062	758000	2021/09/10 
2021/09/13 	234.34885577254718	241.733798706556	229.91789001214187	239.7644805908203	537000	2021/09/13 
2021/09/14 	241.24146432587597	244.68777095910275	226.96390827393637	227.45623779296875	489000	2021/09/14 
2021/09/15 	229.4255606098961	231.39487872671927	213.17868614610518	226.9639129638672	914000	2021/09/15 
2021/09/16 	226.96391432252648	231.88720964405633	215.6403350830078	215.6403350830078	580000	2021/09/16 
2021/09/17 	215.64033156174878	220.07129727877103	205.79374107947717	211.20936584472656	1193000	2021/09/17 
2021/09/22 	203.33210425801798	205.7937520093257	198.40880875540253	198.90113830566406	547000	2021/09/22 
2021/09/23 	204.8091018264358	218.59432983398438	204.8091018264358	218.59432983398438	854000	2021/09/23 
2021/09/24 	228.44091176656323	234.34886638121571	211.70170702504782	213.17869567871094	1609000	2021/09/24 
2021/09/27 	213.67102949163888	223.0252911514111	207.27074519811052	219.08665466308594	493000	2021/09/27 
2021/09/28 	218.59430278431287	224.50225691361862	213.67100767655808	216.62498474121094	356000	2021/09/28 
2021/09/29 	215.64032571965998	220.0712913166393	212.68634865500712	216.62498474121094	446000	2021/09/29 
2021/09/30 	219.5789713402317	219.5789713402317	215.14800555085483	215.6403350830078	222000	2021/09/30 
2021/10/01 	215.14801694117216	218.59432384869663	203.3321075439453	203.3321075439453	368000	2021/10/01 
2021/10/04 	206.77841401435958	221.54830072967098	206.77841401435958	209.73239135742188	536000	2021/10/04 
2021/10/05 	208.74772510440667	214.65567958849365	201.85511153963853	213.6710205078125	275000	2021/10/05 
2021/10/06 	217.6096582232781	217.6096582232781	208.7477264404297	208.7477264404297	240000	2021/10/06 
2021/10/07 	215.64033392544448	218.59431110250537	213.6710158074039	214.16334533691406	266000	2021/10/07 
2021/10/08 	219.57898089676223	235.33352661132812	219.08665134318204	235.33352661132812	776000	2021/10/08 
2021/10/12 	253.54970616742597	253.54970616742597	233.36419557933965	238.28749084472656	1414000	2021/10/12 
2021/10/13 	242.22613067626955	248.62641461690268	236.31817626953125	236.31817626953125	665000	2021/10/13 
2021/10/14 	240.2568112743144	246.65709518121213	236.81050455521563	241.24147033691406	447000	2021/10/14 
2021/10/15 	246.16478440278996	252.07273922845692	245.67245483398438	245.67245483398438	586000	2021/10/15 
2021/10/18 	246.1647760300409	254.04204886300224	244.1954578218006	248.13409423828125	482000	2021/10/18 
2021/10/19 	251.08807890854155	272.7505798339844	251.08807890854155	272.7505798339844	1316000	2021/10/19 
2021/10/20 	275.70455723290837	281.6125120307564	261.4269998047756	272.7505798339844	1443000	2021/10/20 
2021/10/21 	272.75056124809095	274.2275498469073	261.9193115234375	261.9193115234375	513000	2021/10/21 
2021/10/22 	264.87331304673114	273.7352454534991	264.87331304673114	267.3349609375	533000	2021/10/22 
2021/10/25 	268.3195966203636	272.2582329010295	261.9193126642815	263.39630126953125	457000	2021/10/25 
2021/10/26 	267.82725633485484	268.3195858501763	262.4116316663192	262.9039611816406	272000	2021/10/26 
2021/10/27 	263.3963337050348	282.5971879377383	263.3963337050348	266.3503112792969	804000	2021/10/27 
2021/10/28 	271.76590336594626	271.76590336594626	262.4116421993648	263.39630126953125	351000	2021/10/28 
2021/10/29 	263.39629069696207	267.82725633485484	262.4116316663192	262.9039611816406	187000	2021/10/29 
2021/11/01 	264.8733057482489	272.2582492170663	264.8733057482489	271.2735900878906	488000	2021/11/01 
2021/11/02 	277.67386363636365	284.56647727272724	270.28892045454546	270.78125	626000	2021/11/02 
2021/11/03 	273.7352475025615	275.704565829918	265.85797419313525	270.2889404296875	289000	2021/11/03 
2021/11/04 	275.2122176747621	275.2122176747621	259.4576721191406	259.4576721191406	240000	2021/11/04 
2021/11/05 	260.4423220576072	264.3809583080058	240.74914080561422	241.24147033691406	684000	2021/11/05 
2021/11/08 	241.2414823599516	243.21080058329812	233.36420946656543	236.81051635742188	324000	2021/11/08 
2021/11/09 	243.21079977964743	251.58040220121424	238.2875042375493	249.611083984375	449000	2021/11/09 
2021/11/10 	251.08807264700442	251.08807264700442	245.18011799648667	249.611083984375	281000	2021/11/10 
2021/11/11 	253.0573814761254	256.0113586918	244.19544982910156	244.19544982910156	201000	2021/11/11 
2021/11/12 	252.56506465246918	268.3196105957031	250.10341684883886	268.3196105957031	1102000	2021/11/12 
2021/11/15 	273.7352252125939	294.9053955078125	266.35028208635487	294.9053955078125	1716000	2021/11/15 
2021/11/16 	294.4130710177951	315.58324167626535	283.5818209134615	288.0127868652344	1737000	2021/11/16 
2021/11/17 	292.4437348598305	297.859359579457	276.68919022091706	278.65850830078125	590000	2021/11/17 
2021/11/18 	278.6585302599242	280.62784849497666	266.35029129084626	266.8426208496094	571000	2021/11/18 
2021/11/19 	270.7812532755898	283.58182161225403	265.85795776148814	275.21221923828125	819000	2021/11/19 
2021/11/22 	281.1201469858086	296.8746911251184	278.16616995968803	292.4437255859375	1359000	2021/11/22 
2021/11/23 	299.3363827215058	303.76734891310707	284.07416583932377	295.89007568359375	902000	2021/11/23 
2021/11/24 	295.8900416090682	302.29032537099476	290.9667464075862	291.4590759277344	617000	2021/11/24 
2021/11/25 	291.45908981779485	303.2749988644622	291.45908981779485	296.38238525390625	802000	2021/11/25 
2021/11/26 	305.2443061110696	321.98350999457983	296.38237464332883	308.69061279296875	2682000	2021/11/26 
2021/11/29 	305.2443181818182	320.99886363636364	297.36704545454546	297.859375	1369000	2021/11/29 
2021/11/30 	305.2443158845472	310.16761130203986	294.9053955078125	294.9053955078125	1219000	2021/11/30 
2021/12/01 	296.3823807021319	300.3210169905323	286.04346044508077	290.47442626953125	666000	2021/12/01 
2021/12/02 	295.39772552969566	299.3363618700916	279.6431801681119	282.1048278808594	743000	2021/12/02 
2021/12/03 	287.5204349912446	292.4437301109577	282.5971398715315	285.5511169433594	467000	2021/12/03 
2021/12/06 	287.0281296047876	287.0281296047876	276.196879431022	276.689208984375	425000	2021/12/06 
2021/12/07 	276.689213237696	284.56648621243465	269.79659938479966	282.59716796875	454000	2021/12/07 
2021/12/08 	285.55114425418674	289.4897807266583	280.1355191045384	281.12017822265625	358000	2021/12/08 
2021/12/09 	281.6124866130272	288.01277039968693	278.6585094807228	280.135498046875	242000	2021/12/09 
2021/12/10 	283.08948354518157	283.08948354518157	276.6891995693775	277.6738586425781	182000	2021/12/10 
2021/12/13 	280.6278218236463	290.47441206307246	280.13549231167497	285.5511169433594	609000	2021/12/13 
2021/12/14 	287.02811625712627	290.4744229703336	268.8119236301731	273.2428894042969	532000	2021/12/14 
2021/12/15 	276.6892327892141	276.6892327892141	264.8733224921658	266.3503112792969	385000	2021/12/15 
2021/12/16 	269.7965792142428	283.5818058894231	269.7965792142428	281.61248779296875	658000	2021/12/16 
2021/12/17 	277.1815417501847	281.12017822265625	273.7352348367721	281.12017822265625	1667000	2021/12/17 
2021/12/20 	281.6125045179048	282.5971636246108	276.689208984375	276.689208984375	141000	2021/12/20 
2021/12/21 	276.68919255183295	284.0741354135366	272.75055635892426	281.61248779296875	259000	2021/12/21 
2021/12/22 	278.65854228372535	281.61251976376485	268.81195068359375	268.81195068359375	516000	2021/12/22 
2021/12/23 	270.7812511037099	273.73522838847765	270.7812511037099	272.25823974609375	242000	2021/12/23 
2021/12/24 	270.78127001152666	272.7505883388832	270.2889404296875	270.2889404296875	175000	2021/12/24 
2021/12/27 	270.2889210358831	270.2889210358831	256.99602328002	257.9806823730469	365000	2021/12/27 
2021/12/28 	256.99602328002	264.3809664777217	256.99602328002	257.9806823730469	196000	2021/12/28 
2021/12/29 	256.99599664340997	265.36559806666276	256.99599664340997	262.41162109375	219000	2021/12/29 
2021/12/30 	261.91929973255503	261.91929973255503	257.48833413557577	259.9499816894531	90000	2021/12/30 
2022/01/03 	259.9499840897121	268.3195858501763	259.9499840897121	262.9039611816406	218000	2022/01/03 
2022/01/04 	265.8579406738281	267.3349292331272	258.96532739709926	265.8579406738281	219000	2022/01/04 
2022/01/05 	264.8732742952661	264.8732742952661	256.9960021972656	256.9960021972656	181000	2022/01/05 
2022/01/06 	255.5190324231004	260.4423278455108	253.54971425413623	255.02670288085938	235000	2022/01/06 
2022/01/07 	257.48835796281406	258.9653466318168	245.67244861079197	251.08807373046875	377000	2022/01/07 
2022/01/10 	256.0113652788484	261.91931986220646	250.1034106954904	259.4576721191406	290000	2022/01/10 
2022/01/11 	256.5036866611108	263.8886296551927	256.011357128172	261.9193115234375	382000	2022/01/11 
2022/01/12 	264.8732960242352	264.8732960242352	255.0267050939662	257.9806823730469	230000	2022/01/12 
2022/01/13 	257.9806849112594	260.93466221940355	254.04204850040045	254.5343780517578	128000	2022/01/13 
2022/01/14 	254.0420444077068	270.78124888418364	254.0420444077068	269.30426025390625	711000	2022/01/14 
2022/01/17 	264.8732954545454	275.2122159090909	264.8732954545454	270.78125	336000	2022/01/17 
2022/01/18 	268.31960336640344	275.7045465783228	266.84261472401954	272.25823974609375	194000	2022/01/18 
2022/01/19 	267.827265918703	270.78124311633576	261.4269819904987	261.9193115234375	204000	2022/01/19 
2022/01/20 	258.96532266790217	260.9346407110041	255.02668658169836	259.9499816894531	248000	2022/01/20 
2022/01/21 	254.53436396672174	264.87328397310694	254.53436396672174	256.0113525390625	315000	2022/01/21 
2022/01/24 	256.0113608351032	257.9806789953732	253.0573835946981	253.54971313476562	234000	2022/01/24 
2022/01/25 	250.5957505220402	256.01137577890154	245.67245483398438	245.67245483398438	318000	2022/01/25 
2022/01/26 	246.1647669474284	249.11874415079754	235.33351720174156	236.31817626953125	276000	2022/01/26 
2022/02/07 	245.67244926704154	246.16477882469093	223.51761917281937	224.00994873046875	225000	2022/02/07 
2022/02/08 	230.41022698610823	230.41022698610823	222.53295426863446	223.02528381347656	207000	2022/02/08 
2022/02/09 	227.94856731200116	230.90254442619556	224.50226067877435	227.45623779296875	298000	2022/02/09 
2022/02/10 	227.45625084324888	229.42556903236792	223.5176144650108	224.5022735595703	121000	2022/02/10 
2022/02/11 	225.48691593516958	225.48691593516958	214.65566669810903	216.62498474121094	284000	2022/02/11 
2022/02/14 	213.6710293843196	213.6710293843196	202.83977904686563	204.80909729003906	303000	2022/02/14 
2022/02/15 	199.8857832775069	209.7323735867437	199.8857832775069	200.37811279296875	379000	2022/02/15 
2022/02/16 	206.77841553321252	212.68637026273288	202.83977904686563	204.80909729003906	528000	2022/02/16 
2022/02/17 	202.83976037027796	204.31674891666347	198.90112424658324	200.37811279296875	223000	2022/02/17 
2022/02/18 	200.37811511993408	200.37811511993408	196.9318084716797	196.9318084716797	244000	2022/02/18 
2022/02/21 	196.93182910662242	196.93182910662242	188.0698967968244	190.03921508789062	448000	2022/02/21 
2022/02/22 	188.0698981391059	188.0698981391059	173.30001085069443	177.2386474609375	875000	2022/02/22 
2022/02/23 	179.20796097942997	183.14659748447238	173.30000622186634	177.73097229003906	616000	2022/02/23 
2022/02/24 	176.74630034710728	176.74630034710728	165.4227212162341	174.28465270996094	1020000	2022/02/24 
2022/02/25 	175.2693151889097	181.6695991705272	173.2999970407197	178.7156219482422	682000	2022/02/25 
2022/03/01 	179.2079490867821	182.16192626953125	171.330676599451	182.16192626953125	661000	2022/03/01 
2022/03/02 	179.2079514852897	183.1465877816697	174.2846561148147	178.7156219482422	453000	2022/03/02 
2022/03/03 	179.2079499897204	196.43948364257812	179.2079499897204	196.43948364257812	768000	2022/03/03 
2022/03/04 	196.93181464012633	202.83976907933013	185.11590576171875	185.11590576171875	1420000	2022/03/04 
2022/03/07 	179.2079443005548	179.700273817864	169.8536834716797	169.8536834716797	555000	2022/03/07 
2022/03/08 	167.3920552323504	170.83836225183998	160.49944119337127	161.48410034179688	313000	2022/03/08 
2022/03/09 	163.94574924250026	167.39205628363388	162.46876051058584	162.96109008789062	176000	2022/03/09 
2022/03/10 	165.91506755171946	169.3613745928531	161.97643093328102	162.96109008789062	306000	2022/03/10 
2022/03/11 	158.53011923812008	161.97642617807924	149.1758575439453	149.1758575439453	1041000	2022/03/11 
2022/03/14 	152.62216012399116	163.94573974609375	151.63750102641703	163.94573974609375	524000	2022/03/14 
2022/03/15 	166.4073842530082	172.31533872352918	149.66817991986534	153.11448669433594	1372000	2022/03/15 
2022/03/16 	155.57614681420736	158.03779470683725	147.6988735577918	148.68353271484375	605000	2022/03/16 
2022/03/17 	155.08380818367004	159.02244458198547	152.6221604347229	157.5454559326172	367000	2022/03/17 
2022/03/18 	157.54546230279126	157.54546230279126	150.65284832704415	152.1298370361328	302000	2022/03/18 
2022/03/21 	152.62216077177067	156.0684676279074	150.65284256826394	151.14517211914062	294000	2022/03/21 
2022/03/22 	149.66818815742442	152.62216555526834	147.69886989219518	150.65284729003906	208000	2022/03/22 
2022/03/23 	154.09915672860492	164.93040736128643	152.62216800596656	161.48410034179688	524000	2022/03/23 
2022/03/24 	160.00709415222548	160.00709415222548	155.57612846801	158.5301055908203	186000	2022/03/24 
2022/03/25 	158.53011162564684	160.0071002432771	152.12982761591576	153.11448669433594	249000	2022/03/25 
2022/03/28 	153.11449512157566	156.06847251941957	150.16051772373174	150.65284729003906	239000	2022/03/28 
2022/03/29 	151.14517248244513	165.4227294921875	151.14517248244513	165.4227294921875	623000	2022/03/29 
2022/03/30 	168.376714380776	173.30001012290396	161.48410034179688	161.48410034179688	1006000	2022/03/30 
2022/03/31 	160.49942367269387	161.48408271363064	158.03777607035192	158.5301055908203	123000	2022/03/31 
2022/04/01 	158.5301192869623	164.93040360600116	153.60682365693242	163.4534149169922	184000	2022/04/01 
2022/04/06 	162.9610806485196	169.85369433153858	160.99176245337134	163.94573974609375	384000	2022/04/06 
2022/04/07 	163.94573518271758	167.88437146338347	158.03778076171875	158.03778076171875	187000	2022/04/07 
2022/04/08 	159.02243867310338	161.48408633058176	156.06846148412933	156.560791015625	107000	2022/04/08 
2022/04/11 	159.51477448404418	159.51477448404418	151.14517211914062	151.14517211914062	169000	2022/04/11 
2022/04/12 	150.16051772373174	152.62216555526834	149.1758585911171	150.65284729003906	121000	2022/04/12 
2022/04/13 	153.60681509042715	155.08380369706586	151.6374969482422	151.6374969482422	80000	2022/04/13 
2022/04/14 	156.56079940064646	162.96108365287415	154.09915161132812	154.09915161132812	256000	2022/04/14 
2022/04/15 	155.08380369706586	155.08380369706586	150.16050834160347	151.6374969482422	110000	2022/04/15 
2022/04/18 	151.14517685634638	153.11449512157566	150.16051772373174	150.65284729003906	90000	2022/04/18 
2022/04/19 	153.60681875128495	153.60681875128495	149.66818237304688	149.66818237304688	122000	2022/04/19 
2022/04/20 	153.1144892040052	156.56079603496352	149.66818237304688	149.66818237304688	188000	2022/04/20 
2022/04/21 	151.14516988861996	152.6221585194534	148.19119262695312	148.19119262695312	167000	2022/04/21 
2022/04/22 	147.6988619605967	147.6988619605967	143.76022564164745	146.71420288085938	267000	2022/04/22 
2022/04/25 	143.76022608139937	143.76022608139937	133.4213057125316	133.91363525390625	366000	2022/04/25 
2022/04/26 	137.85226428999883	138.8369233206417	131.4519805908203	131.4519805908203	173000	2022/04/26 
2022/04/27 	126.03636804288321	134.89830017089844	120.12841329087306	134.89830017089844	359000	2022/04/27 
2022/04/28 	136.3752744848078	136.3752744848078	129.97499084472656	129.97499084472656	119000	2022/04/28 
2022/04/29 	132.43663714763306	134.4059551721332	128.4980010986328	128.4980010986328	94000	2022/04/29 
2022/05/03 	128.99034375957413	128.99034375957413	124.06704819623162	125.54403686523438	133000	2022/05/03 
2022/05/04 	134.8983022417341	137.85227966308594	130.95966567993165	137.85227966308594	395000	2022/05/04 
2022/05/05 	138.83693154652914	149.66818152533637	138.83693154652914	141.79090881347656	502000	2022/05/05 
2022/05/06 	137.85226788900303	142.28323364257812	132.92897260725292	142.28323364257812	168000	2022/05/06 
2022/05/09 	141.7909162248884	141.7909162248884	136.37529095241	137.85227966308594	98000	2022/05/09 
2022/05/10 	136.8676111748878	142.7755656140916	135.39062256508686	138.83692932128906	163000	2022/05/10 
2022/05/11 	139.8215836703567	142.2832312701869	135.39061799066226	139.32925415039062	147000	2022/05/11 
2022/05/12 	138.34460923331125	138.83693880353655	134.8983022417341	137.85227966308594	104000	2022/05/12 
2022/05/13 	137.85227024808842	142.28323607749127	135.88295210168715	138.83692932128906	157000	2022/05/13 
2022/05/16 	139.32925885788939	140.80624746769033	133.4213044186856	138.83692932128906	181000	2022/05/16 
2022/05/17 	138.83692580003003	140.80624389648438	135.39061913123498	140.80624389648438	137000	2022/05/17 
2022/05/18 	141.79091136565836	142.28324091901135	138.3446044921875	138.3446044921875	139000	2022/05/18 
2022/05/19 	136.37529095241	137.85227966308594	134.4059726715088	137.85227966308594	140000	2022/05/19 
2022/05/20 	137.85226004464286	148.6835090481505	137.85226004464286	144.744873046875	382000	2022/05/20 
2022/05/23 	144.74488008939304	148.1911867581881	140.80624389648438	140.80624389648438	121000	2022/05/23 
2022/05/24 	142.77557317357864	143.26790273624616	134.89830017089844	134.89830017089844	136000	2022/05/24 
2022/05/25 	137.35995383884597	137.35995383884597	135.88296508789062	135.88296508789062	65000	2022/05/25 
2022/05/26 	138.34460112627815	138.34460112627815	133.91363525390625	133.91363525390625	56000	2022/05/26 
2022/05/27 	137.35994204352883	137.35994204352883	131.94431708840764	133.91363525390625	216000	2022/05/27 
2022/05/30 	136.8676111748878	139.82158839448968	135.39062256508686	138.83692932128906	199000	2022/05/30 
2022/05/31 	139.32925188788053	142.7755584716797	136.86760432802396	142.7755584716797	197000	2022/05/31 
2022/06/01 	142.77556317075314	142.77556317075314	140.31391552987807	142.28323364257812	88000	2022/06/01 
2022/06/02 	142.77556677031936	142.77556677031936	137.85227136444627	140.3139190673828	102000	2022/06/02 
2022/06/06 	139.82158723783323	140.3139167703608	134.40596238002982	137.3599395751953	183000	2022/06/06 
2022/06/07 	138.34459627591647	140.80624389648438	136.37527817946213	140.80624389648438	132000	2022/06/07 
2022/06/08 	141.79090881347656	141.79090881347656	138.83693154652914	141.79090881347656	172000	2022/06/08 
2022/06/09 	141.7909041144031	146.71419939615322	139.82158600170305	142.28323364257812	319000	2022/06/09 
2022/06/10 	140.8062486079701	145.7295440138432	140.3139190673828	140.3139190673828	302000	2022/06/10 
2022/06/13 	137.8522775469035	137.8522775469035	133.91364104556342	134.89830017089844	160000	2022/06/13 
2022/06/14 	134.89828841597947	134.89828841597947	127.02101609971788	132.92897033691406	235000	2022/06/14 
2022/06/15 	132.92898086604157	133.9136399835678	130.9596626309891	133.4213104248047	75000	2022/06/15 
2022/06/16 	135.39062529119826	135.8829548377117	128.99034118652344	128.99034118652344	139000	2022/06/16 
2022/06/17 	128.00567626953125	128.99033531775842	126.03635817307692	128.00567626953125	153000	2022/06/17 
2022/06/20 	127.51335030794144	127.51335030794144	123.57471400499344	126.03636169433594	230000	2022/06/20 
2022/06/21 	126.03636169433594	127.51335030794144	123.57471400499344	126.03636169433594	207000	2022/06/21 
2022/06/22 	126.0363630589431	126.52869260214209	118.15909036775915	121.11306762695312	195000	2022/06/22 
2022/06/23 	121.60539899106885	122.09772854163998	118.15909213707096	120.12841033935547	113000	2022/06/23 
2022/06/24 	120.6207398899266	121.60539899106885	118.15909213707096	120.12841033935547	236000	2022/06/24 
2022/06/27 	120.62074025472005	124.55937667120071	120.12841070265996	124.06704711914062	392000	2022/06/27 
2022/06/28 	124.06705001408874	125.54403870473266	120.62074306925294	124.55937957763672	395000	2022/06/28 
2022/06/29 	123.57471055250902	135.88294865534854	122.59005150428185	128.00567626953125	661000	2022/06/29 
2022/06/30 	128.00567513925057	132.92897033691406	126.03635706018518	132.92897033691406	494000	2022/06/30 
2022/07/01 	132.92897033691406	134.89828841597947	130.46732273808232	132.92897033691406	290000	2022/07/01 
2022/07/04 	132.92897335318634	132.92897335318634	120.12840554880542	127.0210189819336	305000	2022/07/04 
2022/07/05 	127.5133535979224	127.5133535979224	119.14375123821321	120.12841033935547	107000	2022/07/05 
2022/07/06 	120.12841549435177	121.1130746377481	109.29716491699219	109.29716491699219	256000	2022/07/06 
2022/07/07 	109.29715980707213	110.28181890443314	100.92755747950355	105.8508529663086	254000	2022/07/07 
2022/07/08 	107.82016933458742	113.72812381867439	106.83551025390625	106.83551025390625	155000	2022/07/08 
2022/07/11 	108.80482911163905	108.80482911163905	103.38920413323167	104.37386322021484	81000	2022/07/11 
2022/07/12 	101.91221576479812	103.38920439907055	97.4812498619808	97.97357940673828	177000	2022/07/12 
2022/07/13 	100.4352218207963	107.32783508300781	98.95823326460811	107.32783508300781	282000	2022/07/13 
2022/07/14 	105.8508529663086	108.80483025839163	102.40454612554507	105.8508529663086	200000	2022/07/14 
2022/07/15 	106.3431825149891	107.32784161235011	104.37386432026709	105.8508529663086	50000	2022/07/15 
2022/07/18 	106.34318257994572	116.18977355957031	106.34318257994572	116.18977355957031	209000	2022/07/18 
2022/07/19 	113.23579587434467	119.1437504417018	112.25113677978516	112.25113677978516	208000	2022/07/19 
2022/07/20 	112.7434645279594	116.18977130392324	110.7741463702658	113.23579406738281	126000	2022/07/20 
2022/07/21 	111.26647299774422	119.14374542236328	111.26647299774422	119.14374542236328	142000	2022/07/21 
2022/07/22 	119.14375013929185	123.0823865075329	117.66676150120146	118.65142059326172	154000	2022/07/22 
2022/07/25 	123.08238102839543	123.08238102839543	113.72812007023738	115.20510864257812	117000	2022/07/25 
2022/07/26 	113.23578930776053	113.23578930776053	107.32783508300781	107.32783508300781	128000	2022/07/26 
2022/07/27 	104.86619458879743	105.8508536929176	102.8968763805571	103.38920593261719	224000	2022/07/27 
2022/07/28 	104.8661874166349	104.8661874166349	100.92755126953125	100.92755126953125	109000	2022/07/28 
2022/07/29 	100.92755817231678	104.86619458879743	100.92755817231678	103.38920593261719	151000	2022/07/29 
2022/08/01 	103.38920413323167	105.358522307198	101.41988595926536	104.37386322021484	77000	2022/08/01 
2022/08/02 	103.88153019797038	103.88153019797038	99.450564454929	99.9428939819336	148000	2022/08/02 
2022/08/03 	100.92755126300081	100.92755126300081	98.26897486881877	98.36743927001953	313000	2022/08/03 
2022/08/04 	98.95823953804766	98.95823953804766	90.29323645415313	90.39170837402344	393000	2022/08/04 
2022/08/05 	93.0502839657625	98.95823850327123	92.06562487617772	96.69351959228516	578000	2022/08/05 
2022/08/08 	97.48125088822606	97.48125088822606	90.39170837402344	90.39170837402344	466000	2022/08/08 
2022/08/09 	90.490172781541	92.26255465391527	89.11164853923695	90.39170837402344	356000	2022/08/09 
2022/08/10 	90.39171126682301	94.42881220306391	90.39171126682301	90.88404083251953	219000	2022/08/10 
2022/08/11 	93.05027940796559	93.05027940796559	89.99783788223823	90.78556060791016	823000	2022/08/11 
2022/08/12 	91.4748311864922	95.70886077640343	91.4748311864922	91.57329559326172	554000	2022/08/12 
2022/08/15 	93.44415104312213	93.83801618959966	92.36102752457356	93.14875030517578	424000	2022/08/15 
2022/08/16 	93.54261308552972	95.2165305252771	92.55795400041889	92.7548828125	447000	2022/08/16 
2022/08/17 	92.75488160441384	95.61039441651417	92.75488160441384	95.1180648803711	421000	2022/08/17 
2022/08/18 	95.11806319194098	96.89045249553557	94.13340413713341	94.82266998291016	282000	2022/08/18 
2022/08/19 	95.90580047695939	100.9275605224343	94.72420501708984	94.72420501708984	467000	2022/08/19 
2022/08/22 	94.52727512661009	94.52727512661009	92.36102807656643	93.2472152709961	140000	2022/08/22 
2022/08/23 	91.96716046316757	98.95823849625324	91.96716046316757	97.97357940673828	308000	2022/08/23 
2022/08/24 	98.46590418067643	105.85084699422717	97.18584442138672	97.18584442138672	934000	2022/08/24 
2022/08/25 	98.95824171946599	103.38920776660626	97.97358259787927	102.40454864501953	415000	2022/08/25 
2022/08/26 	104.86619420570902	104.86619420570902	99.45056915283203	99.45056915283203	266000	2022/08/26 
2022/08/29 	97.28432288756775	97.97358125831326	95.21653275062563	95.7088623046875	243000	2022/08/29 
2022/08/30 	95.70886156590319	99.94289870309358	95.70886156590319	99.45056915283203	152000	2022/08/30 
2022/08/31 	98.95823326460811	107.32783508300781	98.95823326460811	107.32783508300781	535000	2022/08/31 
2022/09/01 	106.83550549018673	106.83550549018673	99.94289223275533	100.92755126953125	328000	2022/09/01 
2022/09/02 	100.9275530359428	103.38920067096579	99.9428939819336	99.9428939819336	209000	2022/09/02 
2022/09/05 	99.94289459845032	100.43522412849195	96.6935166952346	97.48124694824219	208000	2022/09/05 
2022/09/06 	98.46591264773637	98.46591264773637	95.70886408865857	96.00426483154297	180000	2022/09/06 
2022/09/07 	96.29966094699088	96.29966094699088	92.26255271254435	92.65641784667969	229000	2022/09/07 
2022/09/08 	94.52726922286183	94.52726922286183	92.95181623828462	93.54261016845703	113000	2022/09/08 
2022/09/12 	93.93647414346167	98.95823375701904	93.93647414346167	98.46590423583984	154000	2022/09/12 
2022/09/13 	100.43522530171408	101.41988437329951	98.36744275385519	98.95823669433594	125000	2022/09/13 
2022/09/14 	97.48125095178585	100.43522825335512	96.398127443681	99.45056915283203	71000	2022/09/14 
2022/09/15 	98.9582366776693	98.9582366776693	97.67817687988281	97.67817687988281	77000	2022/09/15 
2022/09/16 	97.67817523197019	97.67817523197019	94.82266998291016	94.82266998291016	159000	2022/09/16 
2022/09/19 	94.82267549228298	94.82267549228298	90.58863830566406	90.58863830566406	247000	2022/09/19 
2022/09/20 	91.17942933302406	92.16408841332098	90.09630584716797	90.09630584716797	168000	2022/09/20 
2022/09/21 	89.21011185147303	90.68710048316083	87.63465881347656	87.63465881347656	216000	2022/09/21 
2022/09/22 	86.84692559494785	87.24079071918653	85.56687333161263	85.86226654052734	141000	2022/09/22 
2022/09/23 	85.7638066469411	86.65000134498538	79.95431641793175	80.15125274658203	363000	2022/09/23 
2022/09/26 	80.15124737963421	80.15124737963421	75.32641657988978	75.42488098144531	382000	2022/09/26 
2022/09/27 	75.42488498999704	78.77272740727685	75.03101985049011	78.67426300048828	189000	2022/09/27 
2022/09/28 	77.39420522360365	77.98499919232447	73.84943389892578	73.84943389892578	203000	2022/09/28 
2022/09/29 	75.8187531490864	78.2804009786022	74.83409401728008	76.60648345947266	143000	2022/09/29 
2022/09/30 	73.06169783256757	80.93897016006174	73.06169783256757	79.26505279541016	160000	2022/09/30 
2022/10/03 	79.26505453782016	82.61289685306815	78.67426060274168	82.12056732177734	137000	2022/10/03 
2022/10/04 	83.30215162684357	84.87760455707884	81.52976989746094	81.52976989746094	211000	2022/10/04 
2022/10/05 	82.51443239010405	85.27147325594385	82.51443239010405	84.68067932128906	227000	2022/10/05 
2022/10/06 	84.68068409394412	85.27147806189642	82.90829467773438	82.90829467773438	71000	2022/10/06 
2022/10/07 	83.597557627887	84.87760992804954	82.31749781537185	83.6960220336914	60000	2022/10/07 
2022/10/11 	81.72670931932403	81.72670931932403	79.06813262351618	80.74205017089844	117000	2022/10/11 
2022/10/12 	81.72669855798644	81.72669855798644	76.6064746653185	77.6895980834961	189000	2022/10/12 
2022/10/13 	77.6896004320887	77.78806483447198	74.14482935982373	74.24329376220703	253000	2022/10/13 
2022/10/14 	76.11414920038985	78.6742612827598	75.8187484741211	75.8187484741211	152000	2022/10/14 
2022/10/17 	74.14483392974192	77.39420448277967	73.84943319203266	75.03102111816406	115000	2022/10/17 
2022/10/18 	75.32642185587332	76.70494611126183	74.5386915635505	75.03102111816406	188000	2022/10/18 
2022/10/19 	75.03101932013085	76.60647986702236	75.03101932013085	76.01567840576172	82000	2022/10/19 
2022/10/20 	74.44022082447289	76.21261007529336	74.44022082447289	75.22795104980469	108000	2022/10/20 
2022/10/21 	74.83409118652344	76.40954423534812	74.63716237255262	74.83409118652344	102000	2022/10/21 
2022/10/24 	75.52335011101496	76.60648113299042	74.93255615234375	74.93255615234375	138000	2022/10/24 
2022/10/25 	73.84943709407358	73.94790150772836	69.91080044905631	71.78165435791016	346000	2022/10/25 
2022/10/26 	70.99392402396542	73.652508266764	70.99392402396542	71.78165435791016	82000	2022/10/26 
2022/10/27 	71.68318113851883	73.16016969896343	71.387780421489	72.8647689819336	326000	2022/10/27 
2022/10/28 	72.96323940103096	74.34176367360818	71.09238556770137	71.28932189941406	256000	2022/10/28 
2022/10/31 	71.68318330469378	78.37886047363281	71.68318330469378	78.37886047363281	522000	2022/10/31 
2022/11/01 	77.6896051874189	78.7727287046371	76.31108093261719	76.31108093261719	423000	2022/11/01 
2022/11/02 	76.31107623760516	78.37885873641174	76.31107623760516	76.80340576171875	136000	2022/11/02 
2022/11/03 	75.81874785033412	78.5757962316509	75.81874785033412	78.2803955078125	80000	2022/11/03 
2022/11/04 	78.08346489486146	78.47732250107002	77.39419905929189	77.98499298095703	125000	2022/11/04 
2022/11/07 	78.77272503930817	81.03744388912928	78.2803955078125	78.2803955078125	225000	2022/11/07 
2022/11/08 	78.9696526395853	81.03744265013434	78.8711882372621	79.36351776123047	132000	2022/11/08 
2022/11/09 	80.74204833249011	82.12057261136907	80.05278994922712	81.7267074584961	139000	2022/11/09 
2022/11/10 	82.02209923539196	82.02209923539196	78.96965026855469	78.96965026855469	127000	2022/11/10 
2022/11/11 	82.71135942995869	85.07454263042797	80.84050574990583	84.3852767944336	335000	2022/11/11 
2022/11/14 	84.68068565746506	89.01318735636411	84.68068565746506	85.76380920410156	283000	2022/11/14 
2022/11/15 	86.65000040840721	87.24079436326672	84.18835266953201	86.45307159423828	216000	2022/11/15 
2022/11/16 	85.56687220720903	89.01317885239413	84.18834804666453	85.66533660888672	285000	2022/11/16 
2022/11/17 	84.87761342955928	86.65000285656657	84.28681945800781	84.28681945800781	159000	2022/11/17 
2022/11/18 	84.48375163284481	86.35459786530564	84.48375163284481	84.87760925292969	209000	2022/11/18 
2022/11/21 	86.74846123312203	86.8469256361403	83.30215454101562	83.30215454101562	133000	2022/11/21 
2022/11/22 	83.59755944227246	83.59755944227246	82.1205707860922	82.71136474609375	104000	2022/11/22 
2022/11/23 	83.49909085940459	84.68067872032867	83.30215454101562	83.30215454101562	68000	2022/11/23 
2022/11/24 	82.80982557238711	84.18834976100268	82.80982557238711	83.40061950683594	110000	2022/11/24 
2022/11/25 	83.10522991658783	83.9914246130478	81.33284052366791	81.43130493164062	181000	2022/11/25 
2022/11/28 	79.06812680993917	82.4159616585502	78.96965489245439	82.31749725341797	88000	2022/11/28 
2022/11/29 	81.52977863823608	83.59756130037805	81.52977863823608	81.7267074584961	171000	2022/11/29 
2022/11/30 	81.72670376096933	89.8993771420073	81.72670376096933	86.25613403320312	1355000	2022/11/30 
2022/12/01 	89.89938024766525	94.82267582503239	88.52085598353187	94.52727508544922	1562000	2022/12/01 
2022/12/02 	94.13341309190275	95.31500857748668	91.77022963308804	92.4594955444336	710000	2022/12/02 
2022/12/05 	93.05028331980986	101.419885523179	93.05028331980986	100.43522644042969	2789000	2022/12/05 
2022/12/06 	98.46590781698421	99.45056689515405	95.80733131086667	96.49658966064453	1256000	2022/12/06 
2022/12/07 	96.49659200999264	99.450569316421	95.51193290784987	96.89045715332031	1382000	2022/12/07 
2022/12/08 	98.46590827493107	105.35852185417625	97.67817800379058	100.43522644042969	3591000	2022/12/08 
2022/12/09 	101.4198844618226	103.8815321429348	94.82267168138293	96.39812469482422	1957000	2022/12/09 
2022/12/12 	95.0196074653233	98.95824404419682	95.0196074653233	96.29966735839844	1006000	2022/12/12 
2022/12/13 	100.43522759528929	100.43522759528929	86.74846468522541	87.73312377929688	3100000	2022/12/13 
2022/12/14 	87.7331260752858	90.29323828439958	87.24079651536573	89.40705108642578	1124000	2022/12/14 
2022/12/15 	90.58863636780801	97.77665073671645	90.3917075545582	94.13340759277344	1984000	2022/12/15 
2022/12/16 	96.00426396561055	98.26898294102251	90.68710322812153	91.9671630859375	2357000	2022/12/16 
2022/12/19 	92.3610206545217	100.92755126953125	92.3610206545217	100.92755126953125	2766000	2022/12/19 
2022/12/20 	105.35852375597058	109.29716015806294	98.46591005230894	99.45056915283203	8259000	2022/12/20 
2022/12/21 	101.41989176982158	109.29716491699219	101.41989176982158	109.29716491699219	3799000	2022/12/21 
2022/12/22 	110.28181831074949	120.12840923135212	106.34318194250844	118.65142059326172	12257000	2022/12/22 
2022/12/23 	117.17442734897396	117.66675687565032	110.77414350218127	112.74346160888672	4937000	2022/12/23 
2022/12/26 	113.72812970780647	116.68210710281444	102.4045496936093	103.88153839111328	5118000	2022/12/26 
2022/12/27 	104.86619700704301	111.26648133141653	102.40454918997628	110.28182220458984	3771000	2022/12/27 
2022/12/28 	109.78948267665477	113.23578930776053	107.32783508300781	107.32783508300781	4134000	2022/12/28 
2022/12/29 	107.32784425295317	108.80483293533325	102.40454864501953	102.40454864501953	2631000	2022/12/29 
2022/12/30 	105.35852600977971	111.26648073930008	102.40454864501953	102.40454864501953	3922000	2022/12/30 
2023/01/03 	101.91220873052424	109.78948090293191	101.91220873052424	108.31249237060547	3369000	2023/01/03 
2023/01/04 	109.78949044838112	118.15909285924425	109.29716089480092	117.66676330566406	7887000	2023/01/04 
2023/01/05 	119.14374667200549	120.1284057354105	113.23579229157546	114.22045135498047	7264000	2023/01/05 
2023/01/06 	114.22045199356414	117.17442920029426	110.281815717924	111.75880432128906	3547000	2023/01/06 
2023/01/09 	112.74347002165658	114.22045871189661	108.8048335143498	110.28182220458984	1886000	2023/01/09 
2023/01/10 	111.2664794921875	116.68210460021432	110.28182038163716	111.2664794921875	4753000	2023/01/10 
2023/01/11 	113.23579518068502	116.68210199053195	110.28181791510193	114.71278381347656	3784000	2023/01/11 
2023/01/12 	114.71278268565302	116.18977130392324	111.7588054491126	113.23579406738281	2761000	2023/01/12 
2023/01/13 	113.72812232971192	118.65141766866049	111.7588041941325	118.15908813476562	3987000	2023/01/13 
2023/01/16 	119.14374360584078	121.11306168197038	113.23578937745198	113.72811889648438	4258000	2023/01/16 
2023/01/17 	114.22045496890419	117.66676179986251	112.25113677978516	112.25113677978516	3468000	2023/01/17 
2023/01/30 	115.20511106247419	115.20511106247419	111.26647478683404	111.75880432128906	1382000	2023/01/30 
2023/01/31 	111.75879894603383	111.75879894603383	104.37385628440164	108.31249237060547	2466000	2023/01/31 
2023/02/01 	108.80482841526857	111.26647611697149	106.83551025390625	106.83551025390625	1818000	2023/02/01 
2023/02/02 	107.8201762018977	109.29716491699219	106.83551705850137	109.29716491699219	764000	2023/02/02 
2023/02/03 	110.28181585864485	110.28181585864485	104.37386143764603	105.3585205078125	1533000	2023/02/03 
2023/02/06 	104.37386432026709	107.32784161235011	104.37386432026709	105.8508529663086	743000	2023/02/06 
2023/02/07 	106.34317604554903	107.8201646017372	105.85084652681962	107.32783508300781	510000	2023/02/07 
2023/02/08 	107.82017260526133	114.22045682383849	107.82017260526133	111.2664794921875	2473000	2023/02/08 
2023/02/09 	112.25113322817046	115.20511041838547	110.77414463306296	114.22045135498047	2307000	2023/02/09 
2023/02/10 	113.72812007023738	117.17442673903246	109.29715435321513	115.20510864257812	2645000	2023/02/10 
2023/02/13 	114.71278088668298	116.68209901349299	112.25113322817046	114.22045135498047	1236000	2023/02/13 
2023/02/14 	114.22046063397381	115.69744934906831	109.29716491699219	109.29716491699219	1710000	2023/02/14 
2023/02/15 	108.31250109480101	111.26647839738649	107.8201715443701	109.78948974609375	1036000	2023/02/15 
2023/02/16 	109.78948556965796	114.71278088668298	109.78948556965796	114.22045135498047	1273000	2023/02/16 
2023/02/17 	114.22045706954657	125.54403686523438	113.72812751321231	125.54403686523438	6941000	2023/02/17 
2023/02/20 	127.02102144400912	134.40596455121897	123.08238512016388	123.57471466064453	9663000	2023/02/20 
2023/02/21 	124.06704531692144	127.02102258637194	122.09772713728776	125.05170440673828	3099000	2023/02/21 
2023/02/22 	123.57471466064453	128.00568052497044	123.08238512016388	123.57471466064453	2859000	2023/02/22 
2023/02/23 	124.06704354286194	130.95965707302094	123.08238446712494	126.03636169433594	3574000	2023/02/23 
2023/02/24 	126.5286978318286	127.51335695892453	124.55937957763672	124.55937957763672	1327000	2023/02/24 
2023/03/01 	123.57471510250136	128.49801052491176	123.57471510250136	127.51335144042969	1746000	2023/03/01 
2023/03/02 	129.97500287224264	134.40596887925093	125.54403686523438	125.54403686523438	4795000	2023/03/02 
2023/03/03 	127.02102630615235	127.02102630615235	123.08238983154297	123.08238983154297	2030000	2023/03/03 
2023/03/06 	123.08238512016388	125.54403282256716	121.11306695824126	123.57471466064453	2034000	2023/03/06 
2023/03/07 	124.06704007662259	125.05169912484976	121.60539245605469	121.60539245605469	1185000	2023/03/07 
2023/03/08 	121.60540115356446	124.06704895019531	119.63608291625977	123.08238983154297	1589000	2023/03/08 
2023/03/09 	123.08238908356311	131.4519915412454	122.0977299708946	125.54403686523438	5262000	2023/03/09 
2023/03/10 	124.06704007662259	127.51334674541766	117.17442673903246	121.60539245605469	3209000	2023/03/10 
2023/03/13 	120.12840761931045	120.12840761931045	109.78948729141898	113.23579406738281	3637000	2023/03/13 
2023/03/14 	112.25114174700798	118.15909657579788	111.75881217794216	115.69744873046875	1842000	2023/03/14 
2023/03/15 	116.18976649164638	118.65141408680837	113.23578937745198	113.72811889648438	1768000	2023/03/15 
2023/03/16 	114.22045426921271	116.18977244626811	113.23579518068502	114.71278381347656	1433000	2023/03/16 
2023/03/17 	117.66676220651401	119.1437508534577	115.20511446160786	116.18977355957031	1068000	2023/03/17 
2023/03/20 	116.18977829953458	117.17443743766623	114.22046002327127	115.69744873046875	586000	2023/03/20 
2023/03/21 	117.17443375208389	120.12841107356499	116.18977464492352	117.66676330566406	1504000	2023/03/21 
2023/03/22 	120.12840627034505	121.60539487202962	117.66675860087078	118.15908813476562	1482000	2023/03/22 
2023/03/23 	118.65141589582458	120.62073400197934	117.6667568427472	119.14374542236328	1151000	2023/03/23 
2023/03/24 	120.62073834464273	121.11306788890658	114.22045426921271	114.71278381347656	1722000	2023/03/24 
2023/03/27 	114.71277971559216	115.69743876894488	112.74346160888672	112.74346160888672	844000	2023/03/27 
2023/03/28 	112.25114234718116	113.23580149057749	109.29716491699219	109.29716491699219	1176000	2023/03/28 
2023/03/29 	112.25112845680931	112.25112845680931	107.82016285982999	108.31249237060547	577000	2023/03/29 
2023/03/30 	109.78949157576754	110.28182113440327	107.82017334122463	108.8048324584961	605000	2023/03/30 
2023/03/31 	109.78948267665477	109.78948267665477	107.32783508300781	107.32783508300781	631000	2023/03/31 
2023/04/06 	107.32784161235011	107.82017116103061	103.88153477158657	105.8508529663086	361000	2023/04/06 
2023/04/07 	106.83550847719793	108.80482660580988	106.83550847719793	107.8201675415039	430000	2023/04/07 
2023/04/10 	111.26648025167474	111.26648025167474	108.31250289986036	108.8048324584961	462000	2023/04/10 
2023/04/11 	110.77415176800318	112.25114045824323	108.8048335143498	110.28182220458984	546000	2023/04/11 
2023/04/12 	110.28182038163716	111.75880904746266	108.80483171581167	111.2664794921875	507000	2023/04/12 
2023/04/13 	111.26646943525834	113.23578747836027	108.31249237060547	108.31249237060547	857000	2023/04/13 
2023/04/14 	110.28182220458984	114.22045871189661	109.29716307776314	110.28182220458984	1480000	2023/04/14 
2023/04/17 	111.75880369646796	116.68209901349299	110.77414463306296	114.22045135498047	2679000	2023/04/17 
2023/04/18 	118.15909104723158	124.5593751456233	117.17443195517133	118.65142059326172	7182000	2023/04/18 
2023/04/19 	120.12840963463229	123.0823869207298	115.69744370548601	122.59005737304688	5900000	2023/04/19 
2023/04/20 	121.60539827768105	125.5440346591444	118.65142099158352	122.59005737304688	3553000	2023/04/20 
2023/04/21 	124.55936960073618	124.55936960073618	115.20510864257812	115.20510864257812	3207000	2023/04/21 
2023/04/24 	116.18976826313113	123.5747111612115	115.69743873659243	119.14374542236328	3179000	2023/04/24 
2023/04/25 	121.11306832341238	122.59005696150278	116.18977286311106	118.65142059326172	3092000	2023/04/25 
2023/04/26 	120.12840923135212	120.12840923135212	115.2051137710508	118.65142059326172	1666000	2023/04/26 
2023/04/27 	123.5747172229695	130.4673309326172	121.11306946952388	130.4673309326172	14507000	2023/04/27 
2023/04/28 	133.42130759327682	143.2678985595703	131.45198940001814	143.2678985595703	22045000	2023/04/28 
2023/05/02 	147.20652180167562	153.6068053582702	143.26788576684817	146.22186279296875	26386000	2023/05/02 
2023/05/03 	146.71421440073988	158.5301242853632	144.74489608663598	148.68353271484375	13810000	2023/05/03 
2023/05/04 	146.71421440073988	151.1451806074736	141.29858903695416	148.68353271484375	7217000	2023/05/04 
2023/05/05 	152.62215965672544	156.06846648768376	146.71420508936833	149.66818237304688	9691000	2023/05/05 
2023/05/08 	151.63749342698316	155.08380009577823	148.68351628230167	153.6068115234375	5387000	2023/05/08 
2023/05/09 	157.0531305495662	157.0531305495662	149.1758575439453	149.1758575439453	5598000	2023/05/09 
2023/05/10 	151.14517101488616	154.09914829856473	146.71420508936833	149.66818237304688	4363000	2023/05/10 
2023/05/11 	152.62215496742562	155.57613216034352	142.7755643243659	143.76022338867188	7048000	2023/05/11 
2023/05/12 	142.28322895970837	144.7448765195649	137.35993383999528	142.7755584716797	3768000	2023/05/12 
2023/05/15 	143.26789631090665	143.26789631090665	137.85227136444627	140.3139190673828	2459000	2023/05/15 
2023/05/16 	143.2678951506919	146.71420190689412	138.83692932128906	138.83692932128906	2643000	2023/05/16 
2023/05/17 	140.31391552987807	145.7295403398032	140.31391552987807	142.28323364257812	3193000	2023/05/17 
2023/05/18 	145.7295489244058	148.19119671029102	139.82159423828125	139.82159423828125	3466000	2023/05/18 
2023/05/19 	139.82158856586895	141.790906714684	132.4366455078125	132.4366455078125	4370000	2023/05/19 
2023/05/22 	133.42130681818182	136.86761363636364	132.92897727272728	135.390625	2134000	2023/05/22 
2023/05/23 	138.34459978468874	143.7602246872922	136.37528163828748	138.83692932128906	4259000	2023/05/23 
2023/05/24 	136.86761134264637	137.35994087985014	130.9596568962012	132.4366455078125	3229000	2023/05/24 
2023/05/25 	133.91362341126398	135.8829414026061	131.94430541992188	131.94430541992188	1499000	2023/05/25 
2023/05/26 	132.9289666537581	133.91362566600816	128.00567159250778	128.4980010986328	1798000	2023/05/26 
2023/05/29 	129.48265793074424	132.92896441559293	128.49799893507316	131.94430541992188	1246000	2023/05/29 
2023/05/30 	131.45198891909067	132.4366480121176	127.5133525469831	128.99034118652344	1087000	2023/05/30 
2023/05/31 	128.99033060475784	131.451978135383	128.00567159250778	128.4980010986328	1131000	2023/05/31 
2023/06/01 	128.49800579364484	128.99033531775842	126.5286876971905	128.00567626953125	1002000	2023/06/01 
2023/06/02 	129.97499321831597	135.3906179357458	128.99033417878329	132.92897033691406	2900000	2023/06/02 
2023/06/05 	133.91362937644675	134.4059588962131	131.94431129738138	132.92897033691406	1291000	2023/06/05 
2023/06/06 	132.9289666537581	133.91362566600816	128.4980010986328	128.4980010986328	1051000	2023/06/06 
2023/06/07 	129.48266252953462	131.94431010614173	129.48266252953462	131.4519805908203	632000	2023/06/07 
2023/06/08 	130.46732389009915	130.95965341421274	128.00567626953125	128.00567626953125	818000	2023/06/08 
2023/06/09 	128.99033301421318	131.4519805908203	128.00567398357035	131.4519805908203	593000	2023/06/09 
2023/06/12 	132.43665065391392	132.43665065391392	123.57471863989737	125.54403686523438	1743000	2023/06/12 
2023/06/13 	126.52869304146353	126.52869304146353	123.57471577201302	125.05170440673828	1282000	2023/06/13 
2023/06/14 	125.05170511146147	126.03636420682732	122.09772782536396	122.59005737304688	976000	2023/06/14 
2023/06/15 	123.5747135223881	124.55937259427962	121.60539537860501	122.09772491455078	769000	2023/06/15 
2023/06/16 	123.08238102839543	125.05169912484976	120.62073340782752	121.60539245605469	1165000	2023/06/16 
2023/06/19 	125.54403215646744	130.46732753515244	122.09772539138794	126.03636169433594	2611000	2023/06/19 
2023/06/20 	125.05170481441586	129.97500027955033	125.05170481441586	128.99034118652344	1745000	2023/06/20 
2023/06/21 	128.49801308768136	128.99034263974144	124.06704711914062	124.06704711914062	1410000	2023/06/21 
2023/06/26 	124.55937418698343	127.51335144042969	121.11306739129614	127.51335144042969	847000	2023/06/26 
2023/06/27 	127.02101044156657	132.92896441559293	126.52868094373105	131.94430541992188	2261000	2023/06/27 
2023/06/28 	133.9136329593515	135.39062155816788	129.97499669584116	130.95965576171875	3145000	2023/06/28 
2023/06/29 	132.92897039083206	140.80624271028876	132.436640870866	139.32925415039062	6132000	2023/06/29 
2023/06/30 	139.3292599862082	141.29857814855743	136.37528274268433	140.3139190673828	3357000	2023/06/30 
2023/07/03 	142.77556699865005	142.77556699865005	133.91363525390625	133.91363525390625	2718000	2023/07/03 
2023/07/04 	134.89829433665557	137.8522715849035	132.92897617115693	133.91363525390625	2117000	2023/07/04 
2023/07/05 	135.88295097761258	139.82158723783323	135.88295097761258	137.3599395751953	2773000	2023/07/05 
2023/07/06 	135.8829613821847	140.8062570844378	135.8829613821847	137.85227966308594	2004000	2023/07/06 
2023/07/07 	141.298572172942	141.79090169270833	132.43664081714772	132.92897033691406	2411000	2023/07/07 
2023/07/10 	133.4213057125316	135.88295341940488	132.43664662978227	133.91363525390625	963000	2023/07/10 
2023/07/11 	135.39062865985716	136.3752877773834	132.92898086604157	133.4213104248047	1133000	2023/07/11 
2023/07/12 	135.39062529119826	135.39062529119826	127.5133525469831	128.99034118652344	1875000	2023/07/12 
2023/07/13 	129.48267031091405	130.46732940073088	125.05170440673828	125.05170440673828	1468000	2023/07/13 
2023/07/14 	126.52869415283203	128.00568280053045	123.57471685743518	126.52869415283203	1043000	2023/07/14 
2023/07/17 	126.72670091043307	128.2117794367272	122.76649150698204	125.73664855957031	1259000	2023/07/17 
2023/07/18 	126.2316746711731	126.2316746711731	116.82617734273275	118.80628204345703	2873000	2023/07/18 
2023/07/19 	119.79633094524515	119.79633094524515	112.86596469221443	114.8460693359375	2644000	2023/07/19 
2023/07/20 	114.84607039741847	117.81622739045515	112.86596573539401	113.85601806640625	1170000	2023/07/20 
2023/07/21 	112.37094335171139	114.3510480803759	109.40078625871462	110.39083862304688	2269000	2023/07/21 
2023/07/24 	111.38089098737913	111.87591716954526	107.91570771221623	110.39083862304688	1292000	2023/07/24 
2023/07/25 	111.87591392816935	114.8460709351119	108.9057569212268	113.36099243164062	1089000	2023/07/25 
2023/07/26 	113.36099628070453	113.36099628070453	109.40078680364935	109.89581298828125	864000	2023/07/26 
2023/07/27 	110.39083647202816	112.86596733462969	110.39083647202816	112.37094116210938	655000	2023/07/27 
2023/07/28 	111.87591552734375	115.34109875164201	109.89581082774474	111.87591552734375	1020000	2023/07/28 
2023/07/31 	113.85602246533642	113.85602246533642	109.89581298828125	109.89581298828125	665000	2023/07/31 
2023/08/01 	110.88586371527778	115.3410993109809	110.39083753797743	111.38088989257812	944000	2023/08/01 
2023/08/02 	111.38088486411355	112.37093717401679	107.91570177945223	108.90575408935547	787000	2023/08/02 
2023/08/04 	108.90576007654849	110.39083862304688	106.92565534788397	110.39083862304688	563000	2023/08/04 
2023/08/07 	110.88586371527778	111.38088989257812	107.42068047417534	111.38088989257812	675000	2023/08/07 
2023/08/08 	111.38088703155518	111.87591319613986	106.92565155029297	106.92565155029297	709000	2023/08/08 
2023/08/09 	105.9355992211236	108.90575620863173	104.94554689195421	106.92565155029297	710000	2023/08/09 
2023/08/10 	105.93559679938751	106.43062295265568	100.98533526670586	101.97538757324219	1285000	2023/08/10 
2023/08/11 	104.9455495536045	107.91570661644235	103.46047102218556	104.45052337646484	817000	2023/08/11 
2023/08/14 	104.45052050599958	104.45052050599958	97.61915793850912	99.99528503417969	1315000	2023/08/14 
2023/08/15 	101.48036499117804	101.48036499117804	97.12413317841772	97.22313690185547	798000	2023/08/15 
2023/08/16 	97.22313502326404	97.22313502326404	94.45099305307205	96.13407897949219	919000	2023/08/16 
2023/08/17 	94.94602344567195	98.90623291115566	93.75795607392678	97.81717681884766	650000	2023/08/17 
2023/08/18 	99.00523323324782	102.4704163964115	96.13407995878367	99.50025939941406	1196000	2023/08/18 
2023/08/21 	99.50025680690136	102.47041372651036	99.00523065363319	101.97538757324219	565000	2023/08/21 
2023/08/22 	101.9753891517376	102.47041531266837	98.41120230373605	100.49031066894531	676000	2023/08/22 
2023/08/23 	100.98533736125077	101.48036352478631	99.50025887064415	99.99528503417969	302000	2023/08/23 
2023/08/24 	100.98533682987608	103.4604676345299	100.49031066894531	100.49031066894531	464000	2023/08/24 
2023/08/25 	99.00523167030484	102.4704147787655	97.91617563263144	100.98533630371094	483000	2023/08/25 
2023/08/28 	101.48036352478631	101.97538968832187	99.99528503417969	99.99528503417969	279000	2023/08/28 
2023/08/29 	99.99528450801455	101.48036299080684	99.50025834708377	100.49031066894531	190000	2023/08/29 
2023/08/30 	100.98533526670586	102.47041372651036	100.49030911343769	101.97538757324219	327000	2023/08/30 
2023/08/31 	103.46047156197685	107.91570717947823	102.96544538225446	103.95549774169922	1094000	2023/08/31 
2023/09/01 	102.96544647216797	105.4405773969797	102.96544647216797	102.96544647216797	431000	2023/09/01 
2023/09/04 	102.47042083740234	103.46047321264294	100.98534227454144	102.47042083740234	425000	2023/09/04 
2023/09/05 	101.48036737761429	104.94555065392308	101.48036737761429	103.4604721069336	353000	2023/09/05 
2023/09/06 	102.96543987977851	103.46046603304669	100.49030911343769	101.97538757324219	626000	2023/09/06 
2023/09/07 	101.48036352478631	102.96544201539295	99.99528503417969	99.99528503417969	268000	2023/09/07 
2023/09/08 	99.50025993347168	99.99528610229493	98.5102075958252	99.00523376464844	509000	2023/09/08 
2023/09/11 	99.00523775860566	99.00523775860566	96.72811426875765	96.8271255493164	541000	2023/09/11 
2023/09/12 	97.81717242131909	101.48036299080684	96.82712009945756	100.49031066894531	503000	2023/09/12 
2023/09/13 	100.98534119528446	108.41073393023186	100.98534119528446	103.4604721069336	1223000	2023/09/13 
2023/09/14 	103.95549828926342	106.92565538324237	102.47041974227395	103.4604721069336	723000	2023/09/14 
2023/09/15 	104.45052392142159	104.94555010114397	101.97539302280971	103.95549774169922	621000	2023/09/15 
2023/09/18 	103.4604721069336	105.4405768362529	103.4604721069336	103.4604721069336	366000	2023/09/18 
2023/09/19 	104.4505194121716	105.44057172887466	100.49031014535942	100.98533630371094	588000	2023/09/19 
2023/09/20 	100.98534255481559	100.98534255481559	98.11418914794922	98.11418914794922	473000	2023/09/20 
2023/09/21 	97.81717328195761	99.50025922253083	97.02512839609972	98.21318817138672	368000	2023/09/21 
2023/09/22 	97.61916058504278	98.2131904866901	96.92612695870424	97.52015686035156	396000	2023/09/22 
2023/09/25 	97.52015509083154	99.50025976272659	97.52015509083154	97.7181625366211	300000	2023/09/25 
2023/09/26 	97.61916113055278	98.4112060395086	97.02513122558594	97.02513122558594	327000	2023/09/26 
2023/09/27 	96.92612763772597	98.9062323594221	96.1340827276475	98.31220245361328	306000	2023/09/27 
2023/09/28 	98.41120728252697	99.5002633809719	97.32215118408203	97.32215118408203	296000	2023/09/28 
2023/10/02 	98.90622951071455	99.9952855655803	98.41120334454831	99.50025939941406	455000	2023/10/02 
2023/10/03 	99.50026171574528	100.49031407112582	98.70821681004082	98.8072280883789	369000	2023/10/03 
2023/10/04 	98.21319033713336	98.21319033713336	96.23308563232422	96.23308563232422	714000	2023/10/04 
2023/10/05 	96.53010240241663	99.50025939941406	96.53010240241663	99.50025939941406	380000	2023/10/05 
2023/10/06 	99.50025677633006	99.99528292944613	97.52015216386579	97.61915588378906	211000	2023/10/06 
2023/10/11 	97.61915574938621	98.9062267671158	96.33209228515625	96.33209228515625	455000	2023/10/11 
2023/10/12 	97.91617584228516	99.50025804170185	97.0251272446446	97.91617584228516	326000	2023/10/12 
2023/10/13 	97.12413371653493	98.41120478885648	96.431100095131	96.72811126708984	345000	2023/10/13 
2023/10/16 	96.62910429213723	97.52015288503546	93.8569623462868	94.05496978759766	489000	2023/10/16 
2023/10/17 	94.94601838049589	96.23308185601583	94.05496978759766	94.05496978759766	225000	2023/10/17 
2023/10/18 	93.06492178780692	94.55000032697404	90.09476470947266	90.09476470947266	716000	2023/10/18 
2023/10/19 	89.10471024051789	92.66889713943863	88.60968407251502	92.07486724853516	345000	2023/10/19 
2023/10/20 	91.97586325459555	91.97586325459555	89.00570625533089	89.500732421875	335000	2023/10/20 
2023/10/23 	88.60968725416396	91.18382190950668	88.60968725416396	89.1047134399414	221000	2023/10/23 
2023/10/24 	89.10471248590463	91.57984338829087	88.90670503511376	91.3818359375	225000	2023/10/24 
2023/10/25 	91.6788468404434	95.837071276159	91.6788468404434	95.7380599975586	418000	2023/10/25 
2023/10/26 	93.8569658077775	96.43110040725242	93.65895080566406	93.65895080566406	351000	2023/10/26 
2023/10/27 	94.84701465984047	96.1340781353604	93.8569623462868	94.05496978759766	313000	2023/10/27 
2023/10/30 	94.54999542236328	96.4310963184296	94.35198798214563	94.54999542236328	244000	2023/10/30 
2023/10/31 	95.34204600939223	95.54005346148749	92.17387390136719	92.17387390136719	420000	2023/10/31 
2023/11/01 	93.55994592272387	94.05497209162716	92.27287486217533	93.3619384765625	160000	2023/11/01 
2023/11/02 	94.05497521469273	96.53010614139518	93.95597148832466	96.03507995605469	405000	2023/11/02 
2023/11/03 	96.23308340997538	97.91617690229481	95.24303108043448	96.9261245727539	355000	2023/11/03 
2023/11/06 	96.92612484604959	99.9952855655803	96.92612484604959	99.50025939941406	622000	2023/11/06 
2023/11/07 	99.50025939941406	99.9952855655803	98.31219962201503	99.50025939941406	205000	2023/11/07 
2023/11/08 	99.99528503417969	101.48036352478631	99.50025887064415	99.99528503417969	309000	2023/11/08 
2023/11/09 	99.99528610229493	100.9853384399414	98.60921131888986	99.00523376464844	176000	2023/11/09 
2023/11/10 	99.00523062321399	99.00523062321399	97.02512601074972	97.61915588378906	297000	2023/11/10 
2023/11/13 	98.01517884008781	99.50025730736186	97.12413024902344	97.12413024902344	372000	2023/11/13 
2023/11/14 	98.51020921426375	98.51020921426375	97.12413440808668	97.52015686035156	122000	2023/11/14 
2023/11/15 	99.00523218615301	100.98533682987608	98.80722474318061	100.49031066894531	540000	2023/11/15 
2023/11/16 	100.49031119771523	101.48036352478631	99.50025887064415	99.99528503417969	348000	2023/11/16 
2023/11/17 	102.47041920253209	106.4306286403111	100.98534066336495	103.95549774169922	1439000	2023/11/17 
2023/11/20 	104.94555010114397	113.36099515642438	103.95549774169922	110.8858642578125	2109000	2023/11/20 
2023/11/21 	110.88585870916194	112.37093717401679	108.90575408935547	108.90575408935547	704000	2023/11/21 
2023/11/22 	108.41073230304549	114.3510464018425	107.420679953246	111.87591552734375	1232000	2023/11/22 
2023/11/23 	111.87591828911553	112.86597066335548	109.40078735351562	109.40078735351562	401000	2023/11/23 
2023/11/24 	109.40078625871462	112.37094335171139	106.43062916571783	110.39083862304688	875000	2023/11/24 
2023/11/27 	110.39083580658814	110.88586197612442	105.93560028076172	105.93560028076172	606000	2023/11/27 
2023/11/28 	106.92565050037629	108.90575513927215	106.92565050037629	107.91570281982422	444000	2023/11/28 
2023/11/29 	107.91570879215568	110.88586591487557	107.91570879215568	109.40078735351562	597000	2023/11/29 
2023/11/30 	111.38088486411355	111.38088486411355	107.91570177945223	108.90575408935547	447000	2023/11/30 
2023/12/01 	109.89581136067707	114.84607313368055	109.89581136067707	111.38088989257812	1238000	2023/12/01 
2023/12/04 	111.87591661725725	112.865968976702	110.39083807809013	110.8858642578125	306000	2023/12/04 
2023/12/05 	110.88586591487557	111.87591828911553	109.40078735351562	109.40078735351562	354000	2023/12/05 
2023/12/06 	110.8858642578125	113.36099515642438	110.39083807809013	110.8858642578125	492000	2023/12/06 
2023/12/07 	112.37094335171139	112.37094335171139	109.40078625871462	110.39083862304688	394000	2023/12/07 
2023/12/08 	111.87591716954526	113.36099571604365	109.89581244088075	110.39083862304688	460000	2023/12/08 
2023/12/11 	111.38089098737913	111.38089098737913	109.40078625871462	110.39083862304688	314000	2023/12/11 
2023/12/12 	113.36099282380576	116.82617601055965	105.44057411122544	105.93560028076172	2560000	2023/12/12 
2023/12/13 	105.9355992211236	108.41073004404704	105.9355992211236	106.92565155029297	576000	2023/12/13 
2023/12/14 	108.41073230304549	114.84607257674226	107.91570612814574	111.87591552734375	2064000	2023/12/14 
2023/12/15 	112.86596733462969	113.36099350714998	107.91570560942662	112.37094116210938	1157000	2023/12/15 
2023/12/18 	111.38088539855121	111.38088539855121	107.42067613993605	108.41072845458984	585000	2023/12/18 
2023/12/19 	109.40078346751561	109.40078346751561	105.44057411122544	105.93560028076172	424000	2023/12/19 
2023/12/20 	106.92564998260916	109.89580692657053	104.94554535330158	108.41072845458984	635000	2023/12/20 
2023/12/21 	106.9256520825763	108.90575675077217	106.43062591552734	106.43062591552734	235000	2023/12/21 
2023/12/22 	106.92565316213688	107.91570550623074	104.94554847394916	105.4405746459961	278000	2023/12/22 
2023/12/25 	105.93560190788378	105.93560190788378	102.47041866790627	104.45052337646484	512000	2023/12/25 
2023/12/26 	104.94555065392308	104.94555065392308	102.96544592460377	103.4604721069336	405000	2023/12/26 
2023/12/27 	104.45052392142159	105.93560246058873	102.96544538225446	103.95549774169922	526000	2023/12/27 
2023/12/28 	104.45052283664918	105.44057518581174	103.95549666206792	104.94554901123047	284000	2023/12/28 
2023/12/29 	105.44057628086635	105.44057628086635	102.96544538225446	103.95549774169922	390000	2023/12/29 
2024/01/02 	104.94554901123047	106.43062753497429	103.95549666206792	104.94554901123047	329000	2024/01/02 
2024/01/03 	104.94554502905869	105.44057118485614	100.98533578267912	101.48036193847656	451000	2024/01/03 
2024/01/04 	101.48036460876465	101.97539077758789	98.8072263185191	99.00523376464844	783000	2024/01/04 
2024/01/05 	99.50025782865636	100.98533630371094	99.50025782865636	100.98533630371094	132000	2024/01/05 
2024/01/08 	100.98533578267912	102.47041425007146	99.50025731528677	101.48036193847656	283000	2024/01/08 
2024/01/09 	102.96544311523438	104.4505216217041	99.00523376464844	99.00523376464844	470000	2024/01/09 
2024/01/10 	99.00523430138976	99.99528664440366	98.51020812988281	98.51020812988281	159000	2024/01/10 
2024/01/11 	98.51020990438286	99.50026226523093	98.11418744934363	98.31220245361328	281000	2024/01/11 
2024/01/12 	98.31220191068863	100.49031407112582	98.31220191068863	98.8072280883789	259000	2024/01/12 
2024/01/15 	98.8072280883789	98.8072280883789	98.8072280883789	98.8072280883789	0	2024/01/15 
2024/01/16 	100.49031281591061	100.49031281591061	97.61915951047033	98.51020812988281	480000	2024/01/16 
2024/01/17 	98.51021202405293	98.7082194790831	95.04502868652344	95.04502868652344	522000	2024/01/17 
2024/01/18 	94.5499975696686	98.51020689195839	94.35199012495406	98.21318817138672	557000	2024/01/18 
2024/01/19 	98.2131904866901	99.00523539121986	96.53010450643936	97.52015686035156	421000	2024/01/19 
2024/01/22 	97.52015288416054	98.90622763382316	97.52015288416054	98.41120147705078	294000	2024/01/22 
2024/01/23 	98.90623057778836	99.99528664440366	97.61915951047033	98.51020812988281	408000	2024/01/23 
2024/01/24 	98.51020706708158	100.49031173174654	98.51020706708158	99.50025939941406	354000	2024/01/24 
2024/01/25 	99.50026047289671	99.50026047289671	97.52015578686893	98.51020812988281	212000	2024/01/25 
2024/01/26 	97.81717613454177	98.11418731027516	97.02513122558594	97.02513122558594	227000	2024/01/26 
2024/01/29 	97.02512672738816	98.90622763382316	97.02512672738816	98.41120147705078	203000	2024/01/29 
2024/01/30 	98.80722605264609	98.80722605264609	96.13408021609361	96.43109893798828	323000	2024/01/30 
2024/01/31 	96.03507578650489	97.02512811420083	95.54004962265694	95.63905334472656	234000	2024/01/31 
2024/02/01 	95.54005487759908	96.53010725975037	94.05497630437215	95.04502868652344	467000	2024/02/01 
2024/02/02 	95.83706770193932	97.71816106919142	93.55994434205553	94.84701538085938	830000	2024/02/02 
2024/02/05 	95.54005069078343	95.54005069078343	92.66889739766611	94.64900207519531	682000	2024/02/05 
2024/02/15 	92.76790103107862	93.55994592272387	92.56989358491727	93.3619384765625	356000	2024/02/15 
2024/02/16 	94.64900232497436	97.22313690185547	94.64900232497436	97.22313690185547	547000	2024/02/16 
2024/02/19 	97.32215009276521	99.50026226523093	97.32215009276521	98.31220245361328	356000	2024/02/19 
2024/02/20 	98.5102075958252	99.99528610229493	98.41120387276052	99.00523376464844	428000	2024/02/20 
2024/02/21 	99.50025993347168	99.99528610229493	98.5102075958252	99.00523376464844	355000	2024/02/21 
2024/02/22 	99.99528366802248	99.99528366802248	98.01517904093294	98.41120147705078	355000	2024/02/22 
2024/02/23 	98.80722578818127	99.9952855655803	97.61915845728238	99.50025939941406	448000	2024/02/23 
2024/02/26 	99.50025887064415	100.98533736125077	99.0052327071086	99.99528503417969	234000	2024/02/26 
2024/02/27 	100.49031227111816	100.9853384399414	98.41120387276052	99.00523376464844	244000	2024/02/27 
2024/02/29 	99.00523323324782	99.9952855655803	98.90622951071455	99.50025939941406	241000	2024/02/29 
2024/03/01 	100.49030982479488	100.49030982479488	98.41120147705078	98.41120147705078	200000	2024/03/01 
2024/03/04 	98.51020921426375	99.00523539121986	97.52015686035156	97.52015686035156	252000	2024/03/04 
2024/03/05 	98.01517936855346	98.41120180599503	96.62910461425781	96.62910461425781	213000	2024/03/05 
2024/03/06 	96.6291093166237	97.81717668676463	96.03507940830329	96.53010559082031	175000	2024/03/06 
2024/03/07 	96.62911087407151	97.42115580026481	93.65895373109699	93.7579574584961	602000	2024/03/07 
2024/03/08 	93.75795374426463	94.54999863908097	91.28282288983841	91.57984161376953	519000	2024/03/08 
2024/03/11 	91.77784573548664	93.9559653405654	91.77784573548664	93.26292419433594	207000	2024/03/11 
2024/03/12 	94.0549739452982	95.14403002764902	93.85696649523443	94.45099639892578	202000	2024/03/12 
2024/03/13 	94.54999772244875	95.44104633210374	93.85696411132812	93.85696411132812	204000	2024/03/13 
2024/03/14 	93.85696884934198	95.14403241403852	93.16392764973594	95.04502868652344	114000	2024/03/14 
2024/03/15 	95.04502388853487	95.24303133356938	93.46094166775926	93.85696411132812	181000	2024/03/15 
2024/03/18 	94.45099474580262	94.45099474580262	90.19376666244311	90.29277038574219	811000	2024/03/18 
2024/03/19 	90.58979199727376	90.78779945018469	88.90670598703049	89.1047134399414	722000	2024/03/19 
2024/03/20 	89.10471455434735	90.49078940255947	88.11466217041016	88.11466217041016	528000	2024/03/20 
2024/03/21 	89.20371288106797	90.09476148336161	87.32261195478134	87.42162322998047	535000	2024/03/21 
2024/03/22 	87.42162198585523	88.60968173633923	87.12460327148438	87.12460327148438	503000	2024/03/22 
2024/03/25 	87.12460327148438	87.12460327148438	87.12460327148438	87.12460327148438	0	2024/03/25 
2024/03/26 	89.40173229506	90.49078839455959	88.31266864206025	90.39178466796875	567000	2024/03/26 
2024/03/27 	89.50073268562016	92.07486724853516	88.31266535031334	92.07486724853516	585000	2024/03/27 
2024/03/28 	92.07487030231556	93.46094512939453	90.09476556463136	93.46094512939453	605000	2024/03/28 
2024/03/29 	94.05497435308887	94.05497435308887	91.67884717452135	92.66889953613281	232000	2024/03/29 
2024/04/01 	93.36194140321034	93.46094512939453	91.48084039171033	93.46094512939453	373000	2024/04/01 
2024/04/02 	93.65894947544439	93.65894947544439	91.18381863543	92.07486724853516	405000	2024/04/02 
2024/04/03 	91.2828223583306	92.07486724853516	90.39178129872532	92.07486724853516	312000	2024/04/03 
2024/04/08 	91.57984338829087	92.07486956876812	90.3917835765455	91.3818359375	150000	2024/04/08 
2024/04/09 	91.87685792102769	91.97586164190062	90.29276817306192	90.98580932617188	354000	2024/04/09 
2024/04/10 	90.98580893109653	94.35198830065771	90.98580893109653	92.76789855957031	441000	2024/04/10 
2024/04/11 	92.1738680351967	92.96591290017032	91.2828194504763	91.97586059570312	226000	2024/04/11 
2024/04/12 	92.17387501123372	92.47089374645314	91.18382263183594	91.18382263183594	158000	2024/04/12 
2024/04/15 	90.58978829928292	90.58978829928292	87.61963130586379	88.21366119384766	665000	2024/04/15 
2024/04/16 	87.22360589255445	87.22360589255445	83.7584228515625	83.7584228515625	661000	2024/04/16 
2024/04/17 	84.35245328156626	87.91664761885748	84.35245328156626	87.61962890625	318000	2024/04/17 
2024/04/18 	87.12460306467597	87.52062549839715	85.73852832340165	85.83753204345703	177000	2024/04/18 
2024/04/19 	84.84748588129878	85.54052707888187	79.40219779536129	81.6793212890625	786000	2024/04/19 
2024/04/22 	81.28329363128529	83.56041697943994	81.28329363128529	82.27334594726562	268000	2024/04/22 
2024/04/23 	83.16439536956628	84.84748130207424	82.66936920665219	84.35245513916016	203000	2024/04/23 
2024/04/24 	84.15444769539444	85.73852990601955	84.15444769539444	84.35245513916016	137000	2024/04/24 
2024/04/25 	84.35245513916016	84.84748130207424	83.06539164768341	84.35245513916016	143000	2024/04/25 
2024/04/26 	84.74847758019139	85.44151874037098	83.65942153248037	84.35245513916016	240000	2024/04/26 
2024/04/29 	84.45146625800152	87.71863439507848	84.45146625800152	87.42162322998047	242000	2024/04/29 
2024/04/30 	87.52063103296572	88.90670586189168	87.32261602683337	87.81764221191406	81000	2024/04/30 
2024/05/02 	87.1246050398145	87.1246050398145	85.63952654481766	86.92659759521484	105000	2024/05/02 
2024/05/03 	87.12460275423729	87.91664761885748	86.13455045021186	87.61962890625	140000	2024/05/03 
2024/05/06 	87.3226136479354	87.6196323722923	86.72858375272153	87.2236099243164	93000	2024/05/06 
2024/05/07 	87.12460359452476	87.61962975131182	84.05544293314485	85.3425064086914	226000	2024/05/07 
2024/05/08 	87.32261224099796	90.58978794228351	86.62957863333122	89.99575805664062	518000	2024/05/08 
2024/05/09 	90.19376392148446	90.19376392148446	87.12460327148438	87.12460327148438	274000	2024/05/09 
2024/05/10 	88.11465800463431	88.60968417319967	87.61963183606895	87.71863555908203	149000	2024/05/10 
2024/05/13 	89.30271714440993	89.30271714440993	86.92659759521484	86.92659759521484	193000	2024/05/13 
2024/05/14 	87.12460432381465	87.61963048474541	86.13455200195312	86.13455200195312	272000	2024/05/14 
2024/05/15 	86.13455357918166	90.78779655573749	85.73853113248543	90.29277038574219	1235000	2024/05/15 
2024/05/16 	89.59973938021031	93.46094512939453	89.50073565402612	93.46094512939453	919000	2024/05/16 
2024/05/17 	93.06492052727346	96.03507756537793	93.06492052727346	95.44104766845703	670000	2024/05/17 
2024/05/20 	95.44104820951515	96.03507810980362	91.08481635156632	94.9460220336914	417000	2024/05/20 
2024/05/21 	93.55994468039654	94.6490007268229	93.0649185180664	93.0649185180664	211000	2024/05/21 
2024/05/22 	93.8569623462868	94.05496978759766	92.6688950379226	94.05496978759766	181000	2024/05/22 
2024/05/23 	94.05497271669105	94.25298016416832	92.47089047637309	94.15397644042969	306000	2024/05/23 
2024/05/24 	93.65894767933175	93.65894767933175	92.27287292480469	92.27287292480469	167000	2024/05/24 
2024/05/27 	92.56989270356789	93.0649188677581	90.58978804680709	91.28282165527344	315000	2024/05/27 
2024/05/28 	92.47089154323236	93.9559700769454	91.87686164044715	93.16392517089844	244000	2024/05/28 
2024/05/29 	92.8669133816595	94.35199190554425	91.77784975467738	92.37188720703125	208000	2024/05/29 
2024/05/30 	91.87686087848219	92.37188705228112	90.98581225494411	91.0848159790039	138000	2024/05/30 
2024/05/31 	91.5798450942951	92.37189001921341	90.78780016937678	91.18382263183594	177000	2024/05/31 
2024/06/03 	91.38183085592655	93.36193546772562	91.38183085592655	93.26292419433594	190000	2024/06/03 
2024/06/04 	94.05497380182626	95.14402988251582	92.2728765399706	93.16392517089844	363000	2024/06/04 
2024/06/05 	92.7679041114074	98.51021088275714	92.07487047333079	96.03507995605469	954000	2024/06/05 
2024/06/06 	96.23308723005233	97.52015833094713	93.06492267115766	93.46094512939453	515000	2024/06/06 
2024/06/07 	94.74800939877986	96.92612915893008	93.36194211463902	95.54005432128906	501000	2024/06/07 
2024/06/11 	96.03507810980362	97.61916036173956	94.9460220336914	94.9460220336914	407000	2024/06/11 
2024/06/12 	95.14402988251582	95.93607478856279	93.16392517089844	93.16392517089844	313000	2024/06/12 
2024/06/13 	94.25297703492699	99.50025730736186	94.25297703492699	97.12413024902344	976000	2024/06/13 
2024/06/14 	97.81717543897153	98.70821651333564	95.63905573158148	96.23308563232422	427000	2024/06/14 
2024/06/17 	96.53010089327235	97.52015321012642	96.33209345130142	96.62910461425781	193000	2024/06/17 
2024/06/18 	97.81717724468051	98.51021088275714	95.63905749708228	96.03507995605469	426000	2024/06/18 
2024/06/19 	96.43109685082638	96.62910429213723	94.05496978759766	94.05496978759766	340000	2024/06/19 
2024/06/20 	94.94602398070208	97.52015863707197	94.252982788237	97.32215118408203	416000	2024/06/20 
2024/06/21 	97.91617916351198	98.21319033713336	96.23308563232422	96.23308563232422	313000	2024/06/21 
2024/06/24 	97.32214618355925	97.32214618355925	94.64900038454353	94.84701538085938	195000	2024/06/24 
2024/06/25 	94.74800939877986	95.54005432128906	94.45099821796404	95.54005432128906	137000	2024/06/25 
2024/06/26 	95.5400479359257	97.22313384189447	95.5400479359257	95.83706665039062	162000	2024/06/26 
2024/06/27 	95.04502575815616	96.4311005611626	94.9460220336914	94.9460220336914	146000	2024/06/27 
2024/06/28 	96.92612872460201	97.61916236356693	95.639057619667	97.32215118408203	324000	2024/06/28 
2024/07/01 	97.3221457681555	98.01517936855346	96.13407845583077	96.62910461425781	248000	2024/07/01 
2024/07/02 	96.62910396646429	97.12413012157272	95.5400479359257	95.83706665039062	246000	2024/07/02 
2024/07/03 	96.23308351024183	99.50025922253083	96.23308351024183	98.21318817138672	630000	2024/07/03 
2024/07/04 	99.00523663709274	99.5002628202782	97.02513190435087	97.81717681884766	305000	2024/07/04 
2024/07/05 	97.81717192658253	97.81717192658253	96.43109717228688	96.62910461425781	336000	2024/07/05 
2024/07/08 	97.42115181394283	97.91617798418288	95.04502468609057	95.93607330322266	274000	2024/07/08 
2024/07/09 	96.03507756537793	96.92612618750927	94.35199159851871	95.44104766845703	335000	2024/07/09 
2024/07/10 	96.92612695870424	98.90623166652864	95.7380596019096	97.52015686035156	303000	2024/07/10 
2024/07/11 	97.71816553941048	98.80722918521859	96.72811317303956	97.81717681884766	364000	2024/07/11 
2024/07/12 	97.2231344936703	98.31219808500957	96.62910461425781	96.62910461425781	206000	2024/07/12 
2024/07/15 	96.9261224724734	96.9261224724734	94.25297670853715	94.54999542236328	389000	2024/07/15 
2024/07/16 	95.0	96.0	94.69999694824219	95.19999694824219	155000	2024/07/16 
2024/07/17 	95.19999694824219	99.30000305175781	95.19999694824219	97.80000305175781	392000	2024/07/17 
2024/07/18 	96.4000015258789	97.0999984741211	93.19999694824219	93.80000305175781	673000	2024/07/18 
2024/07/19 	94.80000305175781	94.80000305175781	91.5	91.69999694824219	289000	2024/07/19 
2024/07/22 	91.0999984741211	91.69999694824219	89.19999694824219	89.9000015258789	351000	2024/07/22 
2024/07/23 	91.0	91.9000015258789	89.9000015258789	89.9000015258789	182000	2024/07/23 
2024/07/26 	88.0	90.0	87.0	89.5	224000	2024/07/26 
2024/07/29 	90.0	91.9000015258789	89.0	90.30000305175781	282000	2024/07/29 
2024/07/30 	89.0999984741211	90.80000305175781	88.4000015258789	90.5999984741211	205000	2024/07/30 
2024/07/31 	90.69999694824219	91.4000015258789	90.4000015258789	90.9000015258789	146000	2024/07/31 
2024/08/01 	92.0	92.30000305175781	90.30000305175781	90.4000015258789	133000	2024/08/01 
2024/08/02 	90.0	91.0	89.0	90.0	261000	2024/08/02 
2024/08/05 	88.0	88.0	81.0	82.0	736000	2024/08/05 
2024/08/06 	82.19999694824219	84.69999694824219	77.5	82.19999694824219	574000	2024/08/06 
2024/08/07 	82.19999694824219	86.9000015258789	82.19999694824219	86.30000305175781	392000	2024/08/07 
2024/08/08 	84.0	86.0	84.0	85.19999694824219	197000	2024/08/08 
2024/08/09 	87.0	87.19999694824219	84.19999694824219	84.5999984741211	250000	2024/08/09 
2024/08/12 	85.5	86.80000305175781	85.0	85.5	216000	2024/08/12 
2024/08/13 	86.80000305175781	86.80000305175781	84.80000305175781	85.5999984741211	111000	2024/08/13 
2024/08/14 	85.5999984741211	87.19999694824219	85.19999694824219	86.5999984741211	253000	2024/08/14 
2024/08/15 	87.19999694824219	87.5	85.0	85.9000015258789	140000	2024/08/15 
2024/08/16 	86.19999694824219	87.5999984741211	86.19999694824219	86.80000305175781	107000	2024/08/16 
2024/08/19 	87.0	87.9000015258789	86.9000015258789	87.0999984741211	145000	2024/08/19 
2024/08/20 	87.0999984741211	88.5	87.0999984741211	87.9000015258789	229000	2024/08/20 
2024/08/21 	88.4000015258789	88.4000015258789	86.80000305175781	87.0	82000	2024/08/21 
2024/08/22 	87.0	88.0	86.4000015258789	87.0999984741211	90000	2024/08/22 
2024/08/23 	87.5999984741211	87.5999984741211	85.5999984741211	86.4000015258789	240000	2024/08/23 
2024/08/26 	86.19999694824219	87.19999694824219	85.0999984741211	85.0999984741211	120000	2024/08/26 
2024/08/27 	85.0999984741211	85.80000305175781	84.19999694824219	84.5	198000	2024/08/27 
2024/08/28 	84.69999694824219	85.5	84.0999984741211	84.19999694824219	84000	2024/08/28 
2024/08/29 	83.4000015258789	84.69999694824219	83.4000015258789	83.80000305175781	91000	2024/08/29 
2024/08/30 	83.80000305175781	84.5999984741211	83.4000015258789	83.4000015258789	161000	2024/08/30 
2024/09/02 	83.5	83.5999984741211	82.69999694824219	83.5999984741211	179000	2024/09/02 
2024/09/03 	83.9000015258789	83.9000015258789	82.5	82.5	72000	2024/09/03 
2024/09/04 	80.0999984741211	81.5999984741211	79.19999694824219	79.30000305175781	525000	2024/09/04 
2024/09/05 	80.30000305175781	80.9000015258789	79.0	79.4000015258789	211000	2024/09/05 
2024/09/06 	79.5	80.80000305175781	78.69999694824219	80.0	185000	2024/09/06 
2024/09/09 	79.30000305175781	80.30000305175781	79.19999694824219	80.0	107000	2024/09/09 
2024/09/10 	80.69999694824219	81.5	78.5999984741211	78.5999984741211	227000	2024/09/10 
2024/09/11 	79.9000015258789	80.5999984741211	79.4000015258789	80.4000015258789	140000	2024/09/11 
2024/09/12 	81.0	81.0	80.0	80.19999694824219	213000	2024/09/12 
2024/09/13 	81.30000305175781	81.80000305175781	80.0999984741211	81.5999984741211	186000	2024/09/13 
2024/09/16 	81.9000015258789	82.69999694824219	81.4000015258789	82.19999694824219	140000	2024/09/16 
2024/09/18 	83.0	83.5999984741211	82.0	83.5999984741211	282000	2024/09/18 
2024/09/19 	83.80000305175781	85.0999984741211	82.80000305175781	85.0999984741211	320000	2024/09/19 
2024/09/20 	85.4000015258789	87.5	84.0999984741211	87.5	437000	2024/09/20 
2024/09/23 	87.5999984741211	88.4000015258789	87.0	87.5	186000	2024/09/23 
2024/09/24 	87.4000015258789	88.5999984741211	86.30000305175781	88.5	265000	2024/09/24 
2024/09/25 	88.5	88.5	87.0999984741211	88.5	135000	2024/09/25 
2024/09/26 	88.5	88.80000305175781	86.5	86.5	148000	2024/09/26 
2024/09/27 	87.80000305175781	89.5999984741211	87.69999694824219	88.19999694824219	168000	2024/09/27 
2024/09/30 	88.5	89.0999984741211	86.5999984741211	87.80000305175781	130000	2024/09/30 
2024/10/01 	87.80000305175781	88.19999694824219	87.4000015258789	87.69999694824219	90000	2024/10/01 
2024/10/04 	87.80000305175781	89.4000015258789	87.30000305175781	89.4000015258789	242000	2024/10/04 
2024/10/07 	90.0	90.30000305175781	89.0999984741211	90.30000305175781	216000	2024/10/07 
2024/10/08 	90.30000305175781	90.30000305175781	87.9000015258789	89.0	107000	2024/10/08 
2024/10/09 	89.0	89.19999694824219	87.5999984741211	87.9000015258789	124000	2024/10/09 
2024/10/11 	88.80000305175781	88.80000305175781	87.9000015258789	88.0	71000	2024/10/11 
2024/10/14 	87.19999694824219	88.69999694824219	87.0	88.5999984741211	118000	2024/10/14 
2024/10/15 	88.5999984741211	92.0	88.5999984741211	91.5	263000	2024/10/15 
2024/10/16 	91.5	91.9000015258789	90.0999984741211	90.80000305175781	118000	2024/10/16 
2024/10/17 	92.0999984741211	92.0999984741211	89.5	91.0	109000	2024/10/17 
2024/10/18 	91.0999984741211	91.5999984741211	89.5999984741211	90.5	205000	2024/10/18 
2024/10/21 	90.5	91.80000305175781	90.0999984741211	90.80000305175781	194000	2024/10/21 
2024/10/22 	91.0	91.0	90.0	90.69999694824219	88000	2024/10/22 
2024/10/23 	91.30000305175781	97.0999984741211	90.69999694824219	94.69999694824219	956000	2024/10/23 
2024/10/24 	95.19999694824219	98.0	94.30000305175781	94.5999984741211	698000	2024/10/24 
2024/10/25 	97.0	101.5	96.0	97.19999694824219	1991000	2024/10/25 
2024/10/28 	97.5	98.5	95.30000305175781	95.5	595000	2024/10/28 
2024/10/29 	95.5	95.69999694824219	93.0999984741211	94.0	457000	2024/10/29 
2024/10/30 	95.0	95.0	92.19999694824219	94.0	389000	2024/10/30 
2024/11/01 	93.69999694824219	94.69999694824219	92.0999984741211	94.0	249000	2024/11/01 
2024/11/04 	94.19999694824219	94.30000305175781	92.19999694824219	93.0	233000	2024/11/04 
2024/11/05 	93.0	93.69999694824219	91.0	92.0999984741211	211000	2024/11/05 
2024/11/06 	93.4000015258789	94.5999984741211	92.5	92.5	296000	2024/11/06 
2024/11/07 	93.4000015258789	95.4000015258789	92.0999984741211	94.0999984741211	463000	2024/11/07 
2024/11/08 	94.0999984741211	94.69999694824219	92.5	94.0	443000	2024/11/08 
2024/11/11 	93.30000305175781	93.69999694824219	91.30000305175781	91.5	244000	2024/11/11 
2024/11/12 	91.0	91.0	87.9000015258789	88.69999694824219	441000	2024/11/12 
2024/11/13 	89.5	95.30000305175781	89.0	92.80000305175781	783000	2024/11/13 
2024/11/14 	93.80000305175781	94.5999984741211	90.5	91.30000305175781	376000	2024/11/14 
2024/11/15 	90.0999984741211	92.69999694824219	88.5	89.19999694824219	397000	2024/11/15 
2024/11/18 	89.30000305175781	89.5	86.69999694824219	88.30000305175781	385000	2024/11/18 
2024/11/19 	88.5	88.5	86.5	87.69999694824219	419000	2024/11/19 
2024/11/20 	87.69999694824219	88.0	85.4000015258789	85.5999984741211	288831	2024/11/20 
2024/11/21 	86.5	87.69999694824219	85.5999984741211	87.0999984741211	196000	2024/11/21 
2024/11/22 	87.80000305175781	89.5999984741211	87.80000305175781	87.9000015258789	227000	2024/11/22 
2024/11/25 	87.19999694824219	89.0	87.19999694824219	87.9000015258789	95000	2024/11/25 
2024/11/26 	89.4000015258789	90.0	87.9000015258789	88.0999984741211	169000	2024/11/26 
2024/11/27 	88.0999984741211	88.0999984741211	86.0	86.5	147000	2024/11/27 
2024/11/28 	86.5	86.5999984741211	85.0	86.0	172000	2024/11/28 
2024/11/29 	86.0	87.19999694824219	85.5999984741211	86.4000015258789	123000	2024/11/29 
2024/12/02 	87.30000305175781	87.80000305175781	86.5	86.5	89000	2024/12/02 
2024/12/03 	85.9000015258789	87.19999694824219	85.4000015258789	86.80000305175781	212000	2024/12/03 
2024/12/04 	87.0	87.30000305175781	86.0999984741211	86.80000305175781	80000	2024/12/04 
2024/12/05 	86.5999984741211	88.69999694824219	86.5	87.5	214000	2024/12/05 
2024/12/06 	87.5999984741211	91.0	87.5999984741211	91.0	314000	2024/12/06 
2024/12/09 	92.19999694824219	92.19999694824219	89.19999694824219	89.30000305175781	262000	2024/12/09 
2024/12/10 	89.0999984741211	91.5999984741211	89.0999984741211	89.30000305175781	165000	2024/12/10 
2024/12/11 	89.5999984741211	93.0	89.0999984741211	93.0	598000	2024/12/11 
2024/12/12 	94.9000015258789	96.0	92.0	92.30000305175781	810000	2024/12/12 
2024/12/13 	92.69999694824219	92.80000305175781	90.0	90.0999984741211	258000	2024/12/13 
2024/12/16 	90.0	90.80000305175781	87.0	88.5	403000	2024/12/16 
2024/12/17 	88.80000305175781	88.9000015258789	86.0999984741211	87.19999694824219	373000	2024/12/17 
2024/12/18 	86.80000305175781	87.30000305175781	85.80000305175781	85.80000305175781	192000	2024/12/18 
2024/12/19 	85.0	85.0	82.80000305175781	83.80000305175781	468000	2024/12/19 
2024/12/20 	83.30000305175781	84.5	83.19999694824219	83.5	173000	2024/12/20 
2024/12/23 	85.0	86.0	84.4000015258789	85.5	125000	2024/12/23 
2024/12/24 	84.80000305175781	85.9000015258789	84.80000305175781	85.80000305175781	119000	2024/12/24 
2024/12/25 	86.0999984741211	86.0999984741211	84.5	84.69999694824219	95000	2024/12/25 
2024/12/26 	84.69999694824219	86.69999694824219	84.5999984741211	85.4000015258789	130000	2024/12/26 
2024/12/27 	85.19999694824219	86.0999984741211	84.5999984741211	85.9000015258789	83000	2024/12/27 
2024/12/30 	86.30000305175781	86.30000305175781	84.19999694824219	84.30000305175781	106000	2024/12/30 
2024/12/31 	84.9000015258789	85.0	84.30000305175781	85.0	61000	2024/12/31 
2025/01/02 	84.4000015258789	85.4000015258789	83.0	83.80000305175781	119000	2025/01/02 
2025/01/03 	83.69999694824219	84.5999984741211	83.0999984741211	83.5999984741211	129000	2025/01/03 
2025/01/06 	83.80000305175781	85.0	83.5999984741211	83.5999984741211	107000	2025/01/06 
2025/01/07 	83.5999984741211	84.0	83.0999984741211	84.0	165000	2025/01/07 
2025/01/08 	84.0999984741211	84.0999984741211	81.5999984741211	82.0	336000	2025/01/08 
2025/01/09 	82.0999984741211	82.30000305175781	79.80000305175781	80.5	280000	2025/01/09 
2025/01/10 	79.69999694824219	81.0	79.5	80.4000015258789	257000	2025/01/10 
2025/01/13 	80.5999984741211	80.80000305175781	77.5999984741211	78.30000305175781	521000	2025/01/13 
2025/01/14 	82.0	84.19999694824219	81.9000015258789	83.0	458000	2025/01/14 
2025/01/15 	83.5999984741211	84.30000305175781	82.5	83.80000305175781	311000	2025/01/15 
2025/01/16 	84.9000015258789	84.9000015258789	83.5	84.19999694824219	111000	2025/01/16 
2025/01/17 	83.80000305175781	84.0999984741211	82.5999984741211	84.0	220000	2025/01/17 
2025/01/20 	83.0999984741211	85.80000305175781	83.0999984741211	85.80000305175781	238000	2025/01/20 
2025/01/21 	85.4000015258789	86.19999694824219	85.30000305175781	85.9000015258789	126000	2025/01/21 
2025/01/22 	85.5	88.0	85.5	88.0	373000	2025/01/22 
2025/02/03 	87.9000015258789	91.4000015258789	87.9000015258789	90.80000305175781	764498	2025/02/03 
2025/02/04 	90.5999984741211	95.9000015258789	90.0999984741211	95.5	1214115	2025/02/04 
2025/02/05 	97.0	99.80000305175781	95.69999694824219	99.4000015258789	2297243	2025/02/05 
2025/02/06 	100.0	101.0	98.0	98.9000015258789	1141251	2025/02/06 
2025/02/07 	98.9000015258789	103.5	98.9000015258789	102.5	1542469	2025/02/07 
2025/02/10 	102.5	104.5	101.5	103.5	1249822	2025/02/10 
2025/02/11 	107.0	111.0	105.5	106.0	3315658	2025/02/11 
2025/02/12 	108.5	108.5	104.5	106.5	1133354	2025/02/12 
2025/02/13 	108.0	110.5	105.0	106.0	1143665	2025/02/13 
2025/02/14 	106.0	106.5	103.0	103.5	838390	2025/02/14 
2025/02/17 	104.0	104.5	102.5	104.0	476180	2025/02/17 
2025/02/18 	105.0	105.0	102.5	103.5	436315	2025/02/18 
2025/02/19 	103.5	108.5	103.5	105.0	1090313	2025/02/19 
2025/02/20 	105.5	105.5	102.0	102.0	634102	2025/02/20 
2025/02/21 	102.5	105.0	102.5	103.5	501158	2025/02/21 
2025/02/24 	102.0	103.0	101.0	103.0	367050	2025/02/24 
2025/02/25 	102.0	103.5	101.5	102.0	415303	2025/02/25 
2025/02/26 	102.5	103.0	101.0	103.0	277500	2025/02/26 
2025/02/27 	103.0	103.0	101.0	101.5	318100	2025/02/27 
2025/03/03 	99.9000015258789	101.5	99.9000015258789	100.0	371134	2025/03/03 
2025/03/04 	99.5	100.0	98.0	99.5	315000	2025/03/04 
2025/03/05 	99.5	100.5	99.0	99.69999694824219	350031	2025/03/05 
2025/03/06 	100.5	101.5	99.9000015258789	101.0	190361	2025/03/06 
2025/03/07 	102.0	103.0	99.0	101.5	614080	2025/03/07 
2025/03/10 	102.5	106.5	99.9000015258789	100.5	1309033	2025/03/10 
2025/03/11 	98.5	99.5999984741211	96.30000305175781	97.80000305175781	633106	2025/03/11 
2025/03/12 	98.0999984741211	100.5	98.0999984741211	98.5999984741211	457021	2025/03/12 
2025/03/13 	100.0	100.0	92.0	92.9000015258789	1162277	2025/03/13 
2025/03/14 	93.19999694824219	93.5999984741211	91.0	92.5	553001	2025/03/14 
2025/03/17 	93.19999694824219	94.9000015258789	93.0999984741211	93.0999984741211	248001	2025/03/17 
2025/03/18 	93.19999694824219	93.4000015258789	91.5999984741211	91.9000015258789	243395	2025/03/18 
2025/03/19 	93.4000015258789	93.4000015258789	90.80000305175781	91.0	201001	2025/03/19 
2025/03/20 	91.5999984741211	93.5	91.0	92.80000305175781	292050	2025/03/20 
2025/03/21 	93.0	94.69999694824219	92.69999694824219	94.69999694824219	282071	2025/03/21 
2025/03/24 	93.9000015258789	94.0	91.0	91.0	409324	2025/03/24 
2025/03/25 	91.19999694824219	92.5	91.0	92.19999694824219	311100	2025/03/25 
2025/03/26 	92.69999694824219	93.0999984741211	91.19999694824219	91.5999984741211	177000	2025/03/26 
2025/03/27 	91.0	91.5999984741211	88.4000015258789	88.9000015258789	365186	2025/03/27 
2025/03/28 	88.4000015258789	88.80000305175781	86.5	87.9000015258789	215080	2025/03/28 
2025/03/31 	86.0	86.0999984741211	82.5	82.5	702004	2025/03/31 
2025/04/01 	82.5999984741211	83.80000305175781	81.69999694824219	82.30000305175781	506114	2025/04/01 
2025/04/02 	82.80000305175781	84.0999984741211	82.5999984741211	84.0999984741211	187050	2025/04/02 
2025/04/07 	75.69999694824219	75.69999694824219	75.69999694824219	75.69999694824219	75358	2025/04/07 
2025/04/08 	71.0	73.4000015258789	69.80000305175781	73.30000305175781	1192800	2025/04/08 
2025/04/09 	73.0	73.0	66.0	66.0	1065100	2025/04/09 
2025/04/10 	72.5999984741211	72.5999984741211	72.5999984741211	72.5999984741211	129000	2025/04/10 
2025/04/11 	70.0	74.5	67.5	74.30000305175781	678108	2025/04/11 
2025/04/14 	80.4000015258789	81.69999694824219	79.9000015258789	81.69999694824219	1479068	2025/04/14 
2025/04/15 	80.5	83.0	80.30000305175781	82.80000305175781	683186	2025/04/15 
2025/04/16 	83.0999984741211	84.0	81.5999984741211	82.5	348028	2025/04/16 
2025/04/17 	81.80000305175781	83.0999984741211	81.0	82.5999984741211	241038	2025/04/17 
2025/04/18 	82.5999984741211	84.0999984741211	82.5999984741211	83.30000305175781	190449	2025/04/18 
2025/04/21 	83.0	83.5999984741211	82.5	82.80000305175781	192000	2025/04/21 
2025/04/22 	81.5	82.9000015258789	81.30000305175781	82.19999694824219	247000	2025/04/22 
2025/04/23 	83.19999694824219	83.4000015258789	82.19999694824219	82.80000305175781	297000	2025/04/23 
2025/04/24 	83.5	83.9000015258789	82.5999984741211	82.80000305175781	255030	2025/04/24 
2025/04/25 	83.9000015258789	84.5	83.4000015258789	83.9000015258789	261007	2025/04/25 
2025/04/28 	83.9000015258789	86.0	83.9000015258789	85.5	187055	2025/04/28 
2025/04/29 	85.69999694824219	86.0	83.69999694824219	84.0	359050	2025/04/29 
2025/04/30 	84.0999984741211	85.30000305175781	83.4000015258789	83.69999694824219	220060	2025/04/30 
2025/05/02 	84.19999694824219	85.19999694824219	84.19999694824219	84.4000015258789	198000	2025/05/02 
2025/05/05 	84.5	84.9000015258789	81.19999694824219	81.80000305175781	310060	2025/05/05 
2025/05/06 	81.0	83.19999694824219	81.0	83.19999694824219	173100	2025/05/06 
2025/05/07 	82.69999694824219	83.5999984741211	82.0999984741211	82.5	131000	2025/05/07 
2025/05/08 	82.5999984741211	85.0999984741211	82.30000305175781	83.5	938068	2025/05/08 
2025/05/09 	83.69999694824219	85.30000305175781	83.0	85.30000305175781	750063	2025/05/09 
2025/05/12 	85.0999984741211	85.4000015258789	84.19999694824219	84.19999694824219	105100	2025/05/12 
2025/05/13 	85.5	85.5	83.5	85.0	200130	2025/05/13 
2025/05/14 	85.0	88.0	85.0	87.0	267114	2025/05/14 
2025/05/15 	87.0	87.5999984741211	85.30000305175781	85.5999984741211	128262	2025/05/15 
2025/05/16 	86.5	88.0	85.5	85.5	274060	2025/05/16 
2025/05/19 	85.0999984741211	85.69999694824219	83.0	83.0	164059	2025/05/19 
2025/05/20 	83.5999984741211	83.80000305175781	82.0999984741211	82.0999984741211	713076	2025/05/20 
2025/05/21 	82.69999694824219	83.5	82.0	82.19999694824219	161000	2025/05/21 
2025/05/22 	81.9000015258789	82.4000015258789	80.5999984741211	81.69999694824219	287000	2025/05/22 
2025/05/23 	81.69999694824219	82.69999694824219	81.0	81.0	47015	2025/05/23 
2025/05/26 	80.80000305175781	82.19999694824219	80.80000305175781	82.0	105200	2025/05/26 
2025/05/27 	82.80000305175781	83.5	81.0	81.0	150050	2025/05/27 
2025/05/28 	80.80000305175781	83.19999694824219	80.5999984741211	81.0	176300	2025/05/28 
2025/05/29 	82.19999694824219	82.69999694824219	80.80000305175781	82.0	207057	2025/05/29 
2025/06/02 	81.0999984741211	81.5	80.4000015258789	81.30000305175781	157000	2025/06/02 
2025/06/03 	81.30000305175781	82.19999694824219	80.69999694824219	81.5	108000	2025/06/03 
2025/06/04 	81.4000015258789	82.80000305175781	81.4000015258789	81.80000305175781	131000	2025/06/04 
2025/06/05 	82.30000305175781	82.4000015258789	80.5	81.4000015258789	157001	2025/06/05 
2025/06/06 	81.30000305175781	81.30000305175781	80.0	80.0999984741211	155173	2025/06/06 
2025/06/09 	81.0999984741211	81.0999984741211	79.0999984741211	80.19999694824219	267283	2025/06/09 
2025/06/10 	79.0	80.9000015258789	79.0	80.69999694824219	160005	2025/06/10 
2025/06/11 	80.69999694824219	83.30000305175781	80.69999694824219	82.0	328000	2025/06/11 
2025/06/12 	81.30000305175781	82.30000305175781	79.0	79.9000015258789	311001	2025/06/12 
2025/06/13 	80.0999984741211	80.0999984741211	78.30000305175781	79.4000015258789	738021	2025/06/13 
2025/06/16 	78.30000305175781	79.5999984741211	77.5	79.5999984741211	257000	2025/06/16 
2025/06/17 	80.0	84.0	79.0	83.0999984741211	499166	2025/06/17 
2025/06/18 	83.0	87.5999984741211	82.5	83.5999984741211	951286	2025/06/18 
2025/06/19 	83.0	84.5	82.5	83.4000015258789	503973	2025/06/19 
