Date	Open	High	Low	Close	Volume	Date
2021/04/22 	75.22807050394951	77.59681668054886	64.69123836097661	65.26300811767578	8289500	2021/04/22 
2021/04/23 	62.73090240182699	62.73090240182699	58.89189827771034	60.688880920410156	2131300	2021/04/23 
2021/04/26 	61.260653744847055	63.71107989464094	61.260653744847055	62.812591552734375	1159540	2021/04/26 
2021/04/27 	62.975948195525454	63.3026729149862	61.914100646972656	61.914100646972656	592200	2021/04/27 
2021/04/28 	61.50569543758825	61.50569543758825	60.19879657818884	60.93392562866211	881300	2021/04/28 
2021/04/29 	60.93392044591428	61.424004360627066	60.03543223031501	60.77056121826172	357300	2021/04/29 
2021/05/03 	60.44383980887277	60.44383980887277	56.768200901576456	57.176605224609375	1010000	2021/05/03 
2021/05/04 	57.5033299293868	58.156773107186226	55.951392255510605	57.176605224609375	649203	2021/05/04 
2021/05/05 	57.17660607252455	61.34232898288595	56.849881362901876	60.52552032470703	579161	2021/05/05 
2021/05/06 	60.280481466306654	61.09729012448558	59.7087116665281	60.52552032470703	343000	2021/05/06 
2021/05/07 	60.44383766647536	60.44383766647536	59.62702904936083	59.872074127197266	275000	2021/05/07 
2021/05/10 	59.87207832867487	59.87207832867487	58.23846097980795	59.62703323364258	228000	2021/05/10 
2021/05/11 	59.545347950353914	59.545347950353914	56.76819747500963	56.931556701660156	291004	2021/05/11 
2021/05/12 	59.627026041559915	60.198789551996214	56.1964325154324	58.07508850097656	1054030	2021/05/12 
2021/05/13 	57.42164894220284	57.99341248811596	55.951390921633006	57.01324462890625	229050	2021/05/13 
2021/05/14 	57.094925606353875	57.74836878415331	56.768200901576456	57.176605224609375	247000	2021/05/14 
2021/05/17 	54.807860529849435	55.54298957945809	51.458946228027344	51.458946228027344	1062366	2021/05/17 
2021/05/18 	51.45894591448862	53.50096757776198	51.45894591448862	53.337608337402344	315000	2021/05/18 
2021/05/19 	53.09256227080911	53.09256227080911	51.70398694208933	52.929203033447266	284002	2021/05/19 
2021/05/20 	52.684153497219086	52.684153497219086	51.70398257642091	52.27574920654297	335000	2021/05/20 
2021/05/21 	52.68415891245264	53.41928795758216	52.60247929227282	53.337608337402344	314002	2021/05/21 
2021/05/24 	52.847518591755836	55.29794460803674	52.68415935003935	54.72618103027344	228000	2021/05/24 
2021/05/25 	54.72617636055299	60.19879150390625	54.72617636055299	60.19879150390625	1360353	2021/05/25 
2021/05/26 	59.95375794976709	60.36216228698382	58.81022455920912	59.62703323364258	364187	2021/05/26 
2021/05/27 	60.280477303548935	61.58736982003471	59.3003032423683	60.77056121826172	391000	2021/05/27 
2021/05/28 	60.77056638711498	62.730908444458485	60.19879657818884	60.93392562866211	391003	2021/05/28 
2021/05/31 	61.09728446751034	62.48585656514492	60.68888017623489	61.342323303222656	478000	2021/05/31 
2021/06/01 	61.34233340231418	61.83241738617869	60.68889016774682	61.17897415161133	167014	2021/06/01 
2021/06/02 	61.17896996267654	61.17896996267654	58.89190321889674	59.2186279296875	396136	2021/06/02 
2021/06/03 	59.1369483099287	60.11711621054545	59.1369483099287	59.2186279296875	95030	2021/06/03 
2021/06/04 	59.21862822337987	59.627032555954905	58.89190351096873	59.545352935791016	105119	2021/06/04 
2021/06/07 	59.545352341888794	59.545352341888794	58.40181897573313	58.891902923583984	114055	2021/06/07 
2021/06/08 	59.13694313189405	59.13694313189405	58.565173380135526	59.05526351928711	41105	2021/06/08 
2021/06/09 	58.64686172001114	58.810220952176195	58.32013702392578	58.32013702392578	99000	2021/06/09 
2021/06/10 	58.81022201753346	58.81022201753346	58.15677261352539	58.15677261352539	50161	2021/06/10 
2021/06/11 	58.40182016936826	58.48349979038688	57.5850114956708	57.99341583251953	65000	2021/06/11 
2021/06/15 	57.99341870030613	57.99341870030613	57.17660998621731	57.58501434326172	87055	2021/06/15 
2021/06/16 	57.3399692363327	57.99341870030613	57.17660998621731	57.58501434326172	45196	2021/06/16 
2021/06/17 	57.25828683143442	60.03543757085931	57.1766072103422	59.62703323364258	166200	2021/06/17 
2021/06/18 	59.300312908300214	59.300312908300214	58.320144919107584	58.64686965942383	172311	2021/06/18 
2021/06/21 	58.40181800164203	58.64686308735807	57.42165012228865	58.483497619628906	460100	2021/06/21 
2021/06/22 	58.72854270534495	58.810222323331836	58.32013838365515	58.483497619628906	31000	2021/06/22 
2021/06/23 	58.48349448916841	58.646859948153065	58.320135261938816	58.5651741027832	38000	2021/06/23 
2021/06/24 	58.56517693309159	58.64686278240912	58.075092995963224	58.15677261352539	103000	2021/06/24 
2021/06/25 	58.810223599137935	59.38198716920512	58.56517850810598	59.2186279296875	210000	2021/06/25 
2021/06/28 	59.70871596826184	61.17897415161133	59.70871596826184	61.17897415161133	657020	2021/06/28 
2021/06/29 	61.17897004202507	61.260649661889815	60.443840999731286	60.85224533081055	276000	2021/06/29 
2021/06/30 	61.097293294704286	63.302674293518066	60.93392781553848	62.07746124267578	682391	2021/06/30 
2021/07/01 	62.1591399051276	63.30267331458086	59.70871384133738	61.6690559387207	574000	2021/07/01 
2021/07/02 	62.07746028268574	62.56754424909264	61.342331217197525	61.6690559387207	314000	2021/07/02 
2021/07/05 	62.07745296711427	62.07745296711427	61.0972851498092	61.42400360107422	273000	2021/07/05 
2021/07/06 	61.42400366831621	61.42400366831621	60.688880920410156	60.688880920410156	155003	2021/07/06 
2021/07/07 	60.68888511426111	61.01560358846138	60.28048078975533	60.44384002685547	184000	2021/07/07 
2021/07/08 	60.525518348303684	60.525518348303684	59.54535048319764	59.708709716796875	262028	2021/07/08 
2021/07/09 	59.62702777504075	59.62702777504075	58.40181487555361	58.5651741027832	397000	2021/07/09 
2021/07/12 	58.48349859508235	59.13694801338716	58.320139356383905	58.891902923583984	339000	2021/07/12 
2021/07/13 	58.9735843687779	60.93392645262977	58.9735843687779	60.28048324584961	443000	2021/07/13 
2021/07/14 	60.28048392090842	60.68888826662797	60.117118443567136	60.36216354370117	251204	2021/07/14 
2021/07/15 	60.607195009401664	62.07745296711427	60.607195009401664	61.42400360107422	384000	2021/07/15 
2021/07/16 	61.42401235156926	61.50569820777753	60.60720364353374	61.097293853759766	247100	2021/07/16 
2021/07/19 	60.44384316649393	60.85224751221348	59.95375919798162	60.36216354370117	191004	2021/07/19 
2021/07/20 	59.54535031823058	61.17896757671836	59.54535031823058	61.015602111816406	222000	2021/07/20 
2021/07/21 	60.68888800590691	62.40418500420892	60.68888800590691	61.6690559387207	503000	2021/07/21 
2021/07/22 	61.91409808777845	61.91409808777845	60.44384002685547	60.44384002685547	178000	2021/07/22 
2021/07/23 	60.68888631335222	60.68888631335222	59.46367331562712	59.545352935791016	207000	2021/07/23 
2021/07/26 	59.790389333596494	60.03543441575066	59.627030099997256	59.708709716796875	103000	2021/07/26 
2021/07/27 	59.545353321373085	59.70871256275869	58.81022427162663	59.30030822753906	126300	2021/07/27 
2021/07/28 	59.21863328116017	59.21863328116017	57.99342017879134	58.64686965942383	168003	2021/07/28 
2021/07/29 	58.48349859508235	58.891902923583984	58.48349859508235	58.891902923583984	68000	2021/07/29 
2021/07/30 	58.646863388918675	58.973581862546176	58.646863388918675	58.81022262573242	75001	2021/07/30 
2021/08/02 	58.81021738633093	59.381980895996094	58.7285377752009	59.381980895996094	60000	2021/08/02 
2021/08/03 	59.05526936546065	59.62703294206589	59.05526936546065	59.30030822753906	96000	2021/08/03 
2021/08/04 	59.300312908300214	59.46367839433638	58.64686965942382	58.64686965942383	85000	2021/08/04 
2021/08/05 	58.89189878899746	58.89189878899746	58.48349448916841	58.5651741027832	33000	2021/08/05 
2021/08/06 	58.56517723761579	58.56517723761579	57.58500935826242	58.483497619628906	225000	2021/08/06 
2021/08/09 	58.15676955389061	58.15676955389061	57.503326416015625	57.503326416015625	94000	2021/08/09 
2021/08/10 	57.99341037015372	57.99341037015372	56.76819747500963	56.931556701660156	315001	2021/08/10 
2021/08/11 	56.931558780842714	57.91173287180769	56.768199548226185	57.01324462890625	343000	2021/08/11 
2021/08/12 	57.258289611275	57.58501434326172	56.84988525423059	57.58501434326172	39000	2021/08/12 
2021/08/13 	57.013245988098376	57.83005463416422	57.013245988098376	57.176605224609375	172001	2021/08/13 
2021/08/16 	57.01324587622195	57.01324587622195	55.297942737445254	55.54298782348633	145183	2021/08/16 
2021/08/17 	56.48294436627706	56.48294436627706	54.859378814697266	54.859378814697266	96204	2021/08/17 
2021/08/18 	55.11573028564453	55.7138828902971	54.17577339860145	55.54298400878906	67000	2021/08/18 
2021/08/19 	55.28662928078911	55.28662928078911	53.57761764438549	54.0048713684082	91001	2021/08/19 
2021/08/20 	54.004874855793226	54.004874855793226	53.49216839804542	53.9194221496582	41000	2021/08/20 
2021/08/23 	53.919418556964956	55.54298400878906	53.83396911621094	54.6884765625	67000	2021/08/23 
2021/08/24 	54.944831404136494	56.482940895832144	54.944831404136494	55.11573028564453	21000	2021/08/24 
2021/08/25 	55.970241265288145	57.166553069489886	55.970241265288145	56.91019821166992	181020	2021/08/25 
2021/08/26 	56.739299346467774	56.82474879265695	56.39749504233622	56.48294448852539	33000	2021/08/26 
2021/08/27 	56.22659683227539	56.39749572672763	56.22659683227539	56.22659683227539	33000	2021/08/27 
2021/08/30 	56.39749123992004	58.19195556640625	56.312041799492015	58.19195556640625	133000	2021/08/30 
2021/08/31 	57.850155303887306	58.1919596087173	57.422901552693524	58.106510162353516	54000	2021/08/31 
2021/09/01 	58.1065061291863	59.04646301269531	57.935607248320814	59.04646301269531	144000	2021/09/01 
2021/09/02 	58.875568449343255	58.875568449343255	58.021060943603516	58.021060943603516	77000	2021/09/02 
2021/09/03 	58.277405450519154	59.04646345897531	58.277405450519154	58.44831085205078	65000	2021/09/03 
2021/09/06 	58.448317836505254	58.533767287794866	57.50836083356899	58.27741241455078	88000	2021/09/06 
2021/09/07 	58.44831108468971	58.44831108468971	56.48294133518738	57.08110046386719	79000	2021/09/07 
2021/09/08 	57.08110024320055	57.25199912537727	56.739295959472656	56.739295959472656	38000	2021/09/08 
2021/09/09 	56.73929595617883	58.10650657163656	56.73929595617883	57.59380340576172	44050	2021/09/09 
2021/09/10 	57.50835774403465	58.021060943603516	57.42290177796076	58.021060943603516	34000	2021/09/10 
2021/09/13 	57.85015863872746	58.362868385215634	57.85015863872746	58.27741241455078	22000	2021/09/13 
2021/09/14 	58.533763658256944	59.13191629956949	58.44831421226584	58.61921310424805	84000	2021/09/14 
2021/09/15 	58.96101335439645	59.73007135419824	58.70465851467105	59.559165954589844	117007	2021/09/15 
2021/09/16 	59.47372034801692	59.47372034801692	58.19195910551925	59.13191604614258	59000	2021/09/16 
2021/09/17 	58.36286471488132	59.47372055053711	58.36286471488132	59.47372055053711	42000	2021/09/17 
2021/09/22 	58.53376051287272	58.96101423924405	58.36286163007398	58.79011535644531	57001	2021/09/22 
2021/09/23 	58.70466297729227	58.96101783650529	58.53376408406685	58.87556838989258	133000	2021/09/23 
2021/09/24 	59.131912896817575	59.473717180487654	58.961014014669765	59.302818298339844	88000	2021/09/24 
2021/09/27 	59.559170196946276	59.81552505493164	59.21737241213226	59.81552505493164	72000	2021/09/27 
2021/09/28 	59.98642771867111	60.584586918451464	59.98642771867111	60.24278259277344	136000	2021/09/28 
2021/09/29 	60.24277860252947	60.41367749436118	59.47372055053711	59.47372055053711	126000	2021/09/29 
2021/09/30 	59.21737241213226	59.81552505493164	59.21737241213226	59.81552505493164	30000	2021/09/30 
2021/10/01 	59.47372459821577	59.815528924516634	59.04647082018351	59.388275146484375	78045	2021/10/01 
2021/10/04 	59.81552146415773	59.81552146415773	58.961014014669765	59.302818298339844	164000	2021/10/04 
2021/10/05 	59.302818517799395	59.7300722441245	58.87556479147429	59.644622802734375	66000	2021/10/05 
2021/10/06 	60.071879912917	60.1573293591205	59.730075608728136	59.81552505493164	197000	2021/10/06 
2021/10/07 	59.900974927577614	60.32822868101165	59.900974927577614	60.07188034057617	104000	2021/10/07 
2021/10/08 	60.24277880532401	60.32822825152751	59.81552505493164	59.81552505493164	106000	2021/10/08 
2021/10/12 	59.81552460132065	60.157328902917435	59.388270854168354	59.98642349243164	67000	2021/10/12 
2021/10/13 	59.986427827979426	60.157333250817494	59.04647082018351	59.388275146484375	30004	2021/10/13 
2021/10/14 	59.38827153069118	59.90097472923944	59.13191667172961	59.73007583618164	52000	2021/10/14 
2021/10/15 	60.24277834847293	60.24277834847293	59.644625710209645	59.98642349243164	52000	2021/10/15 
2021/10/18 	59.55916974527935	59.98642349243164	59.55916974527935	59.98642349243164	29000	2021/10/18 
2021/10/19 	60.24277886718459	62.80630137217117	60.15732942089335	62.29359817504883	206000	2021/10/19 
2021/10/20 	62.379046895278435	63.66080813285265	62.379046895278435	63.40445327758789	158028	2021/10/20 
2021/10/21 	63.40445373190577	63.746258034916345	63.06265594827002	63.23355484008789	158000	2021/10/21 
2021/10/22 	63.062659984656946	63.23355888741337	62.63540620839064	63.148109436035156	124001	2021/10/22 
2021/10/25 	63.148109436035156	63.23355888741337	62.89175456252528	63.148109436035156	45050	2021/10/25 
2021/10/26 	62.891754794523045	63.233559120672	62.891754794523045	63.062660217285156	139000	2021/10/26 
2021/10/27 	63.06265577097942	63.06265577097942	61.69543856278083	62.46449661254883	89000	2021/10/27 
2021/10/28 	62.46450112652715	63.06266032818353	62.208152770996094	62.208152770996094	49000	2021/10/28 
2021/10/29 	62.20814425601172	63.23355057653002	61.86633997604749	62.54994201660156	169000	2021/10/29 
2021/11/01 	63.23355888741337	63.40445779016979	62.80630511114706	63.148109436035156	125000	2021/11/01 
2021/11/02 	63.66080497083756	64.51531242011055	63.31900068725347	63.575355529785156	281000	2021/11/02 
2021/11/03 	63.57535911735808	63.91716342023027	62.80630106573937	63.66080856323242	262000	2021/11/03 
2021/11/04 	63.83170407644155	64.00260947851922	63.489906311035156	63.489906311035156	253000	2021/11/04 
2021/11/05 	63.489909493890224	63.489909493890224	62.80630089005803	62.89175033569336	71000	2021/11/05 
2021/11/08 	63.14810113942364	63.14810113942364	62.37904313931068	62.977195739746094	43002	2021/11/08 
2021/11/09 	62.89175033569336	62.89175033569336	62.46449658814194	62.89175033569336	31000	2021/11/09 
2021/11/10 	62.89174696560904	62.89174696560904	62.464493240952216	62.720848083496094	109000	2021/11/10 
2021/11/11 	62.63540219935051	63.91716344610904	62.29359789633993	63.23355484008789	701066	2021/11/11 
2021/11/12 	63.233554892344024	63.31900433832357	62.379047393798835	62.37904739379883	125000	2021/11/12 
2021/11/15 	62.72085180513694	62.72085180513694	60.32822819733886	60.6700325012207	289001	2021/11/15 
2021/11/16 	60.071875859233444	60.926383302355546	59.900970458984375	59.900970458984375	165000	2021/11/16 
2021/11/17 	60.4136771919056	61.26818468553581	59.9864234450905	60.8409309387207	92048	2021/11/17 
2021/11/18 	60.75548582160284	61.18273959885655	60.07188368962206	60.24278259277344	157000	2021/11/18 
2021/11/19 	60.242782702548894	60.41368160601169	58.61921704215125	59.388275146484375	247000	2021/11/19 
2021/11/22 	59.217372011142274	59.5591697936418	59.0464666005177	59.13191604614258	48006	2021/11/22 
2021/11/23 	58.875568162360096	59.388271359429844	58.790118716077615	58.96101760864258	90000	2021/11/23 
2021/11/24 	58.96101783650529	58.96101783650529	58.53376408406685	58.87556838989258	56028	2021/11/24 
2021/11/25 	59.38826795918952	59.7300722441245	59.38826795918952	59.644622802734375	18000	2021/11/25 
2021/11/26 	59.64462601426577	59.81552490624797	58.61921310424805	58.61921310424805	93000	2021/11/26 
2021/11/29 	58.61920973420794	58.79011513573957	58.10650656836199	58.44831085205078	45000	2021/11/29 
2021/11/30 	58.70465895230882	58.96101379394531	55.970237731933594	55.970237731933594	294008	2021/11/30 
2021/12/01 	56.6538465183843	56.99564428273773	55.97023795092852	56.739295959472656	155000	2021/12/01 
2021/12/02 	56.65384629671462	56.73929573746864	54.944831404136494	55.970237731933594	271008	2021/12/02 
2021/12/03 	55.88479255640653	56.31204631215983	55.5429882479289	55.79934310913086	167000	2021/12/03 
2021/12/06 	56.568393962139325	56.568393962139325	55.542987568622394	56.05569076538086	106000	2021/12/06 
2021/12/07 	55.799342454156516	55.88479190042918	55.62843704223633	55.62843704223633	259000	2021/12/07 
2021/12/08 	55.79933928446336	57.93560791680308	55.628433882251485	57.08110046386719	466000	2021/12/08 
2021/12/09 	57.42290117883199	58.19195922984868	56.99564743041992	56.99564743041992	197000	2021/12/09 
2021/12/10 	56.91019843941024	56.99564788590056	56.39749524109346	56.82474899291992	118000	2021/12/10 
2021/12/13 	56.91019484164937	57.16654968428891	56.739295959472656	56.739295959472656	51000	2021/12/13 
2021/12/14 	56.739299373975385	56.739299373975385	55.884791872919656	56.05569076538086	112000	2021/12/14 
2021/12/15 	56.141140865674345	56.82474948223314	56.141140865674345	56.22659683227539	69000	2021/12/15 
2021/12/16 	56.653849900278594	56.91019823884612	56.4829444885254	56.48294448852539	29000	2021/12/16 
2021/12/17 	56.82474899291992	57.081103851765754	56.56839413407409	56.82474899291992	48000	2021/12/17 
2021/12/20 	56.482941338500765	56.99564450641748	56.482941338500765	56.653846740722656	67000	2021/12/20 
2021/12/21 	56.824744958203766	57.508353520337934	56.824744958203766	57.33744812011719	41000	2021/12/21 
2021/12/22 	57.3374485647889	57.3374485647889	56.91019483998515	57.16654968261719	60000	2021/12/22 
2021/12/23 	56.824748538805025	56.99564743041992	56.824748538805025	56.99564743041992	30000	2021/12/23 
2021/12/24 	56.91019843941024	57.252002744746385	56.82474899291992	56.82474899291992	42000	2021/12/24 
2021/12/27 	56.82474539889929	57.3374485647889	56.73929595781343	57.16654968261719	38000	2021/12/27 
2021/12/28 	57.251999123703044	57.251999123703044	57.08110024153133	57.16654968261719	35000	2021/12/28 
2021/12/29 	57.252002287217095	57.337451733024544	56.91019798461247	56.99564743041992	54000	2021/12/29 
2021/12/30 	57.42290135430985	58.79011856890639	56.65384982031785	57.764705657958984	400000	2021/12/30 
2022/01/03 	58.53375984749277	58.53375984749277	57.85015128531973	58.19195556640625	159000	2022/01/03 
2022/01/04 	58.19196296326116	58.533767287794866	57.85015863872746	58.27741241455078	48000	2022/01/04 
2022/01/05 	58.27740850382248	60.49913320451423	58.27740850382248	59.98642349243164	232000	2022/01/05 
2022/01/06 	60.32822484688668	60.67002913178572	59.986420561987636	60.49913024902344	157000	2022/01/06 
2022/01/07 	60.24277541183972	60.24277541183972	58.961014232864414	59.644622802734375	101000	2022/01/07 
2022/01/10 	59.81552528271054	60.07188014167211	59.046467225200715	59.73007583618164	102000	2022/01/10 
2022/01/11 	59.73007589476947	60.24277909382062	58.875568389892585	58.87556838989258	154000	2022/01/11 
2022/01/12 	58.790119140415996	59.64462664815823	58.53376428034336	59.21737289428711	71000	2022/01/12 
2022/01/13 	59.388271304539266	60.071879912917	59.30282185833577	59.81552505493164	50000	2022/01/13 
2022/01/14 	59.47372459821577	59.815528924516634	58.79012246498932	59.388275146484375	83000	2022/01/14 
2022/01/17 	59.47372103555645	59.64462644815676	58.875568389892585	58.87556838989258	64000	2022/01/17 
2022/01/18 	58.96102136845211	59.815528924516634	58.96102136845211	59.388275146484375	97010	2022/01/18 
2022/01/19 	59.388271788085596	59.55917068188408	58.6192137272426	59.21737289428711	58000	2022/01/19 
2022/01/20 	59.21736907640927	59.644622802734375	59.13191311564466	59.644622802734375	56000	2022/01/20 
2022/01/21 	59.5591697936418	60.84093103613947	59.0464666005177	59.13191604614258	97000	2022/01/21 
2022/01/24 	58.53376408406685	59.13191672973072	58.362865190841426	58.87556838989258	74000	2022/01/24 
2022/01/25 	58.19196337325342	58.704666603978616	58.19196337325342	58.53376770019531	60000	2022/01/25 
2022/01/26 	58.79011468815126	58.79011468815126	58.10650612597823	58.19195556640625	53000	2022/01/26 
2022/02/07 	58.19195997337148	59.21737289428712	58.10651052647224	59.21737289428711	34000	2022/02/07 
2022/02/08 	59.046467225200715	59.81552528271054	58.96101777867182	59.73007583618164	114000	2022/02/08 
2022/02/09 	59.73007603395396	60.07188034057617	59.47372117414357	60.07188034057617	129000	2022/02/09 
2022/02/10 	60.24277834847293	60.32822779402843	59.900974046876144	59.98642349243164	40000	2022/02/10 
2022/02/11 	59.81552528271054	60.3282284812588	59.73007583618164	59.73007583618164	97000	2022/02/11 
2022/02/14 	58.96101735566714	59.81552485357536	58.96101735566714	59.47372055053711	80000	2022/02/14 
2022/02/15 	59.47372459821577	59.47372459821577	58.96102136845211	59.388275146484375	46000	2022/02/15 
2022/02/16 	59.388275038266016	60.24278259277344	59.388275038266016	60.24278259277344	56000	2022/02/16 
2022/02/17 	60.24277923419982	60.67003298763387	59.64462658714213	60.07188034057617	56000	2022/02/17 
2022/02/18 	60.07188368962206	60.49913746687577	59.730079363944036	60.24278259277344	49000	2022/02/18 
2022/02/21 	60.24277518569827	60.32822462676763	60.07187630355955	60.157325744628906	99000	2022/02/21 
2022/02/22 	59.81552146415773	60.07187630675391	59.131912896817575	59.302818298339844	109000	2022/02/22 
2022/02/23 	59.559170196946276	60.41367769773101	59.559170196946276	59.81552505493164	47000	2022/02/23 
2022/02/24 	59.81552169198672	59.81552169198672	58.79011535644531	58.79011535644531	144000	2022/02/24 
2022/02/25 	58.61920907455405	59.559165954589844	58.61920907455405	59.559165954589844	25000	2022/02/25 
2022/03/01 	59.388270854168354	60.670032095625224	59.388270854168354	59.98642349243164	82000	2022/03/01 
2022/03/02 	60.32822396693672	61.26818084716797	60.071875646532405	61.26818084716797	259000	2022/03/02 
2022/03/03 	61.4390904237148	63.31900431198222	61.4390904237148	62.80630111694336	490000	2022/03/03 
2022/03/04 	62.37904721664127	62.37904721664127	61.35364082904915	61.609989166259766	142000	2022/03/04 
2022/03/07 	61.09729025861342	61.09729025861342	59.04647082018351	59.388275146484375	205000	2022/03/07 
2022/03/08 	56.91019504878675	59.64462280918798	56.91019504878675	58.79011535644531	130000	2022/03/08 
2022/03/09 	58.79011826364305	59.217372011142274	58.704662298643356	59.13191604614258	52000	2022/03/09 
2022/03/10 	58.96101777867182	59.81552528271054	58.96101777867182	59.73007583618164	31000	2022/03/10 
2022/03/11 	59.47371740701475	60.24277541835805	58.79011535644531	58.79011535644531	147000	2022/03/11 
2022/03/14 	58.79011894327987	58.96101783650529	58.19195977824112	58.87556838989258	110000	2022/03/14 
2022/03/15 	58.704659405553244	58.704659405553244	57.508354187011726	57.50835418701172	118001	2022/03/15 
2022/03/16 	58.36286454035671	58.70466232299805	57.76470538198476	58.70466232299805	71000	2022/03/16 
2022/03/17 	58.96101401153448	60.24277518569827	58.96101401153448	60.157325744628906	118000	2022/03/17 
2022/03/18 	59.90097450113514	60.49913366330937	59.81552505493164	59.81552505493164	27000	2022/03/18 
2022/03/21 	59.815525480765785	60.32822868101165	59.815525480765785	60.07188034057617	39000	2022/03/21 
2022/03/22 	60.07188034057617	60.840931881257525	60.07188034057617	60.07188034057617	169000	2022/03/22 
2022/03/23 	60.49913002828082	60.67002891041953	60.07187630355955	60.157325744628906	121000	2022/03/23 
2022/03/24 	60.07187630355955	60.24277518569827	59.986420343115725	60.157325744628906	88000	2022/03/24 
2022/03/25 	60.24277923419982	60.24277923419982	59.815525480765785	60.07188034057617	166000	2022/03/25 
2022/03/28 	59.98641967454924	59.98641967454924	59.38826707435584	59.559165954589844	96000	2022/03/28 
2022/03/29 	59.55917404994717	59.55917404994717	59.302825694752975	59.388275146484375	87000	2022/03/29 
2022/03/30 	59.388275146484375	59.47372459821577	59.217376243021576	59.388275146484375	158000	2022/03/30 
2022/03/31 	59.55917404994717	59.55917404994717	59.302825694752975	59.388275146484375	51000	2022/03/31 
2022/04/01 	59.388271788085596	59.47372123498484	59.04646748111372	59.21737289428711	58000	2022/04/01 
2022/04/06 	59.64462596174365	59.730075407659506	59.21737221278954	59.47372055053711	17000	2022/04/06 
2022/04/07 	59.47372060290873	59.47372060290873	58.61921310424805	58.61921310424805	131000	2022/04/07 
2022/04/08 	58.79011894327987	58.96101783650529	58.70466297729227	58.87556838989258	20000	2022/04/08 
2022/04/11 	59.3882752578624	59.3882752578624	58.448318248303664	58.53376770019531	135001	2022/04/11 
2022/04/12 	58.79011894327987	58.875568389892585	58.53376408406685	58.87556838989258	11000	2022/04/12 
2022/04/13 	58.875567661460565	60.157328902917435	58.875567661460565	59.98642349243164	183005	2022/04/13 
2022/04/14 	59.98641968087446	60.413673400878906	59.473716520744006	60.413673400878906	94000	2022/04/14 
2022/04/15 	60.24277880532401	60.24277880532401	59.64462616252463	59.81552505493164	79033	2022/04/15 
2022/04/18 	60.6700324745445	63.66080872328965	60.6700324745445	61.097286224365234	375014	2022/04/18 
2022/04/19 	61.78089483182835	62.208148581649084	61.011836778276056	61.097286224365234	84000	2022/04/19 
2022/04/20 	61.182731407033195	61.60998512708144	61.09728196689843	61.26818084716797	131000	2022/04/20 
2022/04/21 	61.6954345733662	62.806296853352116	61.6954345733662	62.12268829345703	78000	2022/04/21 
2022/04/22 	62.37904719158934	62.37904719158934	61.69543858721926	62.0372428894043	91000	2022/04/22 
2022/04/25 	60.75548186831153	62.2935979740915	60.75548186831153	61.9517936706543	173000	2022/04/25 
2022/04/26 	61.60998601030563	62.72084830610584	61.60998601030563	62.635398864746094	199000	2022/04/26 
2022/04/27 	61.60999274900111	62.20815194269298	61.09728952539035	61.69544219970703	113000	2022/04/27 
2022/04/28 	62.03724291431895	62.03724291431895	61.09728597246371	61.609989166259766	74000	2022/04/28 
2022/04/29 	61.01184007468443	61.951797071200005	61.01184007468443	61.69544219970703	55000	2022/04/29 
2022/05/03 	61.780891196146385	62.2081449208241	61.780891196146385	61.86634063720703	50000	2022/05/03 
2022/05/04 	62.12269253648534	62.54994628575793	61.95179364452624	62.37904739379883	319000	2022/05/04 
2022/05/05 	62.97720003503053	63.06265600038492	62.20814850183973	62.37904739379883	107059	2022/05/05 
2022/05/06 	61.09728594792655	62.37904719158934	61.09728594792655	62.0372428894043	50000	2022/05/06 
2022/05/09 	61.780891199251386	61.780891199251386	60.926383749853024	61.01183319091797	83000	2022/05/09 
2022/05/10 	60.24277540550553	61.01183341668476	59.644622796463075	60.49913024902344	69000	2022/05/10 
2022/05/11 	60.49913383602326	60.67003272891815	60.49913383602326	60.5845832824707	6000	2022/05/11 
2022/05/12 	59.98642394733864	60.1573293591205	59.47372075074277	59.81552505493164	62000	2022/05/12 
2022/05/13 	60.755481947347455	60.755481947347455	59.90097444733026	60.6700325012207	46000	2022/05/13 
2022/05/16 	60.84093134034305	61.524539947509766	60.84093134034305	61.524539947509766	55009	2022/05/16 
2022/05/17 	62.03724314319737	62.03724314319737	61.26818508997854	61.524539947509766	40000	2022/05/17 
2022/05/18 	61.2681817314993	62.03723974256142	61.2681817314993	61.78089141845703	103000	2022/05/18 
2022/05/19 	61.524539947509766	61.78089480504099	60.84093134034305	61.524539947509766	106000	2022/05/19 
2022/05/20 	61.524539947509766	61.78089480504099	61.353641055405504	61.524539947509766	69000	2022/05/20 
2022/05/23 	61.524539947509766	61.524539947509766	61.439090501457635	61.524539947509766	37000	2022/05/23 
2022/05/24 	61.52454422870331	61.52454422870331	61.097290449337315	61.35364532470703	118000	2022/05/24 
2022/05/25 	61.52453974557674	61.52453974557674	61.18273544311524	61.182735443115234	45000	2022/05/25 
2022/05/26 	61.35364153987445	61.524540433328184	60.926387786865234	60.926387786865234	62000	2022/05/26 
2022/05/27 	61.524539947509766	61.524539947509766	61.01183675182215	61.524539947509766	20000	2022/05/27 
2022/05/30 	61.524539947509766	61.95179369714525	61.439090501457635	61.524539947509766	87000	2022/05/30 
2022/05/31 	61.43909047518592	61.9517936706543	61.35364102917033	61.9517936706543	58000	2022/05/31 
2022/06/01 	61.95179364452624	63.06265600038492	61.95179364452624	62.37904739379883	136010	2022/06/01 
2022/06/02 	62.464496839778384	62.464496839778384	62.12269253648534	62.37904739379883	56000	2022/06/02 
2022/06/06 	62.37904762134008	62.46449706763132	61.60998956596913	62.29359817504883	60000	2022/06/06 
2022/06/07 	62.37905167468347	62.37905167468347	61.86634844424606	62.208152770996094	42000	2022/06/07 
2022/06/08 	63.917159807526374	65.28437042236328	63.31900068146528	65.28437042236328	1128015	2022/06/08 
2022/06/09 	65.62617448274978	70.75321916048415	65.4552690818673	70.06961059570312	5391805	2022/06/09 
2022/06/10 	69.55691514649683	71.6931839991572	68.78785705566406	68.78785705566406	3758010	2022/06/10 
2022/06/13 	67.42063881608192	70.06961059570312	65.79707336425781	65.79707336425781	1887201	2022/06/13 
2022/06/14 	65.36981985636433	67.42063903808594	64.1735081237455	67.42063903808594	1114001	2022/06/14 
2022/06/15 	67.24973385864398	67.93334242793273	66.30977696540283	67.33518981933594	693994	2022/06/15 
2022/06/16 	68.27515428327406	68.36060373406661	64.94257354736328	64.94257354736328	643250	2022/06/16 
2022/06/17 	65.02802346407763	66.22433534187033	64.25896536268408	64.77167510986328	568005	2022/06/17 
2022/06/20 	65.28436975518582	68.18969635663214	64.60076119506633	65.11346435546875	990000	2022/06/20 
2022/06/21 	66.39522639854204	69.64235732320185	66.39522639854204	68.61695098876953	1812000	2022/06/21 
2022/06/22 	69.55690743180458	70.24050947721116	66.65158081054688	67.50608825683594	1503053	2022/06/22 
2022/06/23 	68.48962171202143	69.11551008896728	66.61197022437855	66.96961975097656	649000	2022/06/23 
2022/06/24 	67.95315260815629	68.40021282268363	65.6284408569336	65.6284408569336	368000	2022/06/24 
2022/06/27 	67.1484375	67.95314718626197	66.34372781373803	67.1484375	259000	2022/06/27 
2022/06/28 	67.41668460054515	67.59550596537082	66.34373594679774	66.70138549804688	167000	2022/06/28 
2022/06/29 	66.16491051242777	66.43314936476574	64.46608036468109	65.27079010009766	481000	2022/06/29 
2022/06/30 	65.27078726383863	65.27078726383863	62.85666498408891	63.12489700317383	349000	2022/06/30 
2022/07/01 	62.85666704365261	64.01901947430045	60.88959806459137	61.1578369140625	610000	2022/07/01 
2022/07/04 	61.33665624388449	61.96254459815095	60.88959605723578	61.068424224853516	232000	2022/07/04 
2022/07/05 	63.66136528412536	63.66136528412536	61.604892601390226	63.4825439453125	194000	2022/07/05 
2022/07/06 	63.482547430592575	63.482547430592575	61.604895983584626	62.05195617675781	144000	2022/07/06 
2022/07/07 	62.76724816469388	64.46607825689554	62.76724816469388	63.92960739135742	327000	2022/07/07 
2022/07/08 	65.628441188516	65.71785186755372	63.57196146266102	63.750789642333984	321000	2022/07/08 
2022/07/11 	63.75079080410607	64.28726170970631	60.97901195224241	61.60490036010742	471000	2022/07/11 
2022/07/12 	61.15784033551057	62.051960788305756	60.97901215199291	61.783721923828125	195000	2022/07/12 
2022/07/13 	62.49901876931856	62.677840124814054	61.42607017155324	61.51548767089844	184000	2022/07/13 
2022/07/14 	61.604897061750826	63.30372718986012	61.51548638587082	63.21430969238281	229000	2022/07/14 
2022/07/15 	63.57195936594254	63.57195936594254	62.141368083730086	62.40960693359375	119000	2022/07/15 
2022/07/18 	63.75079105517758	64.73432218958445	63.66137355256066	64.28726196289062	316000	2022/07/18 
2022/07/19 	64.64490564512884	64.64490564512884	64.01901729156835	64.19784545898438	100000	2022/07/19 
2022/07/20 	64.9131396022177	64.9131396022177	63.03548812866211	63.03548812866211	284030	2022/07/20 
2022/07/21 	63.124895689612416	64.28725487958421	62.946074347276884	63.84019470214844	210000	2022/07/21 
2022/07/22 	63.75079105517758	64.37667264390984	63.39314150950299	64.28726196289062	103000	2022/07/22 
2022/07/25 	63.75078625791394	64.4660784738395	63.75078625791394	64.10842895507812	45000	2022/07/25 
2022/07/26 	64.55549257527089	64.55549257527089	63.661372141698735	63.750789642333984	79000	2022/07/26 
2022/07/27 	63.66136889419577	63.84019706474632	63.30372619628906	63.30372619628906	95000	2022/07/27 
2022/07/28 	63.66136967931487	63.66136967931487	63.03548812866211	63.03548812866211	121000	2022/07/28 
2022/07/29 	63.39313888549805	64.37666997919402	63.214310709264055	63.39313888549805	65000	2022/07/29 
2022/08/01 	63.48254629736496	63.571956970084095	62.946075439453125	62.946075439453125	159067	2022/08/01 
2022/08/02 	62.946075439453125	62.946075439453125	62.14136574178683	62.946075439453125	127050	2022/08/02 
2022/08/03 	62.32018819970341	62.409605695615795	61.96254550244261	62.05195617675781	130000	2022/08/03 
2022/08/04 	61.87312935698067	61.87312935698067	59.81665651645749	61.3366584777832	318001	2022/08/04 
2022/08/05 	61.4260700785351	63.84019930365324	61.4260700785351	63.57196044921875	143002	2022/08/05 
2022/08/08 	64.28725690891523	65.27078796600128	63.571957873799626	63.92960739135742	361000	2022/08/08 
2022/08/09 	64.37666451000533	64.37666451000533	63.03548399938022	63.6613655090332	255000	2022/08/09 
2022/08/10 	64.37666856920397	66.88020840886747	63.840197695446726	66.16490936279297	973150	2022/08/10 
2022/08/11 	66.70137855568007	69.11550765914768	65.80725818141734	67.50608825683594	899000	2022/08/11 
2022/08/12 	67.59550005792259	67.95314957791527	66.61196899414062	66.61196899414062	343000	2022/08/12 
2022/08/15 	66.79078978234747	67.41667814247698	65.8966694006743	67.05902862548828	489000	2022/08/15 
2022/08/16 	67.32726395067668	67.7743241181537	66.34372612494982	66.43314361572266	119002	2022/08/16 
2022/08/17 	65.98609161376953	66.43315183656851	65.89667411193162	65.98609161376953	202000	2022/08/17 
2022/08/18 	65.53903139097054	66.25432365449034	65.00255366633364	65.98609161376953	359000	2022/08/18 
2022/08/19 	66.16491116607808	67.0590315872413	65.89667231109014	66.07550048828125	227000	2022/08/19 
2022/08/22 	65.44960730265933	66.07549564455068	65.36019663141684	65.89666748046875	116000	2022/08/22 
2022/08/23 	65.98608981048442	67.41668112002608	65.98608981048442	66.07550048828125	344008	2022/08/23 
2022/08/24 	66.25432365449034	66.70138387728933	65.98609161376953	65.98609161376953	266000	2022/08/24 
2022/08/25 	66.16491051326629	68.93668242720527	66.07549983635163	68.57903289794922	861041	2022/08/25 
2022/08/26 	69.20491924395063	74.5696415602011	68.31079885790888	72.87081146240234	2603025	2022/08/26 
2022/08/29 	70.81433184586746	73.04963281097183	70.72492117158272	72.87081146240234	1021315	2022/08/29 
2022/08/30 	72.96022346193092	76.53670507106085	72.15551373555724	74.48023223876953	1476050	2022/08/30 
2022/08/31 	74.48023394123264	77.78847677665844	74.48023394123264	76.44729614257812	1285050	2022/08/31 
2022/09/01 	75.55317629645852	76.4472967260024	74.65905586691463	76.00023651123047	631000	2022/09/01 
2022/09/02 	77.25200339137848	78.1461237852102	75.5531732787788	75.73199462890625	773002	2022/09/02 
2022/09/05 	76.80494689941406	77.69906733637674	75.91082646245138	76.80494689941406	622400	2022/09/05 
2022/09/06 	80.29201530829866	81.36495706847477	73.31787340236188	74.83787536621094	2233002	2022/09/06 
2022/09/07 	74.83787423507455	77.78847426335805	74.83787423507455	75.73199462890625	1535000	2022/09/07 
2022/09/08 	78.68259448259552	83.24260711669922	78.324944961537	83.24260711669922	7000200	2022/09/08 
2022/09/12 	83.77907798748838	84.67319837933606	82.34848672485154	83.24260711669922	2751366	2022/09/12 
2022/09/13 	84.5837930195014	88.78616321821008	82.79555212343753	83.77908325195312	3674325	2022/09/13 
2022/09/14 	81.36496079766725	85.74615235878426	81.36496079766725	85.03085327148438	1273070	2022/09/14 
2022/09/15 	85.83555531220418	86.46143684105019	82.5273126798518	82.97437286376953	1367258	2022/09/15 
2022/09/16 	83.51084768990388	83.95790789507298	81.36495734077283	81.90142822265625	764197	2022/09/16 
2022/09/19 	82.08025473055666	82.52731492664553	79.84495375011227	81.1861343383789	730000	2022/09/19 
2022/09/20 	82.08025999182266	82.16967067245213	79.30848114112547	80.47084045410156	737007	2022/09/20 
2022/09/21 	80.47083692199851	80.82848645041575	78.59318542480469	78.59318542480469	681063	2022/09/21 
2022/09/22 	77.3414182444667	78.95083776894435	76.89435802340041	78.41436004638672	656010	2022/09/22 
2022/09/23 	78.23553880055745	78.7720097022989	74.30140748512419	75.10611724853516	894005	2022/09/23 
2022/09/26 	73.67551754377244	74.30139905452226	72.24492636091797	73.04962921142578	703000	2022/09/26 
2022/09/27 	73.4966953206385	74.65905458776967	72.60257490641371	74.39081573486328	611050	2022/09/27 
2022/09/28 	74.03317164540428	74.03317164540428	69.47315216064453	69.47315216064453	1062085	2022/09/28 
2022/09/29 	70.63551514373	71.97669581101601	70.63551514373	71.7978744506836	546000	2022/09/29 
2022/09/30 	70.18845074502093	71.44022065765922	68.75785948269026	71.17198181152344	635008	2022/09/30 
2022/10/03 	69.83080349650943	70.45669188399518	68.84727239800034	69.38374328613281	615000	2022/10/03 
2022/10/04 	70.81433650406241	72.15551717134842	70.09904424113512	71.7978744506836	537000	2022/10/04 
2022/10/05 	72.78140428265523	72.78140428265523	69.92021481698575	70.1884536743164	561178	2022/10/05 
2022/10/06 	70.18844908744505	70.72491994545007	69.7413889021747	70.4566879272461	277000	2022/10/06 
2022/10/07 	69.92021250372481	71.61904262688687	68.31079987777967	68.66844940185547	602160	2022/10/07 
2022/10/11 	66.88021327476748	66.88021327476748	64.6449121201509	65.09197235107422	853013	2022/10/11 
2022/10/12 	64.64490911333725	65.36020135658569	63.75078869307863	64.82373046875	575000	2022/10/12 
2022/10/13 	65.62843794897707	65.62843794897707	62.14136706585428	62.230777740478516	684000	2022/10/13 
2022/10/14 	63.21431104760048	66.07550048828125	63.21431104760048	66.07550048828125	538001	2022/10/14 
2022/10/17 	64.82372472162922	66.79078674316406	64.46607522091466	66.79078674316406	645000	2022/10/17 
2022/10/18 	70.63551443384861	70.63551443384861	67.05903269036261	68.4896240234375	1454000	2022/10/18 
2022/10/19 	68.48962229747151	71.88728259679984	68.48962229747151	69.83080291748047	1023000	2022/10/19 
2022/10/20 	69.83080151807847	69.83080151807847	64.4660791455511	64.91313934326172	1033000	2022/10/20 
2022/10/21 	64.91313754502764	65.8072579156798	64.46607735970156	65.00254821777344	291002	2022/10/21 
2022/10/24 	65.80726462759287	65.89667530945798	64.82373348388113	65.09197235107422	292000	2022/10/24 
2022/10/25 	65.09196661802096	65.18137729201112	63.571957873799626	63.92960739135742	350005	2022/10/25 
2022/10/26 	63.66136660210679	63.92960543747624	62.76724624633789	62.76724624633789	1086030	2022/10/26 
2022/10/27 	63.75078625791394	64.10842895507812	63.124897894682235	64.10842895507812	130000	2022/10/27 
2022/10/28 	63.5719557061675	64.19784404595183	62.58842468261719	62.58842468261719	216000	2022/10/28 
2022/10/31 	63.21431208369473	63.92961116098817	62.588430507261144	62.67784118652344	218041	2022/10/31 
2022/11/01 	62.58842715728125	63.48254754524242	62.58842715728125	63.30372619628906	292000	2022/11/01 
2022/11/02 	63.303730828483765	64.46608332492907	63.124902644847616	64.28726196289062	180003	2022/11/02 
2022/11/03 	63.482546446900294	66.61196775062074	63.30372510104081	66.25431823730469	365000	2022/11/03 
2022/11/04 	66.96962150051563	66.96962150051563	65.36020199957818	65.6284408569336	649018	2022/11/04 
2022/11/07 	65.98608981048442	66.07550048828125	64.91314121213009	66.07550048828125	459000	2022/11/07 
2022/11/08 	69.65198156645125	69.65198156645125	66.2543212669766	66.5225601196289	1649000	2022/11/08 
2022/11/09 	67.41668337546092	68.13197564336323	65.98609201805863	66.34373474121094	885000	2022/11/09 
2022/11/10 	66.52256413224734	66.52256413224734	65.3602047961041	65.44961547851562	393011	2022/11/10 
2022/11/11 	66.61197030955742	68.22138977050781	65.71784990271773	68.22138977050781	1411315	2022/11/11 
2022/11/14 	69.74138917358927	75.0167007446289	68.8472687995689	75.0167007446289	4593000	2022/11/14 
2022/11/15 	74.92728648723595	76.35787765291369	73.58610599036369	75.19551849365234	3210282	2022/11/15 
2022/11/16 	75.91082401642255	75.91082401642255	72.33434238381463	72.78140258789062	1764687	2022/11/16 
2022/11/17 	73.22846443665637	74.65905575751073	72.96022557954727	73.49669647216797	1251000	2022/11/17 
2022/11/18 	74.39081140389236	75.37434925955678	71.26139013629789	71.70845031738281	1965100	2022/11/18 
2022/11/21 	72.78140660345105	74.6590581998462	72.42375705613823	72.9602279663086	1475200	2022/11/21 
2022/11/22 	73.94375193448765	74.83787230526306	72.33433936005015	72.5131607055664	1329314	2022/11/22 
2022/11/23 	73.4967000889521	73.76493895926127	72.60257961671861	73.31787872314453	754050	2022/11/23 
2022/11/24 	72.8708064888097	73.31786665131774	70.00962417739697	70.63550567626953	1682119	2022/11/24 
2022/11/25 	71.08256692152757	71.35080575175697	69.47314758334483	69.74138641357422	640206	2022/11/25 
2022/11/28 	69.4731486690663	69.65197683254623	68.66844580899591	68.8472671508789	760002	2022/11/28 
2022/11/29 	69.026094333292	69.38374386891684	68.75786229777148	68.93668365478516	442288	2022/11/29 
2022/11/30 	69.5625696576769	70.09904053188473	69.20492013433926	69.47315216064453	438044	2022/11/30 
2022/12/01 	70.27786263409361	72.2449316226819	70.00963060492067	71.52963256835938	1121014	2022/12/01 
2022/12/02 	71.97669342613091	72.69199248695503	71.2613943653068	72.33434295654297	780616	2022/12/02 
2022/12/05 	73.31787872314453	73.85434964216505	72.69199712122024	73.31787872314453	1198146	2022/12/05 
2022/12/06 	73.58610687389346	74.6590485556351	72.60256904043395	73.04962921142578	2036000	2022/12/06 
2022/12/07 	73.58611408934198	74.39081701875452	71.26139551495791	71.44022369384766	1521000	2022/12/07 
2022/12/08 	70.54610321022477	71.26139546044402	69.56257210267488	70.1884536743164	1112000	2022/12/08 
2022/12/09 	70.63550929125746	75.1061111451345	70.4566879457412	72.5131607055664	2654284	2022/12/09 
2022/12/12 	72.87081299898664	72.87081299898664	69.02609252929688	69.02609252929688	1436075	2022/12/12 
2022/12/13 	69.29432772283293	69.5625665587859	66.70137732114301	67.1484375	1418006	2022/12/13 
2022/12/14 	67.50609407992275	68.13197566725647	66.70138430935248	67.59550476074219	883000	2022/12/14 
2022/12/15 	67.59550027377959	69.11550903320312	67.41667892401082	69.11550903320312	676000	2022/12/15 
2022/12/16 	67.86374483420713	68.0425661990328	66.61197481563404	66.70138549804688	1155200	2022/12/16 
2022/12/19 	66.43314640476125	66.61196775062074	65.89666872398865	66.25431823730469	565000	2022/12/19 
2022/12/20 	66.07549767510703	66.43314719266483	63.750786043377104	63.92960739135742	1011000	2022/12/20 
2022/12/21 	64.28725601420994	65.36019773035372	64.28725601420994	65.00254821777344	434000	2022/12/21 
2022/12/22 	65.53902435302734	66.79078738516516	65.27078551951386	65.53902435302734	827000	2022/12/22 
2022/12/23 	65.27078896599848	66.16490936279297	64.64490741688122	66.16490936279297	505000	2022/12/23 
2022/12/26 	65.53902328076863	66.88020378319968	64.37666411668968	66.43314361572266	1151000	2022/12/26 
2022/12/27 	66.61196495407475	67.1484357907278	65.62843394994468	66.43314361572266	1140020	2022/12/27 
2022/12/28 	65.80726280288499	67.05903277908068	65.09197054620002	65.18138122558594	1221013	2022/12/28 
2022/12/29 	64.64490075740976	64.64490075740976	63.482541632679805	64.01901245117188	792000	2022/12/29 
2022/12/30 	64.37666758290538	64.73431710046317	63.48254719980947	63.92960739135742	578000	2022/12/30 
2023/01/03 	64.10843235848482	64.10843235848482	63.21431192491265	63.750789642333984	244000	2023/01/03 
2023/01/04 	63.393139093994044	63.92960998126559	63.393139093994044	63.57196044921875	211146	2023/01/04 
2023/01/05 	63.92960760649603	64.2872571252574	63.75078625791394	64.10842895507812	195000	2023/01/05 
2023/01/06 	63.9296094816025	65.62843962934917	63.9296094816025	65.27079010009766	352000	2023/01/06 
2023/01/09 	64.55549461668802	65.36020439666956	64.55549461668802	65.09197235107422	363005	2023/01/09 
2023/01/10 	65.09197054620002	65.53903076472722	64.73432100705874	65.18138122558594	252999	2023/01/10 
2023/01/11 	65.53902953359588	65.53902953359588	64.28725958091432	64.82373046875	279055	2023/01/11 
2023/01/12 	64.64490509033203	65.36019728906614	64.46607692445073	64.64490509033203	240219	2023/01/12 
2023/01/13 	65.27078886574967	65.80725973868294	64.6449073175937	64.91313934326172	387000	2023/01/13 
2023/01/16 	65.36020135658569	65.53902953359588	64.55549161403344	64.82373046875	117000	2023/01/16 
2023/01/17 	64.73431576247417	64.91313710675844	64.55548759659287	64.64490509033203	105000	2023/01/17 
2023/01/30 	65.36019290820032	65.44960357434957	63.92960178502262	64.01901245117188	505000	2023/01/30 
2023/01/31 	64.82372687228184	65.717847242934	64.55548803244736	65.00254821777344	555200	2023/01/31 
2023/02/01 	65.18137829063848	66.16490936279297	65.00255011832121	66.16490936279297	491000	2023/02/01 
2023/02/02 	66.34373433473061	66.34373433473061	65.71785275145108	65.98609161376953	367000	2023/02/02 
2023/02/03 	65.89667571217105	65.89667571217105	65.27079411369257	65.44961547851562	279000	2023/02/03 
2023/02/06 	65.09196695126566	65.53902714510238	64.91313878077266	65.36019897460938	132000	2023/02/06 
2023/02/07 	65.44961667755551	65.80726623535156	65.09197394135738	65.80726623535156	284020	2023/02/07 
2023/02/08 	65.6284408569336	65.80726221410553	65.27079132099222	65.6284408569336	277000	2023/02/08 
2023/02/09 	65.53902895243564	65.89667166008978	65.27079010009766	65.27079010009766	235000	2023/02/09 
2023/02/10 	65.44960796120827	65.44960796120827	64.64490509033203	64.64490509033203	279000	2023/02/10 
2023/02/13 	64.64490788552774	65.27078943918235	64.19784768388952	64.46607971191406	226500	2023/02/13 
2023/02/14 	64.82372534472267	65.71784569430505	64.82372534472267	65.53902435302734	215000	2023/02/14 
2023/02/15 	65.53902545494742	65.7178467992317	64.55548759659287	64.64490509033203	408221	2023/02/15 
2023/02/16 	64.73431921701906	65.53902895243564	64.73431921701906	65.27079010009766	197000	2023/02/16 
2023/02/17 	65.00255067919882	65.89667108370827	64.82372932693586	65.71784973144531	209000	2023/02/17 
2023/02/20 	65.53902435302734	65.89666703558277	65.18137484887501	65.53902435302734	176000	2023/02/20 
2023/02/21 	65.53902771301493	65.53902771301493	64.82372866803905	64.91313934326172	298000	2023/02/21 
2023/02/22 	64.55548454383582	64.55548454383582	63.929603046841095	64.37666320800781	464000	2023/02/22 
2023/02/23 	64.73431731830982	64.73431731830982	64.01901828078708	64.10842895507812	477000	2023/02/23 
2023/02/24 	64.19784312529137	65.18137413473687	64.01901496437601	64.73431396484375	364000	2023/02/24 
2023/03/01 	64.64490797467289	65.80726040757679	64.55549047694409	65.71784973144531	350111	2023/03/01 
2023/03/02 	66.07549519845739	66.07549519845739	65.27078551951386	65.53902435302734	237000	2023/03/02 
2023/03/03 	65.62843781955029	65.8072591684461	65.00254945522056	65.36019897460938	262000	2023/03/03 
2023/03/06 	65.53902837918235	65.98608858143709	65.00255067919882	65.71784973144531	317000	2023/03/06 
2023/03/07 	65.98608981048442	66.43315002106603	65.71785095549647	66.07550048828125	404000	2023/03/07 
2023/03/08 	65.6284383882376	65.6284383882376	64.73431799281637	64.91313934326172	467105	2023/03/08 
2023/03/09 	65.44961203429206	65.44961203429206	64.73431979104363	64.82373046875	271000	2023/03/09 
2023/03/10 	64.46607387592182	65.18137286242725	64.1084243826691	64.37666320800781	556000	2023/03/10 
2023/03/13 	64.37666680480334	64.37666680480334	63.57195710542387	64.19784545898438	458101	2023/03/13 
2023/03/14 	64.64490642647301	64.64490642647301	63.661368547789785	63.92960739135742	186000	2023/03/14 
2023/03/15 	64.28725361316398	64.28725361316398	63.4825439453125	63.4825439453125	369000	2023/03/15 
2023/03/16 	63.12489575296484	63.21430642422234	62.320186068453445	62.76724624633789	657000	2023/03/16 
2023/03/17 	63.214309839990094	63.214309839990094	62.05195740764131	62.40960693359375	475000	2023/03/17 
2023/03/20 	62.40960792879948	62.40960792879948	61.96254771962928	62.3201904296875	210000	2023/03/20 
2023/03/21 	62.588427260572665	62.588427260572665	61.78371754576014	62.230777740478516	234160	2023/03/21 
2023/03/22 	62.23077662969659	63.30372517082753	62.23077662969659	63.12489700317383	213000	2023/03/22 
2023/03/23 	63.12489802573851	63.48254754524242	62.58842715728125	63.30372619628906	138000	2023/03/23 
2023/03/24 	63.48254832815616	63.48254832815616	63.03548812866211	63.03548812866211	106000	2023/03/24 
2023/03/27 	63.39313584385584	63.39313584385584	62.94607565711722	63.12489700317383	101000	2023/03/27 
2023/03/28 	63.035490725170156	63.035490725170156	62.67784118652344	62.67784118652344	158000	2023/03/28 
2023/03/29 	62.856669366645576	62.94608004590786	62.588430507261144	62.67784118652344	111000	2023/03/29 
2023/03/30 	62.946075439453125	62.946075439453125	62.67783659969867	62.946075439453125	91000	2023/03/30 
2023/03/31 	63.03548611217225	63.124896784891384	62.85666476673399	62.946075439453125	63130	2023/03/31 
2023/04/06 	62.946081060341896	63.03549174104512	62.767252877337775	62.85667037963867	89000	2023/04/06 
2023/04/07 	63.03549174104512	63.21431310245157	62.85667037963867	62.85667037963867	68042	2023/04/07 
2023/04/10 	62.76724928032676	63.03548812866211	62.58842792916805	63.03548812866211	122000	2023/04/10 
2023/04/11 	63.39313452471266	64.19784420841644	63.39313452471266	63.84019470214844	286000	2023/04/11 
2023/04/12 	63.84020032137169	63.84020032137169	63.48255078362332	63.750789642333984	113000	2023/04/12 
2023/04/13 	63.57196146266102	63.9296110004094	63.57196146266102	63.750789642333984	148000	2023/04/13 
2023/04/14 	63.840195945749386	64.28725613189386	63.750785272839906	64.19784545898438	327000	2023/04/14 
2023/04/17 	64.1978471198831	65.00255001848438	64.1978471198831	64.91313934326172	322000	2023/04/17 
2023/04/18 	64.91314416574623	65.62844326386265	64.91314416574623	65.09197235107422	298000	2023/04/18 
2023/04/19 	65.53902645986098	65.53902645986098	64.46607791291271	64.55548858642578	182000	2023/04/19 
2023/04/20 	63.482545035226	63.5719557061675	62.32018584819577	62.58842468261719	983000	2023/04/20 
2023/04/21 	62.320187731930055	62.588426574459454	61.42606735229492	61.42606735229492	585213	2023/04/21 
2023/04/24 	61.24724600500675	61.694306194824314	60.80018581518918	61.42606735229492	192000	2023/04/24 
2023/04/25 	61.96254560483125	61.96254560483125	60.80018637202137	60.979007720947266	327000	2023/04/25 
2023/04/26 	60.97900874054931	61.1578369140625	60.80018738863343	61.1578369140625	85000	2023/04/26 
2023/04/27 	61.157834563198485	62.1413656041242	61.06842389067742	61.694305419921875	48000	2023/04/27 
2023/04/28 	62.23078215022572	62.3201928311857	61.694311242868146	61.783721923828125	89000	2023/04/28 
2023/05/02 	62.141369074658385	62.3201904296875	61.78371954300274	62.3201904296875	107000	2023/05/02 
2023/05/03 	62.051958397143835	62.58842928382859	61.96254771962928	62.3201904296875	113000	2023/05/03 
2023/05/04 	61.96254673155253	62.76724963794887	61.96254673155253	62.40960693359375	94000	2023/05/04 
2023/05/05 	62.230780764298984	62.499019622802734	62.141370085330244	62.499019622802734	116000	2023/05/05 
2023/05/08 	62.58843030177147	62.856669160275224	62.409608943833994	62.499019622802734	72000	2023/05/08 
2023/05/09 	63.30373060475247	63.482551966158915	62.767252877337775	62.85667037963867	131000	2023/05/09 
2023/05/10 	62.588431515931326	62.85667037963867	62.40961015452488	62.85667037963867	135000	2023/05/10 
2023/05/11 	62.499017734042155	62.499017734042155	61.15783712524983	61.3366584777832	301010	2023/05/11 
2023/05/12 	61.33665826597838	61.33665826597838	60.88959806459137	61.1578369140625	131000	2023/05/12 
2023/05/15 	61.157837699350964	61.157837699350964	60.71077749222354	60.88959884643555	163000	2023/05/15 
2023/05/16 	61.426069805057715	62.23077954318108	61.06842709620058	62.1413688659668	107000	2023/05/16 
2023/05/17 	62.14136793862816	63.21430969238281	62.14136793862816	63.21430969238281	134003	2023/05/17 
2023/05/18 	62.677835575080394	63.12489575296484	62.677835575080394	62.76724624633789	64000	2023/05/18 
2023/05/19 	62.7672506388577	62.7672506388577	62.3201904296875	62.3201904296875	73000	2023/05/19 
2023/05/22 	63.12490017051335	63.12490017051335	62.141369074658385	62.3201904296875	77000	2023/05/22 
2023/05/23 	62.32019164787672	62.67784118652344	62.230780968614425	62.67784118652344	69000	2023/05/23 
2023/05/24 	62.58842468261719	62.58842468261719	62.40960334073419	62.58842468261719	32000	2023/05/24 
2023/05/25 	62.409608943833994	62.58843030177147	62.230780764298984	62.499019622802734	77000	2023/05/25 
2023/05/26 	62.49901860631404	62.49901860631404	62.051958397143835	62.3201904296875	48000	2023/05/26 
2023/05/29 	62.3201904296875	62.40960792879948	61.87313022051729	62.3201904296875	60000	2023/05/29 
2023/05/30 	62.76724963794887	62.76724963794887	61.96254673155253	62.40960693359375	79000	2023/05/30 
2023/05/31 	62.23077641450596	63.21430745761051	62.23077641450596	62.946075439453125	113000	2023/05/31 
2023/06/01 	62.94607888433484	64.01902065887795	62.588429352287996	63.57196044921875	523000	2023/06/01 
2023/06/02 	64.28725487958421	64.28725487958421	63.57195586704819	63.84019470214844	98000	2023/06/02 
2023/06/05 	63.57196146266102	64.19784985912007	63.57196146266102	63.750789642333984	150000	2023/06/05 
2023/06/06 	63.75078403098067	64.19784420841644	63.75078403098067	63.84019470214844	116000	2023/06/06 
2023/06/07 	63.840195945749386	64.55548815062228	63.840195945749386	64.19784545898438	215000	2023/06/07 
2023/06/08 	63.84019909368689	63.84019909368689	63.214310709264055	63.39313888549805	122000	2023/06/08 
2023/06/09 	63.57195710542387	64.37666680480334	63.30372508669544	64.19784545898438	180000	2023/06/09 
2023/06/12 	64.37667264390984	64.37667264390984	63.92961241721603	64.28726196289062	82000	2023/06/12 
2023/06/13 	64.55548454383582	64.55548454383582	64.1084243826691	64.37666320800781	131040	2023/06/13 
2023/06/14 	64.64490203334653	64.64490203334653	64.1084243826691	64.37666320800781	119014	2023/06/14 
2023/06/15 	64.37666903590588	64.55549038792225	64.10843018628401	64.46607971191406	123040	2023/06/15 
2023/06/16 	64.73431675504905	65.00254877558828	64.55548858642578	64.55548858642578	99193	2023/06/16 
2023/06/19 	64.55548858642578	64.64490608153598	64.19784589237348	64.55548858642578	142000	2023/06/19 
2023/06/20 	64.28725127121619	64.55548326966394	63.92960178502262	64.01901245117188	170000	2023/06/20 
2023/06/21 	64.0190216794471	64.19784985912007	63.661372141698735	63.750789642333984	139000	2023/06/21 
2023/06/26 	63.92960178502262	64.28725127121619	63.75078045272412	64.01901245117188	139001	2023/06/26 
2023/06/27 	64.10843377925448	64.46608332492907	63.66137355256066	64.28726196289062	493013	2023/06/27 
2023/06/28 	64.86382065882407	65.44038648728271	64.47944099604088	65.15210723876953	518001	2023/06/28 
2023/06/29 	65.72867901396582	65.72867901396582	64.86382652731503	65.34429931640625	151000	2023/06/29 
2023/06/30 	65.34429845026939	65.44039154052734	64.86382566754683	65.44039154052734	61122	2023/06/30 
2023/07/03 	65.44038648728271	65.63257998439045	64.9599137416618	65.15210723876953	146300	2023/07/03 
2023/07/04 	65.24820088401826	65.53648013501629	64.9599143015879	65.0560073852539	121000	2023/07/04 
2023/07/05 	65.44038705135029	65.44038705135029	64.76772813425588	65.0560073852539	198000	2023/07/05 
2023/07/06 	64.86382380038245	65.24820348178234	64.19116485650709	64.76773071289062	235000	2023/07/06 
2023/07/07 	64.38335418701172	64.57554037141468	63.710695210168375	64.38335418701172	207000	2023/07/07 
2023/07/10 	64.57553849549758	64.57553849549758	63.518499849122264	63.710693359375	75000	2023/07/10 
2023/07/11 	64.19116613785766	64.19116613785766	63.03802707063959	63.710693359375	240000	2023/07/11 
2023/07/12 	63.422406317978464	63.422406317978464	62.65364694518745	62.84584045410156	209000	2023/07/12 
2023/07/13 	62.94193397090903	62.94193397090903	61.78880223531281	61.88489532470703	224000	2023/07/13 
2023/07/14 	61.59660965946349	61.59660965946349	60.82785393549913	61.308326721191406	255000	2023/07/14 
2023/07/17 	61.500516279219816	62.2692756652832	61.020043495788414	62.2692756652832	118000	2023/07/17 
2023/07/18 	61.78880245035719	61.78880245035719	61.21223291483605	61.404422760009766	85030	2023/07/18 
2023/07/19 	61.40442052053743	61.40442052053743	60.92394775798461	61.21223068237305	145060	2023/07/19 
2023/07/20 	61.21223119442408	61.69270029527984	61.21223119442408	61.59660720825195	37013	2023/07/20 
2023/07/21 	61.59660965946349	61.69270275031536	61.21223363033953	61.308326721191406	74000	2023/07/21 
2023/07/24 	61.884896263452006	61.884896263452006	61.02004378291933	61.308326721191406	165000	2023/07/24 
2023/07/25 	61.30832514166218	61.88489466906822	61.02004221081734	61.50051498413086	128000	2023/07/25 
2023/07/26 	61.21223313123401	61.40442297708715	60.9239501953125	60.9239501953125	147000	2023/07/26 
2023/07/27 	61.11613464355469	61.69270049905912	61.11613464355469	61.11613464355469	80000	2023/07/27 
2023/07/28 	61.11613464355469	61.308324483961606	60.73175862845717	61.11613464355469	133000	2023/07/28 
2023/07/31 	61.404421895754695	62.07708084582055	61.1161352991935	61.50051498413086	181000	2023/07/31 
2023/08/01 	61.59660720825195	61.69270029527984	61.50051412122406	61.59660720825195	36001	2023/08/01 
2023/08/02 	61.596608283094454	61.88489488064124	60.73175948760316	61.020042419433594	180000	2023/08/02 
2023/08/04 	61.116133930432724	61.40442052053743	60.82785100604428	61.21223068237305	44000	2023/08/04 
2023/08/07 	61.40442103419616	61.59660720825195	60.9239482676241	61.59660720825195	56000	2023/08/07 
2023/08/08 	61.11613464355469	61.50051432436852	61.020041556209385	61.11613464355469	52000	2023/08/08 
2023/08/09 	61.40442347775973	61.50051656861161	61.11613687377121	61.308326721191406	33000	2023/08/09 
2023/08/10 	61.308324483961606	61.308324483961606	60.827851715802474	61.11613464355469	58000	2023/08/10 
2023/08/11 	60.82785343952772	61.11613637544923	60.539570503606214	60.9239501953125	96000	2023/08/11 
2023/08/14 	60.63566249561023	60.63566249561023	59.5786238611347	59.67471694946289	183000	2023/08/14 
2023/08/15 	59.7708152186733	60.82785387994433	59.57862537142863	59.96300506591797	91001	2023/08/15 
2023/08/16 	60.05909544876741	60.05909544876741	58.8098669965763	58.90596008300781	135000	2023/08/16 
2023/08/17 	58.905961453049876	59.48253098219774	58.905961453049876	59.194244384765625	24000	2023/08/17 
2023/08/18 	59.38643422781492	59.38643422781492	59.09815129609917	59.194244384765625	43000	2023/08/18 
2023/08/21 	59.38643466724734	60.15519037941657	59.38643466724734	60.05909729003906	24000	2023/08/21 
2023/08/22 	59.67471846219274	60.05909815668208	59.67471846219274	59.96300506591797	20000	2023/08/22 
2023/08/23 	61.500513921224254	62.17317285966462	60.25128546534264	62.07707977294922	214000	2023/08/23 
2023/08/24 	62.07708193899853	62.07708193899853	60.73176034945936	60.9239501953125	148000	2023/08/24 
2023/08/25 	60.82785053593912	60.82785053593912	60.155187940420554	60.34737777709961	64000	2023/08/25 
2023/08/28 	60.15519102794196	60.53957072102871	60.059097937528485	60.443477630615234	50000	2023/08/28 
2023/08/29 	60.059096221418336	60.73175883224148	60.059096221418336	60.63566207885742	18000	2023/08/29 
2023/08/30 	60.63566337931491	61.596608939467075	60.63566337931491	61.404422760009766	81000	2023/08/30 
2023/08/31 	60.731757919820225	61.692699779209605	60.731757919820225	61.21223068237305	40100	2023/08/31 
2023/09/01 	61.5005132610054	62.07707910654083	61.40442017532158	61.69269943237305	41000	2023/09/01 
2023/09/04 	62.17317351888991	63.23021947826492	62.17317351888991	62.46146011352539	169000	2023/09/04 
2023/09/05 	62.55755320125967	62.74974670816088	62.365367025791116	62.46146011352539	59000	2023/09/05 
2023/09/06 	62.36536897645811	62.46146206719799	61.78880310058594	61.78880310058594	49000	2023/09/06 
2023/09/07 	61.596608072507024	61.88489466906822	61.02004221081734	61.50051498413086	41000	2023/09/07 
2023/09/08 	62.941932216252944	62.941932216252944	61.21223099536177	62.07707977294922	56000	2023/09/08 
2023/09/11 	63.134120369423975	63.134120369423975	61.308326004564705	61.404422760009766	47000	2023/09/11 
2023/09/12 	62.36536810311092	62.36536810311092	61.116135946687706	61.88489532470703	38000	2023/09/12 
2023/09/13 	62.17317246453641	63.51849766429977	61.50051353037098	63.03802490234375	131000	2023/09/13 
2023/09/14 	63.422406974147485	63.90287975425466	63.13412037351006	63.230220794677734	55000	2023/09/14 
2023/09/15 	63.71069357478491	63.71069357478491	62.845841104305435	63.230220794677734	34001	2023/09/15 
2023/09/18 	63.80678492279989	63.80678492279989	62.55755279604813	63.42240524291992	71000	2023/09/18 
2023/09/19 	63.42240504214638	63.99897089442483	63.13411845029086	63.90287780761719	91000	2023/09/19 
2023/09/20 	64.1911667103268	64.1911667103268	63.23022114479156	63.614593505859375	36000	2023/09/20 
2023/09/21 	63.230220794677734	63.230220794677734	62.55755450366801	63.230220794677734	73000	2023/09/21 
2023/09/22 	62.94193419404031	63.614593153617236	62.07708172356083	63.230220794677734	121000	2023/09/22 
2023/09/25 	63.9989717597098	64.09506484781664	63.2302197234223	63.806785583496094	143028	2023/09/25 
2023/09/26 	63.61459293853224	63.710693359375	63.326313670302305	63.710693359375	58018	2023/09/26 
2023/09/27 	63.422406974147485	63.518500063882364	62.74974801457056	63.230220794677734	58000	2023/09/27 
2023/09/28 	62.941934759964376	63.806787238219925	62.941934759964376	63.13412094116211	28000	2023/09/28 
2023/10/02 	63.13412094116211	63.710694147621055	62.845841669365505	63.13412094116211	40000	2023/10/02 
2023/10/03 	63.422404381234735	63.99897022750492	62.94193162077084	63.518497467041016	37150	2023/10/03 
2023/10/04 	63.5184982745402	63.5184982745402	61.59660720825195	61.59660720825195	163025	2023/10/04 
2023/10/05 	62.84583938881626	64.28725768979172	62.36536662182444	63.42240524291992	411000	2023/10/05 
2023/10/06 	63.42240333488056	64.09506225585938	62.84583749812267	64.09506225585938	105045	2023/10/06 
2023/10/11 	63.902878262598996	66.01695551314953	63.13411889979919	64.76773071289062	407000	2023/10/11 
2023/10/12 	64.6716412039974	65.63258679495466	64.383354594137	65.24820709228516	173000	2023/10/12 
2023/10/13 	65.24820435285027	65.34429744162493	64.67163848876953	64.67163848876953	46000	2023/10/13 
2023/10/16 	63.61459035825644	64.67163629318962	63.61459035825644	63.99897003173828	101015	2023/10/16 
2023/10/17 	64.38335505638966	64.38335505638966	63.80678916396235	64.28726196289062	45000	2023/10/17 
2023/10/18 	64.28725880223814	64.67163848876953	63.42240634040067	64.67163848876953	114100	2023/10/18 
2023/10/19 	64.28725922726764	64.57553849549758	63.61459293853224	63.710693359375	115000	2023/10/19 
2023/10/20 	63.42240675971229	63.90287953819495	62.269275023926994	63.710693359375	121000	2023/10/20 
2023/10/23 	62.941934759964376	63.61459372558932	62.941934759964376	63.13412094116211	30000	2023/10/23 
2023/10/24 	63.422406974147485	63.422406974147485	62.65364759340288	63.230220794677734	81000	2023/10/24 
2023/10/25 	63.902880108093086	63.902880108093086	62.94193454255785	63.614593505859375	33000	2023/10/25 
2023/10/26 	62.74974822998047	63.32631410180178	62.557554718418146	62.74974822998047	26000	2023/10/26 
2023/10/27 	62.269276012721356	63.1341211625771	61.980989408480845	62.653648376464844	25005	2023/10/27 
2023/10/30 	63.518497467041016	63.6145905528473	62.84583853496456	63.518497467041016	59012	2023/10/30 
2023/10/31 	63.80678492279989	63.90287800991174	62.65364588315997	63.42240524291992	41195	2023/10/31 
2023/11/01 	62.94193454255785	63.614593505859375	62.749748362023944	63.614593505859375	22000	2023/11/01 
2023/11/02 	63.32631423505851	63.902880108093086	63.13412072309176	63.614593505859375	71019	2023/11/02 
2023/11/03 	63.13412072309176	63.614593505859375	63.13412072309176	63.614593505859375	33000	2023/11/03 
2023/11/06 	63.23022058089233	63.90287953819495	63.13412016004958	63.710693359375	29276	2023/11/06 
2023/11/07 	63.42240524291992	63.42240524291992	63.230219068696236	63.42240524291992	27015	2023/11/07 
2023/11/08 	63.71069392755918	63.80678701782613	63.614593505859375	63.614593505859375	20000	2023/11/08 
2023/11/09 	63.518500281931274	63.518500281931274	62.74974822998047	62.74974822998047	76000	2023/11/09 
2023/11/10 	62.74974604282215	62.74974604282215	61.98098668623382	62.07707977294922	118000	2023/11/10 
2023/11/13 	62.365367025791116	62.46146011352539	61.980987343421354	62.46146011352539	42000	2023/11/13 
2023/11/14 	62.07707977294922	62.17317285966462	61.88489359951842	62.07707977294922	48000	2023/11/14 
2023/11/15 	62.65364715659912	62.65364715659912	62.17317437984167	62.3653678894043	52001	2023/11/15 
2023/11/16 	62.74974757709681	62.74974757709681	62.26927480033936	62.3653678894043	48000	2023/11/16 
2023/11/17 	62.4614616283534	62.74974822998047	62.36536853828865	62.74974822998047	21000	2023/11/17 
2023/11/20 	62.74974736536087	62.84584045410156	62.55755385644675	62.84584045410156	30000	2023/11/20 
2023/11/21 	62.74974564402965	63.03802490234375	62.65364522649243	63.03802490234375	63000	2023/11/21 
2023/11/22 	63.038025971363716	63.038025971363716	62.365367025791116	62.46146011352539	54447	2023/11/22 
2023/11/23 	62.461460320524466	62.461460320524466	61.980987548828125	61.980987548828125	64000	2023/11/23 
2023/11/24 	62.07708150349548	62.1731745928897	61.78880223531281	61.88489532470703	42000	2023/11/24 
2023/11/27 	61.59660872509159	62.269275013716694	61.59660872509159	61.88489532470703	46000	2023/11/27 
2023/11/28 	61.88489340136001	62.74974584189444	61.69269989711206	62.557552337646484	65000	2023/11/28 
2023/11/29 	62.84583979589516	62.84583979589516	62.46146011352539	62.46146011352539	71000	2023/11/29 
2023/11/30 	62.4614616283534	62.84584132004522	62.4614616283534	62.74974822998047	49000	2023/11/30 
2023/12/01 	63.038027283775186	63.71069357478491	62.74974801457056	63.230220794677734	81000	2023/12/01 
2023/12/04 	63.230219271917335	63.42240544675871	62.941932678222656	62.941932678222656	56000	2023/12/04 
2023/12/05 	62.94193181623905	63.230218405985674	62.65364522649243	63.03802490234375	40000	2023/12/05 
2023/12/06 	63.42240544675871	63.42240544675871	62.84583959080197	62.941932678222656	71000	2023/12/06 
2023/12/07 	63.998972627604935	64.67163891634034	63.42240675971229	63.710693359375	290100	2023/12/07 
2023/12/08 	63.80678658687754	64.7677321459226	63.80678658687754	64.5755386352539	223137	2023/12/08 
2023/12/11 	65.15210866244027	65.15210866244027	64.38334932007534	64.95991516113281	103030	2023/12/11 
2023/12/12 	64.67163449314862	65.15210723876953	64.28725483036541	65.15210723876953	88020	2023/12/12 
2023/12/13 	64.76773388725063	64.76773388725063	64.0950675789743	64.38335418701172	46000	2023/12/13 
2023/12/14 	64.76773071289062	64.76773071289062	64.38335103149072	64.76773071289062	74000	2023/12/14 
2023/12/15 	64.57553720647435	64.76773071289062	64.47944411898254	64.76773071289062	60000	2023/12/15 
2023/12/18 	64.47944411898254	65.05600997536608	64.19116485650709	64.76773071289062	76000	2023/12/18 
2023/12/19 	64.95991832515848	64.95991832515848	64.09506585573138	64.5755386352539	60000	2023/12/19 
2023/12/20 	64.67163848876953	64.67163848876953	64.28725880223814	64.67163848876953	81000	2023/12/20 
2023/12/21 	64.5755395020406	64.76773301528907	64.28726022931724	64.47944641113281	50000	2023/12/21 
2023/12/22 	64.38334827613382	64.38334827613382	64.191162109375	64.191162109375	40064	2023/12/22 
2023/12/25 	63.902876946225945	63.99897003173828	63.8067838607136	63.99897003173828	34003	2023/12/25 
2023/12/26 	63.99897276611344	64.5755386352539	63.7106934972596	64.5755386352539	37002	2023/12/26 
2023/12/27 	64.28726022931724	64.67163992438128	64.19116713840944	64.47944641113281	62000	2023/12/27 
2023/12/28 	64.28726109481025	64.4794472792132	64.19116800260876	64.38335418701172	50000	2023/12/28 
2023/12/29 	63.99897535096042	64.38335505638966	63.902882257461386	64.28726196289062	17000	2023/12/29 
2024/01/02 	64.38335245601802	64.5755386352539	63.80678658687754	64.5755386352539	25001	2024/01/02 
2024/01/03 	64.191162109375	64.57553444289263	63.99896861118386	64.191162109375	35000	2024/01/03 
2024/01/04 	64.76773025175115	64.76773025175115	63.90287780761719	63.90287780761719	27000	2024/01/04 
2024/01/05 	63.902876946225945	64.09506311725062	63.902876946225945	63.99897003173828	29000	2024/01/05 
2024/01/08 	63.7106916340019	63.99897089442483	63.51849812895403	63.90287780761719	60000	2024/01/08 
2024/01/09 	63.80678405589236	63.80678405589236	63.518497467041016	63.518497467041016	68000	2024/01/09 
2024/01/10 	63.51850041559242	63.71069392755918	63.32631423505851	63.614593505859375	28000	2024/01/10 
2024/01/11 	63.422407325325466	63.80678701782613	63.422407325325466	63.614593505859375	16000	2024/01/11 
2024/01/12 	63.61459141714361	63.61459141714361	63.326312155808075	63.42240524291992	21000	2024/01/12 
2024/01/15 	63.42240524291992	63.42240524291992	63.42240524291992	63.42240524291992	0	2024/01/15 
2024/01/16 	63.13411798844845	63.230218405985674	62.84583873013435	63.03802490234375	89000	2024/01/16 
2024/01/17 	62.74974757709681	62.74974757709681	62.077081290776725	62.3653678894043	110000	2024/01/17 
2024/01/18 	62.46146119250514	62.46146119250514	61.88489532470703	61.88489532470703	80000	2024/01/18 
2024/01/19 	61.88489653793332	62.26927623447858	61.69270302394423	62.17317581176758	57000	2024/01/19 
2024/01/22 	62.461460320524466	62.461460320524466	61.980987548828125	61.980987548828125	46000	2024/01/22 
2024/01/23 	62.36536723247173	62.74974691611534	61.980987548828125	61.980987548828125	66000	2024/01/23 
2024/01/24 	62.46146241703475	62.46146241703475	62.17317581176758	62.17317581176758	21000	2024/01/24 
2024/01/25 	62.653648376464844	63.1341211625771	62.36536910365723	62.653648376464844	79000	2024/01/25 
2024/01/26 	63.134120590239455	63.134120590239455	62.4614616283534	62.74974822998047	49000	2024/01/26 
2024/01/29 	62.7497452572129	64.19116353419544	62.7497452572129	63.99897003173828	164000	2024/01/29 
2024/01/30 	64.383354594137	66.11305959043331	64.383354594137	65.24820709228516	379050	2024/01/30 
2024/01/31 	65.44039368088639	66.68962588939685	65.24820749408467	66.1130599975586	474112	2024/01/31 
2024/02/01 	66.11305740104113	67.07400296017585	65.8247708007276	66.40133666992188	464000	2024/02/01 
2024/02/02 	66.78571184253107	66.78571184253107	65.63258018213942	66.01695251464844	256046	2024/02/02 
2024/02/05 	65.9208620160747	66.49742786887587	65.63258275539039	65.72867584228516	142100	2024/02/05 
2024/02/15 	65.63258679495466	66.01695916619114	65.05601357523388	65.24820709228516	162000	2024/02/15 
2024/02/16 	66.01695741350785	66.40133710597249	64.95991875780477	65.44039154052734	149024	2024/02/16 
2024/02/19 	65.44039067566047	65.63258418506915	65.15211140869656	65.53648376464844	126000	2024/02/19 
2024/02/20 	65.53648549946956	65.53648549946956	65.05601271037834	65.34429931640625	190000	2024/02/20 
2024/02/21 	65.53648677428725	66.49743237116205	65.53648677428725	66.1130599975586	248000	2024/02/21 
2024/02/22 	66.11305740687989	68.22713470458984	66.11305740687989	68.22713470458984	621101	2024/02/22 
2024/02/23 	68.03494938961262	68.89979453875071	67.84275587646746	68.13104248046875	522221	2024/02/23 
2024/02/26 	68.89979508260879	70.91778666368099	68.80370199099416	69.8607406616211	1141040	2024/02/26 
2024/02/27 	69.86073512545057	69.86073512545057	68.41931687115849	68.70760345458984	439000	2024/02/27 
2024/02/29 	68.70760393495499	69.57245635986328	68.70760393495499	69.57245635986328	233138	2024/02/29 
2024/03/01 	69.57245952157083	69.86073878868612	69.09198674494596	69.18807983398438	256002	2024/03/01 
2024/03/04 	69.09198760986328	69.18808070010463	68.99589451962193	69.09198760986328	239000	2024/03/04 
2024/03/05 	69.4763647003017	69.4763647003017	68.707605344296	69.38026428222656	297100	2024/03/05 
2024/03/06 	69.18808124963897	71.5904451819181	69.18808124963897	70.82168579101562	788005	2024/03/06 
2024/03/07 	71.01387975529562	71.10997284691027	69.76464757000645	69.8607406616211	527000	2024/03/07 
2024/03/08 	70.05292873705774	70.82168074171844	69.57245598485765	70.53340148925781	540050	2024/03/08 
2024/03/11 	70.62949917261409	72.64748339697363	70.53340608220323	71.78263092041016	934006	2024/03/11 
2024/03/12 	72.16701004287901	73.22404869190646	71.3982579942376	71.87873077392578	337000	2024/03/12 
2024/03/13 	71.4943502241366	72.55138886045268	71.4943502241366	71.97482299804688	387000	2024/03/13 
2024/03/14 	72.4552972161519	72.4552972161519	71.59044473958842	71.78263092041016	152000	2024/03/14 
2024/03/15 	71.68653682351707	71.68653682351707	71.01387786865234	71.01387786865234	200002	2024/03/15 
2024/03/18 	71.01387528432151	71.30215454101562	70.62949561063023	71.30215454101562	178000	2024/03/18 
2024/03/19 	71.30215454101562	71.8787277172688	70.91778219875683	71.30215454101562	139001	2024/03/19 
2024/03/20 	71.30215454101562	71.8787277172688	71.10996836988622	71.30215454101562	207020	2024/03/20 
2024/03/21 	71.87873221086619	71.87873221086619	71.20606590699566	71.68653869628906	233002	2024/03/21 
2024/03/22 	72.07091331960795	72.07091331960795	71.39825439453125	71.39825439453125	124000	2024/03/22 
2024/03/25 	71.39825627933412	72.07091522216797	71.20606277321542	72.07091522216797	169022	2024/03/25 
2024/03/26 	72.16701061348647	72.26310370389733	71.20606504651212	71.78263092041016	147100	2024/03/26 
2024/03/27 	71.39825942157279	71.78263178786115	71.39825942157279	71.68653869628906	63000	2024/03/27 
2024/03/28 	72.0709138883982	72.0709138883982	70.82168178175964	71.30215454101562	209300	2024/03/28 
2024/03/29 	71.10997095771405	71.10997095771405	70.72559127003446	71.01387786865234	85000	2024/03/29 
2024/04/01 	71.20606003627148	71.97481936833222	71.20606003627148	71.49434661865234	65000	2024/04/01 
2024/04/02 	71.49434981397984	72.9357681274414	71.10997013077022	72.9357681274414	302006	2024/04/02 
2024/04/03 	72.6474823937199	73.1279551705718	72.55138930463607	72.83967590332031	113016	2024/04/03 
2024/04/08 	73.03186308124957	73.60842895507812	72.35920411702172	73.60842895507812	256012	2024/04/08 
2024/04/09 	74.66546488102959	76.1068831785895	74.37718562037718	74.85765838623047	692000	2024/04/09 
2024/04/10 	74.95375420637191	75.91469977312028	74.47328142299773	75.4342269897461	223618	2024/04/10 
2024/04/11 	75.33813479579027	75.33813479579027	73.41624363942537	73.51233673095703	353000	2024/04/11 
2024/04/12 	74.76156759557657	75.14593995491877	73.41624234358044	74.56937408447266	239000	2024/04/12 
2024/04/15 	74.56937307239836	74.76156658089377	73.60842752421944	73.80062103271484	151018	2024/04/15 
2024/04/16 	73.80061835689618	73.80061835689618	71.97482041526835	72.26309967041016	387000	2024/04/16 
2024/04/17 	73.51233232938327	75.14593678190766	73.2240457406166	74.95375061035156	346500	2024/04/17 
2024/04/18 	75.43422344844234	76.77954864501953	74.66546409856038	76.77954864501953	692050	2024/04/18 
2024/04/19 	76.01079415542245	76.77955355446045	74.4732826887794	76.20298767089844	346030	2024/04/19 
2024/04/22 	76.39516849759259	76.4912615828754	74.95375022405311	75.9146957397461	201070	2024/04/22 
2024/04/23 	76.2029834205592	78.50924682617188	76.0107899158031	78.50924682617188	855060	2024/04/23 
2024/04/24 	78.9897182522155	81.6803686217399	78.60534591208268	80.52723693847656	1364027	2024/04/24 
2024/04/25 	81.19989781556487	84.46711410519956	80.5272388727427	83.02569580078125	1838042	2024/04/25 
2024/04/26 	84.17883027872959	84.27492336922957	82.44913265543144	83.60226440429688	722276	2024/04/26 
2024/04/29 	83.69835923354331	86.38900981203528	83.02570025463683	83.41007995605469	848000	2024/04/29 
2024/04/30 	83.41007822329692	84.17883027872959	82.54522574593142	83.60226440429688	347000	2024/04/30 
2024/05/02 	83.60226614104711	83.98664584246497	83.02570025463683	83.41007995605469	319000	2024/05/02 
2024/05/03 	83.41007589513391	83.41007589513391	81.0077120425256	82.06475067138672	1170000	2024/05/03 
2024/05/06 	83.12178802490234	83.21788111124579	81.58427664910974	83.12178802490234	709108	2024/05/06 
2024/05/07 	83.12178809184445	85.13977223241197	83.12178809184445	84.94758605957031	1037080	2024/05/07 
2024/05/08 	84.94759007643354	86.29291534423828	83.98664450392056	86.29291534423828	1586051	2024/05/08 
2024/05/09 	87.44604177585924	88.8874600468899	86.96556901884902	87.8304214477539	1741400	2024/05/09 
2024/05/10 	87.15775961873621	88.59917796302467	87.15775961873621	88.21480560302734	1004000	2024/05/10 
2024/05/13 	88.21480159343659	88.69527435302734	87.44604224551837	88.69527435302734	804103	2024/05/13 
2024/05/14 	89.1757490053217	90.90544657770079	88.69527623553319	89.36793518066406	1246111	2024/05/14 
2024/05/15 	90.4249738507333	92.05858566764744	89.27184213526785	91.19373321533203	1283005	2024/05/15 
2024/05/16 	92.0585862994559	95.13360911608976	90.71326106789131	94.74922943115234	1961380	2024/05/16 
2024/05/17 	94.74922983033588	94.74922983033588	88.59917683972495	91.96248626708984	1394050	2024/05/17 
2024/05/20 	91.96248483871696	92.25077143201506	89.65622141806269	92.15467834472656	992070	2024/05/20 
2024/05/21 	92.25077314719996	92.63515283493318	89.8484092631583	90.1366958618164	766050	2024/05/21 
2024/05/22 	89.5601217715391	90.71326082324136	88.21480387503549	88.40699005126953	639012	2024/05/22 
2024/05/23 	88.31089924959693	90.4249765686373	87.3499536806817	89.94450378417969	647040	2024/05/23 
2024/05/24 	89.94450418654858	93.4039067838326	88.59917891776233	92.6351547241211	1367214	2024/05/24 
2024/05/27 	93.11562429539622	93.78828324084562	90.90544662074934	91.19373321533203	562133	2024/05/27 
2024/05/28 	92.05858670899369	93.78828430175781	91.28982733569892	93.78828430175781	809200	2024/05/28 
2024/05/29 	93.30781194999605	94.26875750526158	92.53905990464328	92.82733917236328	569000	2024/05/29 
2024/05/30 	92.15468107969723	92.15468107969723	88.98355778503593	90.90544891357422	640000	2024/05/30 
2024/05/31 	90.80935439389532	91.8663930316647	90.52106779657971	91.09764099121094	201149	2024/05/31 
2024/06/03 	91.09763698775534	91.57810974121094	90.61716423429974	91.57810974121094	107007	2024/06/03 
2024/06/04 	90.61716739882678	93.69219019575544	90.61716739882678	93.01953125	510001	2024/06/04 
2024/06/05 	93.59609669860158	94.9414219156606	93.4039031924888	93.98047637939453	409597	2024/06/05 
2024/06/06 	94.17266122090447	94.5570408962559	92.73124293691104	93.21171569824219	255016	2024/06/06 
2024/06/07 	92.1546793582887	93.59609767776736	92.1546793582887	92.92343139648438	176040	2024/06/07 
2024/06/11 	92.15467788358708	92.82733682267319	91.28982543945312	91.28982543945312	386006	2024/06/11 
2024/06/12 	91.28982773680569	92.7312460694921	90.13669600322967	91.00154113769531	435000	2024/06/12 
2024/06/13 	90.80935394629411	90.80935394629411	88.59917626158901	90.2327880859375	441000	2024/06/13 
2024/06/14 	90.61716819125103	90.61716819125103	89.27184295654297	89.27184295654297	223000	2024/06/14 
2024/06/17 	89.56012089722402	89.65622131583555	87.73433024652661	88.50308227539062	288000	2024/06/17 
2024/06/18 	88.50308487302534	88.98355765445483	88.21480560302734	88.21480560302734	126020	2024/06/18 
2024/06/19 	88.21480198535822	88.40698815747538	87.73432922363281	87.73432922363281	175000	2024/06/19 
2024/06/20 	87.73433282159786	88.59917796302467	85.71634127444774	88.21480560302734	536090	2024/06/20 
2024/06/21 	88.8874655222997	93.4039067838326	88.8874655222997	92.6351547241211	970018	2024/06/21 
2024/06/24 	93.21171757901577	94.65313589209333	93.0195314031785	93.8843765258789	674037	2024/06/24 
2024/06/25 	94.17266356946259	95.61408188940334	92.73124524952183	94.74922943115234	902041	2024/06/25 
2024/06/26 	94.74923248136588	94.74923248136588	93.21172102355263	93.50000762939453	436000	2024/06/26 
2024/06/27 	92.30000305175781	92.5999984741211	91.0	91.0999984741211	246105	2024/06/27 
2024/06/28 	91.5999984741211	92.0	89.0	91.5	430000	2024/06/28 
2024/07/01 	90.0999984741211	91.0999984741211	89.0	89.0	383000	2024/07/01 
2024/07/02 	88.5	88.5999984741211	87.0999984741211	87.19999694824219	282100	2024/07/02 
2024/07/03 	87.0	87.0	84.0999984741211	84.30000305175781	497001	2024/07/03 
2024/07/04 	84.30000305175781	84.5	82.5	82.5999984741211	269000	2024/07/04 
2024/07/05 	82.5999984741211	84.5	82.5999984741211	84.0	397000	2024/07/05 
2024/07/08 	84.5	84.5	83.19999694824219	83.30000305175781	189000	2024/07/08 
2024/07/09 	86.9000015258789	86.9000015258789	83.9000015258789	84.4000015258789	429000	2024/07/09 
2024/07/10 	84.80000305175781	85.80000305175781	84.5999984741211	85.0	258000	2024/07/10 
2024/07/11 	85.0	86.69999694824219	84.5	86.0	265000	2024/07/11 
2024/07/12 	85.0999984741211	86.0	85.0999984741211	85.5999984741211	77000	2024/07/12 
2024/07/15 	85.5999984741211	85.5999984741211	84.19999694824219	84.80000305175781	153000	2024/07/15 
2024/07/16 	84.5	84.69999694824219	83.5999984741211	83.5999984741211	137000	2024/07/16 
2024/07/17 	83.5999984741211	86.0	83.5999984741211	85.69999694824219	442000	2024/07/17 
2024/07/18 	85.5	87.0999984741211	84.4000015258789	87.0	396000	2024/07/18 
2024/07/19 	86.5	89.5999984741211	85.4000015258789	89.0999984741211	468204	2024/07/19 
2024/07/22 	91.5	93.4000015258789	88.0999984741211	88.19999694824219	960029	2024/07/22 
2024/07/23 	89.0999984741211	90.0999984741211	88.0	88.69999694824219	421005	2024/07/23 
2024/07/26 	87.5	97.5	87.5	97.5	2497040	2024/07/26 
2024/07/29 	97.5999984741211	102.0	97.5999984741211	98.0	2581118	2024/07/29 
2024/07/30 	98.0	99.0999984741211	94.19999694824219	98.80000305175781	905004	2024/07/30 
2024/07/31 	98.69999694824219	103.5	98.69999694824219	101.0	1484205	2024/07/31 
2024/08/01 	101.5	104.0	100.0	104.0	959095	2024/08/01 
2024/08/02 	102.0	102.0	97.4000015258789	100.5	690016	2024/08/02 
2024/08/05 	97.69999694824219	97.9000015258789	92.9000015258789	94.0	914198	2024/08/05 
2024/08/06 	96.0	97.19999694824219	84.5999984741211	87.5	1371182	2024/08/06 
2024/08/07 	85.5999984741211	95.30000305175781	85.5999984741211	93.5999984741211	637067	2024/08/07 
2024/08/08 	89.5	91.5	89.0999984741211	90.5	267000	2024/08/08 
2024/08/09 	90.5	94.0	90.5	91.4000015258789	297010	2024/08/09 
2024/08/12 	91.19999694824219	92.69999694824219	88.80000305175781	90.0	465100	2024/08/12 
2024/08/13 	90.0	91.0	88.4000015258789	89.9000015258789	312000	2024/08/13 
2024/08/14 	90.0	90.69999694824219	89.0	90.0	132015	2024/08/14 
2024/08/15 	89.5999984741211	89.5999984741211	86.0999984741211	86.69999694824219	473098	2024/08/15 
2024/08/16 	86.5999984741211	89.69999694824219	86.5	87.5	395010	2024/08/16 
2024/08/19 	87.30000305175781	88.4000015258789	86.5999984741211	86.80000305175781	150012	2024/08/19 
2024/08/20 	87.4000015258789	89.69999694824219	87.4000015258789	88.4000015258789	402000	2024/08/20 
2024/08/21 	88.5	88.80000305175781	84.19999694824219	84.69999694824219	658002	2024/08/21 
2024/08/22 	85.0999984741211	85.30000305175781	83.4000015258789	84.5999984741211	346002	2024/08/22 
2024/08/23 	83.80000305175781	84.9000015258789	83.80000305175781	84.19999694824219	158000	2024/08/23 
2024/08/26 	84.80000305175781	85.30000305175781	84.30000305175781	84.5	176000	2024/08/26 
2024/08/27 	84.19999694824219	84.19999694824219	82.5999984741211	84.0	613017	2024/08/27 
2024/08/28 	84.5	84.80000305175781	83.80000305175781	84.5	124000	2024/08/28 
2024/08/29 	84.5	86.19999694824219	84.5	86.0	315000	2024/08/29 
2024/08/30 	85.5999984741211	86.5999984741211	85.19999694824219	86.5	245000	2024/08/30 
2024/09/02 	87.0	87.5	86.0999984741211	86.9000015258789	136000	2024/09/02 
2024/09/03 	86.5999984741211	86.69999694824219	85.5999984741211	86.4000015258789	92000	2024/09/03 
2024/09/04 	83.0	84.4000015258789	82.0	83.80000305175781	234000	2024/09/04 
2024/09/05 	84.19999694824219	87.4000015258789	84.19999694824219	86.5999984741211	293200	2024/09/05 
2024/09/06 	88.5999984741211	88.5999984741211	86.19999694824219	88.4000015258789	263050	2024/09/06 
2024/09/09 	87.19999694824219	88.4000015258789	86.0999984741211	88.4000015258789	246007	2024/09/09 
2024/09/10 	88.69999694824219	88.80000305175781	86.30000305175781	87.0	202000	2024/09/10 
2024/09/11 	87.5	92.0	87.0	90.19999694824219	771000	2024/09/11 
2024/09/12 	90.30000305175781	91.5	89.80000305175781	90.69999694824219	262000	2024/09/12 
2024/09/13 	90.5	91.69999694824219	90.0	90.69999694824219	143000	2024/09/13 
2024/09/16 	90.80000305175781	90.80000305175781	89.19999694824219	89.69999694824219	129000	2024/09/16 
2024/09/18 	89.5999984741211	90.5999984741211	89.0	89.4000015258789	164000	2024/09/18 
2024/09/19 	89.4000015258789	90.0	88.5999984741211	88.80000305175781	148002	2024/09/19 
2024/09/20 	89.19999694824219	90.80000305175781	89.0	90.5	365000	2024/09/20 
2024/09/23 	93.80000305175781	99.5	93.80000305175781	99.5	1564160	2024/09/23 
2024/09/24 	100.5	109.0	100.0	108.0	2553506	2024/09/24 
2024/09/25 	106.5	108.5	102.0	102.5	1758275	2024/09/25 
2024/09/26 	103.0	109.0	100.5	106.5	1851010	2024/09/26 
2024/09/27 	107.5	111.0	106.5	107.5	1447150	2024/09/27 
2024/09/30 	108.0	109.5	104.5	105.5	611161	2024/09/30 
2024/10/01 	106.5	107.0	104.0	106.0	485141	2024/10/01 
2024/10/04 	108.0	108.0	101.5	104.5	610063	2024/10/04 
2024/10/07 	102.5	105.5	99.9000015258789	100.0	770016	2024/10/07 
2024/10/08 	98.5	100.5	98.0	99.5	710000	2024/10/08 
2024/10/09 	99.9000015258789	100.5	98.19999694824219	98.5999984741211	276092	2024/10/09 
2024/10/11 	99.9000015258789	100.5	98.0	98.0	531000	2024/10/11 
2024/10/14 	98.5	107.0	97.9000015258789	105.5	1195178	2024/10/14 
2024/10/15 	105.5	108.5	104.0	105.0	996162	2024/10/15 
2024/10/16 	103.5	114.0	103.5	112.0	1942414	2024/10/16 
2024/10/17 	112.5	118.5	112.0	112.5	1872053	2024/10/17 
2024/10/18 	111.5	115.5	106.5	112.5	1584060	2024/10/18 
2024/10/21 	113.0	121.0	112.5	114.0	1758644	2024/10/21 
2024/10/22 	114.0	114.5	110.0	113.0	1038042	2024/10/22 
2024/10/23 	114.0	115.5	112.0	115.5	709121	2024/10/23 
2024/10/24 	115.0	119.5	112.5	116.5	1270130	2024/10/24 
2024/10/25 	116.5	116.5	112.5	115.5	975009	2024/10/25 
2024/10/28 	115.5	116.0	112.0	113.5	482010	2024/10/28 
2024/10/29 	113.5	115.0	111.5	114.0	548000	2024/10/29 
2024/10/30 	113.0	122.0	111.0	119.0	1699338	2024/10/30 
2024/11/01 	118.5	130.5	117.0	130.5	4483047	2024/11/01 
2024/11/04 	134.0	143.5	128.0	143.5	8099369	2024/11/04 
2024/11/05 	141.5	145.0	137.0	139.0	6119449	2024/11/05 
2024/11/06 	140.0	152.5	138.0	146.0	9869175	2024/11/06 
2024/11/07 	144.0	149.5	142.0	144.5	4580189	2024/11/07 
2024/11/08 	143.5	145.0	140.0	140.5	2270252	2024/11/08 
2024/11/11 	141.0	149.5	140.5	146.5	3302798	2024/11/11 
2024/11/12 	150.0	150.5	141.0	142.5	3495161	2024/11/12 
2024/11/13 	144.5	156.5	141.0	147.0	5540299	2024/11/13 
2024/11/14 	148.5	154.5	144.0	147.0	5904197	2024/11/14 
2024/11/15 	147.0	151.5	132.5	137.0	7656111	2024/11/15 
2024/11/18 	138.5	143.5	138.5	140.0	3795214	2024/11/18 
2024/11/19 	141.0	149.0	138.0	148.5	3051289	2024/11/19 
2024/11/20 	149.5	149.5	149.5	149.5	1783408	2024/11/20 
2024/11/21 	150.5	151.5	148.0	148.5	1114106	2024/11/21 
2024/11/22 	149.0	152.5	146.5	147.5	1207202	2024/11/22 
2024/11/25 	148.0	154.0	145.5	154.0	1586280	2024/11/25 
2024/11/26 	153.0	156.0	148.0	150.0	1087100	2024/11/26 
2024/11/27 	149.5	149.5	142.5	143.5	1421100	2024/11/27 
2024/11/28 	143.5	144.0	137.0	139.5	1836405	2024/11/28 
2024/11/29 	139.5	145.5	138.5	138.5	1424000	2024/11/29 
2024/12/02 	138.5	142.5	138.0	138.5	1223074	2024/12/02 
2024/12/03 	138.0	141.0	135.0	139.5	1640327	2024/12/03 
2024/12/04 	139.5	149.5	139.5	147.0	2125439	2024/12/04 
2024/12/05 	144.0	153.5	141.0	142.0	2854044	2024/12/05 
2024/12/06 	141.5	144.5	140.5	141.5	779000	2024/12/06 
2024/12/09 	141.5	143.0	139.0	139.0	728112	2024/12/09 
2024/12/10 	136.5	139.0	130.5	137.5	2127384	2024/12/10 
2024/12/11 	135.0	135.5	131.5	134.5	1354296	2024/12/11 
2024/12/12 	135.0	140.5	135.0	137.5	835013	2024/12/12 
2024/12/13 	137.5	138.0	131.5	131.5	875109	2024/12/13 
2024/12/16 	132.0	134.0	129.5	133.0	873001	2024/12/16 
2024/12/17 	135.0	135.0	130.0	130.0	319520	2024/12/17 
2024/12/18 	129.0	131.0	128.5	129.5	523150	2024/12/18 
2024/12/19 	126.5	128.5	123.5	123.5	845429	2024/12/19 
2024/12/20 	123.5	124.5	121.5	122.0	672029	2024/12/20 
2024/12/23 	123.0	126.5	120.0	124.5	548030	2024/12/23 
2024/12/24 	125.5	125.5	122.0	122.5	230016	2024/12/24 
2024/12/25 	123.5	124.5	122.0	122.5	330000	2024/12/25 
2024/12/26 	122.0	123.0	120.5	122.0	275018	2024/12/26 
2024/12/27 	123.5	123.5	120.5	120.5	277019	2024/12/27 
2024/12/30 	121.5	122.0	119.0	120.0	323050	2024/12/30 
2024/12/31 	120.0	121.0	118.0	120.0	285050	2024/12/31 
2025/01/02 	119.0	125.5	119.0	124.0	537054	2025/01/02 
2025/01/03 	124.0	124.5	122.0	123.0	407120	2025/01/03 
2025/01/06 	123.0	131.0	122.0	126.0	985018	2025/01/06 
2025/01/07 	127.0	129.5	122.5	123.0	951151	2025/01/07 
2025/01/08 	123.0	130.0	121.0	129.0	1277015	2025/01/08 
2025/01/09 	127.5	129.5	123.5	125.0	1101430	2025/01/09 
2025/01/10 	124.5	126.5	123.0	123.0	513000	2025/01/10 
2025/01/13 	122.5	126.5	120.5	123.0	979000	2025/01/13 
2025/01/14 	124.0	129.0	122.5	127.5	1622207	2025/01/14 
2025/01/15 	127.5	135.5	126.0	126.0	2109189	2025/01/15 
2025/01/16 	127.5	131.0	124.5	125.0	1059584	2025/01/16 
2025/01/17 	128.5	132.0	126.0	126.0	1176020	2025/01/17 
2025/01/20 	126.0	127.5	119.0	125.5	1867066	2025/01/20 
2025/01/21 	127.5	129.0	122.0	124.0	1445000	2025/01/21 
2025/01/22 	128.0	136.0	127.0	136.0	3875000	2025/01/22 
2025/02/03 	135.0	144.0	131.5	133.0	6574011	2025/02/03 
2025/02/04 	135.0	139.0	132.0	134.0	2928200	2025/02/04 
2025/02/05 	135.5	142.5	134.0	140.0	3422180	2025/02/05 
2025/02/06 	141.5	150.5	139.0	146.5	5048297	2025/02/06 
2025/02/07 	147.5	151.5	141.0	142.5	3103088	2025/02/07 
2025/02/10 	143.5	145.0	138.0	138.5	1393190	2025/02/10 
2025/02/11 	140.0	142.0	137.0	140.0	1723008	2025/02/11 
2025/02/12 	144.0	144.5	135.0	136.0	2335139	2025/02/12 
2025/02/13 	136.0	141.0	134.0	140.0	1200050	2025/02/13 
2025/02/14 	139.5	141.5	137.0	140.5	773009	2025/02/14 
2025/02/17 	141.5	142.5	139.5	139.5	745066	2025/02/17 
2025/02/18 	139.5	146.0	137.0	145.0	2970009	2025/02/18 
2025/02/19 	146.0	159.5	145.5	159.5	6175015	2025/02/19 
2025/02/20 	163.0	165.0	153.0	153.5	9910533	2025/02/20 
2025/02/21 	153.5	168.0	153.0	162.0	8011356	2025/02/21 
2025/02/24 	160.0	173.5	160.0	166.0	10067753	2025/02/24 
2025/02/25 	167.0	170.0	161.0	162.5	5969770	2025/02/25 
2025/02/26 	163.5	164.5	155.0	159.0	3684069	2025/02/26 
2025/02/27 	159.5	160.5	156.0	157.5	3455388	2025/02/27 
2025/03/03 	155.5	157.0	149.5	154.5	2012236	2025/03/03 
2025/03/04 	152.5	154.0	148.0	150.0	1723117	2025/03/04 
2025/03/05 	151.5	152.0	141.5	148.5	2947092	2025/03/05 
2025/03/06 	151.5	156.5	146.0	149.0	3666307	2025/03/06 
2025/03/07 	148.0	148.5	140.0	143.5	3129000	2025/03/07 
2025/03/10 	142.0	145.0	138.0	138.0	1738061	2025/03/10 
2025/03/11 	134.0	134.5	127.0	128.5	3420587	2025/03/11 
2025/03/12 	129.5	132.5	126.0	130.5	3069732	2025/03/12 
2025/03/13 	131.0	131.5	124.5	125.0	3281150	2025/03/13 
2025/03/14 	124.0	125.5	122.0	124.5	2235012	2025/03/14 
2025/03/17 	126.0	126.0	123.0	123.5	1196067	2025/03/17 
2025/03/18 	123.5	129.0	123.0	127.0	2340189	2025/03/18 
2025/03/19 	127.5	129.0	125.5	126.0	949017	2025/03/19 
2025/03/20 	127.0	129.5	126.5	127.5	928218	2025/03/20 
2025/03/21 	127.5	129.5	126.5	128.0	796116	2025/03/21 
2025/03/24 	128.5	128.5	125.0	125.0	793072	2025/03/24 
2025/03/25 	127.0	127.5	125.0	126.5	683307	2025/03/25 
2025/03/26 	127.0	130.0	126.5	128.0	784300	2025/03/26 
2025/03/27 	127.0	127.5	125.0	127.5	485076	2025/03/27 
2025/03/28 	127.0	127.0	120.5	124.5	1155000	2025/03/28 
2025/03/31 	121.0	122.0	116.0	118.0	2183011	2025/03/31 
2025/04/01 	118.5	125.0	118.0	124.0	1058119	2025/04/01 
2025/04/02 	125.5	127.5	123.5	125.0	771169	2025/04/02 
2025/04/07 	112.5	112.5	112.5	112.5	81002	2025/04/07 
2025/04/08 	101.5	101.5	101.5	101.5	238402	2025/04/08 
2025/04/09 	91.4000015258789	91.4000015258789	91.4000015258789	91.4000015258789	500015	2025/04/09 
2025/04/10 	100.5	100.5	100.5	100.5	407000	2025/04/10 
2025/04/11 	95.0	99.5	90.5	99.5	2475126	2025/04/11 
2025/04/14 	101.5	103.0	97.19999694824219	98.19999694824219	2303339	2025/04/14 
2025/04/15 	99.0	106.0	99.0	104.5	2019180	2025/04/15 
2025/04/16 	105.5	105.5	101.0	101.0	1193023	2025/04/16 
2025/04/17 	101.0	103.5	99.19999694824219	101.0	1044680	2025/04/17 
2025/04/18 	102.5	105.0	101.0	105.0	933111	2025/04/18 
2025/04/21 	103.5	107.0	103.0	104.0	964000	2025/04/21 
2025/04/22 	105.5	106.0	100.5	100.5	1300024	2025/04/22 
2025/04/23 	104.0	108.5	103.0	106.5	2112050	2025/04/23 
2025/04/24 	107.0	109.0	105.5	107.0	1545109	2025/04/24 
2025/04/25 	111.5	113.5	110.0	112.0	1511269	2025/04/25 
2025/04/28 	112.5	113.5	106.5	106.5	2175192	2025/04/28 
2025/04/29 	108.0	117.0	106.5	117.0	1844018	2025/04/29 
2025/04/30 	115.5	120.0	114.5	116.0	2952591	2025/04/30 
2025/05/02 	116.0	117.0	110.0	112.0	2093285	2025/05/02 
2025/05/05 	112.0	112.0	101.0	101.0	2106105	2025/05/05 
2025/05/06 	99.5	103.5	96.5	103.0	2601123	2025/05/06 
2025/05/07 	102.5	105.5	100.0	104.5	1560138	2025/05/07 
2025/05/08 	105.0	112.0	105.0	111.5	1908036	2025/05/08 
2025/05/09 	111.0	112.0	108.5	109.0	977278	2025/05/09 
2025/05/12 	111.0	114.5	109.0	111.5	861059	2025/05/12 
2025/05/13 	114.5	121.0	112.5	116.5	3538320	2025/05/13 
2025/05/14 	116.0	121.0	114.0	117.5	3012361	2025/05/14 
2025/05/15 	119.0	122.0	116.0	116.5	1482393	2025/05/15 
2025/05/16 	117.0	117.0	112.5	113.0	1076066	2025/05/16 
2025/05/19 	112.0	113.5	109.5	111.0	816162	2025/05/19 
2025/05/20 	111.5	113.5	111.0	112.0	539100	2025/05/20 
2025/05/21 	112.0	113.5	110.0	112.5	611050	2025/05/21 
2025/05/22 	111.0	111.5	108.0	110.5	610069	2025/05/22 
2025/05/23 	112.0	113.5	110.0	110.5	454234	2025/05/23 
2025/05/26 	111.5	113.5	110.5	111.5	535000	2025/05/26 
2025/05/27 	112.0	116.5	111.5	114.0	1190201	2025/05/27 
2025/05/28 	116.0	116.0	111.0	112.0	729008	2025/05/28 
2025/05/29 	114.5	120.5	114.5	117.5	4157201	2025/05/29 
2025/06/02 	117.5	118.5	108.5	108.5	3029189	2025/06/02 
2025/06/03 	109.5	110.0	104.0	107.0	1136077	2025/06/03 
2025/06/04 	107.5	109.5	106.0	107.0	1297043	2025/06/04 
2025/06/05 	107.0	108.0	105.5	107.0	590630	2025/06/05 
2025/06/06 	107.0	108.5	106.0	107.0	429112	2025/06/06 
2025/06/09 	109.0	113.0	107.5	110.0	2912312	2025/06/09 
2025/06/10 	110.0	111.0	108.5	110.0	620000	2025/06/10 
2025/06/11 	111.0	113.0	108.5	113.0	1660012	2025/06/11 
2025/06/12 	113.0	114.0	110.0	113.5	1325897	2025/06/12 
