Date	Open	High	Low	Close	Volume	Date
2021/05/10 	57.41909760647646	95.69849601079412	57.41909760647646	93.59313201904297	91561	2021/05/10 
2021/05/11 	86.89423713377491	86.89423713377491	71.86956890779618	76.75019073486328	38682	2021/05/11 
2021/05/12 	74.83622030944112	75.79320526123047	74.16633376367487	75.79320526123047	6005	2021/05/12 
2021/05/13 	67.65883361301387	67.9459320209125	64.59648466776892	67.85023498535156	9020	2021/05/13 
2021/05/14 	67.94592712255269	67.94592712255269	67.65882873535156	67.65882873535156	7515	2021/05/14 
2021/05/17 	67.65882873535156	67.65882873535156	67.65882873535156	67.65882873535156	3000	2021/05/17 
2021/05/18 	67.65882873535156	67.65882873535156	67.65882873535156	67.65882873535156	0	2021/05/18 
2021/05/19 	67.65882873535156	67.65882873535156	67.65882873535156	67.65882873535156	0	2021/05/19 
2021/05/20 	67.65882873535156	67.65882873535156	67.65882873535156	67.65882873535156	0	2021/05/20 
2021/05/21 	67.65882873535156	67.65882873535156	67.65882873535156	67.65882873535156	0	2021/05/21 
2021/05/24 	67.65882873535156	67.65882873535156	67.65882873535156	67.65882873535156	0	2021/05/24 
2021/05/25 	67.65882873535156	67.65882873535156	67.65882873535156	67.65882873535156	0	2021/05/25 
2021/05/26 	67.65882873535156	67.65882873535156	67.65882873535156	67.65882873535156	0	2021/05/26 
2021/05/27 	67.65882873535156	67.65882873535156	67.65882873535156	67.65882873535156	0	2021/05/27 
2021/05/28 	67.65882873535156	67.65882873535156	67.65882873535156	67.65882873535156	0	2021/05/28 
2021/05/31 	67.65882873535156	67.65882873535156	67.65882873535156	67.65882873535156	0	2021/05/31 
2021/06/01 	67.65882873535156	67.65882873535156	67.65882873535156	67.65882873535156	0	2021/06/01 
2021/06/02 	67.65882873535156	67.65882873535156	67.65882873535156	67.65882873535156	0	2021/06/02 
2021/06/03 	67.65882873535156	67.65882873535156	67.65882873535156	67.65882873535156	0	2021/06/03 
2021/06/04 	67.65882873535156	67.65882873535156	67.65882873535156	67.65882873535156	0	2021/06/04 
2021/06/07 	67.65882873535156	67.65882873535156	67.65882873535156	67.65882873535156	0	2021/06/07 
2021/06/08 	63.44810485839844	65.07497634657656	63.44810485839844	63.44810485839844	5032	2021/06/08 
2021/06/09 	63.44810485839844	63.44810485839844	63.44810485839844	63.44810485839844	0	2021/06/09 
2021/06/10 	63.44810485839844	63.44810485839844	63.44810485839844	63.44810485839844	0	2021/06/10 
2021/06/11 	63.44810485839844	63.44810485839844	63.44810485839844	63.44810485839844	0	2021/06/11 
2021/06/15 	63.44810485839844	63.44810485839844	63.44810485839844	63.44810485839844	0	2021/06/15 
2021/06/16 	66.31906127929688	66.31906127929688	66.31906127929688	66.31906127929688	102	2021/06/16 
2021/06/17 	66.31906127929688	66.31906127929688	66.31906127929688	66.31906127929688	0	2021/06/17 
2021/06/18 	66.31906127929688	66.31906127929688	66.31906127929688	66.31906127929688	0	2021/06/18 
2021/06/21 	66.70185089111328	66.70185089111328	66.70185089111328	66.70185089111328	2	2021/06/21 
2021/06/22 	63.63949966430664	64.979280064851	63.448105593321365	63.63949966430664	4701	2021/06/22 
2021/06/23 	64.97927856445312	64.97927856445312	64.97927856445312	64.97927856445312	1151	2021/06/23 
2021/06/24 	64.97927856445312	64.97927856445312	64.97927856445312	64.97927856445312	93	2021/06/24 
2021/06/25 	64.97927856445312	64.97927856445312	64.97927856445312	64.97927856445312	1272	2021/06/25 
2021/06/28 	64.97927856445312	64.97927856445312	64.97927856445312	64.97927856445312	0	2021/06/28 
2021/06/29 	64.97927856445312	64.97927856445312	64.97927856445312	64.97927856445312	0	2021/06/29 
2021/06/30 	64.97927856445312	64.97927856445312	64.97927856445312	64.97927856445312	0	2021/06/30 
2021/07/01 	63.44810485839844	63.44810485839844	63.44810485839844	63.44810485839844	3000	2021/07/01 
2021/07/02 	62.68251123001327	64.11798858642578	62.68251123001327	64.11798858642578	2000	2021/07/02 
2021/07/05 	64.11798858642578	64.11798858642578	64.11798858642578	64.11798858642578	0	2021/07/05 
2021/07/06 	65.93626502220899	65.93626502220899	62.682514706948645	63.63949966430664	7005	2021/07/06 
2021/07/07 	63.63949966430664	63.63949966430664	63.63949966430664	63.63949966430664	0	2021/07/07 
2021/07/08 	63.63949966430664	63.63949966430664	63.63949966430664	63.63949966430664	0	2021/07/08 
2021/07/09 	65.45776891265388	65.45776891265388	64.11798858642578	64.11798858642578	3010	2021/07/09 
2021/07/12 	63.161005986955296	65.45777130126953	63.161005986955296	65.45777130126953	1034	2021/07/12 
2021/07/13 	65.45777130126953	65.45777130126953	65.45777130126953	65.45777130126953	0	2021/07/13 
2021/07/14 	65.45777130126953	65.45777130126953	65.45777130126953	65.45777130126953	3	2021/07/14 
2021/07/15 	65.45777130126953	65.45777130126953	65.45777130126953	65.45777130126953	0	2021/07/15 
2021/07/16 	65.45777130126953	65.45777130126953	65.45777130126953	65.45777130126953	0	2021/07/16 
2021/07/19 	66.41475624046582	66.41475624046582	65.45777130126953	65.45777130126953	7915	2021/07/19 
2021/07/20 	68.4244249979655	71.77387237548828	68.4244249979655	71.77387237548828	9935	2021/07/20 
2021/07/21 	71.7738681761473	71.7738681761473	69.09430751041829	70.0512924194336	6110	2021/07/21 
2021/07/22 	73.19999694824219	73.19999694824219	73.19999694824219	73.19999694824219	0	2021/07/22 
2021/07/23 	68.4000015258789	68.4000015258789	65.5999984741211	65.5999984741211	8000	2021/07/23 
2021/07/26 	65.5999984741211	65.5999984741211	65.5999984741211	65.5999984741211	0	2021/07/26 
2021/07/27 	65.5999984741211	65.5999984741211	65.5999984741211	65.5999984741211	0	2021/07/27 
2021/07/28 	65.69999694824219	65.9000015258789	65.5999984741211	65.9000015258789	6000	2021/07/28 
2021/07/29 	65.9000015258789	66.0	64.0999984741211	64.0999984741211	9001	2021/07/29 
2021/07/30 	64.0999984741211	64.0999984741211	64.0999984741211	64.0999984741211	0	2021/07/30 
2021/08/02 	64.0999984741211	64.0999984741211	64.0999984741211	64.0999984741211	0	2021/08/02 
2021/08/03 	64.0999984741211	65.0	64.0999984741211	65.0	3000	2021/08/03 
2021/08/04 	65.0	65.0	65.0	65.0	0	2021/08/04 
2021/08/05 	67.19999694824219	67.19999694824219	67.19999694824219	67.19999694824219	1	2021/08/05 
2021/08/06 	66.30000305175781	66.30000305175781	66.30000305175781	66.30000305175781	4	2021/08/06 
2021/08/09 	66.30000305175781	66.30000305175781	66.30000305175781	66.30000305175781	0	2021/08/09 
2021/08/10 	66.30000305175781	66.30000305175781	66.30000305175781	66.30000305175781	0	2021/08/10 
2021/08/11 	65.9000015258789	65.9000015258789	65.9000015258789	65.9000015258789	3000	2021/08/11 
2021/08/12 	65.9000015258789	65.9000015258789	65.9000015258789	65.9000015258789	0	2021/08/12 
2021/08/13 	65.9000015258789	65.9000015258789	65.9000015258789	65.9000015258789	0	2021/08/13 
2021/08/16 	65.0	65.0	65.0	65.0	5000	2021/08/16 
2021/08/17 	64.0	64.0	64.0	64.0	1	2021/08/17 
2021/08/18 	64.0	64.0	64.0	64.0	0	2021/08/18 
2021/08/19 	64.0	64.0	64.0	64.0	0	2021/08/19 
2021/08/20 	64.0	64.0	64.0	64.0	0	2021/08/20 
2021/08/23 	65.19999694824219	65.19999694824219	65.19999694824219	65.19999694824219	1000	2021/08/23 
2021/08/24 	65.19999694824219	65.19999694824219	65.19999694824219	65.19999694824219	2000	2021/08/24 
2021/08/25 	65.19999694824219	65.19999694824219	65.19999694824219	65.19999694824219	0	2021/08/25 
2021/08/26 	65.19999694824219	65.19999694824219	65.19999694824219	65.19999694824219	0	2021/08/26 
2021/08/27 	65.19999694824219	65.19999694824219	65.19999694824219	65.19999694824219	0	2021/08/27 
2021/08/30 	65.19999694824219	65.19999694824219	65.19999694824219	65.19999694824219	0	2021/08/30 
2021/08/31 	65.19999694824219	65.19999694824219	65.19999694824219	65.19999694824219	0	2021/08/31 
2021/09/01 	65.19999694824219	65.19999694824219	65.19999694824219	65.19999694824219	0	2021/09/01 
2021/09/02 	65.19999694824219	65.19999694824219	65.19999694824219	65.19999694824219	0	2021/09/02 
2021/09/03 	65.19999694824219	65.19999694824219	65.19999694824219	65.19999694824219	0	2021/09/03 
2021/09/06 	65.19999694824219	65.19999694824219	65.19999694824219	65.19999694824219	0	2021/09/06 
2021/09/07 	65.19999694824219	65.19999694824219	65.19999694824219	65.19999694824219	0	2021/09/07 
2021/09/08 	65.19999694824219	65.19999694824219	65.19999694824219	65.19999694824219	0	2021/09/08 
2021/09/09 	65.19999694824219	65.19999694824219	65.19999694824219	65.19999694824219	0	2021/09/09 
2021/09/10 	65.19999694824219	65.19999694824219	65.19999694824219	65.19999694824219	0	2021/09/10 
2021/09/13 	65.19999694824219	65.19999694824219	65.19999694824219	65.19999694824219	0	2021/09/13 
2021/09/14 	65.19999694824219	65.19999694824219	65.19999694824219	65.19999694824219	0	2021/09/14 
2021/09/15 	65.19999694824219	65.19999694824219	65.19999694824219	65.19999694824219	10	2021/09/15 
2021/09/16 	65.19999694824219	65.19999694824219	65.19999694824219	65.19999694824219	0	2021/09/16 
2021/09/17 	65.0	65.19999694824219	65.0	65.19999694824219	6000	2021/09/17 
2021/09/22 	65.19999694824219	65.19999694824219	65.19999694824219	65.19999694824219	0	2021/09/22 
2021/09/23 	65.19999694824219	65.19999694824219	65.19999694824219	65.19999694824219	0	2021/09/23 
2021/09/24 	64.9000015258789	65.19999694824219	64.9000015258789	65.19999694824219	8000	2021/09/24 
2021/09/27 	67.19999694824219	67.30000305175781	67.19999694824219	67.30000305175781	4000	2021/09/27 
2021/09/28 	67.30000305175781	67.30000305175781	67.30000305175781	67.30000305175781	0	2021/09/28 
2021/09/29 	64.0999984741211	64.0999984741211	64.0999984741211	64.0999984741211	2000	2021/09/29 
2021/09/30 	64.0999984741211	64.0999984741211	64.0999984741211	64.0999984741211	0	2021/09/30 
2021/10/01 	64.0999984741211	64.80000305175781	64.0	64.5	15000	2021/10/01 
2021/10/04 	64.80000305175781	64.80000305175781	63.599998474121094	63.599998474121094	9000	2021/10/04 
2021/10/05 	63.599998474121094	63.599998474121094	63.599998474121094	63.599998474121094	2002	2021/10/05 
2021/10/06 	63.599998474121094	63.599998474121094	63.599998474121094	63.599998474121094	0	2021/10/06 
2021/10/07 	63.599998474121094	63.599998474121094	63.599998474121094	63.599998474121094	0	2021/10/07 
2021/10/08 	63.599998474121094	63.599998474121094	63.599998474121094	63.599998474121094	0	2021/10/08 
2021/10/12 	66.69999694824219	66.69999694824219	66.69999694824219	66.69999694824219	10	2021/10/12 
2021/10/13 	66.69999694824219	66.69999694824219	66.69999694824219	66.69999694824219	0	2021/10/13 
2021/10/14 	66.69999694824219	66.69999694824219	66.69999694824219	66.69999694824219	0	2021/10/14 
2021/10/15 	66.69999694824219	66.69999694824219	66.69999694824219	66.69999694824219	0	2021/10/15 
2021/10/18 	66.69999694824219	66.69999694824219	66.69999694824219	66.69999694824219	0	2021/10/18 
2021/10/19 	66.80000305175781	66.80000305175781	66.80000305175781	66.80000305175781	2000	2021/10/19 
2021/10/20 	65.9000015258789	65.9000015258789	65.5999984741211	65.5999984741211	3000	2021/10/20 
2021/10/21 	65.5999984741211	65.5999984741211	65.5999984741211	65.5999984741211	0	2021/10/21 
2021/10/22 	65.5999984741211	65.5999984741211	65.5999984741211	65.5999984741211	0	2021/10/22 
2021/10/25 	65.5999984741211	65.5999984741211	65.5999984741211	65.5999984741211	0	2021/10/25 
2021/10/26 	65.5999984741211	65.5999984741211	65.5999984741211	65.5999984741211	0	2021/10/26 
2021/10/27 	66.80000305175781	66.80000305175781	66.80000305175781	66.80000305175781	1000	2021/10/27 
2021/10/28 	66.80000305175781	66.80000305175781	66.80000305175781	66.80000305175781	0	2021/10/28 
2021/10/29 	66.80000305175781	66.80000305175781	66.80000305175781	66.80000305175781	0	2021/10/29 
2021/11/01 	66.80000305175781	66.80000305175781	66.80000305175781	66.80000305175781	0	2021/11/01 
2021/11/02 	66.80000305175781	66.80000305175781	66.80000305175781	66.80000305175781	0	2021/11/02 
2021/11/03 	66.80000305175781	66.80000305175781	66.80000305175781	66.80000305175781	1	2021/11/03 
2021/11/04 	63.599998474121094	64.0	63.5	64.0	10000	2021/11/04 
2021/11/05 	64.0	64.0	64.0	64.0	16	2021/11/05 
2021/11/08 	64.0	64.0	64.0	64.0	0	2021/11/08 
2021/11/09 	64.0	64.0	64.0	64.0	0	2021/11/09 
2021/11/10 	64.0	64.0	64.0	64.0	0	2021/11/10 
2021/11/11 	60.900001525878906	60.900001525878906	60.900001525878906	60.900001525878906	50	2021/11/11 
2021/11/12 	60.900001525878906	61.0	60.900001525878906	60.900001525878906	4000	2021/11/12 
2021/11/15 	60.79999923706055	60.79999923706055	60.79999923706055	60.79999923706055	30	2021/11/15 
2021/11/16 	60.79999923706055	60.79999923706055	60.79999923706055	60.79999923706055	1000	2021/11/16 
2021/11/17 	60.79999923706055	60.79999923706055	60.79999923706055	60.79999923706055	0	2021/11/17 
2021/11/18 	60.79999923706055	60.79999923706055	60.79999923706055	60.79999923706055	0	2021/11/18 
2021/11/19 	60.79999923706055	60.79999923706055	60.79999923706055	60.79999923706055	1050	2021/11/19 
2021/11/22 	60.79999923706055	60.79999923706055	60.79999923706055	60.79999923706055	1	2021/11/22 
2021/11/23 	60.79999923706055	60.79999923706055	60.79999923706055	60.79999923706055	2000	2021/11/23 
2021/11/24 	61.0	61.0	61.0	61.0	1000	2021/11/24 
2021/11/25 	60.79999923706055	60.79999923706055	60.79999923706055	60.79999923706055	1000	2021/11/25 
2021/11/26 	61.0	61.0	60.79999923706055	60.79999923706055	6000	2021/11/26 
2021/11/29 	60.79999923706055	60.79999923706055	60.79999923706055	60.79999923706055	0	2021/11/29 
2021/11/30 	60.79999923706055	60.79999923706055	60.79999923706055	60.79999923706055	0	2021/11/30 
2021/12/01 	60.79999923706055	60.79999923706055	60.79999923706055	60.79999923706055	0	2021/12/01 
2021/12/02 	58.29999923706055	59.79999923706055	58.20000076293945	58.5	11500	2021/12/02 
2021/12/03 	57.20000076293945	57.5	57.0	57.0	4500	2021/12/03 
2021/12/06 	57.0	57.0	57.0	57.0	0	2021/12/06 
2021/12/07 	60.0	60.0	59.900001525878906	60.0	7500	2021/12/07 
2021/12/08 	62.099998474121094	62.099998474121094	60.0	62.099998474121094	2013	2021/12/08 
2021/12/09 	62.099998474121094	62.099998474121094	62.099998474121094	62.099998474121094	403	2021/12/09 
2021/12/10 	62.099998474121094	62.099998474121094	62.099998474121094	62.099998474121094	405	2021/12/10 
2021/12/13 	62.099998474121094	62.099998474121094	61.29999923706055	61.29999923706055	505	2021/12/13 
2021/12/14 	62.0	62.099998474121094	59.099998474121094	62.099998474121094	2300	2021/12/14 
2021/12/15 	59.099998474121094	60.0	59.099998474121094	60.0	4000	2021/12/15 
2021/12/16 	59.099998474121094	59.099998474121094	59.099998474121094	59.099998474121094	1000	2021/12/16 
2021/12/17 	62.0	62.099998474121094	61.599998474121094	62.099998474121094	2215	2021/12/17 
2021/12/20 	62.099998474121094	62.099998474121094	62.099998474121094	62.099998474121094	106	2021/12/20 
2021/12/21 	62.099998474121094	62.099998474121094	62.099998474121094	62.099998474121094	0	2021/12/21 
2021/12/22 	61.79999923706055	61.79999923706055	61.79999923706055	61.79999923706055	100	2021/12/22 
2021/12/23 	62.099998474121094	62.099998474121094	62.099998474121094	62.099998474121094	100	2021/12/23 
2021/12/24 	62.099998474121094	62.099998474121094	62.099998474121094	62.099998474121094	0	2021/12/24 
2021/12/27 	61.29999923706055	62.0	59.099998474121094	62.0	313	2021/12/27 
2021/12/28 	62.099998474121094	62.099998474121094	62.099998474121094	62.099998474121094	501	2021/12/28 
2021/12/29 	62.099998474121094	62.099998474121094	59.099998474121094	62.099998474121094	2105	2021/12/29 
2021/12/30 	61.0	61.0	60.0	60.0	3005	2021/12/30 
2022/01/03 	62.099998474121094	62.099998474121094	62.099998474121094	62.099998474121094	1108	2022/01/03 
2022/01/04 	62.099998474121094	62.099998474121094	62.099998474121094	62.099998474121094	0	2022/01/04 
2022/01/05 	59.099998474121094	62.099998474121094	59.0	62.099998474121094	9100	2022/01/05 
2022/01/06 	62.099998474121094	62.099998474121094	62.099998474121094	62.099998474121094	505	2022/01/06 
2022/01/07 	62.099998474121094	62.099998474121094	62.099998474121094	62.099998474121094	0	2022/01/07 
2022/01/10 	62.099998474121094	62.099998474121094	62.099998474121094	62.099998474121094	0	2022/01/10 
2022/01/11 	62.099998474121094	62.099998474121094	62.099998474121094	62.099998474121094	1100	2022/01/11 
2022/01/12 	62.099998474121094	62.099998474121094	62.099998474121094	62.099998474121094	0	2022/01/12 
2022/01/13 	62.099998474121094	62.099998474121094	62.099998474121094	62.099998474121094	0	2022/01/13 
2022/01/14 	59.099998474121094	59.099998474121094	59.099998474121094	59.099998474121094	1000	2022/01/14 
2022/01/17 	59.099998474121094	59.5	59.099998474121094	59.099998474121094	6000	2022/01/17 
2022/01/18 	59.099998474121094	59.099998474121094	59.099998474121094	59.099998474121094	0	2022/01/18 
2022/01/19 	59.099998474121094	59.099998474121094	59.099998474121094	59.099998474121094	0	2022/01/19 
2022/01/20 	59.099998474121094	59.099998474121094	59.099998474121094	59.099998474121094	0	2022/01/20 
2022/01/21 	59.5	61.5	59.0	61.5	7050	2022/01/21 
2022/01/24 	61.5	61.5	61.5	61.5	1000	2022/01/24 
2022/01/25 	61.5	61.5	61.5	61.5	0	2022/01/25 
2022/01/26 	62.099998474121094	62.099998474121094	59.0	59.0	1200	2022/01/26 
2022/02/07 	62.099998474121094	62.099998474121094	62.099998474121094	62.099998474121094	3	2022/02/07 
2022/02/08 	62.0	62.0	62.0	62.0	100	2022/02/08 
2022/02/09 	62.0	62.0	62.0	62.0	0	2022/02/09 
2022/02/10 	62.0	62.0	62.0	62.0	0	2022/02/10 
2022/02/11 	62.0	62.0	62.0	62.0	0	2022/02/11 
2022/02/14 	62.0	62.0	62.0	62.0	0	2022/02/14 
2022/02/15 	62.0	62.0	62.0	62.0	0	2022/02/15 
2022/02/16 	59.0	59.0	59.0	59.0	2000	2022/02/16 
2022/02/17 	59.0	59.0	59.0	59.0	0	2022/02/17 
2022/02/18 	59.0	59.0	59.0	59.0	0	2022/02/18 
2022/02/21 	59.0	59.0	59.0	59.0	0	2022/02/21 
2022/02/22 	59.0	59.0	59.0	59.0	0	2022/02/22 
2022/02/23 	59.0	59.0	59.0	59.0	0	2022/02/23 
2022/02/24 	59.0	59.0	59.0	59.0	0	2022/02/24 
2022/02/25 	59.0	59.0	59.0	59.0	0	2022/02/25 
2022/03/01 	59.0	59.0	59.0	59.0	0	2022/03/01 
2022/03/02 	59.0	59.0	59.0	59.0	0	2022/03/02 
2022/03/03 	59.0	59.0	59.0	59.0	0	2022/03/03 
2022/03/04 	59.0	59.0	59.0	59.0	0	2022/03/04 
2022/03/07 	59.0	59.0	59.0	59.0	0	2022/03/07 
2022/03/08 	59.0	59.0	59.0	59.0	0	2022/03/08 
2022/03/09 	59.0	59.0	59.0	59.0	0	2022/03/09 
2022/03/10 	59.0	59.0	59.0	59.0	0	2022/03/10 
2022/03/11 	59.0	59.0	59.0	59.0	0	2022/03/11 
2022/03/14 	59.0	59.0	59.0	59.0	0	2022/03/14 
2022/03/15 	59.099998474121094	59.099998474121094	59.099998474121094	59.099998474121094	3	2022/03/15 
2022/03/16 	59.099998474121094	59.099998474121094	59.099998474121094	59.099998474121094	0	2022/03/16 
2022/03/17 	59.099998474121094	62.0	59.0	62.0	5100	2022/03/17 
2022/03/18 	62.0	62.0	62.0	62.0	0	2022/03/18 
2022/03/21 	60.0	60.0	60.0	60.0	2000	2022/03/21 
2022/03/22 	60.0	60.0	60.0	60.0	0	2022/03/22 
2022/03/23 	60.0	60.0	60.0	60.0	1000	2022/03/23 
2022/03/24 	60.0	60.0	60.0	60.0	0	2022/03/24 
2022/03/25 	60.0	60.0	60.0	60.0	0	2022/03/25 
2022/03/28 	59.099998474121094	60.0	59.099998474121094	60.0	2010	2022/03/28 
2022/03/29 	60.0	60.0	60.0	60.0	5000	2022/03/29 
2022/03/30 	60.0	62.099998474121094	60.0	60.0	8001	2022/03/30 
2022/03/31 	60.5	60.5	60.5	60.5	20	2022/03/31 
2022/04/01 	60.0	61.0	60.0	60.0	2305	2022/04/01 
2022/04/06 	62.0	62.0	62.0	62.0	14	2022/04/06 
2022/04/07 	62.0	62.0	62.0	62.0	0	2022/04/07 
2022/04/08 	59.0	59.5	59.0	59.5	2505	2022/04/08 
2022/04/11 	62.0	62.0	62.0	62.0	8	2022/04/11 
2022/04/12 	62.0	62.0	62.0	62.0	0	2022/04/12 
2022/04/13 	62.0	62.0	62.0	62.0	0	2022/04/13 
2022/04/14 	62.0	62.0	62.0	62.0	0	2022/04/14 
2022/04/15 	59.0	59.0	59.0	59.0	200	2022/04/15 
2022/04/18 	60.0	60.0	59.0	59.5	3000	2022/04/18 
2022/04/19 	59.5	59.5	59.5	59.5	1200	2022/04/19 
2022/04/20 	59.5	59.5	59.5	59.5	2100	2022/04/20 
2022/04/21 	59.5	59.5	59.5	59.5	0	2022/04/21 
2022/04/22 	59.5	59.5	59.5	59.5	0	2022/04/22 
2022/04/25 	59.5	59.5	59.5	59.5	0	2022/04/25 
2022/04/26 	61.70000076293945	61.70000076293945	61.70000076293945	61.70000076293945	250	2022/04/26 
2022/04/27 	58.900001525878906	58.900001525878906	58.900001525878906	58.900001525878906	1000	2022/04/27 
2022/04/28 	61.70000076293945	61.70000076293945	61.70000076293945	61.70000076293945	2400	2022/04/28 
2022/04/29 	61.79999923706055	61.79999923706055	61.79999923706055	61.79999923706055	581	2022/04/29 
2022/05/03 	61.79999923706055	61.79999923706055	61.79999923706055	61.79999923706055	0	2022/05/03 
2022/05/04 	61.79999923706055	61.79999923706055	61.79999923706055	61.79999923706055	411	2022/05/04 
2022/05/05 	61.79999923706055	61.79999923706055	61.79999923706055	61.79999923706055	200	2022/05/05 
2022/05/06 	60.900001525878906	60.900001525878906	60.900001525878906	60.900001525878906	1000	2022/05/06 
2022/05/09 	60.0	60.0	59.0	59.0	1700	2022/05/09 
2022/05/10 	58.79999923706055	61.29999923706055	58.79999923706055	61.29999923706055	1100	2022/05/10 
2022/05/11 	61.29999923706055	61.29999923706055	61.29999923706055	61.29999923706055	0	2022/05/11 
2022/05/12 	61.29999923706055	61.29999923706055	61.29999923706055	61.29999923706055	0	2022/05/12 
2022/05/13 	61.70000076293945	61.70000076293945	58.79999923706055	58.79999923706055	1100	2022/05/13 
2022/05/16 	58.79999923706055	58.79999923706055	58.79999923706055	58.79999923706055	0	2022/05/16 
2022/05/17 	58.79999923706055	58.79999923706055	58.79999923706055	58.79999923706055	0	2022/05/17 
2022/05/18 	59.0	59.0	58.79999923706055	58.79999923706055	1080	2022/05/18 
2022/05/19 	58.79999923706055	58.79999923706055	58.79999923706055	58.79999923706055	0	2022/05/19 
2022/05/20 	58.79999923706055	58.79999923706055	58.79999923706055	58.79999923706055	0	2022/05/20 
2022/05/23 	59.0	59.0	59.0	59.0	500	2022/05/23 
2022/05/24 	59.0	59.0	59.0	59.0	1050	2022/05/24 
2022/05/25 	59.0	59.0	59.0	59.0	1200	2022/05/25 
2022/05/26 	58.0	61.70000076293945	58.0	61.70000076293945	3100	2022/05/26 
2022/05/27 	60.0	60.0	57.5	60.0	7300	2022/05/27 
2022/05/30 	60.0	60.0	59.0	60.0	1700	2022/05/30 
2022/05/31 	60.0	60.0	60.0	60.0	0	2022/05/31 
2022/06/01 	60.0	60.0	58.0	60.0	5001	2022/06/01 
2022/06/02 	60.0	60.0	59.900001525878906	59.900001525878906	2000	2022/06/02 
2022/06/06 	59.900001525878906	59.900001525878906	59.900001525878906	59.900001525878906	3000	2022/06/06 
2022/06/07 	59.900001525878906	59.900001525878906	58.0	58.0	5100	2022/06/07 
2022/06/08 	58.0	58.0	58.0	58.0	2000	2022/06/08 
2022/06/09 	58.0	60.0	58.0	58.0	2300	2022/06/09 
2022/06/10 	58.0	58.0	58.0	58.0	1000	2022/06/10 
2022/06/13 	58.0	58.0	58.0	58.0	4000	2022/06/13 
2022/06/14 	58.0	58.0	58.0	58.0	1000	2022/06/14 
2022/06/15 	58.0	58.0	57.099998474121094	57.5	3600	2022/06/15 
2022/06/16 	58.0	59.900001525878906	58.0	59.900001525878906	4601	2022/06/16 
2022/06/17 	59.900001525878906	59.900001525878906	57.099998474121094	59.900001525878906	3101	2022/06/17 
2022/06/20 	59.900001525878906	59.900001525878906	57.0	57.0	4802	2022/06/20 
2022/06/21 	59.900001525878906	59.900001525878906	59.0	59.0	4000	2022/06/21 
2022/06/22 	59.0	59.0	59.0	59.0	0	2022/06/22 
2022/06/23 	59.0	59.0	59.0	59.0	0	2022/06/23 
2022/06/24 	59.900001525878906	59.900001525878906	57.0	57.0	1020	2022/06/24 
2022/06/27 	56.900001525878906	56.900001525878906	54.20000076293945	56.900001525878906	7430	2022/06/27 
2022/06/28 	56.900001525878906	56.900001525878906	56.900001525878906	56.900001525878906	200	2022/06/28 
2022/06/29 	56.900001525878906	56.900001525878906	56.900001525878906	56.900001525878906	340	2022/06/29 
2022/06/30 	56.900001525878906	56.900001525878906	56.900001525878906	56.900001525878906	0	2022/06/30 
2022/07/01 	56.900001525878906	56.900001525878906	56.0	56.900001525878906	1422	2022/07/01 
2022/07/04 	56.900001525878906	56.900001525878906	54.20000076293945	56.900001525878906	2700	2022/07/04 
2022/07/05 	56.900001525878906	56.900001525878906	56.0	56.0	510	2022/07/05 
2022/07/06 	56.900001525878906	56.900001525878906	54.20000076293945	54.20000076293945	1200	2022/07/06 
2022/07/07 	56.900001525878906	56.900001525878906	56.900001525878906	56.900001525878906	300	2022/07/07 
2022/07/08 	56.900001525878906	56.900001525878906	56.900001525878906	56.900001525878906	400	2022/07/08 
2022/07/11 	56.900001525878906	56.900001525878906	56.900001525878906	56.900001525878906	0	2022/07/11 
2022/07/12 	56.900001525878906	56.900001525878906	56.900001525878906	56.900001525878906	0	2022/07/12 
2022/07/13 	56.900001525878906	56.900001525878906	56.900001525878906	56.900001525878906	200	2022/07/13 
2022/07/14 	56.900001525878906	56.900001525878906	56.900001525878906	56.900001525878906	2300	2022/07/14 
2022/07/15 	56.900001525878906	56.900001525878906	56.900001525878906	56.900001525878906	0	2022/07/15 
2022/07/18 	56.900001525878906	56.900001525878906	56.900001525878906	56.900001525878906	700	2022/07/18 
2022/07/19 	56.900001525878906	56.900001525878906	56.900001525878906	56.900001525878906	305	2022/07/19 
2022/07/20 	56.900001525878906	56.900001525878906	56.900001525878906	56.900001525878906	0	2022/07/20 
2022/07/21 	56.900001525878906	56.900001525878906	56.900001525878906	56.900001525878906	600	2022/07/21 
2022/07/22 	56.900001525878906	56.900001525878906	56.900001525878906	56.900001525878906	3710	2022/07/22 
2022/07/25 	56.900001525878906	56.900001525878906	56.900001525878906	56.900001525878906	600	2022/07/25 
2022/07/26 	56.900001525878906	56.900001525878906	56.900001525878906	56.900001525878906	0	2022/07/26 
2022/07/27 	56.900001525878906	56.900001525878906	56.900001525878906	56.900001525878906	0	2022/07/27 
2022/07/28 	56.900001525878906	56.900001525878906	56.900001525878906	56.900001525878906	0	2022/07/28 
2022/07/29 	56.900001525878906	56.900001525878906	56.900001525878906	56.900001525878906	0	2022/07/29 
2022/08/01 	56.900001525878906	56.900001525878906	56.900001525878906	56.900001525878906	130	2022/08/01 
2022/08/02 	56.900001525878906	56.900001525878906	56.900001525878906	56.900001525878906	20	2022/08/02 
2022/08/03 	56.900001525878906	56.900001525878906	56.900001525878906	56.900001525878906	0	2022/08/03 
2022/08/04 	56.900001525878906	56.900001525878906	56.900001525878906	56.900001525878906	0	2022/08/04 
2022/08/05 	56.900001525878906	56.900001525878906	56.900001525878906	56.900001525878906	0	2022/08/05 
2022/08/08 	54.20000076293945	54.20000076293945	54.20000076293945	54.20000076293945	1	2022/08/08 
2022/08/09 	56.900001525878906	56.900001525878906	56.900001525878906	56.900001525878906	11000	2022/08/09 
2022/08/10 	56.900001525878906	56.900001525878906	56.900001525878906	56.900001525878906	0	2022/08/10 
2022/08/11 	56.900001525878906	56.900001525878906	55.5	55.5	9600	2022/08/11 
2022/08/12 	54.29999923706055	56.900001525878906	54.29999923706055	56.900001525878906	14405	2022/08/12 
2022/08/15 	56.900001525878906	56.900001525878906	56.900001525878906	56.900001525878906	6200	2022/08/15 
2022/08/16 	56.900001525878906	57.0	55.79999923706055	57.0	6502	2022/08/16 
2022/08/17 	56.900001525878906	56.900001525878906	54.29999923706055	56.900001525878906	7045	2022/08/17 
2022/08/18 	56.900001525878906	57.0	56.0	56.900001525878906	15600	2022/08/18 
2022/08/19 	59.400001525878906	69.0	59.400001525878906	64.19999694824219	32210	2022/08/19 
2022/08/22 	67.0	70.0999984741211	64.9000015258789	66.5	30575	2022/08/22 
2022/08/23 	67.0	68.0	66.0	67.5	36330	2022/08/23 
2022/08/24 	66.19999694824219	67.0	65.0	67.0	5115	2022/08/24 
2022/08/25 	67.0	67.0	67.0	67.0	0	2022/08/25 
2022/08/26 	65.0999984741211	65.80000305175781	65.0999984741211	65.80000305175781	5000	2022/08/26 
2022/08/29 	64.0	65.5999984741211	63.0	63.599998474121094	13520	2022/08/29 
2022/08/30 	65.0	65.0	62.79999923706055	63.5	3307	2022/08/30 
2022/08/31 	64.9000015258789	64.9000015258789	64.9000015258789	64.9000015258789	1033	2022/08/31 
2022/09/01 	64.9000015258789	64.9000015258789	64.9000015258789	64.9000015258789	0	2022/09/01 
2022/09/02 	64.9000015258789	64.9000015258789	64.9000015258789	64.9000015258789	0	2022/09/02 
2022/09/05 	61.599998474121094	62.0	57.5	60.400001525878906	26821	2022/09/05 
2022/09/06 	60.400001525878906	60.400001525878906	60.400001525878906	60.400001525878906	2305	2022/09/06 
2022/09/07 	60.400001525878906	60.400001525878906	60.400001525878906	60.400001525878906	0	2022/09/07 
2022/09/08 	60.5	60.5	60.5	60.5	2000	2022/09/08 
2022/09/12 	62.0	62.0	60.5	61.5	13500	2022/09/12 
2022/09/13 	60.70000076293945	60.70000076293945	60.70000076293945	60.70000076293945	75	2022/09/13 
2022/09/14 	62.0	62.0	61.5	62.0	5400	2022/09/14 
2022/09/15 	62.0	64.9000015258789	62.0	64.9000015258789	15115	2022/09/15 
2022/09/16 	63.099998474121094	63.5	63.0	63.5	6000	2022/09/16 
2022/09/19 	63.5	63.5	63.5	63.5	0	2022/09/19 
2022/09/20 	63.5	63.5	63.5	63.5	0	2022/09/20 
2022/09/21 	63.5	63.5	63.5	63.5	0	2022/09/21 
2022/09/22 	63.5	63.5	63.5	63.5	0	2022/09/22 
2022/09/23 	63.5	63.5	63.5	63.5	0	2022/09/23 
2022/09/26 	62.70000076293945	64.19999694824219	62.70000076293945	62.900001525878906	4160	2022/09/26 
2022/09/27 	62.900001525878906	62.900001525878906	62.900001525878906	62.900001525878906	2045	2022/09/27 
2022/09/28 	59.900001525878906	59.900001525878906	59.900001525878906	59.900001525878906	500	2022/09/28 
2022/09/29 	62.900001525878906	62.900001525878906	62.900001525878906	62.900001525878906	3000	2022/09/29 
2022/09/30 	62.900001525878906	62.900001525878906	62.900001525878906	62.900001525878906	0	2022/09/30 
2022/10/03 	62.900001525878906	62.900001525878906	62.900001525878906	62.900001525878906	0	2022/10/03 
2022/10/04 	62.900001525878906	62.900001525878906	62.900001525878906	62.900001525878906	500	2022/10/04 
2022/10/05 	60.0	61.5	60.0	61.5	3000	2022/10/05 
2022/10/06 	60.0	61.79999923706055	60.0	61.79999923706055	300	2022/10/06 
2022/10/07 	61.79999923706055	61.79999923706055	61.79999923706055	61.79999923706055	0	2022/10/07 
2022/10/11 	59.900001525878906	59.900001525878906	59.900001525878906	59.900001525878906	1000	2022/10/11 
2022/10/12 	60.0	60.0	60.0	60.0	2000	2022/10/12 
2022/10/13 	59.900001525878906	60.20000076293945	59.900001525878906	60.20000076293945	2386	2022/10/13 
2022/10/14 	60.20000076293945	60.29999923706055	60.20000076293945	60.29999923706055	12050	2022/10/14 
2022/10/17 	62.0	62.0	59.0	59.0	3000	2022/10/17 
2022/10/18 	59.0	59.0	59.0	59.0	0	2022/10/18 
2022/10/19 	62.0	62.0	62.0	62.0	7100	2022/10/19 
2022/10/20 	59.099998474121094	60.5	59.0	59.20000076293945	7550	2022/10/20 
2022/10/21 	59.20000076293945	59.20000076293945	59.20000076293945	59.20000076293945	0	2022/10/21 
2022/10/24 	59.099998474121094	60.0	58.79999923706055	59.0	22801	2022/10/24 
2022/10/25 	59.900001525878906	59.900001525878906	59.900001525878906	59.900001525878906	3302	2022/10/25 
2022/10/26 	57.099998474121094	58.5	56.099998474121094	58.400001525878906	11350	2022/10/26 
2022/10/27 	56.099998474121094	57.20000076293945	56.0	57.20000076293945	39155	2022/10/27 
2022/10/28 	57.20000076293945	57.20000076293945	54.599998474121094	56.20000076293945	2120	2022/10/28 
2022/10/31 	57.20000076293945	57.20000076293945	52.29999923706055	54.599998474121094	9586	2022/10/31 
2022/11/01 	54.599998474121094	57.20000076293945	54.599998474121094	57.20000076293945	9051	2022/11/01 
2022/11/02 	56.0	56.0	55.20000076293945	55.20000076293945	2305	2022/11/02 
2022/11/03 	54.29999923706055	55.79999923706055	54.29999923706055	54.79999923706055	6216	2022/11/03 
2022/11/04 	55.0	56.900001525878906	54.29999923706055	54.5	5086	2022/11/04 
2022/11/07 	56.900001525878906	56.900001525878906	55.0	55.0	8045	2022/11/07 
2022/11/08 	54.29999923706055	55.0	54.29999923706055	55.0	4025	2022/11/08 
2022/11/09 	55.0	55.0	55.0	55.0	0	2022/11/09 
2022/11/10 	55.70000076293945	56.0	55.5	56.0	10900	2022/11/10 
2022/11/11 	54.5	55.79999923706055	52.0	55.0	62462	2022/11/11 
2022/11/14 	48.29999923706055	49.599998474121094	47.650001525878906	47.650001525878906	310000	2022/11/14 
2022/11/15 	47.5	47.5	46.599998474121094	46.599998474121094	217000	2022/11/15 
2022/11/16 	46.650001525878906	48.45000076293945	46.650001525878906	47.70000076293945	193000	2022/11/16 
2022/11/17 	47.70000076293945	48.0	47.20000076293945	47.95000076293945	142000	2022/11/17 
2022/11/18 	48.900001525878906	51.0	48.29999923706055	48.5	257000	2022/11/18 
2022/11/21 	48.599998474121094	49.79999923706055	48.29999923706055	48.54999923706055	208000	2022/11/21 
2022/11/22 	48.599998474121094	48.599998474121094	48.0	48.150001525878906	54000	2022/11/22 
2022/11/23 	48.150001525878906	48.5	48.0	48.20000076293945	55000	2022/11/23 
2022/11/24 	48.20000076293945	48.20000076293945	47.79999923706055	48.0	68000	2022/11/24 
2022/11/25 	48.04999923706055	52.79999923706055	48.04999923706055	52.79999923706055	591000	2022/11/25 
2022/11/28 	53.099998474121094	54.79999923706055	50.599998474121094	52.79999923706055	521000	2022/11/28 
2022/11/29 	51.0	52.29999923706055	50.79999923706055	51.099998474121094	113000	2022/11/29 
2022/11/30 	50.5	53.5	50.0	52.29999923706055	175000	2022/11/30 
2022/12/01 	52.20000076293945	53.29999923706055	51.5	51.5	111000	2022/12/01 
2022/12/02 	51.400001525878906	52.79999923706055	50.599998474121094	51.400001525878906	111000	2022/12/02 
2022/12/05 	50.70000076293945	51.400001525878906	50.70000076293945	51.099998474121094	46000	2022/12/05 
2022/12/06 	51.0	51.900001525878906	50.099998474121094	52.0	68000	2022/12/06 
2022/12/07 	51.599998474121094	51.599998474121094	50.70000076293945	50.79999923706055	25000	2022/12/07 
2022/12/08 	50.400001525878906	50.70000076293945	50.400001525878906	50.599998474121094	14000	2022/12/08 
2022/12/09 	50.599998474121094	50.599998474121094	49.79999923706055	49.900001525878906	43000	2022/12/09 
2022/12/12 	49.650001525878906	49.70000076293945	48.5	48.70000076293945	32000	2022/12/12 
2022/12/13 	48.900001525878906	49.0	48.0	48.599998474121094	23000	2022/12/13 
2022/12/14 	48.599998474121094	48.599998474121094	48.54999923706055	48.54999923706055	15000	2022/12/14 
2022/12/15 	48.54999923706055	49.04999923706055	48.54999923706055	48.900001525878906	11000	2022/12/15 
2022/12/16 	49.0	49.0	47.79999923706055	48.0	54000	2022/12/16 
2022/12/19 	47.75	47.75	47.400001525878906	47.45000076293945	14000	2022/12/19 
2022/12/20 	47.20000076293945	47.5	46.29999923706055	46.349998474121094	35000	2022/12/20 
2022/12/21 	46.5	46.70000076293945	46.5	46.599998474121094	6000	2022/12/21 
2022/12/22 	46.599998474121094	47.75	46.349998474121094	47.75	20000	2022/12/22 
2022/12/23 	46.599998474121094	47.0	46.599998474121094	47.0	8000	2022/12/23 
2022/12/26 	47.0	47.0	46.79999923706055	46.79999923706055	11000	2022/12/26 
2022/12/27 	47.0	47.099998474121094	46.900001525878906	47.099998474121094	8000	2022/12/27 
2022/12/28 	47.0	47.0	46.29999923706055	46.5	13000	2022/12/28 
2022/12/29 	46.0	46.45000076293945	45.75	46.45000076293945	24000	2022/12/29 
2022/12/30 	46.45000076293945	46.5	46.400001525878906	46.5	11000	2022/12/30 
2023/01/03 	45.849998474121094	46.0	44.5	46.0	29000	2023/01/03 
2023/01/04 	47.650001525878906	47.650001525878906	46.20000076293945	47.349998474121094	13000	2023/01/04 
2023/01/05 	47.349998474121094	47.349998474121094	46.20000076293945	46.29999923706055	10000	2023/01/05 
2023/01/06 	46.5	46.5	46.099998474121094	46.099998474121094	11000	2023/01/06 
2023/01/09 	46.349998474121094	46.79999923706055	46.349998474121094	46.70000076293945	12000	2023/01/09 
2023/01/10 	46.70000076293945	46.70000076293945	46.70000076293945	46.70000076293945	12000	2023/01/10 
2023/01/11 	46.5	46.5	46.45000076293945	46.45000076293945	7000	2023/01/11 
2023/01/12 	46.54999923706055	46.95000076293945	46.54999923706055	46.95000076293945	10000	2023/01/12 
2023/01/13 	46.900001525878906	47.400001525878906	46.900001525878906	47.0	16000	2023/01/13 
2023/01/16 	47.400001525878906	48.25	47.400001525878906	47.650001525878906	21000	2023/01/16 
2023/01/17 	47.599998474121094	48.0	47.599998474121094	47.95000076293945	12000	2023/01/17 
2023/01/30 	48.150001525878906	48.150001525878906	48.0	48.0	17000	2023/01/30 
2023/01/31 	48.20000076293945	48.29999923706055	47.79999923706055	48.29999923706055	19000	2023/01/31 
2023/02/01 	48.29999923706055	48.70000076293945	47.79999923706055	48.70000076293945	13000	2023/02/01 
2023/02/02 	48.29999923706055	48.70000076293945	48.29999923706055	48.400001525878906	13000	2023/02/02 
2023/02/03 	48.900001525878906	49.29999923706055	48.70000076293945	49.04999923706055	33000	2023/02/03 
2023/02/06 	49.0	49.04999923706055	48.75	48.75	14000	2023/02/06 
2023/02/07 	48.70000076293945	48.70000076293945	48.5	48.5	7000	2023/02/07 
2023/02/08 	48.25	49.95000076293945	48.25	49.650001525878906	32000	2023/02/08 
2023/02/09 	49.75	50.0	49.0	49.150001525878906	17000	2023/02/09 
2023/02/10 	49.70000076293945	52.5	49.70000076293945	51.400001525878906	114000	2023/02/10 
2023/02/13 	51.0	52.79999923706055	50.400001525878906	52.599998474121094	145000	2023/02/13 
2023/02/14 	53.5	53.79999923706055	51.70000076293945	53.5	118000	2023/02/14 
2023/02/15 	57.900001525878906	57.900001525878906	53.0	53.5	191000	2023/02/15 
2023/02/16 	52.29999923706055	52.79999923706055	51.599998474121094	52.70000076293945	85000	2023/02/16 
2023/02/17 	51.900001525878906	54.29999923706055	51.599998474121094	54.20000076293945	47000	2023/02/17 
2023/02/20 	54.20000076293945	59.599998474121094	54.20000076293945	59.599998474121094	309000	2023/02/20 
2023/02/21 	62.5	65.5	62.0	65.5	399000	2023/02/21 
2023/02/22 	70.5	72.0	69.0	72.0	419000	2023/02/22 
2023/02/23 	79.19999694824219	79.19999694824219	79.19999694824219	79.19999694824219	281000	2023/02/23 
2023/02/24 	87.0999984741211	87.0999984741211	77.5	80.0	1372000	2023/02/24 
2023/03/01 	77.0	81.30000305175781	77.0	79.5	491000	2023/03/01 
2023/03/02 	79.4000015258789	87.4000015258789	78.5999984741211	87.4000015258789	832000	2023/03/02 
2023/03/03 	87.0	87.4000015258789	83.5999984741211	87.19999694824219	797000	2023/03/03 
2023/03/06 	88.4000015258789	90.0	85.5	87.0	463000	2023/03/06 
2023/03/07 	85.30000305175781	90.0	84.9000015258789	90.0	420000	2023/03/07 
2023/03/08 	88.0999984741211	93.5	87.5	91.5	379000	2023/03/08 
2023/03/09 	89.9000015258789	90.9000015258789	87.0	87.30000305175781	378000	2023/03/09 
2023/03/10 	84.5	84.5	78.69999694824219	80.80000305175781	390000	2023/03/10 
2023/03/13 	79.5	81.69999694824219	76.80000305175781	79.9000015258789	203000	2023/03/13 
2023/03/14 	77.19999694824219	79.19999694824219	73.4000015258789	74.0	332000	2023/03/14 
2023/03/15 	74.0	76.9000015258789	71.19999694824219	71.9000015258789	454000	2023/03/15 
2023/03/16 	70.0	70.4000015258789	66.0999984741211	68.30000305175781	415000	2023/03/16 
2023/03/17 	69.5	75.0999984741211	69.0999984741211	75.0999984741211	480000	2023/03/17 
2023/03/20 	75.0999984741211	82.5999984741211	73.5	82.5999984741211	678000	2023/03/20 
2023/03/21 	83.5	86.80000305175781	79.5	81.9000015258789	753000	2023/03/21 
2023/03/22 	81.9000015258789	88.30000305175781	80.4000015258789	86.4000015258789	500000	2023/03/22 
2023/03/23 	85.0999984741211	90.30000305175781	83.19999694824219	85.69999694824219	509000	2023/03/23 
2023/03/24 	85.69999694824219	85.69999694824219	82.0	82.0999984741211	413000	2023/03/24 
2023/03/27 	81.80000305175781	81.80000305175781	79.0999984741211	80.0999984741211	135000	2023/03/27 
2023/03/28 	83.0999984741211	85.80000305175781	81.19999694824219	84.9000015258789	427000	2023/03/28 
2023/03/29 	84.0	84.0	80.4000015258789	80.69999694824219	293000	2023/03/29 
2023/03/30 	80.80000305175781	81.19999694824219	78.19999694824219	79.80000305175781	202000	2023/03/30 
2023/03/31 	80.0	80.80000305175781	77.5999984741211	78.5999984741211	138000	2023/03/31 
2023/04/06 	77.69999694824219	78.0	75.80000305175781	76.0	148000	2023/04/06 
2023/04/07 	76.19999694824219	83.5999984741211	76.19999694824219	83.5999984741211	355000	2023/04/07 
2023/04/10 	84.0	91.9000015258789	83.80000305175781	91.9000015258789	973000	2023/04/10 
2023/04/11 	92.19999694824219	100.5	91.9000015258789	96.80000305175781	1034000	2023/04/11 
2023/04/12 	93.5	93.5	89.0	90.9000015258789	607000	2023/04/12 
2023/04/13 	91.0999984741211	91.5999984741211	88.0	88.9000015258789	381000	2023/04/13 
2023/04/14 	88.9000015258789	97.69999694824219	88.5	97.69999694824219	655000	2023/04/14 
2023/04/17 	100.0	107.0	99.0	107.0	601000	2023/04/17 
2023/04/18 	113.0	117.0	107.5	113.5	1180000	2023/04/18 
2023/04/19 	118.5	124.5	118.5	124.5	504000	2023/04/19 
2023/04/20 	130.5	136.5	124.5	136.0	1129000	2023/04/20 
2023/04/21 	127.5	134.0	122.5	129.0	876000	2023/04/21 
2023/04/24 	126.0	136.5	123.0	133.0	698000	2023/04/24 
2023/04/25 	128.0	136.0	121.5	122.0	473000	2023/04/25 
2023/04/26 	119.0	123.0	113.5	119.0	273000	2023/04/26 
2023/04/27 	117.0	126.5	115.0	124.0	278000	2023/04/27 
2023/04/28 	120.5	130.0	120.5	129.5	285000	2023/04/28 
2023/05/02 	130.0	130.5	125.0	125.0	250000	2023/05/02 
2023/05/03 	123.5	124.0	120.5	122.0	137000	2023/05/03 
2023/05/04 	120.5	126.0	120.5	121.0	127000	2023/05/04 
2023/05/05 	121.0	125.0	121.0	122.5	96000	2023/05/05 
2023/05/08 	124.0	134.5	124.0	134.0	517000	2023/05/08 
2023/05/09 	128.5	130.0	125.0	127.0	407000	2023/05/09 
2023/05/10 	127.0	139.5	126.0	139.5	913000	2023/05/10 
2023/05/11 	136.0	150.5	134.0	144.0	1066000	2023/05/11 
2023/05/12 	140.0	148.0	136.5	146.0	540000	2023/05/12 
2023/05/15 	144.5	145.5	133.0	135.0	527000	2023/05/15 
2023/05/16 	136.5	140.0	132.0	132.5	298000	2023/05/16 
2023/05/17 	134.5	145.5	132.0	141.0	542000	2023/05/17 
2023/05/18 	141.5	145.0	138.0	138.0	495000	2023/05/18 
2023/05/19 	138.5	140.5	127.5	130.0	625000	2023/05/19 
2023/05/22 	131.0	134.0	129.0	129.0	225000	2023/05/22 
2023/05/23 	131.0	132.0	127.0	130.0	169000	2023/05/23 
2023/05/24 	131.5	131.5	124.0	124.5	236000	2023/05/24 
2023/05/25 	124.5	126.0	116.5	117.0	476000	2023/05/25 
2023/05/26 	121.0	121.0	117.0	117.5	268000	2023/05/26 
2023/05/29 	118.5	120.5	118.0	118.0	149000	2023/05/29 
2023/05/30 	118.0	119.0	113.0	114.5	198000	2023/05/30 
2023/05/31 	114.0	117.5	113.0	117.5	142000	2023/05/31 
2023/06/01 	118.0	124.5	115.0	123.0	336000	2023/06/01 
2023/06/02 	121.0	125.0	119.0	119.5	227000	2023/06/02 
2023/06/05 	118.5	118.5	115.0	116.0	142000	2023/06/05 
2023/06/06 	116.0	118.5	115.0	115.5	80000	2023/06/06 
2023/06/07 	114.5	116.5	114.0	114.5	83000	2023/06/07 
2023/06/08 	115.5	115.5	113.5	113.5	96000	2023/06/08 
2023/06/09 	114.5	115.0	109.5	110.0	220000	2023/06/09 
2023/06/12 	110.5	110.5	101.5	103.0	218000	2023/06/12 
2023/06/13 	103.0	108.0	101.0	105.5	148000	2023/06/13 
2023/06/14 	108.0	115.5	107.0	114.0	369000	2023/06/14 
2023/06/15 	110.0	117.0	108.0	113.5	243000	2023/06/15 
2023/06/16 	114.0	114.0	109.0	109.5	110000	2023/06/16 
2023/06/19 	109.0	113.5	108.5	113.0	109000	2023/06/19 
2023/06/20 	111.5	115.0	108.5	109.0	92000	2023/06/20 
2023/06/21 	108.0	112.0	108.0	110.0	67000	2023/06/21 
2023/06/26 	110.0	110.0	105.0	105.0	54000	2023/06/26 
2023/06/27 	105.0	105.0	100.0	100.5	58000	2023/06/27 
2023/06/28 	102.0	103.5	98.0	99.5	109000	2023/06/28 
2023/06/29 	100.0	109.0	100.0	109.0	208000	2023/06/29 
2023/06/30 	112.0	118.0	111.0	117.0	424000	2023/06/30 
2023/07/03 	118.5	119.0	111.0	112.5	245000	2023/07/03 
2023/07/04 	112.5	113.5	109.0	109.5	140000	2023/07/04 
2023/07/05 	108.0	108.0	105.0	106.0	128000	2023/07/05 
2023/07/06 	106.0	109.5	106.0	106.0	61000	2023/07/06 
2023/07/07 	108.5	110.5	105.0	110.5	123000	2023/07/07 
2023/07/10 	109.5	109.5	105.5	105.5	59000	2023/07/10 
2023/07/11 	106.5	107.5	106.0	106.0	33000	2023/07/11 
2023/07/12 	106.0	106.0	102.0	106.0	44000	2023/07/12 
2023/07/13 	106.0	106.0	102.5	103.5	82000	2023/07/13 
2023/07/14 	103.5	105.0	102.0	103.0	54000	2023/07/14 
2023/07/17 	104.0	104.5	100.5	102.0	60000	2023/07/17 
2023/07/18 	103.0	103.0	98.0999984741211	98.5999984741211	128000	2023/07/18 
2023/07/19 	96.69999694824219	101.5	96.69999694824219	99.9000015258789	65000	2023/07/19 
2023/07/20 	99.80000305175781	108.0	99.69999694824219	106.5	172000	2023/07/20 
2023/07/21 	104.0	106.5	100.0	101.0	112000	2023/07/21 
2023/07/24 	101.0	101.0	99.0	99.0999984741211	61000	2023/07/24 
2023/07/25 	102.5	104.5	100.0	103.0	78000	2023/07/25 
2023/07/26 	104.5	113.0	104.0	113.0	394000	2023/07/26 
2023/07/27 	116.5	117.5	107.0	111.5	488000	2023/07/27 
2023/07/28 	109.0	110.0	105.0	106.5	171000	2023/07/28 
2023/07/31 	106.5	107.0	101.0	101.0	166000	2023/07/31 
2023/08/01 	103.0	103.0	100.5	100.5	69000	2023/08/01 
2023/08/02 	101.5	106.5	101.0	101.0	128000	2023/08/02 
2023/08/04 	103.0	103.0	100.0	101.0	42000	2023/08/04 
2023/08/07 	103.0	103.5	101.0	101.5	28000	2023/08/07 
2023/08/08 	101.0	102.5	100.0	100.0	52000	2023/08/08 
2023/08/09 	99.0999984741211	100.0	99.0	99.0999984741211	34000	2023/08/09 
2023/08/10 	101.0	101.0	96.5999984741211	96.5999984741211	56000	2023/08/10 
2023/08/11 	98.9000015258789	99.0	95.0	95.30000305175781	43000	2023/08/11 
2023/08/14 	95.5	98.9000015258789	91.9000015258789	91.9000015258789	33000	2023/08/14 
2023/08/15 	92.30000305175781	96.4000015258789	89.19999694824219	90.0	78000	2023/08/15 
2023/08/16 	90.9000015258789	91.0999984741211	87.0	88.80000305175781	48000	2023/08/16 
2023/08/17 	88.0	89.69999694824219	85.0999984741211	89.19999694824219	79000	2023/08/17 
2023/08/18 	90.0	90.0	85.5	86.0	50000	2023/08/18 
2023/08/21 	88.9000015258789	88.9000015258789	86.5999984741211	86.69999694824219	16000	2023/08/21 
2023/08/22 	87.0999984741211	87.0999984741211	85.0	85.19999694824219	52000	2023/08/22 
2023/08/23 	85.19999694824219	86.5	85.19999694824219	85.80000305175781	30000	2023/08/23 
2023/08/24 	87.5	89.0	86.0	87.5	45000	2023/08/24 
2023/08/25 	88.4000015258789	88.4000015258789	86.0999984741211	86.80000305175781	32000	2023/08/25 
2023/08/28 	87.9000015258789	88.69999694824219	87.30000305175781	88.19999694824219	32000	2023/08/28 
2023/08/29 	87.19999694824219	87.19999694824219	86.69999694824219	86.69999694824219	12000	2023/08/29 
2023/08/30 	87.0999984741211	88.0	87.0999984741211	87.5	7000	2023/08/30 
2023/08/31 	89.69999694824219	89.69999694824219	87.9000015258789	88.9000015258789	21000	2023/08/31 
2023/09/01 	89.30000305175781	92.5	89.30000305175781	90.4000015258789	79000	2023/09/01 
2023/09/04 	89.0	89.19999694824219	88.0999984741211	88.30000305175781	18000	2023/09/04 
2023/09/05 	88.0	88.30000305175781	87.5999984741211	88.30000305175781	18000	2023/09/05 
2023/09/06 	87.0999984741211	87.0999984741211	86.4000015258789	87.0	22000	2023/09/06 
2023/09/07 	86.5	88.5999984741211	86.30000305175781	88.5999984741211	17000	2023/09/07 
2023/09/08 	91.5	91.5	87.69999694824219	89.0	26000	2023/09/08 
2023/09/11 	89.5	89.5	86.5	86.5	25000	2023/09/11 
2023/09/12 	86.5	86.5	85.9000015258789	85.9000015258789	11000	2023/09/12 
2023/09/13 	85.5	87.5999984741211	85.5	85.5999984741211	20000	2023/09/13 
2023/09/14 	85.5999984741211	87.30000305175781	85.5999984741211	87.0999984741211	20000	2023/09/14 
2023/09/15 	87.80000305175781	88.9000015258789	86.5999984741211	88.0	28000	2023/09/15 
2023/09/18 	88.0	88.0	86.5	87.69999694824219	13000	2023/09/18 
2023/09/19 	87.0	87.0	86.0999984741211	86.0999984741211	10000	2023/09/19 
2023/09/20 	86.0	86.0	85.0999984741211	89.0	26000	2023/09/20 
2023/09/21 	85.0999984741211	87.0	85.0	87.0	24000	2023/09/21 
2023/09/22 	85.0	85.5999984741211	85.0	85.5	13000	2023/09/22 
2023/09/25 	85.0999984741211	86.19999694824219	85.0999984741211	86.19999694824219	6000	2023/09/25 
2023/09/26 	87.4000015258789	88.0	86.30000305175781	87.5999984741211	28000	2023/09/26 
2023/09/27 	87.5	87.5999984741211	86.0999984741211	86.5	16000	2023/09/27 
2023/09/28 	87.0	87.0	86.30000305175781	86.19999694824219	4000	2023/09/28 
2023/10/02 	87.0	87.0	85.5	85.5	17000	2023/10/02 
2023/10/03 	85.69999694824219	85.69999694824219	85.0	85.0	11000	2023/10/03 
2023/10/04 	84.19999694824219	84.19999694824219	82.0	83.0	27000	2023/10/04 
2023/10/05 	83.0	84.30000305175781	82.0999984741211	84.30000305175781	30000	2023/10/05 
2023/10/06 	84.5	87.5	84.5	90.0	39000	2023/10/06 
2023/10/11 	90.0999984741211	92.0	87.5	88.19999694824219	50000	2023/10/11 
2023/10/12 	88.80000305175781	88.80000305175781	86.0999984741211	86.30000305175781	14000	2023/10/12 
2023/10/13 	85.0999984741211	85.0999984741211	84.0	84.30000305175781	28000	2023/10/13 
2023/10/16 	83.0	84.80000305175781	83.0	84.0	13000	2023/10/16 
2023/10/17 	83.69999694824219	83.69999694824219	83.5999984741211	83.5999984741211	15000	2023/10/17 
2023/10/18 	83.4000015258789	83.4000015258789	82.0	82.80000305175781	31000	2023/10/18 
2023/10/19 	82.19999694824219	82.19999694824219	80.0999984741211	82.80000305175781	10000	2023/10/19 
2023/10/20 	80.5999984741211	80.69999694824219	80.5999984741211	80.5999984741211	10000	2023/10/20 
2023/10/23 	80.0	81.0	80.0	80.19999694824219	12000	2023/10/23 
2023/10/24 	80.5999984741211	81.5	80.5	88.19999694824219	8000	2023/10/24 
2023/10/25 	81.69999694824219	83.5999984741211	81.5	83.0	8000	2023/10/25 
2023/10/26 	83.0	83.5	82.9000015258789	83.0	9000	2023/10/26 
2023/10/27 	83.0	84.0	83.0	83.9000015258789	23000	2023/10/27 
2023/10/30 	85.0	85.0	82.0	82.0	5000	2023/10/30 
2023/10/31 	84.5	84.5	82.0	82.0	14000	2023/10/31 
2023/11/01 	82.80000305175781	82.80000305175781	81.5	81.5	5000	2023/11/01 
2023/11/02 	82.0	82.0999984741211	82.0	82.0	7000	2023/11/02 
2023/11/03 	83.5999984741211	86.5	83.0999984741211	86.0	47000	2023/11/03 
2023/11/06 	85.0999984741211	85.69999694824219	84.4000015258789	85.0	19000	2023/11/06 
2023/11/07 	85.0	85.0	83.5999984741211	85.0	14000	2023/11/07 
2023/11/08 	84.5	84.5999984741211	84.0999984741211	84.0999984741211	9000	2023/11/08 
2023/11/09 	84.0	84.0	82.19999694824219	82.19999694824219	11000	2023/11/09 
2023/11/10 	82.0	82.30000305175781	80.30000305175781	82.30000305175781	18000	2023/11/10 
2023/11/13 	82.0	82.0	81.5999984741211	81.5999984741211	4000	2023/11/13 
2023/11/14 	81.0	82.0	81.0	81.0999984741211	16000	2023/11/14 
2023/11/15 	81.5	82.19999694824219	81.30000305175781	82.0	14000	2023/11/15 
2023/11/16 	82.0	82.0	82.0	82.0	2000	2023/11/16 
2023/11/17 	81.4000015258789	83.0	81.4000015258789	82.4000015258789	13000	2023/11/17 
2023/11/20 	82.4000015258789	83.0	82.19999694824219	83.0	19000	2023/11/20 
2023/11/21 	83.0	85.5	82.69999694824219	84.30000305175781	26000	2023/11/21 
2023/11/22 	85.0999984741211	92.69999694824219	85.0999984741211	92.69999694824219	213000	2023/11/22 
2023/11/23 	98.80000305175781	99.0	94.0	95.5999984741211	307000	2023/11/23 
2023/11/24 	94.5	97.80000305175781	92.0999984741211	94.0999984741211	154000	2023/11/24 
2023/11/27 	93.0	94.5	92.9000015258789	94.0	45000	2023/11/27 
2023/11/28 	93.5999984741211	93.5999984741211	90.0	90.5	86000	2023/11/28 
2023/11/29 	90.9000015258789	93.4000015258789	90.69999694824219	91.0	37000	2023/11/29 
2023/11/30 	92.80000305175781	96.9000015258789	92.80000305175781	95.0999984741211	132000	2023/11/30 
2023/12/01 	94.80000305175781	96.0	91.69999694824219	93.0999984741211	48000	2023/12/01 
2023/12/04 	93.19999694824219	95.0	93.0	93.0	35000	2023/12/04 
2023/12/05 	91.0	91.19999694824219	90.5	91.0	32000	2023/12/05 
2023/12/06 	92.0	92.0	91.0999984741211	91.19999694824219	27000	2023/12/06 
2023/12/07 	90.0	90.4000015258789	88.0	90.0	60000	2023/12/07 
2023/12/08 	90.0999984741211	91.0	88.80000305175781	89.5	27000	2023/12/08 
2023/12/11 	89.0	89.0	86.30000305175781	88.69999694824219	49000	2023/12/11 
2023/12/12 	88.0	88.0	86.0	86.30000305175781	25000	2023/12/12 
2023/12/13 	86.5999984741211	86.5999984741211	86.0999984741211	86.0999984741211	12000	2023/12/13 
2023/12/14 	88.80000305175781	91.30000305175781	86.69999694824219	87.30000305175781	19000	2023/12/14 
2023/12/15 	87.0	87.30000305175781	86.30000305175781	87.0	12000	2023/12/15 
2023/12/18 	87.0	89.0	86.0999984741211	88.4000015258789	16000	2023/12/18 
2023/12/19 	88.4000015258789	88.5	86.80000305175781	88.5	18000	2023/12/19 
2023/12/20 	89.5	89.5999984741211	87.19999694824219	87.30000305175781	10000	2023/12/20 
2023/12/21 	88.19999694824219	88.69999694824219	87.30000305175781	87.5	27000	2023/12/21 
2023/12/22 	89.0	89.5	87.5999984741211	88.19999694824219	17000	2023/12/22 
2023/12/25 	88.5999984741211	88.5999984741211	86.0999984741211	86.4000015258789	23000	2023/12/25 
2023/12/26 	85.80000305175781	86.19999694824219	85.5	86.19999694824219	7000	2023/12/26 
2023/12/27 	85.9000015258789	86.0999984741211	85.5	85.80000305175781	29000	2023/12/27 
2023/12/28 	85.9000015258789	86.19999694824219	85.80000305175781	86.19999694824219	10000	2023/12/28 
2023/12/29 	86.19999694824219	86.19999694824219	85.5999984741211	85.9000015258789	6000	2023/12/29 
2024/01/02 	86.0999984741211	87.5999984741211	86.0	87.5999984741211	19000	2024/01/02 
2024/01/03 	85.19999694824219	86.5	85.19999694824219	86.5	8000	2024/01/03 
2024/01/04 	86.30000305175781	86.5	85.0999984741211	86.5	19000	2024/01/04 
2024/01/05 	86.69999694824219	87.5999984741211	85.69999694824219	85.69999694824219	17000	2024/01/05 
2024/01/08 	85.80000305175781	87.5	85.80000305175781	86.5	11000	2024/01/08 
2024/01/09 	89.80000305175781	89.80000305175781	87.4000015258789	87.69999694824219	41000	2024/01/09 
2024/01/10 	87.0999984741211	87.0999984741211	86.80000305175781	87.0	9000	2024/01/10 
2024/01/11 	87.0999984741211	89.5	86.30000305175781	88.69999694824219	37000	2024/01/11 
2024/01/12 	89.30000305175781	89.4000015258789	88.19999694824219	88.9000015258789	24000	2024/01/12 
2024/01/15 	88.9000015258789	88.9000015258789	88.9000015258789	88.9000015258789	0	2024/01/15 
2024/01/16 	89.69999694824219	89.69999694824219	87.19999694824219	87.19999694824219	11000	2024/01/16 
2024/01/17 	86.80000305175781	86.80000305175781	85.5	85.5	9000	2024/01/17 
2024/01/18 	86.80000305175781	86.80000305175781	86.80000305175781	86.80000305175781	1000	2024/01/18 
2024/01/19 	88.0	88.0	86.0999984741211	86.80000305175781	9000	2024/01/19 
2024/01/22 	86.80000305175781	87.69999694824219	86.19999694824219	87.69999694824219	17000	2024/01/22 
2024/01/23 	87.69999694824219	87.69999694824219	86.4000015258789	86.5999984741211	4000	2024/01/23 
2024/01/24 	88.0	88.5	85.5999984741211	87.19999694824219	13000	2024/01/24 
2024/01/25 	86.5	86.5999984741211	86.4000015258789	86.4000015258789	5000	2024/01/25 
2024/01/26 	86.4000015258789	86.4000015258789	85.30000305175781	85.5	4000	2024/01/26 
2024/01/29 	86.5	86.5	86.5	86.5	3000	2024/01/29 
2024/01/30 	85.5	85.5	85.5	85.5	3000	2024/01/30 
2024/01/31 	85.5	85.5	85.0	85.5	11000	2024/01/31 
2024/02/01 	85.0	85.5	84.0	85.5	23000	2024/02/01 
2024/02/02 	85.5	85.5	85.0	85.19999694824219	5000	2024/02/02 
2024/02/05 	85.0999984741211	85.19999694824219	83.80000305175781	84.9000015258789	12000	2024/02/05 
2024/02/15 	85.4000015258789	85.9000015258789	85.19999694824219	85.9000015258789	19000	2024/02/15 
2024/02/16 	84.0	85.0	84.0	84.5999984741211	15000	2024/02/16 
2024/02/19 	85.0	85.80000305175781	85.0	85.5	9000	2024/02/19 
2024/02/20 	85.5	86.19999694824219	85.0	86.19999694824219	19000	2024/02/20 
2024/02/21 	85.5	86.19999694824219	85.0999984741211	86.19999694824219	5000	2024/02/21 
2024/02/22 	86.19999694824219	87.19999694824219	86.19999694824219	86.80000305175781	20000	2024/02/22 
2024/02/23 	87.19999694824219	88.19999694824219	86.30000305175781	86.4000015258789	20000	2024/02/23 
2024/02/26 	92.69999694824219	92.69999694824219	87.0	88.69999694824219	20000	2024/02/26 
2024/02/27 	88.5999984741211	88.5999984741211	86.30000305175781	86.69999694824219	11000	2024/02/27 
2024/02/29 	86.69999694824219	87.0999984741211	86.0999984741211	86.69999694824219	18000	2024/02/29 
2024/03/01 	86.0	86.0	85.9000015258789	86.0	10000	2024/03/01 
2024/03/04 	86.4000015258789	87.19999694824219	86.30000305175781	87.19999694824219	22000	2024/03/04 
2024/03/05 	86.69999694824219	87.0	86.69999694824219	87.0	7000	2024/03/05 
2024/03/06 	87.0	87.80000305175781	87.0	87.5999984741211	23000	2024/03/06 
2024/03/07 	86.30000305175781	86.4000015258789	86.19999694824219	86.19999694824219	17000	2024/03/07 
2024/03/08 	88.0	90.0	86.30000305175781	86.5	41000	2024/03/08 
2024/03/11 	87.9000015258789	88.19999694824219	87.0	87.9000015258789	22000	2024/03/11 
2024/03/12 	88.0999984741211	89.19999694824219	88.0999984741211	89.0	35000	2024/03/12 
2024/03/13 	90.0	90.30000305175781	88.0999984741211	88.0999984741211	40000	2024/03/13 
2024/03/14 	88.5999984741211	88.80000305175781	88.0	88.80000305175781	9000	2024/03/14 
2024/03/15 	89.80000305175781	89.80000305175781	87.9000015258789	87.9000015258789	18000	2024/03/15 
2024/03/18 	88.0	88.9000015258789	87.19999694824219	88.0999984741211	18000	2024/03/18 
2024/03/19 	88.80000305175781	88.80000305175781	87.80000305175781	87.80000305175781	9000	2024/03/19 
2024/03/20 	88.19999694824219	90.0	88.0	88.0	36000	2024/03/20 
2024/03/21 	88.30000305175781	88.30000305175781	87.9000015258789	87.9000015258789	20000	2024/03/21 
2024/03/22 	89.4000015258789	89.4000015258789	87.5999984741211	89.4000015258789	22000	2024/03/22 
2024/03/25 	88.80000305175781	88.80000305175781	87.5999984741211	87.80000305175781	19000	2024/03/25 
2024/03/26 	87.30000305175781	87.30000305175781	86.80000305175781	86.80000305175781	6000	2024/03/26 
2024/03/27 	87.30000305175781	87.5	86.30000305175781	87.4000015258789	32000	2024/03/27 
2024/03/28 	87.30000305175781	87.4000015258789	86.9000015258789	87.4000015258789	12000	2024/03/28 
2024/03/29 	87.4000015258789	87.4000015258789	86.5	86.5	8000	2024/03/29 
2024/04/01 	88.0	88.0	85.0999984741211	86.5	22000	2024/04/01 
2024/04/02 	86.5999984741211	86.9000015258789	86.0	86.0999984741211	18000	2024/04/02 
2024/04/03 	85.5	85.5	85.30000305175781	85.30000305175781	10000	2024/04/03 
2024/04/08 	86.5	86.5	86.4000015258789	86.5	6000	2024/04/08 
2024/04/09 	87.0999984741211	87.19999694824219	86.5999984741211	87.19999694824219	6000	2024/04/09 
2024/04/10 	87.19999694824219	87.19999694824219	86.5999984741211	87.19999694824219	9000	2024/04/10 
2024/04/11 	87.30000305175781	88.19999694824219	86.5	87.30000305175781	20000	2024/04/11 
2024/04/12 	87.0	87.5999984741211	87.0	87.0	17000	2024/04/12 
2024/04/15 	88.30000305175781	88.30000305175781	87.0	88.0	19000	2024/04/15 
2024/04/16 	87.30000305175781	87.30000305175781	85.9000015258789	86.0	12000	2024/04/16 
2024/04/17 	86.0999984741211	86.9000015258789	85.69999694824219	86.0999984741211	24000	2024/04/17 
2024/04/18 	86.80000305175781	87.0999984741211	86.4000015258789	87.0999984741211	21000	2024/04/18 
2024/04/19 	83.9000015258789	86.80000305175781	83.0999984741211	83.0999984741211	33000	2024/04/19 
2024/04/22 	83.0999984741211	83.0999984741211	82.30000305175781	82.30000305175781	10000	2024/04/22 
2024/04/23 	82.30000305175781	83.80000305175781	81.9000015258789	81.9000015258789	21000	2024/04/23 
2024/04/24 	82.0	83.19999694824219	81.9000015258789	82.0	23000	2024/04/24 
2024/04/25 	80.5	81.5999984741211	80.5	80.80000305175781	7000	2024/04/25 
2024/04/26 	81.9000015258789	81.9000015258789	80.9000015258789	81.0	12000	2024/04/26 
2024/04/29 	81.0999984741211	81.19999694824219	81.0999984741211	81.0999984741211	6000	2024/04/29 
2024/04/30 	82.5999984741211	82.69999694824219	81.30000305175781	81.30000305175781	12000	2024/04/30 
2024/05/02 	80.80000305175781	81.5	80.80000305175781	80.80000305175781	4000	2024/05/02 
2024/05/03 	82.0999984741211	82.0999984741211	80.9000015258789	87.19999694824219	12000	2024/05/03 
2024/05/06 	81.69999694824219	82.80000305175781	81.69999694824219	81.80000305175781	15000	2024/05/06 
2024/05/07 	81.80000305175781	81.80000305175781	80.69999694824219	80.9000015258789	5000	2024/05/07 
2024/05/08 	80.80000305175781	80.80000305175781	80.4000015258789	80.5999984741211	6000	2024/05/08 
2024/05/09 	81.0	81.0999984741211	81.0	81.0	9000	2024/05/09 
2024/05/10 	81.80000305175781	81.9000015258789	80.69999694824219	80.9000015258789	12000	2024/05/10 
2024/05/13 	80.80000305175781	81.0	80.80000305175781	88.9000015258789	5000	2024/05/13 
2024/05/14 	80.69999694824219	80.69999694824219	80.5999984741211	80.5999984741211	10000	2024/05/14 
2024/05/15 	81.0	81.5	81.0	81.5	19000	2024/05/15 
2024/05/16 	82.5	82.5	81.19999694824219	81.19999694824219	11000	2024/05/16 
2024/05/17 	81.0	81.30000305175781	80.9000015258789	81.0	7000	2024/05/17 
2024/05/20 	81.4000015258789	83.4000015258789	81.4000015258789	83.4000015258789	47000	2024/05/20 
2024/05/21 	83.4000015258789	84.9000015258789	83.0999984741211	91.69999694824219	19000	2024/05/21 
2024/05/22 	84.5	84.5	82.0	82.9000015258789	23000	2024/05/22 
2024/05/23 	83.9000015258789	83.9000015258789	82.0	82.0	11000	2024/05/23 
2024/05/24 	82.0	83.4000015258789	82.0	83.0999984741211	8000	2024/05/24 
2024/05/27 	83.30000305175781	83.30000305175781	82.4000015258789	82.4000015258789	16000	2024/05/27 
2024/05/28 	82.0999984741211	83.0999984741211	82.0999984741211	83.0999984741211	12000	2024/05/28 
2024/05/29 	83.0999984741211	83.19999694824219	82.5	85.19999694824219	7000	2024/05/29 
2024/05/30 	83.0999984741211	89.69999694824219	83.0999984741211	87.9000015258789	73000	2024/05/30 
2024/05/31 	87.0	87.0	84.0999984741211	85.0	20000	2024/05/31 
2024/06/03 	85.0	87.0	84.0999984741211	84.4000015258789	14000	2024/06/03 
2024/06/04 	85.0	86.0	85.0	85.0999984741211	25000	2024/06/04 
2024/06/05 	85.19999694824219	85.19999694824219	85.0	85.0	10000	2024/06/05 
2024/06/06 	85.5	85.5999984741211	85.0	89.9000015258789	17000	2024/06/06 
2024/06/07 	85.0	85.5	84.5	86.80000305175781	16000	2024/06/07 
2024/06/11 	85.0	85.0	83.0	83.0999984741211	14000	2024/06/11 
2024/06/12 	85.0	85.0	84.5999984741211	86.0	3000	2024/06/12 
2024/06/13 	85.9000015258789	85.9000015258789	84.19999694824219	84.69999694824219	7000	2024/06/13 
2024/06/14 	83.9000015258789	83.9000015258789	83.0999984741211	83.0999984741211	23000	2024/06/14 
2024/06/17 	83.69999694824219	83.80000305175781	83.0999984741211	83.0999984741211	10000	2024/06/17 
2024/06/18 	83.30000305175781	83.4000015258789	83.19999694824219	83.19999694824219	25000	2024/06/18 
2024/06/19 	83.4000015258789	83.5	83.30000305175781	88.80000305175781	10000	2024/06/19 
2024/06/20 	83.4000015258789	83.4000015258789	83.4000015258789	88.0	1000	2024/06/20 
2024/06/21 	83.4000015258789	86.0	83.4000015258789	89.80000305175781	37000	2024/06/21 
2024/06/24 	85.19999694824219	93.0	85.19999694824219	93.0	328000	2024/06/24 
2024/06/25 	92.9000015258789	93.0	86.5	88.5	192000	2024/06/25 
2024/06/26 	88.0999984741211	91.19999694824219	88.0999984741211	88.69999694824219	57000	2024/06/26 
2024/06/27 	88.69999694824219	92.0999984741211	86.19999694824219	87.69999694824219	64000	2024/06/27 
2024/06/28 	88.0	88.0	86.5	87.0	72000	2024/06/28 
2024/07/01 	90.4000015258789	90.4000015258789	87.5	88.30000305175781	16000	2024/07/01 
2024/07/02 	87.19999694824219	88.0	86.0999984741211	86.9000015258789	19000	2024/07/02 
2024/07/03 	86.80000305175781	86.9000015258789	85.5	85.5	51000	2024/07/03 
2024/07/04 	84.80000305175781	85.9000015258789	84.80000305175781	85.4000015258789	22000	2024/07/04 
2024/07/05 	84.30000305175781	86.9000015258789	84.30000305175781	86.9000015258789	12000	2024/07/05 
2024/07/08 	86.9000015258789	88.30000305175781	86.0	87.0999984741211	35000	2024/07/08 
2024/07/09 	87.19999694824219	88.0	86.4000015258789	86.80000305175781	35000	2024/07/09 
2024/07/10 	89.19999694824219	91.80000305175781	88.0	91.80000305175781	121000	2024/07/10 
2024/07/11 	91.80000305175781	91.80000305175781	88.80000305175781	91.30000305175781	72000	2024/07/11 
2024/07/12 	91.0	91.0	89.19999694824219	90.80000305175781	40000	2024/07/12 
2024/07/15 	89.80000305175781	99.80000305175781	89.80000305175781	99.80000305175781	402000	2024/07/15 
2024/07/16 	99.80000305175781	104.5	96.19999694824219	100.0	334000	2024/07/16 
2024/07/17 	100.0	103.5	97.80000305175781	97.80000305175781	132000	2024/07/17 
2024/07/18 	97.0	97.69999694824219	92.5	97.5999984741211	71000	2024/07/18 
2024/07/19 	96.5	96.5	92.0	93.5999984741211	82000	2024/07/19 
2024/07/22 	93.5999984741211	93.5999984741211	88.0	92.0	83000	2024/07/22 
2024/07/23 	93.30000305175781	94.0	91.80000305175781	91.80000305175781	41000	2024/07/23 
2024/07/26 	89.9000015258789	91.80000305175781	89.4000015258789	91.0999984741211	14000	2024/07/26 
2024/07/29 	90.5999984741211	90.5999984741211	88.0	88.30000305175781	40000	2024/07/29 
2024/07/30 	88.0999984741211	90.30000305175781	88.0999984741211	90.30000305175781	22000	2024/07/30 
2024/07/31 	90.0	90.9000015258789	88.5999984741211	90.0	17000	2024/07/31 
2024/08/01 	90.0999984741211	92.0	90.0999984741211	91.30000305175781	12000	2024/08/01 
2024/08/02 	88.9000015258789	91.5	88.9000015258789	88.9000015258789	13000	2024/08/02 
2024/08/05 	85.19999694824219	85.19999694824219	80.0999984741211	80.0999984741211	81000	2024/08/05 
2024/08/06 	84.5	84.5	80.0999984741211	82.80000305175781	38000	2024/08/06 
2024/08/07 	84.5999984741211	86.0999984741211	84.4000015258789	86.0	19000	2024/08/07 
2024/08/08 	85.0	85.0	82.69999694824219	84.0	15000	2024/08/08 
2024/08/09 	85.9000015258789	89.9000015258789	85.80000305175781	88.69999694824219	25000	2024/08/09 
2024/08/12 	89.4000015258789	89.4000015258789	86.19999694824219	88.69999694824219	12000	2024/08/12 
2024/08/13 	88.5999984741211	88.5999984741211	84.9000015258789	86.19999694824219	29000	2024/08/13 
2024/08/14 	86.9000015258789	88.19999694824219	84.5	85.0	20000	2024/08/14 
2024/08/15 	84.80000305175781	85.0	84.19999694824219	84.19999694824219	8000	2024/08/15 
2024/08/16 	85.4000015258789	85.5	84.19999694824219	84.30000305175781	21000	2024/08/16 
2024/08/19 	86.0	86.0999984741211	84.30000305175781	84.4000015258789	9000	2024/08/19 
2024/08/20 	84.4000015258789	84.4000015258789	84.30000305175781	84.4000015258789	8000	2024/08/20 
2024/08/21 	84.5	85.5999984741211	84.5	84.80000305175781	7000	2024/08/21 
2024/08/22 	84.0999984741211	84.0999984741211	83.5999984741211	83.69999694824219	11000	2024/08/22 
2024/08/23 	83.5	83.69999694824219	82.30000305175781	83.69999694824219	14000	2024/08/23 
2024/08/26 	83.19999694824219	83.19999694824219	83.0999984741211	83.19999694824219	11000	2024/08/26 
2024/08/27 	83.0	84.69999694824219	83.0	84.69999694824219	11000	2024/08/27 
2024/08/28 	85.0999984741211	85.0999984741211	84.5999984741211	84.80000305175781	9000	2024/08/28 
2024/08/29 	84.5999984741211	84.5999984741211	84.19999694824219	84.5999984741211	4000	2024/08/29 
2024/08/30 	85.0999984741211	86.0	85.0999984741211	86.19999694824219	8000	2024/08/30 
2024/09/02 	85.9000015258789	85.9000015258789	84.0999984741211	84.9000015258789	21000	2024/09/02 
2024/09/03 	83.80000305175781	84.0999984741211	83.69999694824219	84.0999984741211	6000	2024/09/03 
2024/09/04 	84.5999984741211	84.5999984741211	83.19999694824219	84.5999984741211	9000	2024/09/04 
2024/09/05 	84.19999694824219	84.5	84.0	84.5	3000	2024/09/05 
2024/09/06 	85.0	86.0	83.5999984741211	83.5999984741211	17000	2024/09/06 
2024/09/09 	84.0	85.19999694824219	83.5	85.0	11000	2024/09/09 
2024/09/10 	84.4000015258789	84.4000015258789	83.5	83.80000305175781	7000	2024/09/10 
2024/09/11 	83.80000305175781	83.80000305175781	83.80000305175781	83.80000305175781	0	2024/09/11 
2024/09/12 	83.5	84.69999694824219	83.30000305175781	84.69999694824219	17000	2024/09/12 
2024/09/13 	83.5999984741211	84.0	83.5	84.0	8000	2024/09/13 
2024/09/16 	83.9000015258789	84.5999984741211	83.9000015258789	84.5999984741211	6000	2024/09/16 
2024/09/18 	85.0	93.0	85.0	91.0	153000	2024/09/18 
2024/09/19 	90.5	93.5	89.5	93.0	86000	2024/09/19 
2024/09/20 	95.0	95.0999984741211	92.0	92.0	75000	2024/09/20 
2024/09/23 	92.0	92.0	90.0999984741211	90.4000015258789	12000	2024/09/23 
2024/09/24 	94.9000015258789	94.9000015258789	90.80000305175781	91.0999984741211	16000	2024/09/24 
2024/09/25 	90.4000015258789	91.0999984741211	88.9000015258789	91.0999984741211	21000	2024/09/25 
2024/09/26 	91.0	91.0	89.5	89.5	6000	2024/09/26 
2024/09/27 	89.5	91.0	88.69999694824219	89.0999984741211	19000	2024/09/27 
2024/09/30 	89.0999984741211	89.0999984741211	87.5999984741211	88.9000015258789	28000	2024/09/30 
2024/10/01 	88.0999984741211	89.5	87.80000305175781	89.5	29000	2024/10/01 
2024/10/04 	88.0999984741211	88.5	87.80000305175781	88.80000305175781	20000	2024/10/04 
2024/10/07 	89.80000305175781	89.80000305175781	89.0	89.80000305175781	9000	2024/10/07 
2024/10/08 	88.0	88.19999694824219	88.0	88.0999984741211	7000	2024/10/08 
2024/10/09 	91.30000305175781	91.5	89.30000305175781	91.19999694824219	30000	2024/10/09 
2024/10/11 	91.5	93.0	91.19999694824219	91.19999694824219	34000	2024/10/11 
2024/10/14 	91.4000015258789	91.4000015258789	90.19999694824219	90.5	14000	2024/10/14 
2024/10/15 	90.5999984741211	92.4000015258789	90.5999984741211	91.19999694824219	32000	2024/10/15 
2024/10/16 	91.0	91.0	90.0	90.0	14000	2024/10/16 
2024/10/17 	90.0	90.0999984741211	89.5	89.69999694824219	20000	2024/10/17 
2024/10/18 	89.69999694824219	90.0	89.69999694824219	89.80000305175781	13000	2024/10/18 
2024/10/21 	90.19999694824219	94.5	90.0999984741211	92.5	48000	2024/10/21 
2024/10/22 	95.80000305175781	101.5	95.80000305175781	101.5	197000	2024/10/22 
2024/10/23 	111.5	111.5	111.5	111.5	135000	2024/10/23 
2024/10/24 	122.5	122.5	122.5	122.5	226000	2024/10/24 
2024/10/25 	134.5	134.5	134.5	134.5	288000	2024/10/25 
2024/10/28 	147.5	147.5	141.0	147.5	1693000	2024/10/28 
2024/10/29 	142.0	150.0	139.5	145.0	635000	2024/10/29 
2024/10/30 	145.0	145.0	135.0	142.0	432000	2024/10/30 
2024/11/01 	136.0	144.5	135.0	141.0	260000	2024/11/01 
2024/11/04 	146.0	155.0	142.5	155.0	377000	2024/11/04 
2024/11/05 	154.0	159.5	149.0	150.5	440000	2024/11/05 
2024/11/06 	153.5	160.0	147.5	154.5	267000	2024/11/06 
2024/11/07 	154.0	169.0	149.0	167.0	355000	2024/11/07 
2024/11/08 	159.5	164.0	153.0	153.0	366000	2024/11/08 
2024/11/11 	152.0	156.0	150.0	154.0	182000	2024/11/11 
2024/11/12 	151.5	153.5	139.0	139.0	434000	2024/11/12 
2024/11/13 	132.0	137.5	130.0	136.0	354000	2024/11/13 
2024/11/14 	132.5	134.5	122.5	122.5	456000	2024/11/14 
2024/11/15 	125.0	127.0	110.5	120.0	498000	2024/11/15 
2024/11/18 	116.0	120.0	113.0	116.0	174000	2024/11/18 
2024/11/19 	114.5	127.5	114.5	127.5	330000	2024/11/19 
2024/11/20 	127.5	128.5	121.5	124.0	339125	2024/11/20 
2024/11/21 	121.5	122.0	117.0	117.0	218000	2024/11/21 
2024/11/22 	118.0	121.5	117.0	118.5	135000	2024/11/22 
2024/11/25 	119.0	130.0	117.0	130.0	350000	2024/11/25 
2024/11/26 	129.5	129.5	125.0	126.5	223000	2024/11/26 
2024/11/27 	127.0	133.5	119.0	127.0	336000	2024/11/27 
2024/11/28 	127.0	129.5	122.0	124.0	152000	2024/11/28 
2024/11/29 	125.0	126.0	121.5	124.0	99000	2024/11/29 
2024/12/02 	126.5	136.0	123.0	136.0	459000	2024/12/02 
2024/12/03 	135.5	135.5	130.0	132.5	267000	2024/12/03 
2024/12/04 	132.5	145.5	132.5	144.0	418000	2024/12/04 
2024/12/05 	146.0	158.0	144.0	158.0	565000	2024/12/05 
2024/12/06 	159.0	171.5	155.0	168.5	863000	2024/12/06 
2024/12/09 	166.0	166.0	152.0	158.0	516000	2024/12/09 
2024/12/10 	153.5	154.0	142.5	144.5	502000	2024/12/10 
2024/12/11 	142.0	157.0	141.0	152.0	421000	2024/12/11 
2024/12/12 	150.5	151.0	144.0	146.5	266000	2024/12/12 
2024/12/13 	145.0	148.0	141.0	142.0	223000	2024/12/13 
2024/12/16 	146.0	146.5	137.5	139.0	158000	2024/12/16 
2024/12/17 	139.0	140.5	136.0	137.0	116000	2024/12/17 
2024/12/18 	135.0	138.0	133.0	136.5	82000	2024/12/18 
2024/12/19 	133.5	135.0	131.5	135.0	126000	2024/12/19 
2024/12/20 	138.0	148.0	136.5	139.5	274000	2024/12/20 
2024/12/23 	139.5	141.0	137.0	137.0	82000	2024/12/23 
2024/12/24 	141.0	141.0	134.5	135.0	111000	2024/12/24 
2024/12/25 	139.0	139.0	127.0	132.0	287000	2024/12/25 
2024/12/26 	131.0	132.0	128.0	131.5	107000	2024/12/26 
2024/12/27 	129.0	132.0	126.5	127.5	125000	2024/12/27 
2024/12/30 	124.0	125.5	123.0	124.0	75000	2024/12/30 
2024/12/31 	125.5	136.0	125.5	136.0	317000	2024/12/31 
2025/01/02 	140.5	149.5	140.5	149.5	326000	2025/01/02 
2025/01/03 	153.0	158.0	145.0	152.0	735000	2025/01/03 
2025/01/06 	153.0	167.0	148.0	167.0	851000	2025/01/06 
2025/01/07 	170.5	174.0	160.5	163.0	859000	2025/01/07 
2025/01/08 	158.0	175.0	154.0	175.0	682000	2025/01/08 
2025/01/09 	173.5	173.5	158.0	163.5	651000	2025/01/09 
2025/01/10 	163.5	165.0	152.5	153.5	333000	2025/01/10 
2025/01/13 	149.0	154.5	142.0	148.5	234000	2025/01/13 
2025/01/14 	149.0	154.5	149.0	150.5	140000	2025/01/14 
2025/01/15 	145.5	148.0	141.5	142.0	200000	2025/01/15 
2025/01/16 	148.0	156.0	146.0	156.0	274000	2025/01/16 
2025/01/17 	153.0	160.0	148.0	149.5	248000	2025/01/17 
2025/01/20 	149.5	150.0	144.5	150.0	74000	2025/01/20 
2025/01/21 	149.5	154.0	147.5	150.0	101000	2025/01/21 
2025/01/22 	153.5	153.5	146.5	151.0	106000	2025/01/22 
2025/02/03 	147.0	160.0	146.0	146.0	154001	2025/02/03 
2025/02/04 	149.0	149.0	141.5	147.5	128067	2025/02/04 
2025/02/05 	146.0	156.5	146.0	155.5	171061	2025/02/05 
2025/02/06 	158.5	158.5	151.5	154.0	112100	2025/02/06 
2025/02/07 	151.0	167.0	151.0	165.0	423181	2025/02/07 
2025/02/10 	162.0	164.0	153.0	155.5	215017	2025/02/10 
2025/02/11 	156.0	157.0	151.0	152.0	177010	2025/02/11 
2025/02/12 	152.0	154.0	147.5	149.0	136600	2025/02/12 
2025/02/13 	152.5	157.0	150.0	150.5	154043	2025/02/13 
2025/02/14 	150.0	150.0	146.0	146.5	130138	2025/02/14 
2025/02/17 	149.5	149.5	145.5	147.5	51000	2025/02/17 
2025/02/18 	147.0	150.0	147.0	150.0	50120	2025/02/18 
2025/02/19 	149.0	151.0	147.0	147.0	71072	2025/02/19 
2025/02/20 	148.0	148.0	144.0	145.5	78300	2025/02/20 
2025/02/21 	144.5	147.5	143.5	144.5	77200	2025/02/21 
2025/02/24 	144.0	144.0	142.0	143.0	43068	2025/02/24 
2025/02/25 	145.5	145.5	140.5	141.5	74300	2025/02/25 
2025/02/26 	142.0	142.0	140.0	141.5	65028	2025/02/26 
2025/02/27 	142.0	142.0	132.0	136.0	213200	2025/02/27 
2025/03/03 	135.0	135.0	129.0	132.0	61152	2025/03/03 
2025/03/04 	128.5	135.0	128.0	132.5	64000	2025/03/04 
2025/03/05 	133.0	133.5	131.0	133.5	34047	2025/03/05 
2025/03/06 	135.5	135.5	131.0	131.5	29208	2025/03/06 
2025/03/07 	132.0	132.0	128.5	128.5	32101	2025/03/07 
2025/03/10 	129.0	134.0	128.5	131.0	26005	2025/03/10 
2025/03/11 	123.0	129.0	123.0	129.0	31000	2025/03/11 
2025/03/12 	129.0	132.0	129.0	131.0	29000	2025/03/12 
2025/03/13 	132.0	133.0	125.5	125.5	50112	2025/03/13 
2025/03/14 	125.5	125.5	120.0	123.0	42005	2025/03/14 
2025/03/17 	123.0	124.0	120.0	120.0	56012	2025/03/17 
2025/03/18 	122.0	132.0	122.0	132.0	115050	2025/03/18 
2025/03/19 	135.0	135.0	127.5	129.0	115000	2025/03/19 
2025/03/20 	129.0	140.5	127.5	139.5	139100	2025/03/20 
2025/03/21 	136.0	137.0	132.0	133.5	78395	2025/03/21 
2025/03/24 	133.5	135.0	131.5	131.5	33100	2025/03/24 
2025/03/25 	132.5	144.5	132.5	144.5	337130	2025/03/25 
2025/03/26 	145.5	155.0	145.0	147.5	513230	2025/03/26 
2025/03/27 	141.0	142.5	135.0	135.0	191131	2025/03/27 
2025/03/28 	130.0	132.5	127.0	130.0	99240	2025/03/28 
2025/03/31 	121.0	125.0	117.5	119.0	113110	2025/03/31 
2025/04/01 	121.0	124.5	119.0	122.0	51010	2025/04/01 
2025/04/02 	122.0	123.5	120.0	123.0	39050	2025/04/02 
2025/04/07 	111.0	111.0	111.0	111.0	11005	2025/04/07 
2025/04/08 	99.9000015258789	104.0	99.9000015258789	99.9000015258789	108010	2025/04/08 
2025/04/09 	90.69999694824219	96.0	90.0	90.0	92020	2025/04/09 
2025/04/10 	99.0	99.0	99.0	99.0	13000	2025/04/10 
2025/04/11 	100.0	102.0	89.0999984741211	101.0	69000	2025/04/11 
2025/04/14 	102.5	108.5	102.5	106.0	56413	2025/04/14 
2025/04/15 	106.0	116.5	106.0	116.0	78453	2025/04/15 
2025/04/16 	116.0	116.5	114.0	115.0	36100	2025/04/16 
2025/04/17 	113.5	119.5	111.0	114.5	41004	2025/04/17 
2025/04/18 	112.0	115.5	109.0	110.0	54060	2025/04/18 
2025/04/21 	112.5	112.5	107.0	107.0	27014	2025/04/21 
2025/04/22 	102.0	107.0	99.5	100.0	55008	2025/04/22 
2025/04/23 	106.0	107.0	105.5	105.5	26000	2025/04/23 
2025/04/24 	106.5	111.0	106.5	110.0	42050	2025/04/24 
2025/04/25 	116.0	116.0	112.0	114.5	70110	2025/04/25 
2025/04/28 	114.0	114.0	104.5	110.0	61054	2025/04/28 
2025/04/29 	109.0	117.0	109.0	117.0	68046	2025/04/29 
2025/04/30 	118.0	125.5	118.0	119.5	125018	2025/04/30 
2025/05/02 	119.5	122.0	116.0	116.5	95093	2025/05/02 
2025/05/05 	117.0	117.5	106.5	110.0	54000	2025/05/05 
2025/05/06 	110.0	117.0	110.0	117.0	36004	2025/05/06 
2025/05/07 	117.0	117.0	111.0	112.0	29125	2025/05/07 
2025/05/08 	114.5	117.0	113.5	114.0	22209	2025/05/08 
2025/05/09 	111.0	112.5	109.5	111.0	41030	2025/05/09 
2025/05/12 	110.5	114.5	110.5	113.0	20031	2025/05/12 
2025/05/13 	115.0	119.5	114.0	115.0	59300	2025/05/13 
2025/05/14 	117.5	118.0	115.0	116.5	46700	2025/05/14 
2025/05/15 	116.5	116.5	112.0	112.0	42003	2025/05/15 
2025/05/16 	112.5	112.5	110.0	111.5	25102	2025/05/16 
2025/05/19 	111.0	111.0	108.5	109.0	13500	2025/05/19 
2025/05/20 	109.0	111.0	108.0	108.5	34500	2025/05/20 
2025/05/21 	109.0	110.0	107.5	109.5	23100	2025/05/21 
2025/05/22 	107.5	111.5	107.5	111.5	23000	2025/05/22 
2025/05/23 	111.5	111.5	109.0	109.5	19012	2025/05/23 
2025/05/26 	108.0	110.0	107.5	108.5	24103	2025/05/26 
2025/05/27 	108.5	109.0	108.5	109.0	12472	2025/05/27 
2025/05/28 	110.0	110.0	105.0	107.5	21391	2025/05/28 
2025/05/29 	107.5	107.5	106.0	106.5	14500	2025/05/29 
2025/06/02 	106.0	110.5	100.0	102.5	33024	2025/06/02 
2025/06/03 	101.5	106.0	101.5	103.0	16002	2025/06/03 
2025/06/04 	103.0	108.0	101.0	107.0	32030	2025/06/04 
2025/06/05 	105.5	107.0	102.0	102.5	25004	2025/06/05 
2025/06/06 	104.5	104.5	102.0	104.5	24000	2025/06/06 
2025/06/09 	104.0	104.0	100.5	101.5	16500	2025/06/09 
2025/06/10 	101.0	104.0	101.0	102.5	32000	2025/06/10 
2025/06/11 	103.0	105.5	102.5	105.5	31048	2025/06/11 
2025/06/12 	105.5	115.0	104.5	110.0	88001	2025/06/12 
2025/06/13 	110.0	110.0	104.0	105.5	46000	2025/06/13 
2025/06/16 	104.0	105.0	102.5	105.0	10001	2025/06/16 
2025/06/17 	106.0	106.0	104.0	106.0	8000	2025/06/17 
2025/06/18 	105.5	106.5	105.5	106.5	12000	2025/06/18 
2025/06/19 	107.0	107.0	103.0	103.5	12000	2025/06/19 
2025/06/20 	102.5	102.5	101.0	101.0	14500	2025/06/20 
2025/06/23 	99.5999984741211	101.0	96.5	101.0	29000	2025/06/23 
2025/06/24 	101.0	104.0	101.0	104.0	23200	2025/06/24 
2025/06/25 	104.0	104.0	101.5	103.0	21068	2025/06/25 
2025/06/26 	103.0	106.0	103.0	105.5	28000	2025/06/26 
2025/06/27 	105.5	108.0	104.5	104.5	19002	2025/06/27 
