Date	Open	High	Low	Close	Volume	Date
2021/02/05 	93.1845902022316	132.1347628264448	87.85975497175063	112.90619659423828	1138320	2021/02/05 
2021/02/17 	113.39923437257808	113.39923437257808	91.70546779695445	93.48041534423828	425442	2021/02/17 
2021/02/18 	94.07206485531665	95.649791876475	93.18459105491638	94.66371154785156	190648	2021/02/18 
2021/02/19 	97.62194779775676	101.56626892089844	97.62194779775676	101.56626892089844	258249	2021/02/19 
2021/02/22 	107.4827516949366	124.73915678357321	105.51059111337813	124.2461166381836	777083	2021/02/22 
2021/02/23 	123.7530746459961	124.24611478402794	115.86443243748637	123.7530746459961	504082	2021/02/23 
2021/02/24 	126.7113139570252	128.68347448553922	118.82267184296916	119.31571197509766	260779	2021/02/24 
2021/02/25 	120.30179243328192	121.28787269912849	114.38531083820247	117.34355163574219	197362	2021/02/25 
2021/02/26 	113.39923136943096	114.38531164220862	108.46883000554266	109.45491027832031	224473	2021/02/26 
2021/03/02 	110.93403559464674	113.3992363856389	101.07323243067815	102.55235290527344	181715	2021/03/02 
2021/03/03 	103.04538934207658	103.04538934207658	96.63586751697133	101.56626892089844	145185	2021/03/03 
2021/03/04 	101.56627288519167	102.55235320446538	99.59411224664426	100.58019256591797	35190	2021/03/04 
2021/03/05 	98.6080282985574	99.59410858154297	94.6637071666151	99.59410858154297	61854	2021/03/05 
2021/03/08 	100.58019287109376	102.05931335449219	98.6080322265625	98.6080322265625	61810	2021/03/08 
2021/03/09 	99.59410881273675	99.59410881273675	94.76231391025199	97.6219482421875	60099	2021/03/09 
2021/03/10 	96.6358678881002	97.62194817267265	94.17066717666907	94.76231384277344	83720	2021/03/10 
2021/03/11 	93.67762526465252	93.97345235371378	88.94443697884455	89.4374771118164	187578	2021/03/11 
2021/03/12 	90.620776551809	90.620776551809	87.5639292790136	87.85974884033203	119034	2021/03/12 
2021/03/15 	86.77506239149307	92.2971103117672	86.77506239149307	88.74722290039062	176734	2021/03/15 
2021/03/16 	89.43747606922666	89.43747606922666	86.87366891229888	88.74722290039062	96839	2021/03/16 
2021/03/17 	88.74722937949188	91.4096432515983	88.45140227228191	90.9166030883789	119681	2021/03/17 
2021/03/18 	91.6068630962778	91.70546962349187	89.73330898642753	91.11382293701172	67550	2021/03/18 
2021/03/19 	90.32494995754793	91.60685729980469	90.02913039462389	91.60685729980469	66958	2021/03/19 
2021/03/22 	89.8319165505858	90.62078382379588	87.95836241910878	88.94444274902344	64051	2021/03/22 
2021/03/23 	89.63469933922606	89.63469933922606	87.26810515248565	89.04305267333984	57510	2021/03/23 
2021/03/24 	87.95835876464844	88.74722600508295	84.80290484930148	87.95835876464844	76163	2021/03/24 
2021/03/25 	87.9583555268977	88.15557609134441	85.88758850097656	85.88758850097656	68676	2021/03/25 
2021/03/26 	87.66253686036983	102.05930719143007	87.36670977227594	101.07322692871094	439343	2021/03/26 
2021/03/29 	102.55234898158483	117.3435531616211	98.60802786690849	103.5384292602539	468495	2021/03/29 
2021/03/30 	102.05930738306758	103.53842777992362	98.41081341343413	99.10106658935547	106601	2021/03/30 
2021/03/31 	100.58019256591797	104.03147368337594	99.10107208700741	100.58019256591797	69525	2021/03/31 
2021/04/01 	100.08715057373047	105.51059223043507	99.59411042312095	100.08715057373047	167149	2021/04/01 
2021/04/07 	100.58018864011302	103.04538934207658	100.58018864011302	101.56626892089844	66175	2021/04/07 
2021/04/08 	100.58019156447943	100.58019156447943	93.7762359245961	97.03030395507812	173251	2021/04/08 
2021/04/09 	93.77623621162766	94.46649694427684	91.01521585061823	92.1985092163086	152811	2021/04/09 
2021/04/12 	90.7193896484375	90.7193896484375	83.42239375903272	86.28202819824219	221260	2021/04/12 
2021/04/13 	86.67645895321762	86.67645895321762	83.32378446421939	85.0987319946289	131891	2021/04/13 
2021/04/14 	85.29594632317038	85.29594632317038	80.56275785318438	83.81682586669922	73230	2021/04/14 
2021/04/15 	83.91542833554854	83.91542833554854	81.94326782226562	81.94326782226562	49150	2021/04/15 
2021/04/16 	82.92935108288397	83.12657165527344	81.94327079052341	83.12657165527344	39250	2021/04/16 
2021/04/19 	82.92935178388373	82.92935178388373	79.08363710653069	80.06971740722656	142650	2021/04/19 
2021/04/20 	80.1683288758958	80.36554192041005	78.88642151696692	79.77389526367188	95651	2021/04/20 
2021/04/21 	79.67529185401595	79.87250490623454	74.94210336881265	76.12539672851562	155626	2021/04/21 
2021/04/22 	76.22400864226205	76.42122168895534	71.58942681301455	71.88525390625	204803	2021/04/22 
2021/04/23 	71.49082432622495	71.98386449399202	66.46181611964003	68.03954315185547	162465	2021/04/23 
2021/04/26 	75.92818266426036	82.63353167505771	73.2657688788178	75.43514251708984	513522	2021/04/26 
2021/04/27 	75.43514474130728	78.39338571155463	68.03954231568893	68.23675537109375	618962	2021/04/27 
2021/04/28 	68.4339736125313	68.4339736125313	65.77155231631843	65.9687728881836	333875	2021/04/28 
2021/04/29 	67.15206622659227	67.94093346766176	65.77155231631843	65.9687728881836	237851	2021/04/29 
2021/05/03 	66.06737948220874	66.85624672411035	60.64393788292294	62.1230583190918	297285	2021/05/03 
2021/05/04 	62.4188818223671	65.27851241638143	62.22166501135975	63.996612548828125	181761	2021/05/04 
2021/05/05 	63.99661206924995	63.99661206924995	61.2355842590332	61.2355842590332	191545	2021/05/05 
2021/05/06 	61.82723468762155	62.616098164141576	59.26342368693425	61.2355842590332	375365	2021/05/06 
2021/05/07 	61.23558141287221	70.70195021432185	60.74254129276342	68.72978973388672	285926	2021/05/07 
2021/05/10 	70.0117035586925	70.99778389050508	65.57434206553594	67.15206909179688	137619	2021/05/10 
2021/05/11 	68.8284047698033	69.02561781141493	65.0812967936198	66.56041717529297	147243	2021/05/11 
2021/05/12 	66.16598544564427	66.56041906325078	58.96760013630855	63.20774459838867	236977	2021/05/12 
2021/05/13 	65.37712696906323	65.47573349452935	60.15089836420638	62.911922454833984	98072	2021/05/13 
2021/05/14 	63.10913782350156	64.29243114841402	60.64393712727103	62.320274353027344	129826	2021/05/14 
2021/05/17 	62.1230577581069	70.0117000131046	61.43280080847505	67.05345916748047	553944	2021/05/17 
2021/05/18 	68.53257927776806	70.70195287872139	64.09521802956725	66.16598510742188	99540	2021/05/18 
2021/05/19 	66.7576325483733	66.7576325483733	61.13697791099548	63.10913848876953	102002	2021/05/19 
2021/05/20 	63.996613609373085	64.39104723792431	60.64393905148132	61.82723617553711	145473	2021/05/20 
2021/05/21 	62.12305619334446	64.98269044339145	61.827232868552834	64.5882568359375	22878	2021/05/21 
2021/05/24 	64.5882568359375	64.5882568359375	64.5882568359375	64.5882568359375	0	2021/05/24 
2021/05/25 	64.5882568359375	64.5882568359375	64.5882568359375	64.5882568359375	0	2021/05/25 
2021/05/26 	64.5882568359375	64.5882568359375	64.5882568359375	64.5882568359375	0	2021/05/26 
2021/05/27 	64.5882568359375	64.5882568359375	64.5882568359375	64.5882568359375	0	2021/05/27 
2021/05/28 	64.5882568359375	64.5882568359375	64.5882568359375	64.5882568359375	0	2021/05/28 
2021/05/31 	64.5882568359375	64.5882568359375	64.5882568359375	64.5882568359375	0	2021/05/31 
2021/06/01 	64.5882568359375	64.5882568359375	64.5882568359375	64.5882568359375	0	2021/06/01 
2021/06/02 	64.5882568359375	64.5882568359375	64.5882568359375	64.5882568359375	0	2021/06/02 
2021/06/03 	64.5882568359375	64.5882568359375	64.5882568359375	64.5882568359375	0	2021/06/03 
2021/06/04 	64.5882568359375	64.5882568359375	64.5882568359375	64.5882568359375	0	2021/06/04 
2021/06/07 	64.5882568359375	64.5882568359375	64.5882568359375	64.5882568359375	0	2021/06/07 
2021/06/08 	63.996612548828125	63.996612548828125	63.01053225538916	63.996612548828125	17112	2021/06/08 
2021/06/09 	64.09522063972415	64.39104774426272	63.404967426728504	63.60218048095703	20222	2021/06/09 
2021/06/10 	64.39104297592706	64.98268961799536	63.404962731414834	64.78546905517578	71984	2021/06/10 
2021/06/11 	64.7854698780668	65.3771240508454	64.19382322848355	64.5882568359375	42015	2021/06/11 
2021/06/15 	65.27851587875496	65.27851587875496	63.404969240404455	64.09522247314453	84300	2021/06/15 
2021/06/16 	64.09521793806215	64.09521793806215	62.61609752410687	63.30635070800781	59102	2021/06/16 
2021/06/17 	63.10913848876953	63.50357210896345	61.630018055438995	63.10913848876953	26380	2021/06/17 
2021/06/18 	61.82723421378124	63.306350869921815	61.82723421378124	62.320274353027344	7576	2021/06/18 
2021/06/21 	62.32027317096496	62.61609649658203	61.72862275813314	62.61609649658203	26685	2021/06/21 
2021/06/22 	63.40496769183194	64.48965454101562	62.22166679192589	64.48965454101562	17331	2021/06/22 
2021/06/23 	64.39104958614514	64.78547570588462	62.813318776001246	64.09522247314453	34811	2021/06/23 
2021/06/24 	63.996615106446086	64.39104874422429	63.1091413022441	64.29243469238281	4020	2021/06/24 
2021/06/25 	64.09521999275027	64.29243304498814	62.22166590370767	62.813316345214844	31760	2021/06/25 
2021/06/28 	63.79938989233319	63.79938989233319	61.03836967480509	61.6300163269043	59853	2021/06/28 
2021/06/29 	62.71470619738056	62.813316485317294	61.13697920637141	61.82723617553711	18700	2021/06/29 
2021/06/30 	63.799392604172134	63.799392604172134	61.235585320635515	61.92584228515625	30162	2021/06/30 
2021/07/01 	62.71470420746558	62.71470420746558	61.53141088255312	62.320274353027344	14600	2021/07/01 
2021/07/02 	62.71470457081356	62.71470457081356	61.136977620724295	62.22166442871094	27300	2021/07/02 
2021/07/05 	62.41888056656889	62.41888056656889	61.23558348592918	61.43280029296875	31899	2021/07/05 
2021/07/06 	61.531409805420324	61.827233131469924	61.43279952233867	61.6300163269043	20045	2021/07/06 
2021/07/07 	61.827233545314876	61.92584006745888	60.939759799628014	61.531410217285156	71267	2021/07/07 
2021/07/08 	62.12305723680839	62.32027404384796	61.23558348592918	61.43280029296875	48585	2021/07/08 
2021/07/09 	61.334194960280115	61.82723510664636	61.13697814941406	61.13697814941406	37100	2021/07/09 
2021/07/12 	61.136978928858916	61.334195742239324	58.3759548263268	60.939762115478516	90410	2021/07/12 
2021/07/13 	61.53140989831285	61.53140989831285	60.24950254749984	60.64393615722656	18085	2021/07/13 
2021/07/14 	60.44671917272737	64.29242992894467	60.44671917272737	62.61609649658203	96978	2021/07/14 
2021/07/15 	62.12305797230113	65.3771259229856	62.12305797230113	65.081298828125	136021	2021/07/15 
2021/07/16 	66.95485372976701	68.03954055278092	64.68686603539606	64.88408660888672	104412	2021/07/16 
2021/07/19 	66.46181147808244	66.56041800011019	65.08129760010773	66.36320495605469	34272	2021/07/19 
2021/07/20 	65.870164179364	65.870164179364	64.09521670741888	64.5882568359375	76240	2021/07/20 
2021/07/21 	65.3771240508454	65.3771240508454	64.2924297495482	64.5882568359375	27300	2021/07/21 
2021/07/22 	65.08129741536382	68.53257833890584	65.08129741536382	68.33536529541016	130995	2021/07/22 
2021/07/23 	68.72979605181182	72.27969126147218	68.43397646647071	70.01170349121094	166076	2021/07/23 
2021/07/26 	72.96994062151228	72.96994062151228	68.5325793675014	69.02561950683594	157420	2021/07/26 
2021/07/27 	69.22283495612713	70.50474237217219	68.33536869307596	68.43397521972656	47973	2021/07/27 
2021/07/28 	70.99778451492537	70.99778451492537	64.19382866093916	66.0673828125	51656	2021/07/28 
2021/07/29 	69.02562322687993	69.02562322687993	67.15206909179688	67.15206909179688	18872	2021/07/29 
2021/07/30 	68.23675352729187	70.50474121914398	67.74371337890625	67.74371337890625	32451	2021/07/30 
2021/08/02 	69.0256224770219	69.0256224770219	67.34928894042969	67.34928894042969	16523	2021/08/02 
2021/08/03 	67.15206809309593	69.51866235888875	66.4618148803711	66.4618148803711	45265	2021/08/03 
2021/08/04 	66.0999984741211	68.0	65.69999694824219	67.0	34031	2021/08/04 
2021/08/05 	66.0999984741211	67.0	65.69999694824219	66.0999984741211	11914	2021/08/05 
2021/08/06 	66.0999984741211	66.9000015258789	65.4000015258789	65.69999694824219	20051	2021/08/06 
2021/08/09 	66.9000015258789	66.9000015258789	64.5999984741211	65.0	20200	2021/08/09 
2021/08/10 	65.4000015258789	68.5999984741211	63.79999923706055	64.0999984741211	55800	2021/08/10 
2021/08/11 	63.400001525878906	65.0	61.0	61.099998474121094	54511	2021/08/11 
2021/08/12 	63.20000076293945	63.5	62.0	62.0	10899	2021/08/12 
2021/08/13 	63.400001525878906	66.30000305175781	63.400001525878906	64.30000305175781	27001	2021/08/13 
2021/08/16 	63.099998474121094	64.0999984741211	62.900001525878906	63.5	28200	2021/08/16 
2021/08/17 	68.30000305175781	71.5	65.0999984741211	65.5	121167	2021/08/17 
2021/08/18 	68.5	71.5	66.0	66.0	89001	2021/08/18 
2021/08/19 	69.5	72.0	65.9000015258789	68.0	139700	2021/08/19 
2021/08/20 	68.5	70.0	67.69999694824219	69.0	104001	2021/08/20 
2021/08/23 	66.5	70.0	64.69999694824219	64.69999694824219	120200	2021/08/23 
2021/08/24 	64.30000305175781	65.0	63.70000076293945	64.30000305175781	14401	2021/08/24 
2021/08/25 	62.0	63.0	62.0	62.400001525878906	12100	2021/08/25 
2021/08/26 	64.69999694824219	64.69999694824219	64.5999984741211	64.5999984741211	1010	2021/08/26 
2021/08/27 	64.69999694824219	64.69999694824219	64.69999694824219	64.69999694824219	1	2021/08/27 
2021/08/30 	64.69999694824219	64.69999694824219	61.0	61.599998474121094	37582	2021/08/30 
2021/08/31 	60.900001525878906	61.5	60.5	60.5	54550	2021/08/31 
2021/09/01 	59.79999923706055	60.099998474121094	59.5	60.0	11200	2021/09/01 
2021/09/02 	60.0	60.5	60.0	60.5	3000	2021/09/02 
2021/09/03 	60.0	60.900001525878906	60.0	60.900001525878906	9200	2021/09/03 
2021/09/06 	60.900001525878906	60.900001525878906	60.900001525878906	60.900001525878906	0	2021/09/06 
2021/09/07 	62.099998474121094	62.099998474121094	59.5	60.0	9000	2021/09/07 
2021/09/08 	59.0	60.0	59.0	60.0	16100	2021/09/08 
2021/09/09 	60.099998474121094	60.099998474121094	59.0	59.0	13220	2021/09/09 
2021/09/10 	57.599998474121094	59.0	57.099998474121094	57.5	25050	2021/09/10 
2021/09/13 	59.5	59.79999923706055	59.0	59.0	31002	2021/09/13 
2021/09/14 	58.79999923706055	59.0	58.20000076293945	58.20000076293945	5110	2021/09/14 
2021/09/15 	58.099998474121094	58.099998474121094	58.099998474121094	58.099998474121094	2000	2021/09/15 
2021/09/16 	57.099998474121094	59.70000076293945	57.099998474121094	59.5	8030	2021/09/16 
2021/09/17 	57.20000076293945	57.5	55.400001525878906	55.400001525878906	31100	2021/09/17 
2021/09/22 	55.400001525878906	55.400001525878906	47.0	47.5	290559	2021/09/22 
2021/09/23 	47.0	47.0	43.04999923706055	44.599998474121094	96708	2021/09/23 
2021/09/24 	43.0	44.0	43.0	43.79999923706055	72140	2021/09/24 
2021/09/27 	44.70000076293945	45.29999923706055	43.75	43.75	48110	2021/09/27 
2021/09/28 	44.20000076293945	44.20000076293945	43.70000076293945	44.150001525878906	25010	2021/09/28 
2021/09/29 	45.25	45.25	43.0	43.5	24810	2021/09/29 
2021/09/30 	42.70000076293945	44.349998474121094	42.5	44.0	17428	2021/09/30 
2021/10/01 	42.0	42.599998474121094	39.5	40.900001525878906	106323	2021/10/01 
2021/10/04 	41.0	41.0	39.29999923706055	40.0	28800	2021/10/04 
2021/10/05 	39.04999923706055	40.0	38.04999923706055	38.04999923706055	53210	2021/10/05 
2021/10/06 	39.0	40.0	39.0	40.0	14210	2021/10/06 
2021/10/07 	40.5	40.5	40.5	40.5	1050	2021/10/07 
2021/10/08 	40.5	41.349998474121094	40.0	40.0	6400	2021/10/08 
2021/10/12 	41.29999923706055	41.29999923706055	39.29999923706055	39.79999923706055	15500	2021/10/12 
2021/10/13 	38.95000076293945	40.45000076293945	38.95000076293945	40.45000076293945	19599	2021/10/13 
2021/10/14 	38.54999923706055	40.400001525878906	38.54999923706055	40.400001525878906	11600	2021/10/14 
2021/10/15 	40.400001525878906	40.400001525878906	38.599998474121094	40.400001525878906	12660	2021/10/15 
2021/10/18 	38.650001525878906	40.54999923706055	38.650001525878906	40.20000076293945	6224	2021/10/18 
2021/10/19 	39.099998474121094	40.099998474121094	39.0	39.5	14224	2021/10/19 
2021/10/20 	39.5	39.5	38.5	39.099998474121094	23860	2021/10/20 
2021/10/21 	39.150001525878906	39.150001525878906	39.0	39.099998474121094	8160	2021/10/21 
2021/10/22 	39.04999923706055	39.400001525878906	38.400001525878906	38.400001525878906	18620	2021/10/22 
2021/10/25 	38.400001525878906	39.29999923706055	37.400001525878906	38.45000076293945	15350	2021/10/25 
2021/10/26 	38.400001525878906	38.400001525878906	37.54999923706055	37.70000076293945	16860	2021/10/26 
2021/10/27 	38.29999923706055	40.0	37.70000076293945	38.29999923706055	24921	2021/10/27 
2021/10/28 	38.29999923706055	38.29999923706055	38.29999923706055	38.29999923706055	0	2021/10/28 
2021/10/29 	38.400001525878906	39.900001525878906	38.400001525878906	38.5	6011	2021/10/29 
2021/11/01 	39.900001525878906	42.20000076293945	39.900001525878906	42.20000076293945	30235	2021/11/01 
2021/11/02 	43.79999923706055	46.29999923706055	42.79999923706055	42.79999923706055	98693	2021/11/02 
2021/11/03 	44.349998474121094	44.5	42.400001525878906	42.400001525878906	18485	2021/11/03 
2021/11/04 	43.70000076293945	43.79999923706055	42.29999923706055	42.5	14160	2021/11/04 
2021/11/05 	42.29999923706055	42.29999923706055	42.29999923706055	42.29999923706055	6388	2021/11/05 
2021/11/08 	43.70000076293945	43.70000076293945	43.70000076293945	43.70000076293945	305	2021/11/08 
2021/11/09 	43.70000076293945	43.70000076293945	42.20000076293945	43.70000076293945	21150	2021/11/09 
2021/11/10 	42.20000076293945	43.599998474121094	42.20000076293945	42.79999923706055	25300	2021/11/10 
2021/11/11 	43.20000076293945	43.20000076293945	42.45000076293945	42.599998474121094	11810	2021/11/11 
2021/11/12 	42.599998474121094	42.599998474121094	42.599998474121094	42.599998474121094	0	2021/11/12 
2021/11/15 	43.0	43.5	42.54999923706055	43.5	29201	2021/11/15 
2021/11/16 	45.20000076293945	45.20000076293945	43.599998474121094	43.75	28900	2021/11/16 
2021/11/17 	44.400001525878906	44.400001525878906	41.70000076293945	42.0	41370	2021/11/17 
2021/11/18 	42.45000076293945	42.45000076293945	40.5	40.79999923706055	14310	2021/11/18 
2021/11/19 	40.150001525878906	41.5	40.150001525878906	41.25	27400	2021/11/19 
2021/11/22 	42.0	42.0	41.29999923706055	42.0	13257	2021/11/22 
2021/11/23 	42.0	42.0	42.0	42.0	5505	2021/11/23 
2021/11/24 	41.79999923706055	42.0	40.54999923706055	40.54999923706055	27200	2021/11/24 
2021/11/25 	40.0	40.95000076293945	39.900001525878906	40.95000076293945	15000	2021/11/25 
2021/11/26 	39.849998474121094	40.900001525878906	39.849998474121094	40.900001525878906	20618	2021/11/26 
2021/11/29 	40.900001525878906	40.95000076293945	40.0	40.5	14400	2021/11/29 
2021/11/30 	40.95000076293945	40.95000076293945	40.099998474121094	40.900001525878906	4600	2021/11/30 
2021/12/01 	40.900001525878906	41.25	40.099998474121094	40.5	33200	2021/12/01 
2021/12/02 	40.849998474121094	40.95000076293945	40.04999923706055	40.04999923706055	5101	2021/12/02 
2021/12/03 	40.95000076293945	40.95000076293945	40.0	40.0	1500	2021/12/03 
2021/12/06 	41.0	41.25	40.099998474121094	40.95000076293945	14110	2021/12/06 
2021/12/07 	40.0	40.5	39.70000076293945	40.29999923706055	28650	2021/12/07 
2021/12/08 	40.5	42.099998474121094	40.0	41.099998474121094	17102	2021/12/08 
2021/12/09 	41.70000076293945	41.70000076293945	41.70000076293945	41.70000076293945	2200	2021/12/09 
2021/12/10 	40.400001525878906	41.099998474121094	39.25	41.099998474121094	28011	2021/12/10 
2021/12/13 	40.79999923706055	40.79999923706055	40.0	40.5	20000	2021/12/13 
2021/12/14 	40.5	40.5	39.5	39.5	15000	2021/12/14 
2021/12/15 	39.5	39.5	39.5	39.5	0	2021/12/15 
2021/12/16 	40.95000076293945	40.95000076293945	39.599998474121094	40.849998474121094	43010	2021/12/16 
2021/12/17 	40.0	40.900001525878906	40.0	40.79999923706055	66706	2021/12/17 
2021/12/20 	40.25	40.75	40.25	40.5	18000	2021/12/20 
2021/12/21 	40.5	41.29999923706055	40.5	41.29999923706055	11100	2021/12/21 
2021/12/22 	40.5	41.0	40.400001525878906	40.599998474121094	38255	2021/12/22 
2021/12/23 	40.45000076293945	42.45000076293945	40.400001525878906	41.599998474121094	42700	2021/12/23 
2021/12/24 	40.70000076293945	41.95000076293945	40.70000076293945	41.599998474121094	24000	2021/12/24 
2021/12/27 	42.25	43.0	42.0	43.0	47655	2021/12/27 
2021/12/28 	43.0	43.54999923706055	42.5	42.70000076293945	14900	2021/12/28 
2021/12/29 	44.45000076293945	44.45000076293945	44.45000076293945	44.45000076293945	500	2021/12/29 
2021/12/30 	42.75	44.45000076293945	42.75	44.45000076293945	3636	2021/12/30 
2022/01/03 	42.75	42.79999923706055	42.20000076293945	42.20000076293945	22203	2022/01/03 
2022/01/04 	42.95000076293945	42.95000076293945	41.54999923706055	42.099998474121094	13500	2022/01/04 
2022/01/05 	42.400001525878906	42.400001525878906	42.400001525878906	42.400001525878906	20	2022/01/05 
2022/01/06 	42.400001525878906	42.400001525878906	42.400001525878906	42.400001525878906	0	2022/01/06 
2022/01/07 	40.849998474121094	41.0	40.04999923706055	40.04999923706055	12000	2022/01/07 
2022/01/10 	40.650001525878906	41.5	40.0	40.599998474121094	12012	2022/01/10 
2022/01/11 	41.95000076293945	41.95000076293945	40.099998474121094	40.099998474121094	320	2022/01/11 
2022/01/12 	41.0	41.29999923706055	39.900001525878906	41.29999923706055	14000	2022/01/12 
2022/01/13 	40.20000076293945	40.20000076293945	37.400001525878906	39.099998474121094	46720	2022/01/13 
2022/01/14 	39.599998474121094	39.650001525878906	38.29999923706055	39.650001525878906	5015	2022/01/14 
2022/01/17 	38.150001525878906	38.849998474121094	38.0	38.599998474121094	26350	2022/01/17 
2022/01/18 	38.04999923706055	38.95000076293945	38.04999923706055	38.95000076293945	3100	2022/01/18 
2022/01/19 	38.0	38.099998474121094	37.900001525878906	38.099998474121094	9100	2022/01/19 
2022/01/20 	37.099998474121094	38.5	37.099998474121094	38.5	3016	2022/01/20 
2022/01/21 	38.5	38.5	37.099998474121094	38.5	2013	2022/01/21 
2022/01/24 	38.5	38.5	37.0	37.599998474121094	23053	2022/01/24 
2022/01/25 	36.400001525878906	36.400001525878906	36.400001525878906	36.400001525878906	1000	2022/01/25 
2022/01/26 	36.400001525878906	36.400001525878906	36.400001525878906	36.400001525878906	0	2022/01/26 
2022/02/07 	38.150001525878906	38.20000076293945	37.150001525878906	38.20000076293945	16000	2022/02/07 
2022/02/08 	38.95000076293945	38.95000076293945	37.150001525878906	37.45000076293945	1302	2022/02/08 
2022/02/09 	37.150001525878906	37.5	37.150001525878906	37.5	4000	2022/02/09 
2022/02/10 	39.0	39.04999923706055	38.150001525878906	38.5	13000	2022/02/10 
2022/02/11 	39.95000076293945	39.95000076293945	38.04999923706055	38.29999923706055	6500	2022/02/11 
2022/02/14 	38.04999923706055	38.04999923706055	38.0	38.04999923706055	6000	2022/02/14 
2022/02/15 	38.099998474121094	38.099998474121094	38.099998474121094	38.099998474121094	2200	2022/02/15 
2022/02/16 	39.0	39.0	37.54999923706055	37.900001525878906	12050	2022/02/16 
2022/02/17 	39.0	39.0	39.0	39.0	891	2022/02/17 
2022/02/18 	39.0	39.0	39.0	39.0	0	2022/02/18 
2022/02/21 	38.20000076293945	39.20000076293945	38.20000076293945	39.20000076293945	56500	2022/02/21 
2022/02/22 	38.0	38.5	37.79999923706055	38.5	73050	2022/02/22 
2022/02/23 	37.95000076293945	38.5	37.95000076293945	38.5	33000	2022/02/23 
2022/02/24 	38.0	39.349998474121094	38.0	38.5	19517	2022/02/24 
2022/02/25 	38.5	38.5	38.5	38.5	40	2022/02/25 
2022/03/01 	38.099998474121094	38.599998474121094	37.79999923706055	38.599998474121094	67000	2022/03/01 
2022/03/02 	37.75	38.0	37.45000076293945	37.45000076293945	11722	2022/03/02 
2022/03/03 	37.849998474121094	38.0	37.849998474121094	37.849998474121094	30000	2022/03/03 
2022/03/04 	39.29999923706055	39.349998474121094	38.0	39.349998474121094	53500	2022/03/04 
2022/03/07 	39.0	39.0	37.54999923706055	38.95000076293945	9000	2022/03/07 
2022/03/08 	37.849998474121094	38.95000076293945	37.45000076293945	38.900001525878906	75750	2022/03/08 
2022/03/09 	37.650001525878906	38.95000076293945	37.650001525878906	38.5	19301	2022/03/09 
2022/03/10 	37.54999923706055	39.0	37.54999923706055	39.0	65700	2022/03/10 
2022/03/11 	37.849998474121094	37.849998474121094	37.5	37.5	6010	2022/03/11 
2022/03/14 	37.5	38.650001525878906	37.5	38.0	32001	2022/03/14 
2022/03/15 	37.54999923706055	37.650001525878906	37.0	37.650001525878906	11851	2022/03/15 
2022/03/16 	36.849998474121094	37.5	36.54999923706055	37.45000076293945	45051	2022/03/16 
2022/03/17 	36.5	37.349998474121094	36.099998474121094	36.400001525878906	35001	2022/03/17 
2022/03/18 	37.400001525878906	37.400001525878906	35.79999923706055	37.0	10021	2022/03/18 
2022/03/21 	36.5	36.75	36.0	36.5	65482	2022/03/21 
2022/03/22 	35.79999923706055	36.0	34.5	34.599998474121094	31930	2022/03/22 
2022/03/23 	35.400001525878906	35.400001525878906	34.20000076293945	34.349998474121094	54331	2022/03/23 
2022/03/24 	34.900001525878906	34.900001525878906	34.29999923706055	34.5	6010	2022/03/24 
2022/03/25 	34.20000076293945	34.20000076293945	33.25	33.849998474121094	12100	2022/03/25 
2022/03/28 	34.29999923706055	34.29999923706055	33.849998474121094	34.0	40000	2022/03/28 
2022/03/29 	34.20000076293945	34.20000076293945	33.79999923706055	33.900001525878906	6000	2022/03/29 
2022/03/30 	33.29999923706055	33.400001525878906	33.0	33.400001525878906	15630	2022/03/30 
2022/03/31 	33.45000076293945	33.45000076293945	31.350000381469727	31.549999237060547	27201	2022/03/31 
2022/04/01 	31.549999237060547	31.950000762939453	31.200000762939453	31.899999618530273	53571	2022/04/01 
2022/04/06 	31.0	31.0	29.799999237060547	30.450000762939453	26635	2022/04/06 
2022/04/07 	29.899999618530273	30.299999237060547	29.850000381469727	30.200000762939453	12948	2022/04/07 
2022/04/08 	30.200000762939453	30.200000762939453	30.200000762939453	30.200000762939453	0	2022/04/08 
2022/04/11 	30.200000762939453	31.200000762939453	29.850000381469727	31.200000762939453	31000	2022/04/11 
2022/04/12 	29.850000381469727	31.200000762939453	29.850000381469727	30.0	17921	2022/04/12 
2022/04/13 	30.0	30.0	29.850000381469727	29.850000381469727	11220	2022/04/13 
2022/04/14 	29.799999237060547	30.25	29.799999237060547	30.0	55021	2022/04/14 
2022/04/15 	29.899999618530273	30.399999618530273	29.649999618530273	29.899999618530273	57291	2022/04/15 
2022/04/18 	30.350000381469727	30.350000381469727	29.850000381469727	30.0	9500	2022/04/18 
2022/04/19 	30.149999618530273	30.799999237060547	30.0	30.049999237060547	33300	2022/04/19 
2022/04/20 	30.0	30.549999237060547	30.0	30.100000381469727	21340	2022/04/20 
2022/04/21 	29.75	30.549999237060547	29.75	30.200000762939453	7001	2022/04/21 
2022/04/22 	29.799999237060547	30.200000762939453	29.5	29.899999618530273	56801	2022/04/22 
2022/04/25 	29.899999618530273	30.149999618530273	29.600000381469727	30.0	28060	2022/04/25 
2022/04/26 	29.600000381469727	30.049999237060547	29.549999237060547	30.049999237060547	15127	2022/04/26 
2022/04/27 	29.25	29.25	29.200000762939453	29.200000762939453	3300	2022/04/27 
2022/04/28 	29.200000762939453	30.100000381469727	29.200000762939453	30.100000381469727	10300	2022/04/28 
2022/04/29 	29.350000381469727	30.399999618530273	29.350000381469727	30.299999237060547	32133	2022/04/29 
2022/05/03 	30.299999237060547	30.299999237060547	30.299999237060547	30.299999237060547	0	2022/05/03 
2022/05/04 	29.700000762939453	30.149999618530273	29.700000762939453	30.149999618530273	1040	2022/05/04 
2022/05/05 	29.350000381469727	29.950000762939453	29.149999618530273	29.149999618530273	2404	2022/05/05 
2022/05/06 	29.25	29.25	28.100000381469727	28.100000381469727	18100	2022/05/06 
2022/05/09 	28.049999237060547	29.100000381469727	27.100000381469727	28.100000381469727	38312	2022/05/09 
2022/05/10 	27.75	27.950000762939453	27.75	27.950000762939453	4035	2022/05/10 
2022/05/11 	28.450000762939453	28.600000381469727	28.450000762939453	28.450000762939453	12034	2022/05/11 
2022/05/12 	28.5	28.5	28.0	28.450000762939453	5002	2022/05/12 
2022/05/13 	28.450000762939453	28.450000762939453	28.450000762939453	28.450000762939453	0	2022/05/13 
2022/05/16 	28.75	29.299999237060547	28.299999237060547	29.299999237060547	14033	2022/05/16 
2022/05/17 	29.299999237060547	29.299999237060547	28.600000381469727	29.200000762939453	6100	2022/05/17 
2022/05/18 	29.350000381469727	29.350000381469727	28.649999618530273	28.649999618530273	1133	2022/05/18 
2022/05/19 	29.299999237060547	29.299999237060547	28.549999237060547	28.549999237060547	5333	2022/05/19 
2022/05/20 	28.549999237060547	28.549999237060547	28.549999237060547	28.549999237060547	0	2022/05/20 
2022/05/23 	28.549999237060547	29.0	28.5	28.5	19901	2022/05/23 
2022/05/24 	28.5	28.5	28.0	28.0	13100	2022/05/24 
2022/05/25 	27.549999237060547	28.950000762939453	27.549999237060547	28.950000762939453	11742	2022/05/25 
2022/05/26 	29.0	29.0	29.0	29.0	1533	2022/05/26 
2022/05/27 	28.200000762939453	29.0	28.200000762939453	28.5	7000	2022/05/27 
2022/05/30 	28.950000762939453	28.950000762939453	28.0	28.0	27474	2022/05/30 
2022/05/31 	28.799999237060547	28.799999237060547	27.75	28.450000762939453	21067	2022/05/31 
2022/06/01 	29.0	29.0	28.299999237060547	28.299999237060547	16067	2022/06/01 
2022/06/02 	29.100000381469727	29.100000381469727	28.200000762939453	28.200000762939453	8633	2022/06/02 
2022/06/06 	28.5	29.149999618530273	28.5	29.149999618530273	2033	2022/06/06 
2022/06/07 	29.299999237060547	29.299999237060547	28.149999618530273	28.899999618530273	11083	2022/06/07 
2022/06/08 	29.25	29.25	28.399999618530273	28.399999618530273	5500	2022/06/08 
2022/06/09 	27.899999618530273	28.700000762939453	27.899999618530273	28.700000762939453	2235	2022/06/09 
2022/06/10 	28.549999237060547	30.149999618530273	28.549999237060547	30.149999618530273	20067	2022/06/10 
2022/06/13 	28.850000381469727	29.600000381469727	28.850000381469727	28.850000381469727	10000	2022/06/13 
2022/06/14 	28.850000381469727	29.200000762939453	28.850000381469727	29.200000762939453	8033	2022/06/14 
2022/06/15 	28.5	28.5	28.399999618530273	28.399999618530273	8000	2022/06/15 
2022/06/16 	28.350000381469727	28.950000762939453	28.350000381469727	28.600000381469727	17110	2022/06/16 
2022/06/17 	29.0	29.0	29.0	29.0	533	2022/06/17 
2022/06/20 	28.200000762939453	29.399999618530273	28.200000762939453	28.899999618530273	17000	2022/06/20 
2022/06/21 	29.600000381469727	29.850000381469727	29.0	29.850000381469727	3600	2022/06/21 
2022/06/22 	30.0	30.600000381469727	29.5	29.600000381469727	39300	2022/06/22 
2022/06/23 	29.899999618530273	29.899999618530273	28.850000381469727	29.899999618530273	10430	2022/06/23 
2022/06/24 	29.75	30.100000381469727	29.299999237060547	29.5	39218	2022/06/24 
2022/06/27 	30.100000381469727	30.5	29.600000381469727	30.100000381469727	15000	2022/06/27 
2022/06/28 	29.600000381469727	30.350000381469727	29.450000762939453	29.450000762939453	5899	2022/06/28 
2022/06/29 	29.0	29.649999618530273	29.0	29.0	4262	2022/06/29 
2022/06/30 	29.700000762939453	29.700000762939453	29.0	29.0	4000	2022/06/30 
2022/07/01 	29.5	29.5	28.350000381469727	28.350000381469727	5000	2022/07/01 
2022/07/04 	28.350000381469727	28.350000381469727	28.299999237060547	28.299999237060547	4000	2022/07/04 
2022/07/05 	28.600000381469727	28.600000381469727	28.600000381469727	28.600000381469727	1000	2022/07/05 
2022/07/06 	28.100000381469727	28.100000381469727	28.049999237060547	28.100000381469727	7000	2022/07/06 
2022/07/07 	28.100000381469727	28.299999237060547	27.549999237060547	27.549999237060547	5000	2022/07/07 
2022/07/08 	27.850000381469727	28.549999237060547	27.799999237060547	28.0	10000	2022/07/08 
2022/07/11 	27.799999237060547	28.549999237060547	27.799999237060547	28.549999237060547	286	2022/07/11 
2022/07/12 	28.549999237060547	28.549999237060547	28.549999237060547	28.549999237060547	0	2022/07/12 
2022/07/13 	27.799999237060547	27.799999237060547	27.799999237060547	27.799999237060547	3000	2022/07/13 
2022/07/14 	27.799999237060547	27.799999237060547	27.799999237060547	27.799999237060547	0	2022/07/14 
2022/07/15 	27.799999237060547	27.799999237060547	27.799999237060547	27.799999237060547	0	2022/07/15 
2022/07/18 	27.5	28.299999237060547	27.5	28.299999237060547	5000	2022/07/18 
2022/07/19 	27.5	27.799999237060547	27.5	27.799999237060547	6150	2022/07/19 
2022/07/20 	27.350000381469727	27.5	26.299999237060547	26.299999237060547	25010	2022/07/20 
2022/07/21 	26.799999237060547	26.799999237060547	26.299999237060547	26.299999237060547	5000	2022/07/21 
2022/07/22 	26.200000762939453	26.200000762939453	26.149999618530273	26.149999618530273	7000	2022/07/22 
2022/07/25 	26.149999618530273	26.149999618530273	26.149999618530273	26.149999618530273	0	2022/07/25 
2022/07/26 	25.799999237060547	25.799999237060547	24.75	24.75	13515	2022/07/26 
2022/07/27 	25.299999237060547	25.299999237060547	24.75	25.299999237060547	1298	2022/07/27 
2022/07/28 	24.75	24.75	24.75	24.75	2000	2022/07/28 
2022/07/29 	24.75	24.75	23.799999237060547	24.75	17000	2022/07/29 
2022/08/01 	23.799999237060547	23.799999237060547	23.799999237060547	23.799999237060547	1	2022/08/01 
2022/08/02 	23.799999237060547	23.950000762939453	23.75	23.75	4275	2022/08/02 
2022/08/03 	23.75	23.899999618530273	23.75	23.75	5001	2022/08/03 
2022/08/04 	23.850000381469727	23.850000381469727	23.200000762939453	23.700000762939453	4243	2022/08/04 
2022/08/05 	22.850000381469727	23.299999237060547	22.850000381469727	23.0	6003	2022/08/05 
2022/08/08 	22.899999618530273	22.899999618530273	21.950000762939453	22.149999618530273	21419	2022/08/08 
2022/08/09 	22.200000762939453	22.200000762939453	21.399999618530273	21.5	9121	2022/08/09 
2022/08/10 	21.0	21.350000381469727	20.899999618530273	21.049999237060547	8538	2022/08/10 
2022/08/11 	20.899999618530273	21.049999237060547	19.950000762939453	19.950000762939453	12012	2022/08/11 
2022/08/12 	20.0	20.100000381469727	19.200000762939453	19.399999618530273	13617	2022/08/12 
2022/08/15 	19.149999618530273	19.200000762939453	17.649999618530273	17.649999618530273	34711	2022/08/15 
2022/08/16 	17.600000381469727	17.950000762939453	16.100000381469727	17.600000381469727	84160	2022/08/16 
2022/08/17 	16.799999237060547	17.049999237060547	15.149999618530273	17.049999237060547	98252	2022/08/17 
2022/08/18 	17.100000381469727	17.100000381469727	16.299999237060547	17.100000381469727	31567	2022/08/18 
2022/08/19 	17.049999237060547	17.049999237060547	15.5	15.699999809265137	49986	2022/08/19 
2022/08/22 	16.149999618530273	16.350000381469727	16.0	16.0	6080	2022/08/22 
2022/08/23 	16.600000381469727	16.600000381469727	16.049999237060547	16.149999618530273	10339	2022/08/23 
2022/08/24 	16.0	16.0	16.0	16.0	50	2022/08/24 
2022/08/25 	16.5	16.600000381469727	16.200000762939453	16.600000381469727	18119	2022/08/25 
2022/08/26 	16.049999237060547	16.700000762939453	16.049999237060547	16.5	28755	2022/08/26 
2022/08/29 	16.5	16.5	15.699999809265137	16.5	28028	2022/08/29 
2022/08/30 	15.800000190734863	16.299999237060547	15.800000190734863	15.800000190734863	2122	2022/08/30 
2022/08/31 	15.800000190734863	16.100000381469727	15.550000190734863	16.0	25781	2022/08/31 
2022/09/01 	16.049999237060547	17.049999237060547	15.75	17.049999237060547	57014	2022/09/01 
2022/09/02 	17.049999237060547	18.149999618530273	17.049999237060547	17.200000762939453	80355	2022/09/02 
2022/09/05 	17.25	17.5	17.0	17.0	19603	2022/09/05 
2022/09/06 	16.649999618530273	17.049999237060547	16.100000381469727	16.100000381469727	10222	2022/09/06 
2022/09/07 	16.100000381469727	16.700000762939453	16.0	16.0	5	2022/09/07 
2022/09/08 	16.0	16.649999618530273	16.0	16.649999618530273	3088	2022/09/08 
2022/09/12 	16.0	16.75	16.0	16.75	2005	2022/09/12 
2022/09/13 	16.75	16.799999237060547	16.5	16.75	23441	2022/09/13 
2022/09/14 	17.0	17.049999237060547	16.799999237060547	17.049999237060547	11010	2022/09/14 
2022/09/15 	17.100000381469727	17.100000381469727	16.299999237060547	16.5	11311	2022/09/15 
2022/09/16 	16.299999237060547	16.299999237060547	16.299999237060547	16.299999237060547	5000	2022/09/16 
2022/09/19 	16.299999237060547	16.299999237060547	16.299999237060547	16.299999237060547	0	2022/09/19 
2022/09/20 	16.299999237060547	16.299999237060547	16.299999237060547	16.299999237060547	0	2022/09/20 
2022/09/21 	16.299999237060547	16.299999237060547	16.299999237060547	16.299999237060547	0	2022/09/21 
2022/09/22 	16.299999237060547	16.299999237060547	16.299999237060547	16.299999237060547	0	2022/09/22 
2022/09/23 	16.25	16.25	16.25	16.25	2000	2022/09/23 
2022/09/26 	16.25	16.299999237060547	15.850000381469727	15.850000381469727	13029	2022/09/26 
2022/09/27 	15.800000190734863	15.949999809265137	15.0	15.600000381469727	20073	2022/09/27 
2022/09/28 	15.0	15.600000381469727	14.949999809265137	14.949999809265137	7041	2022/09/28 
2022/09/29 	14.949999809265137	14.949999809265137	14.949999809265137	14.949999809265137	4006	2022/09/29 
2022/09/30 	14.899999618530273	14.899999618530273	14.850000381469727	14.850000381469727	10102	2022/09/30 
2022/10/03 	15.25	15.25	14.899999618530273	14.899999618530273	1001	2022/10/03 
2022/10/04 	14.899999618530273	14.899999618530273	14.899999618530273	14.899999618530273	2001	2022/10/04 
2022/10/05 	14.850000381469727	14.850000381469727	14.850000381469727	14.850000381469727	3001	2022/10/05 
2022/10/06 	14.850000381469727	14.850000381469727	14.850000381469727	14.850000381469727	2000	2022/10/06 
2022/10/07 	14.850000381469727	14.850000381469727	14.600000381469727	14.600000381469727	8000	2022/10/07 
2022/10/11 	14.600000381469727	14.600000381469727	14.600000381469727	14.600000381469727	1	2022/10/11 
2022/10/12 	14.600000381469727	14.600000381469727	14.600000381469727	14.600000381469727	0	2022/10/12 
2022/10/13 	14.600000381469727	14.800000190734863	14.25	14.25	5200	2022/10/13 
2022/10/14 	14.25	14.300000190734863	14.050000190734863	14.050000190734863	14401	2022/10/14 
2022/10/17 	14.0	14.0	12.300000190734863	12.300000190734863	55618	2022/10/17 
2022/10/18 	12.300000190734863	12.5	11.25	11.800000190734863	76877	2022/10/18 
2022/10/19 	11.449999809265137	11.550000190734863	10.949999809265137	11.100000381469727	42900	2022/10/19 
2022/10/20 	11.100000381469727	11.199999809265137	10.449999809265137	10.5	42128	2022/10/20 
2022/10/21 	10.5	12.100000381469727	10.5	12.0	83531	2022/10/21 
2022/10/24 	12.100000381469727	12.350000381469727	10.850000381469727	12.350000381469727	153038	2022/10/24 
2022/10/25 	12.5	12.5	11.850000381469727	12.5	37308	2022/10/25 
2022/10/26 	11.899999618530273	12.5	11.899999618530273	12.199999809265137	7404	2022/10/26 
2022/10/27 	12.199999809265137	12.350000381469727	11.850000381469727	11.850000381469727	5043	2022/10/27 
2022/10/28 	11.850000381469727	12.449999809265137	11.850000381469727	12.449999809265137	11004	2022/10/28 
2022/10/31 	12.5	13.449999809265137	12.5	13.399999618530273	91662	2022/10/31 
2022/11/01 	13.0	13.449999809265137	12.949999809265137	13.350000381469727	36000	2022/11/01 
2022/11/02 	12.75	13.350000381469727	12.75	13.0	151865	2022/11/02 
2022/11/03 	13.0	13.149999618530273	12.850000381469727	12.899999618530273	39044	2022/11/03 
2022/11/04 	13.050000190734863	13.5	12.899999618530273	13.0	36006	2022/11/04 
2022/11/07 	13.5	13.600000381469727	12.949999809265137	13.600000381469727	24501	2022/11/07 
2022/11/08 	13.850000381469727	14.199999809265137	13.5	13.5	44002	2022/11/08 
2022/11/09 	13.5	14.699999809265137	13.5	14.100000381469727	36512	2022/11/09 
2022/11/10 	14.050000190734863	14.100000381469727	13.550000190734863	13.550000190734863	22502	2022/11/10 
2022/11/11 	13.550000190734863	14.699999809265137	13.550000190734863	14.100000381469727	51503	2022/11/11 
2022/11/14 	14.100000381469727	14.100000381469727	14.0	14.0	7500	2022/11/14 
2022/11/15 	14.0	14.199999809265137	13.699999809265137	13.699999809265137	11102	2022/11/15 
2022/11/16 	13.699999809265137	14.199999809265137	13.699999809265137	13.699999809265137	105	2022/11/16 
2022/11/17 	14.199999809265137	14.699999809265137	14.0	14.699999809265137	26031	2022/11/17 
2022/11/18 	14.050000190734863	14.699999809265137	14.050000190734863	14.300000190734863	21101	2022/11/18 
2022/11/21 	14.899999618530273	14.899999618530273	14.300000190734863	14.300000190734863	1015	2022/11/21 
2022/11/22 	14.300000190734863	14.300000190734863	14.199999809265137	14.199999809265137	7005	2022/11/22 
2022/11/23 	14.399999618530273	16.200000762939453	14.300000190734863	16.149999618530273	82599	2022/11/23 
2022/11/24 	15.699999809265137	18.700000762939453	15.699999809265137	18.649999618530273	126213	2022/11/24 
2022/11/25 	18.649999618530273	19.399999618530273	17.399999618530273	17.399999618530273	94889	2022/11/25 
2022/11/28 	18.100000381469727	18.100000381469727	17.200000762939453	18.049999237060547	17468	2022/11/28 
2022/11/29 	18.049999237060547	19.25	17.200000762939453	19.25	40784	2022/11/29 
2022/11/30 	19.25	19.25	17.450000762939453	18.200000762939453	67816	2022/11/30 
2022/12/01 	17.450000762939453	18.299999237060547	17.350000381469727	17.350000381469727	29195	2022/12/01 
2022/12/02 	17.350000381469727	18.149999618530273	17.350000381469727	17.350000381469727	2119	2022/12/02 
2022/12/05 	18.149999618530273	19.850000381469727	18.149999618530273	19.5	53055	2022/12/05 
2022/12/06 	19.149999618530273	19.950000762939453	17.700000762939453	17.700000762939453	117472	2022/12/06 
2022/12/07 	17.899999618530273	18.799999237060547	17.899999618530273	18.799999237060547	7365	2022/12/07 
2022/12/08 	18.299999237060547	19.200000762939453	18.299999237060547	19.200000762939453	6607	2022/12/08 
2022/12/09 	19.200000762939453	20.0	18.399999618530273	19.950000762939453	35365	2022/12/09 
2022/12/12 	19.950000762939453	20.799999237060547	19.5	20.799999237060547	31843	2022/12/12 
2022/12/13 	21.0	23.200000762939453	21.0	22.0	76860	2022/12/13 
2022/12/14 	21.25	22.0	20.0	20.0	39630	2022/12/14 
2022/12/15 	21.0	22.0	20.950000762939453	22.0	22789	2022/12/15 
2022/12/16 	20.950000762939453	22.0	20.700000762939453	20.899999618530273	24865	2022/12/16 
2022/12/19 	20.850000381469727	21.049999237060547	20.799999237060547	21.049999237060547	14408	2022/12/19 
2022/12/20 	20.5	21.0	20.0	21.0	12449	2022/12/20 
2022/12/21 	20.0	21.0	20.0	21.0	3614	2022/12/21 
2022/12/22 	21.049999237060547	21.049999237060547	20.049999237060547	21.049999237060547	2087	2022/12/22 
2022/12/23 	21.049999237060547	21.049999237060547	20.049999237060547	21.049999237060547	1024	2022/12/23 
2022/12/26 	21.049999237060547	21.049999237060547	19.600000381469727	19.600000381469727	18212	2022/12/26 
2022/12/27 	20.399999618530273	20.399999618530273	20.399999618530273	20.399999618530273	25	2022/12/27 
2022/12/28 	19.5	19.5	18.75	19.5	17434	2022/12/28 
2022/12/29 	19.700000762939453	19.700000762939453	18.899999618530273	18.899999618530273	26	2022/12/29 
2022/12/30 	18.899999618530273	19.700000762939453	18.799999237060547	18.950000762939453	15201	2022/12/30 
2023/01/03 	18.149999618530273	18.149999618530273	17.25	17.450000762939453	32290	2023/01/03 
2023/01/04 	17.450000762939453	17.450000762939453	17.049999237060547	17.100000381469727	4651	2023/01/04 
2023/01/05 	17.100000381469727	17.450000762939453	16.600000381469727	17.450000762939453	8089	2023/01/05 
2023/01/06 	16.649999618530273	16.649999618530273	16.649999618530273	16.649999618530273	1000	2023/01/06 
2023/01/09 	16.649999618530273	17.450000762939453	16.350000381469727	16.75	27588	2023/01/09 
2023/01/10 	16.350000381469727	16.5	16.049999237060547	16.5	9303	2023/01/10 
2023/01/11 	16.049999237060547	16.600000381469727	15.25	15.800000190734863	40087	2023/01/11 
2023/01/12 	15.25	16.0	15.25	16.0	4715	2023/01/12 
2023/01/13 	16.049999237060547	17.25	16.049999237060547	16.799999237060547	58316	2023/01/13 
2023/01/16 	16.799999237060547	17.450000762939453	16.700000762939453	16.700000762939453	20901	2023/01/16 
2023/01/17 	17.75	17.799999237060547	17.299999237060547	17.600000381469727	19700	2023/01/17 
2023/01/30 	17.0	17.450000762939453	16.799999237060547	17.450000762939453	23657	2023/01/30 
2023/01/31 	16.75	16.950000762939453	16.600000381469727	16.950000762939453	14821	2023/01/31 
2023/02/01 	16.899999618530273	16.899999618530273	16.149999618530273	16.899999618530273	1202	2023/02/01 
2023/02/02 	16.899999618530273	16.899999618530273	16.149999618530273	16.899999618530273	4303	2023/02/02 
2023/02/03 	16.149999618530273	16.950000762939453	16.149999618530273	16.950000762939453	10205	2023/02/03 
2023/02/06 	16.200000762939453	16.950000762939453	16.149999618530273	16.950000762939453	1110	2023/02/06 
2023/02/07 	16.149999618530273	17.600000381469727	16.149999618530273	17.5	84508	2023/02/07 
2023/02/08 	17.450000762939453	17.450000762939453	16.700000762939453	17.399999618530273	13101	2023/02/08 
2023/02/09 	16.700000762939453	17.850000381469727	16.700000762939453	17.850000381469727	33607	2023/02/09 
2023/02/10 	17.600000381469727	18.049999237060547	17.600000381469727	18.049999237060547	19606	2023/02/10 
2023/02/13 	17.200000762939453	17.200000762939453	16.649999618530273	16.649999618530273	26117	2023/02/13 
2023/02/14 	16.649999618530273	17.5	16.649999618530273	17.5	13606	2023/02/14 
2023/02/15 	17.5	17.5	16.799999237060547	17.299999237060547	13103	2023/02/15 
2023/02/16 	17.299999237060547	18.100000381469727	17.299999237060547	17.399999618530273	23664	2023/02/16 
2023/02/17 	17.899999618530273	18.25	17.399999618530273	18.25	11002	2023/02/17 
2023/02/20 	18.25	18.299999237060547	18.0	18.299999237060547	28225	2023/02/20 
2023/02/21 	18.299999237060547	19.200000762939453	17.549999237060547	19.200000762939453	65763	2023/02/21 
2023/02/22 	19.25	20.200000762939453	18.799999237060547	20.0	131695	2023/02/22 
2023/02/23 	19.5	20.149999618530273	18.850000381469727	19.299999237060547	43610	2023/02/23 
2023/02/24 	19.25	19.25	18.399999618530273	18.700000762939453	7511	2023/02/24 
2023/03/01 	18.399999618530273	18.649999618530273	17.850000381469727	18.549999237060547	25217	2023/03/01 
2023/03/02 	18.549999237060547	19.200000762939453	18.25	19.200000762939453	24108	2023/03/02 
2023/03/03 	19.200000762939453	19.399999618530273	19.200000762939453	19.350000381469727	11406	2023/03/03 
2023/03/06 	19.350000381469727	19.399999618530273	18.450000762939453	19.25	86707	2023/03/06 
2023/03/07 	18.450000762939453	19.299999237060547	18.399999618530273	19.200000762939453	36505	2023/03/07 
2023/03/08 	18.5	19.25	18.5	19.0	17207	2023/03/08 
2023/03/09 	19.100000381469727	19.100000381469727	19.100000381469727	19.100000381469727	2	2023/03/09 
2023/03/10 	19.100000381469727	19.100000381469727	18.299999237060547	18.850000381469727	22013	2023/03/10 
2023/03/13 	18.850000381469727	18.850000381469727	18.049999237060547	18.850000381469727	10014	2023/03/13 
2023/03/14 	18.850000381469727	18.850000381469727	18.049999237060547	18.850000381469727	4004	2023/03/14 
2023/03/15 	18.850000381469727	19.649999618530273	18.700000762939453	19.649999618530273	23389	2023/03/15 
2023/03/16 	19.600000381469727	19.600000381469727	18.350000381469727	19.0	1231108	2023/03/16 
2023/03/17 	19.399999618530273	19.450000762939453	18.899999618530273	19.450000762939453	9904	2023/03/17 
2023/03/20 	19.450000762939453	19.450000762939453	18.799999237060547	19.450000762939453	204	2023/03/20 
2023/03/21 	19.399999618530273	19.5	18.299999237060547	18.600000381469727	441429	2023/03/21 
2023/03/22 	18.200000762939453	19.0	18.200000762939453	18.700000762939453	532	2023/03/22 
2023/03/23 	18.700000762939453	19.100000381469727	18.299999237060547	19.100000381469727	16454	2023/03/23 
2023/03/24 	19.149999618530273	19.149999618530273	18.5	18.5	3001	2023/03/24 
2023/03/27 	19.149999618530273	21.549999237060547	19.149999618530273	20.25	160735	2023/03/27 
2023/03/28 	19.450000762939453	20.25	19.450000762939453	19.450000762939453	4857	2023/03/28 
2023/03/29 	20.200000762939453	21.25	19.450000762939453	21.0	50877	2023/03/29 
2023/03/30 	21.950000762939453	22.149999618530273	21.149999618530273	21.600000381469727	37021	2023/03/30 
2023/03/31 	22.100000381469727	22.200000762939453	20.799999237060547	21.5	55687	2023/03/31 
2023/04/06 	21.5	21.5	19.850000381469727	20.450000762939453	35367	2023/04/06 
2023/04/07 	20.399999618530273	20.450000762939453	19.5	20.399999618530273	22218	2023/04/07 
2023/04/10 	20.399999618530273	20.75	20.200000762939453	20.200000762939453	8869	2023/04/10 
2023/04/11 	20.799999237060547	21.049999237060547	20.600000381469727	21.049999237060547	8120	2023/04/11 
2023/04/12 	21.049999237060547	21.049999237060547	20.149999618530273	20.950000762939453	7104	2023/04/12 
2023/04/13 	21.200000762939453	21.200000762939453	19.399999618530273	19.899999618530273	52824	2023/04/13 
2023/04/14 	19.899999618530273	22.049999237060547	19.899999618530273	21.649999618530273	126248	2023/04/14 
2023/04/17 	22.100000381469727	24.950000762939453	21.950000762939453	24.200000762939453	258710	2023/04/17 
2023/04/18 	24.0	27.600000381469727	24.0	26.799999237060547	261321	2023/04/18 
2023/04/19 	28.049999237060547	29.399999618530273	26.899999618530273	27.149999618530273	279094	2023/04/19 
2023/04/20 	27.5	28.049999237060547	26.299999237060547	26.299999237060547	201158	2023/04/20 
2023/04/21 	26.649999618530273	28.049999237060547	25.299999237060547	25.549999237060547	143145	2023/04/21 
2023/04/24 	30.0	31.549999237060547	26.700000762939453	26.950000762939453	182504	2023/04/24 
2023/04/25 	28.600000381469727	30.700000762939453	27.549999237060547	27.850000381469727	104227	2023/04/25 
2023/04/26 	31.200000762939453	31.200000762939453	26.799999237060547	27.399999618530273	217137	2023/04/26 
2023/04/27 	29.5	29.5	27.299999237060547	28.0	111140	2023/04/27 
2023/04/28 	28.600000381469727	30.549999237060547	28.149999618530273	29.450000762939453	141406	2023/04/28 
2023/05/02 	30.0	30.0	27.149999618530273	28.75	101819	2023/05/02 
2023/05/03 	28.799999237060547	28.799999237060547	25.649999618530273	26.0	88976	2023/05/03 
2023/05/04 	26.850000381469727	27.100000381469727	25.899999618530273	25.899999618530273	52574	2023/05/04 
2023/05/05 	27.25	27.399999618530273	26.549999237060547	27.299999237060547	22159	2023/05/05 
2023/05/08 	27.549999237060547	28.100000381469727	26.600000381469727	28.0	35567	2023/05/08 
2023/05/09 	28.100000381469727	28.399999618530273	27.600000381469727	28.399999618530273	47089	2023/05/09 
2023/05/10 	28.350000381469727	28.399999618530273	27.100000381469727	28.399999618530273	18370	2023/05/10 
2023/05/11 	28.399999618530273	28.399999618530273	27.5	28.350000381469727	5002	2023/05/11 
2023/05/12 	26.350000381469727	27.299999237060547	25.950000762939453	27.049999237060547	16015	2023/05/12 
2023/05/15 	27.100000381469727	27.100000381469727	25.100000381469727	25.399999618530273	40308	2023/05/15 
2023/05/16 	26.700000762939453	26.700000762939453	24.799999237060547	24.799999237060547	37553	2023/05/16 
2023/05/17 	24.799999237060547	25.350000381469727	24.75	24.75	7004	2023/05/17 
2023/05/18 	24.700000762939453	24.799999237060547	24.049999237060547	24.049999237060547	15166	2023/05/18 
2023/05/19 	24.950000762939453	24.950000762939453	24.049999237060547	24.100000381469727	5029	2023/05/19 
2023/05/22 	24.100000381469727	24.950000762939453	23.899999618530273	24.950000762939453	9033	2023/05/22 
2023/05/23 	24.049999237060547	25.149999618530273	24.0	24.100000381469727	17994	2023/05/23 
2023/05/24 	25.0	25.0	23.850000381469727	23.850000381469727	11	2023/05/24 
2023/05/25 	23.850000381469727	25.149999618530273	23.850000381469727	25.149999618530273	26324	2023/05/25 
2023/05/26 	25.850000381469727	26.100000381469727	25.0	26.100000381469727	16016	2023/05/26 
2023/05/29 	26.149999618530273	26.25	25.100000381469727	26.25	10040	2023/05/29 
2023/05/30 	26.149999618530273	26.149999618530273	25.049999237060547	26.0	8025	2023/05/30 
2023/05/31 	25.049999237060547	26.100000381469727	25.049999237060547	25.899999618530273	12210	2023/05/31 
2023/06/01 	25.850000381469727	25.850000381469727	24.799999237060547	24.899999618530273	22101	2023/06/01 
2023/06/02 	25.0	25.5	24.600000381469727	25.450000762939453	24076	2023/06/02 
2023/06/05 	25.450000762939453	25.450000762939453	23.950000762939453	24.950000762939453	33808	2023/06/05 
2023/06/06 	24.200000762939453	24.950000762939453	23.899999618530273	24.899999618530273	30009	2023/06/06 
2023/06/07 	24.0	25.200000762939453	24.0	25.200000762939453	41027	2023/06/07 
2023/06/08 	24.100000381469727	25.299999237060547	24.100000381469727	25.25	8027	2023/06/08 
2023/06/09 	25.25	25.299999237060547	24.299999237060547	25.299999237060547	10614	2023/06/09 
2023/06/12 	24.700000762939453	25.299999237060547	23.700000762939453	24.899999618530273	32349	2023/06/12 
2023/06/13 	24.0	24.950000762939453	23.799999237060547	24.700000762939453	14010	2023/06/13 
2023/06/14 	23.850000381469727	24.850000381469727	23.850000381469727	24.5	21024	2023/06/14 
2023/06/15 	24.799999237060547	27.350000381469727	24.799999237060547	27.0	79296	2023/06/15 
2023/06/16 	26.399999618530273	29.299999237060547	26.399999618530273	28.799999237060547	302396	2023/06/16 
2023/06/19 	28.0	31.200000762939453	28.0	30.850000381469727	224688	2023/06/19 
2023/06/20 	30.299999237060547	31.700000762939453	29.0	29.399999618530273	192097	2023/06/20 
2023/06/21 	28.950000762939453	29.200000762939453	27.700000762939453	29.0	138294	2023/06/21 
2023/06/26 	28.0	29.100000381469727	28.0	29.100000381469727	1408	2023/06/26 
2023/06/27 	29.049999237060547	31.0	24.799999237060547	30.649999618530273	296949	2023/06/27 
2023/06/28 	30.700000762939453	30.700000762939453	28.399999618530273	29.700000762939453	66450	2023/06/28 
2023/06/29 	29.600000381469727	29.700000762939453	29.0	29.700000762939453	8018	2023/06/29 
2023/06/30 	30.0	30.200000762939453	27.799999237060547	28.0	113225	2023/06/30 
2023/07/03 	27.5	28.399999618530273	27.0	28.399999618530273	12012	2023/07/03 
2023/07/04 	28.399999618530273	28.600000381469727	26.149999618530273	27.0	173526	2023/07/04 
2023/07/05 	26.200000762939453	27.799999237060547	26.200000762939453	27.75	11022	2023/07/05 
2023/07/06 	27.75	27.75	27.0	27.75	1111	2023/07/06 
2023/07/07 	27.75	27.75	26.649999618530273	27.75	2252	2023/07/07 
2023/07/10 	27.700000762939453	27.700000762939453	26.649999618530273	27.700000762939453	30	2023/07/10 
2023/07/11 	27.700000762939453	28.399999618530273	26.149999618530273	26.950000762939453	103261	2023/07/11 
2023/07/12 	25.649999618530273	27.0	25.649999618530273	27.0	5010	2023/07/12 
2023/07/13 	25.75	27.0	25.75	26.899999618530273	6015	2023/07/13 
2023/07/14 	26.899999618530273	27.0	26.0	26.950000762939453	22384	2023/07/14 
2023/07/17 	26.850000381469727	27.399999618530273	26.0	26.200000762939453	34007	2023/07/17 
2023/07/18 	27.149999618530273	27.149999618530273	25.899999618530273	26.299999237060547	17014	2023/07/18 
2023/07/19 	25.75	26.200000762939453	25.600000381469727	25.600000381469727	18000	2023/07/19 
2023/07/20 	25.649999618530273	25.75	25.600000381469727	25.75	8000	2023/07/20 
2023/07/21 	25.100000381469727	25.5	24.899999618530273	25.200000762939453	39011	2023/07/21 
2023/07/24 	25.200000762939453	25.200000762939453	24.850000381469727	25.0	31000	2023/07/24 
2023/07/25 	24.75	24.950000762939453	23.5	23.799999237060547	45202	2023/07/25 
2023/07/26 	23.549999237060547	24.600000381469727	22.649999618530273	23.450000762939453	48229	2023/07/26 
2023/07/27 	22.649999618530273	24.149999618530273	22.649999618530273	23.799999237060547	35040	2023/07/27 
2023/07/28 	23.799999237060547	24.200000762939453	23.700000762939453	24.149999618530273	8261	2023/07/28 
2023/07/31 	24.149999618530273	24.200000762939453	23.850000381469727	24.200000762939453	8602	2023/07/31 
2023/08/01 	24.149999618530273	24.149999618530273	23.700000762939453	24.100000381469727	3144	2023/08/01 
2023/08/02 	23.700000762939453	24.149999618530273	23.0	23.950000762939453	16383	2023/08/02 
2023/08/04 	23.0	24.100000381469727	22.850000381469727	24.100000381469727	47299	2023/08/04 
2023/08/07 	24.100000381469727	24.100000381469727	23.200000762939453	23.200000762939453	4200	2023/08/07 
2023/08/08 	24.049999237060547	24.149999618530273	23.5	24.149999618530273	22519	2023/08/08 
2023/08/09 	24.149999618530273	24.299999237060547	23.850000381469727	24.299999237060547	6009	2023/08/09 
2023/08/10 	24.25	24.25	23.149999618530273	24.25	14609	2023/08/10 
2023/08/11 	24.299999237060547	24.299999237060547	23.200000762939453	24.200000762939453	4007	2023/08/11 
2023/08/14 	24.200000762939453	24.25	24.0	24.25	21404	2023/08/14 
2023/08/15 	24.25	24.25	23.25	24.25	2103	2023/08/15 
2023/08/16 	24.25	24.25	24.25	24.25	2200	2023/08/16 
2023/08/17 	24.299999237060547	24.299999237060547	23.25	24.299999237060547	1103	2023/08/17 
2023/08/18 	24.299999237060547	24.299999237060547	23.25	24.299999237060547	3013	2023/08/18 
2023/08/21 	24.299999237060547	24.299999237060547	24.299999237060547	24.299999237060547	39	2023/08/21 
2023/08/22 	24.299999237060547	24.299999237060547	23.299999237060547	24.0	6100	2023/08/22 
2023/08/23 	24.299999237060547	24.299999237060547	24.299999237060547	24.299999237060547	3	2023/08/23 
2023/08/24 	24.299999237060547	24.299999237060547	24.299999237060547	24.299999237060547	100	2023/08/24 
2023/08/25 	24.299999237060547	24.299999237060547	24.299999237060547	24.299999237060547	0	2023/08/25 
2023/08/28 	23.200000762939453	23.200000762939453	21.850000381469727	22.649999618530273	28100	2023/08/28 
2023/08/29 	22.649999618530273	22.649999618530273	22.649999618530273	22.649999618530273	0	2023/08/29 
2023/08/30 	22.5	22.799999237060547	21.850000381469727	21.850000381469727	3400	2023/08/30 
2023/08/31 	21.850000381469727	22.0	21.850000381469727	22.0	2000	2023/08/31 
2023/09/01 	22.75	22.899999618530273	22.0	22.899999618530273	17361	2023/09/01 
2023/09/04 	22.399999618530273	22.600000381469727	22.399999618530273	22.600000381469727	4150	2023/09/04 
2023/09/05 	22.149999618530273	22.899999618530273	22.049999237060547	22.600000381469727	17000	2023/09/05 
2023/09/06 	22.700000762939453	22.700000762939453	22.100000381469727	22.350000381469727	5007	2023/09/06 
2023/09/07 	22.049999237060547	22.950000762939453	21.899999618530273	22.299999237060547	18004	2023/09/07 
2023/09/08 	22.299999237060547	22.299999237060547	22.299999237060547	22.299999237060547	0	2023/09/08 
2023/09/11 	22.450000762939453	22.450000762939453	22.450000762939453	22.450000762939453	2	2023/09/11 
2023/09/12 	21.649999618530273	22.350000381469727	21.399999618530273	21.950000762939453	4203	2023/09/12 
2023/09/13 	21.950000762939453	22.25	21.5	21.850000381469727	22726	2023/09/13 
2023/09/14 	21.5	21.899999618530273	21.5	21.899999618530273	1601	2023/09/14 
2023/09/15 	21.899999618530273	21.899999618530273	20.950000762939453	21.5	14360	2023/09/15 
2023/09/18 	20.950000762939453	21.5	20.700000762939453	20.700000762939453	15000	2023/09/18 
2023/09/19 	21.200000762939453	21.200000762939453	20.299999237060547	20.299999237060547	12200	2023/09/19 
2023/09/20 	21.25	21.25	21.25	21.25	100	2023/09/20 
2023/09/21 	20.299999237060547	20.350000381469727	20.25	20.350000381469727	9000	2023/09/21 
2023/09/22 	20.200000762939453	20.200000762939453	20.200000762939453	20.200000762939453	6000	2023/09/22 
2023/09/25 	20.450000762939453	20.450000762939453	20.450000762939453	20.450000762939453	2001	2023/09/25 
2023/09/26 	20.450000762939453	20.450000762939453	20.450000762939453	20.450000762939453	0	2023/09/26 
2023/09/27 	20.100000381469727	20.200000762939453	20.0	20.100000381469727	6500	2023/09/27 
2023/09/28 	20.399999618530273	20.399999618530273	20.399999618530273	20.399999618530273	1000	2023/09/28 
2023/10/02 	20.0	20.5	20.0	20.5	8000	2023/10/02 
2023/10/03 	20.100000381469727	20.100000381469727	20.100000381469727	20.100000381469727	3000	2023/10/03 
2023/10/04 	20.299999237060547	20.299999237060547	20.299999237060547	20.299999237060547	1000	2023/10/04 
2023/10/05 	20.299999237060547	20.700000762939453	20.0	20.100000381469727	9000	2023/10/05 
2023/10/06 	20.0	20.0	20.0	20.0	3000	2023/10/06 
2023/10/11 	20.299999237060547	20.299999237060547	19.950000762939453	20.299999237060547	11100	2023/10/11 
2023/10/12 	20.399999618530273	20.399999618530273	20.299999237060547	20.299999237060547	4000	2023/10/12 
2023/10/13 	20.0	20.0	19.649999618530273	19.649999618530273	10000	2023/10/13 
2023/10/16 	20.049999237060547	20.100000381469727	20.049999237060547	20.100000381469727	8715	2023/10/16 
2023/10/17 	20.549999237060547	20.549999237060547	20.450000762939453	20.450000762939453	3200	2023/10/17 
2023/10/18 	20.049999237060547	20.350000381469727	20.0	20.0	12500	2023/10/18 
2023/10/19 	20.0	20.0	20.0	20.0	1000	2023/10/19 
2023/10/20 	20.0	20.0	20.0	20.0	1200	2023/10/20 
2023/10/23 	20.0	20.0	20.0	20.0	0	2023/10/23 
2023/10/24 	20.0	20.0	20.0	20.0	0	2023/10/24 
2023/10/25 	20.0	20.450000762939453	19.549999237060547	20.0	4262	2023/10/25 
2023/10/26 	20.0	20.0	19.5	19.899999618530273	4010	2023/10/26 
2023/10/27 	19.399999618530273	19.700000762939453	19.399999618530273	19.700000762939453	4000	2023/10/27 
2023/10/30 	19.5	19.5	19.5	19.5	22	2023/10/30 
2023/10/31 	19.149999618530273	19.149999618530273	19.149999618530273	19.149999618530273	1000	2023/10/31 
2023/11/01 	19.149999618530273	19.149999618530273	19.049999237060547	19.149999618530273	28010	2023/11/01 
2023/11/02 	19.100000381469727	19.100000381469727	19.100000381469727	19.100000381469727	40	2023/11/02 
2023/11/03 	19.100000381469727	19.100000381469727	19.100000381469727	19.100000381469727	10	2023/11/03 
2023/11/06 	19.100000381469727	19.100000381469727	19.049999237060547	19.049999237060547	260	2023/11/06 
2023/11/07 	19.049999237060547	19.049999237060547	19.049999237060547	19.049999237060547	10	2023/11/07 
2023/11/08 	19.049999237060547	19.049999237060547	18.100000381469727	18.649999618530273	15402	2023/11/08 
2023/11/09 	18.649999618530273	18.649999618530273	18.649999618530273	18.649999618530273	1730	2023/11/09 
2023/11/10 	18.649999618530273	18.649999618530273	18.649999618530273	18.649999618530273	10	2023/11/10 
2023/11/13 	18.649999618530273	18.649999618530273	18.0	18.0	645	2023/11/13 
2023/11/14 	18.0	18.649999618530273	18.0	18.649999618530273	1647	2023/11/14 
2023/11/15 	18.0	18.0	18.0	18.0	2300	2023/11/15 
2023/11/16 	18.0	18.5	18.0	18.0	18580	2023/11/16 
2023/11/17 	18.0	18.049999237060547	17.899999618530273	18.0	25510	2023/11/17 
2023/11/20 	17.899999618530273	18.299999237060547	17.899999618530273	17.899999618530273	9115	2023/11/20 
2023/11/21 	17.850000381469727	18.549999237060547	17.850000381469727	18.100000381469727	5610	2023/11/21 
2023/11/22 	18.549999237060547	18.600000381469727	18.299999237060547	18.299999237060547	13123	2023/11/22 
2023/11/23 	18.950000762939453	18.950000762939453	18.25	18.700000762939453	9610	2023/11/23 
2023/11/24 	18.950000762939453	18.950000762939453	18.25	18.25	4250	2023/11/24 
2023/11/27 	18.950000762939453	19.549999237060547	18.950000762939453	19.549999237060547	23665	2023/11/27 
2023/11/28 	18.850000381469727	19.600000381469727	18.649999618530273	19.600000381469727	29260	2023/11/28 
2023/11/29 	18.899999618530273	18.899999618530273	18.899999618530273	18.899999618530273	2000	2023/11/29 
2023/11/30 	18.899999618530273	18.899999618530273	18.899999618530273	18.899999618530273	0	2023/11/30 
2023/12/01 	19.600000381469727	22.5	19.600000381469727	21.450000762939453	79070	2023/12/01 
2023/12/04 	22.149999618530273	22.5	21.0	21.0	23215	2023/12/04 
2023/12/05 	21.5	21.5	20.899999618530273	20.899999618530273	4040	2023/12/05 
2023/12/06 	21.5	21.5	21.100000381469727	21.350000381469727	14002	2023/12/06 
2023/12/07 	20.850000381469727	20.850000381469727	20.850000381469727	20.850000381469727	1000	2023/12/07 
2023/12/08 	20.850000381469727	21.0	20.799999237060547	20.950000762939453	37013	2023/12/08 
2023/12/11 	20.049999237060547	20.299999237060547	20.0	20.200000762939453	9013	2023/12/11 
2023/12/12 	20.149999618530273	20.200000762939453	20.149999618530273	20.200000762939453	4020	2023/12/12 
2023/12/13 	20.0	20.149999618530273	19.25	20.100000381469727	7035	2023/12/13 
2023/12/14 	20.149999618530273	20.149999618530273	20.149999618530273	20.149999618530273	2306	2023/12/14 
2023/12/15 	20.149999618530273	20.5	20.149999618530273	20.5	15004	2023/12/15 
2023/12/18 	19.649999618530273	20.25	19.600000381469727	19.799999237060547	15010	2023/12/18 
2023/12/19 	20.299999237060547	20.350000381469727	19.850000381469727	19.950000762939453	6003	2023/12/19 
2023/12/20 	20.299999237060547	20.299999237060547	20.299999237060547	20.299999237060547	2253	2023/12/20 
2023/12/21 	20.649999618530273	20.649999618530273	20.649999618530273	20.649999618530273	1000	2023/12/21 
2023/12/22 	24.0	26.600000381469727	23.75	25.149999618530273	228030	2023/12/22 
2023/12/25 	24.149999618530273	24.149999618530273	22.850000381469727	22.850000381469727	49393	2023/12/25 
2023/12/26 	22.850000381469727	23.100000381469727	20.700000762939453	22.149999618530273	84184	2023/12/26 
2023/12/27 	21.549999237060547	22.149999618530273	21.149999618530273	21.149999618530273	10604	2023/12/27 
2023/12/28 	21.149999618530273	22.100000381469727	21.100000381469727	21.100000381469727	26626	2023/12/28 
2023/12/29 	21.100000381469727	22.100000381469727	21.100000381469727	21.200000762939453	17114	2023/12/29 
2024/01/02 	23.149999618530273	23.149999618530273	22.100000381469727	23.100000381469727	6120	2024/01/02 
2024/01/03 	22.100000381469727	23.100000381469727	21.950000762939453	23.0	8148	2024/01/03 
2024/01/04 	23.0	23.0	21.25	21.25	7141	2024/01/04 
2024/01/05 	21.25	22.299999237060547	21.25	21.850000381469727	8627	2024/01/05 
2024/01/08 	21.850000381469727	22.299999237060547	21.5	21.899999618530273	17040	2024/01/08 
2024/01/09 	20.899999618530273	21.799999237060547	20.899999618530273	20.899999618530273	7003	2024/01/09 
2024/01/10 	20.850000381469727	20.850000381469727	20.850000381469727	20.850000381469727	3000	2024/01/10 
2024/01/11 	20.799999237060547	21.200000762939453	20.149999618530273	20.149999618530273	5416	2024/01/11 
2024/01/12 	20.149999618530273	21.100000381469727	20.149999618530273	21.0	2176	2024/01/12 
2024/01/15 	21.0	21.0	21.0	21.0	0	2024/01/15 
2024/01/16 	20.549999237060547	21.149999618530273	20.549999237060547	21.149999618530273	12	2024/01/16 
2024/01/17 	21.149999618530273	22.049999237060547	21.0	21.549999237060547	14510	2024/01/17 
2024/01/18 	21.049999237060547	22.049999237060547	21.0	21.0	4145	2024/01/18 
2024/01/19 	21.0	22.049999237060547	21.0	22.049999237060547	1010	2024/01/19 
2024/01/22 	22.049999237060547	22.049999237060547	20.600000381469727	21.0	17315	2024/01/22 
2024/01/23 	20.899999618530273	21.649999618530273	20.799999237060547	21.649999618530273	544	2024/01/23 
2024/01/24 	21.649999618530273	21.649999618530273	20.799999237060547	20.799999237060547	1112	2024/01/24 
2024/01/25 	21.649999618530273	21.649999618530273	20.600000381469727	20.799999237060547	10144	2024/01/25 
2024/01/26 	20.0	20.850000381469727	20.0	20.850000381469727	3046	2024/01/26 
2024/01/29 	20.200000762939453	20.950000762939453	20.0	20.950000762939453	6058	2024/01/29 
2024/01/30 	20.0	20.75	19.950000762939453	20.75	12020	2024/01/30 
2024/01/31 	20.450000762939453	20.5	20.200000762939453	20.200000762939453	14000	2024/01/31 
2024/02/01 	20.950000762939453	21.100000381469727	20.200000762939453	21.100000381469727	36694	2024/02/01 
2024/02/02 	20.200000762939453	21.049999237060547	19.950000762939453	20.299999237060547	13068	2024/02/02 
2024/02/05 	19.950000762939453	20.850000381469727	19.899999618530273	20.600000381469727	17328	2024/02/05 
2024/02/15 	20.899999618530273	21.100000381469727	19.950000762939453	21.100000381469727	27144	2024/02/15 
2024/02/16 	21.200000762939453	21.399999618530273	20.549999237060547	20.799999237060547	8722	2024/02/16 
2024/02/19 	21.549999237060547	31.700000762939453	21.350000381469727	31.5	1044423	2024/02/19 
2024/02/20 	33.04999923706055	40.900001525878906	32.0	39.70000076293945	2142053	2024/02/20 
2024/02/21 	39.599998474121094	41.29999923706055	34.5	35.29999923706055	1112988	2024/02/21 
2024/02/22 	34.95000076293945	35.099998474121094	31.100000381469727	32.20000076293945	540904	2024/02/22 
2024/02/23 	32.95000076293945	37.79999923706055	31.549999237060547	35.70000076293945	527590	2024/02/23 
2024/02/26 	35.54999923706055	41.150001525878906	35.0	39.150001525878906	700006	2024/02/26 
2024/02/27 	40.29999923706055	40.900001525878906	35.099998474121094	39.599998474121094	471746	2024/02/27 
2024/02/29 	39.400001525878906	39.400001525878906	36.0	37.25	316219	2024/02/29 
2024/03/01 	37.04999923706055	37.400001525878906	34.79999923706055	36.0	187234	2024/03/01 
2024/03/04 	35.099998474121094	39.599998474121094	34.79999923706055	38.5	245458	2024/03/04 
2024/03/05 	38.5	38.95000076293945	37.0	38.95000076293945	212633	2024/03/05 
2024/03/06 	40.79999923706055	41.04999923706055	36.5	38.29999923706055	370136	2024/03/06 
2024/03/07 	38.25	38.25	35.349998474121094	36.25	200117	2024/03/07 
2024/03/08 	36.599998474121094	37.849998474121094	35.349998474121094	37.5	94853	2024/03/08 
2024/03/11 	36.29999923706055	39.599998474121094	36.29999923706055	39.20000076293945	210095	2024/03/11 
2024/03/12 	39.849998474121094	40.599998474121094	36.29999923706055	37.5	361990	2024/03/12 
2024/03/13 	38.70000076293945	38.70000076293945	35.599998474121094	36.95000076293945	200538	2024/03/13 
2024/03/14 	36.849998474121094	36.900001525878906	35.5	36.650001525878906	113361	2024/03/14 
2024/03/15 	36.5	36.5	32.599998474121094	34.099998474121094	259241	2024/03/15 
2024/03/18 	39.79999923706055	41.79999923706055	37.849998474121094	39.29999923706055	241464	2024/03/18 
2024/03/19 	39.95000076293945	40.29999923706055	37.099998474121094	38.79999923706055	155940	2024/03/19 
2024/03/20 	39.599998474121094	40.0	36.849998474121094	37.75	64252	2024/03/20 
2024/03/21 	37.75	37.900001525878906	36.349998474121094	37.900001525878906	32892	2024/03/21 
2024/03/22 	38.0	38.150001525878906	36.349998474121094	36.349998474121094	24079	2024/03/22 
2024/03/25 	37.900001525878906	40.29999923706055	37.54999923706055	39.45000076293945	252478	2024/03/25 
2024/03/26 	39.45000076293945	39.45000076293945	39.45000076293945	39.45000076293945	0	2024/03/26 
2024/03/27 	37.95000076293945	38.349998474121094	36.0	38.099998474121094	66973	2024/03/27 
2024/03/28 	38.099998474121094	38.099998474121094	36.20000076293945	36.75	101187	2024/03/28 
2024/03/29 	36.45000076293945	37.0	35.650001525878906	35.849998474121094	94051	2024/03/29 
2024/04/01 	36.599998474121094	36.95000076293945	35.54999923706055	36.650001525878906	74437	2024/04/01 
2024/04/02 	36.650001525878906	36.70000076293945	34.70000076293945	35.400001525878906	110770	2024/04/02 
2024/04/03 	35.400001525878906	35.45000076293945	34.20000076293945	35.099998474121094	47018	2024/04/03 
2024/04/08 	35.099998474121094	35.75	34.099998474121094	35.5	44258	2024/04/08 
2024/04/09 	35.5	42.0	35.5	39.5	477520	2024/04/09 
2024/04/10 	40.150001525878906	40.20000076293945	36.900001525878906	36.900001525878906	159479	2024/04/10 
2024/04/11 	40.0	40.0	38.0	39.20000076293945	93657	2024/04/11 
2024/04/12 	40.20000076293945	40.20000076293945	38.099998474121094	38.099998474121094	20805	2024/04/12 
2024/04/15 	39.70000076293945	39.70000076293945	37.849998474121094	39.599998474121094	136914	2024/04/15 
2024/04/16 	40.650001525878906	40.95000076293945	38.20000076293945	39.45000076293945	168226	2024/04/16 
2024/04/17 	39.0	40.0	38.0	39.599998474121094	79011	2024/04/17 
2024/04/18 	41.04999923706055	41.5	38.0	39.5	124687	2024/04/18 
2024/04/19 	41.0	41.29999923706055	38.04999923706055	39.29999923706055	69118	2024/04/19 
2024/04/22 	39.79999923706055	39.79999923706055	35.54999923706055	37.900001525878906	176043	2024/04/22 
2024/04/23 	37.849998474121094	37.849998474121094	34.79999923706055	36.25	108965	2024/04/23 
2024/04/24 	35.5	36.099998474121094	33.849998474121094	35.25	240136	2024/04/24 
2024/04/25 	33.849998474121094	34.400001525878906	32.349998474121094	33.849998474121094	114220	2024/04/25 
2024/04/26 	33.900001525878906	33.900001525878906	31.200000762939453	32.849998474121094	202899	2024/04/26 
2024/04/29 	32.79999923706055	32.79999923706055	31.399999618530273	32.5	50663	2024/04/29 
2024/04/30 	32.5	32.95000076293945	31.799999237060547	32.900001525878906	10608	2024/04/30 
2024/05/02 	32.45000076293945	32.45000076293945	31.399999618530273	31.600000381469727	21400	2024/05/02 
2024/05/03 	32.45000076293945	33.25	31.649999618530273	33.25	30213	2024/05/03 
2024/05/06 	33.20000076293945	33.20000076293945	31.649999618530273	32.70000076293945	20306	2024/05/06 
2024/05/07 	32.5	32.5	31.350000381469727	31.799999237060547	16288	2024/05/07 
2024/05/08 	32.0	32.0	31.049999237060547	31.700000762939453	13297	2024/05/08 
2024/05/09 	31.950000762939453	32.0	31.049999237060547	31.75	16908	2024/05/09 
2024/05/10 	31.600000381469727	31.600000381469727	29.600000381469727	30.950000762939453	67674	2024/05/10 
2024/05/13 	30.950000762939453	32.45000076293945	30.100000381469727	32.45000076293945	28752	2024/05/13 
2024/05/14 	32.0	32.849998474121094	32.0	32.70000076293945	49012	2024/05/14 
2024/05/15 	32.849998474121094	33.150001525878906	31.700000762939453	32.25	38321	2024/05/15 
2024/05/16 	32.400001525878906	32.45000076293945	30.899999618530273	31.450000762939453	10077	2024/05/16 
2024/05/17 	31.450000762939453	31.950000762939453	30.899999618530273	31.950000762939453	6411	2024/05/17 
2024/05/20 	31.950000762939453	31.950000762939453	29.399999618530273	30.399999618530273	33913	2024/05/20 
2024/05/21 	30.350000381469727	30.5	29.299999237060547	30.450000762939453	25211	2024/05/21 
2024/05/22 	29.299999237060547	30.5	29.25	30.5	36120	2024/05/22 
2024/05/23 	30.5	30.5	28.75	29.5	47987	2024/05/23 
2024/05/24 	28.950000762939453	32.099998474121094	28.899999618530273	31.899999618530273	48647	2024/05/24 
2024/05/27 	31.850000381469727	33.54999923706055	31.5	33.25	114770	2024/05/27 
2024/05/28 	33.20000076293945	33.20000076293945	30.0	31.049999237060547	73244	2024/05/28 
2024/05/29 	31.100000381469727	31.149999618530273	29.200000762939453	30.100000381469727	108989	2024/05/29 
2024/05/30 	30.200000762939453	31.649999618530273	29.100000381469727	31.600000381469727	33506	2024/05/30 
2024/05/31 	30.450000762939453	33.900001525878906	30.450000762939453	32.599998474121094	174774	2024/05/31 
2024/06/03 	32.650001525878906	32.650001525878906	30.399999618530273	32.04999923706055	42000	2024/06/03 
2024/06/04 	32.04999923706055	32.099998474121094	30.850000381469727	32.04999923706055	10030	2024/06/04 
2024/06/05 	32.150001525878906	35.099998474121094	31.649999618530273	33.400001525878906	64979	2024/06/05 
2024/06/06 	32.150001525878906	35.5	31.299999237060547	32.650001525878906	120683	2024/06/06 
2024/06/07 	32.70000076293945	33.650001525878906	32.5	33.650001525878906	22022	2024/06/07 
2024/06/11 	33.95000076293945	34.0	32.70000076293945	33.0	73116	2024/06/11 
2024/06/12 	34.20000076293945	35.25	33.0	34.5	76670	2024/06/12 
2024/06/13 	34.900001525878906	37.0	34.5	35.099998474121094	69551	2024/06/13 
2024/06/14 	36.150001525878906	36.150001525878906	34.099998474121094	35.70000076293945	64836	2024/06/14 
2024/06/17 	36.29999923706055	36.650001525878906	35.29999923706055	36.650001525878906	62389	2024/06/17 
2024/06/18 	36.650001525878906	38.5	36.20000076293945	37.45000076293945	103526	2024/06/18 
2024/06/19 	37.400001525878906	41.79999923706055	37.400001525878906	39.0	194056	2024/06/19 
2024/06/20 	40.099998474121094	40.29999923706055	37.79999923706055	38.5	146326	2024/06/20 
2024/06/21 	37.79999923706055	39.400001525878906	36.099998474121094	37.29999923706055	102398	2024/06/21 
2024/06/24 	36.099998474121094	36.75	35.0	35.45000076293945	64856	2024/06/24 
2024/06/25 	36.900001525878906	37.0	35.79999923706055	36.75	27250	2024/06/25 
2024/06/26 	35.79999923706055	36.95000076293945	35.150001525878906	35.400001525878906	36451	2024/06/26 
2024/06/27 	35.400001525878906	35.5	34.5	34.5	49306	2024/06/27 
2024/06/28 	36.20000076293945	37.400001525878906	35.099998474121094	37.29999923706055	53072	2024/06/28 
2024/07/01 	34.99441909790039	35.22896957397461	34.10314178466797	34.15005111694336	26657	2024/07/01 
2024/07/02 	35.22896957397461	36.448612213134766	35.18205642700195	36.21406555175781	55679	2024/07/02 
2024/07/03 	36.307884216308594	36.58934020996094	35.651153564453125	36.307884216308594	129787	2024/07/03 
2024/07/04 	38.54999923706055	39.20000076293945	37.349998474121094	39.099998474121094	134042	2024/07/04 
2024/07/05 	39.150001525878906	48.099998474121094	38.5	48.099998474121094	981076	2024/07/05 
2024/07/08 	48.150001525878906	58.0	46.0	57.900001525878906	1059296	2024/07/08 
2024/07/09 	56.5	60.599998474121094	50.70000076293945	51.79999923706055	960925	2024/07/09 
2024/07/10 	52.79999923706055	52.79999923706055	45.650001525878906	48.599998474121094	495294	2024/07/10 
2024/07/11 	49.0	49.0	44.29999923706055	45.75	201443	2024/07/11 
2024/07/12 	45.75	45.75	43.0	45.5	129351	2024/07/12 
2024/07/15 	44.150001525878906	47.95000076293945	44.150001525878906	46.70000076293945	139375	2024/07/15 
2024/07/16 	47.95000076293945	47.95000076293945	44.54999923706055	45.900001525878906	90280	2024/07/16 
2024/07/17 	45.79999923706055	46.5	44.099998474121094	45.25	142306	2024/07/17 
2024/07/18 	44.0	45.75	42.650001525878906	45.349998474121094	169177	2024/07/18 
2024/07/19 	47.349998474121094	49.45000076293945	45.0	45.95000076293945	313059	2024/07/19 
2024/07/22 	46.0	46.0	42.0	42.849998474121094	150264	2024/07/22 
2024/07/23 	42.79999923706055	43.75	42.54999923706055	43.04999923706055	25383	2024/07/23 
2024/07/26 	43.599998474121094	43.95000076293945	41.400001525878906	42.099998474121094	23195	2024/07/26 
2024/07/29 	43.400001525878906	43.5	39.04999923706055	40.29999923706055	54813	2024/07/29 
2024/07/30 	40.0	40.0	38.0	38.849998474121094	41818	2024/07/30 
2024/07/31 	39.599998474121094	39.650001525878906	37.849998474121094	38.900001525878906	12286	2024/07/31 
2024/08/01 	38.95000076293945	39.5	38.0	39.5	39520	2024/08/01 
2024/08/02 	39.5	39.5	36.70000076293945	37.95000076293945	23648	2024/08/02 
2024/08/05 	37.95000076293945	37.95000076293945	32.349998474121094	33.0	102328	2024/08/05 
2024/08/06 	33.75	33.75	30.450000762939453	32.150001525878906	58877	2024/08/06 
2024/08/07 	32.150001525878906	35.150001525878906	32.150001525878906	34.5	24305	2024/08/07 
2024/08/08 	34.5	35.79999923706055	34.5	35.70000076293945	37514	2024/08/08 
2024/08/09 	35.70000076293945	35.79999923706055	34.349998474121094	35.5	44141	2024/08/09 
2024/08/12 	35.5	35.5	34.099998474121094	35.099998474121094	3166	2024/08/12 
2024/08/13 	34.20000076293945	35.20000076293945	33.95000076293945	35.0	13055	2024/08/13 
2024/08/14 	34.95000076293945	35.0	33.95000076293945	34.650001525878906	7296	2024/08/14 
2024/08/15 	34.599998474121094	35.599998474121094	33.900001525878906	35.099998474121094	10316	2024/08/15 
2024/08/16 	35.099998474121094	36.54999923706055	35.04999923706055	36.5	20397	2024/08/16 
2024/08/19 	36.45000076293945	38.29999923706055	36.45000076293945	37.900001525878906	42237	2024/08/19 
2024/08/20 	38.25	39.20000076293945	37.95000076293945	38.5	77778	2024/08/20 
2024/08/21 	38.29999923706055	38.29999923706055	31.850000381469727	34.70000076293945	112419	2024/08/21 
2024/08/22 	35.0	35.0	33.5	34.79999923706055	13022	2024/08/22 
2024/08/23 	34.650001525878906	35.099998474121094	33.45000076293945	35.099998474121094	7507	2024/08/23 
2024/08/26 	35.650001525878906	35.79999923706055	34.349998474121094	35.79999923706055	11149	2024/08/26 
2024/08/27 	35.900001525878906	36.099998474121094	34.79999923706055	35.900001525878906	14818	2024/08/27 
2024/08/28 	35.900001525878906	37.099998474121094	35.900001525878906	37.04999923706055	36696	2024/08/28 
2024/08/29 	37.04999923706055	37.04999923706055	35.25	36.29999923706055	19009	2024/08/29 
2024/08/30 	36.29999923706055	36.29999923706055	34.849998474121094	34.849998474121094	7059	2024/08/30 
2024/09/02 	35.70000076293945	35.75	33.79999923706055	34.400001525878906	34054	2024/09/02 
2024/09/03 	33.70000076293945	34.349998474121094	32.79999923706055	33.20000076293945	113182	2024/09/03 
2024/09/04 	32.70000076293945	33.0	31.350000381469727	32.150001525878906	40023	2024/09/04 
2024/09/05 	32.099998474121094	32.20000076293945	31.399999618530273	32.04999923706055	54372	2024/09/05 
2024/09/06 	32.5	34.5	31.600000381469727	33.54999923706055	88065	2024/09/06 
2024/09/09 	33.5	33.5	32.29999923706055	33.20000076293945	39255	2024/09/09 
2024/09/10 	33.5	33.900001525878906	32.400001525878906	32.400001525878906	20042	2024/09/10 
2024/09/11 	32.400001525878906	34.150001525878906	32.400001525878906	32.849998474121094	23369	2024/09/11 
2024/09/12 	33.099998474121094	35.95000076293945	33.099998474121094	35.5	81129	2024/09/12 
2024/09/13 	35.29999923706055	36.0	35.0	36.0	43121	2024/09/13 
2024/09/16 	35.849998474121094	37.400001525878906	35.0	36.599998474121094	78085	2024/09/16 
2024/09/18 	37.20000076293945	42.349998474121094	36.650001525878906	41.400001525878906	562827	2024/09/18 
2024/09/19 	42.29999923706055	42.29999923706055	39.04999923706055	40.099998474121094	146983	2024/09/19 
2024/09/20 	41.0	41.0	38.5	39.349998474121094	71992	2024/09/20 
2024/09/23 	40.5	40.95000076293945	39.29999923706055	40.45000076293945	7107	2024/09/23 
2024/09/24 	40.400001525878906	40.45000076293945	39.099998474121094	40.150001525878906	10007	2024/09/24 
2024/09/25 	40.900001525878906	41.0	39.20000076293945	39.70000076293945	58820	2024/09/25 
2024/09/26 	39.20000076293945	39.400001525878906	38.0	39.0	46774	2024/09/26 
2024/09/27 	38.75	39.45000076293945	37.599998474121094	38.099998474121094	32014	2024/09/27 
2024/09/30 	38.75	40.45000076293945	38.75	39.45000076293945	28212	2024/09/30 
2024/10/01 	39.54999923706055	41.599998474121094	39.29999923706055	41.29999923706055	184962	2024/10/01 
2024/10/04 	41.150001525878906	43.150001525878906	40.5	41.25	147642	2024/10/04 
2024/10/07 	41.25	41.25	38.79999923706055	40.0	107741	2024/10/07 
2024/10/08 	40.70000076293945	40.70000076293945	39.25	40.29999923706055	42451	2024/10/08 
2024/10/09 	40.45000076293945	40.45000076293945	39.099998474121094	40.150001525878906	12083	2024/10/09 
2024/10/11 	40.29999923706055	40.29999923706055	39.54999923706055	39.70000076293945	48054	2024/10/11 
2024/10/14 	40.45000076293945	40.45000076293945	39.70000076293945	40.0	83430	2024/10/14 
2024/10/15 	40.29999923706055	40.400001525878906	39.75	39.95000076293945	38303	2024/10/15 
2024/10/16 	40.099998474121094	42.45000076293945	40.099998474121094	41.099998474121094	106213	2024/10/16 
2024/10/17 	41.45000076293945	42.29999923706055	40.0	41.70000076293945	94441	2024/10/17 
2024/10/18 	41.099998474121094	42.099998474121094	40.599998474121094	40.849998474121094	301560	2024/10/18 
2024/10/21 	41.20000076293945	41.25	40.79999923706055	41.099998474121094	62616	2024/10/21 
2024/10/22 	41.29999923706055	42.099998474121094	40.349998474121094	41.349998474121094	54468	2024/10/22 
2024/10/23 	41.349998474121094	41.45000076293945	40.75	41.400001525878906	59742	2024/10/23 
2024/10/24 	41.349998474121094	41.349998474121094	40.04999923706055	41.150001525878906	64814	2024/10/24 
2024/10/25 	40.150001525878906	41.400001525878906	39.849998474121094	40.400001525878906	58154	2024/10/25 
2024/10/28 	41.0	41.0	39.25	39.599998474121094	73836	2024/10/28 
2024/10/29 	40.599998474121094	40.599998474121094	39.599998474121094	40.099998474121094	37031	2024/10/29 
2024/10/30 	39.849998474121094	40.25	39.599998474121094	40.150001525878906	28003	2024/10/30 
2024/11/01 	39.650001525878906	39.849998474121094	39.20000076293945	39.79999923706055	44676	2024/11/01 
2024/11/04 	41.29999923706055	43.150001525878906	41.099998474121094	42.04999923706055	175042	2024/11/04 
2024/11/05 	42.04999923706055	42.04999923706055	40.5	40.599998474121094	91439	2024/11/05 
2024/11/06 	41.900001525878906	44.150001525878906	41.25	41.400001525878906	136949	2024/11/06 
2024/11/07 	41.900001525878906	42.349998474121094	40.75	41.79999923706055	71158	2024/11/07 
2024/11/08 	41.70000076293945	42.099998474121094	40.5	41.79999923706055	19556	2024/11/08 
2024/11/11 	41.75	41.75	40.75	41.650001525878906	10003	2024/11/11 
2024/11/12 	40.54999923706055	41.900001525878906	40.54999923706055	40.75	16002	2024/11/12 
2024/11/13 	41.400001525878906	42.0	40.650001525878906	41.650001525878906	106825	2024/11/13 
2024/11/14 	41.75	42.0	39.79999923706055	40.150001525878906	105526	2024/11/14 
2024/11/15 	40.70000076293945	41.900001525878906	39.79999923706055	41.900001525878906	79100	2024/11/15 
2024/11/18 	41.599998474121094	42.0	40.04999923706055	41.599998474121094	41785	2024/11/18 
2024/11/19 	41.29999923706055	41.900001525878906	40.5	41.599998474121094	28134	2024/11/19 
2024/11/20 	40.04999923706055	42.70000076293945	39.79999923706055	40.04999923706055	83325	2024/11/20 
2024/11/21 	40.04999923706055	41.5	39.54999923706055	40.650001525878906	41494	2024/11/21 
2024/11/22 	40.599998474121094	42.70000076293945	40.0	41.599998474121094	121202	2024/11/22 
2024/11/25 	43.0	44.20000076293945	41.5	42.900001525878906	181356	2024/11/25 
2024/11/26 	42.20000076293945	43.0	40.150001525878906	40.5	50123	2024/11/26 
2024/11/27 	40.95000076293945	42.599998474121094	39.04999923706055	40.099998474121094	46273	2024/11/27 
2024/11/28 	40.54999923706055	40.54999923706055	38.099998474121094	39.45000076293945	120610	2024/11/28 
2024/11/29 	38.54999923706055	40.0	37.29999923706055	38.099998474121094	225755	2024/11/29 
2024/12/02 	38.5	39.45000076293945	38.04999923706055	38.5	78220	2024/12/02 
2024/12/03 	38.0	38.349998474121094	37.54999923706055	37.849998474121094	19315	2024/12/03 
2024/12/04 	38.54999923706055	38.54999923706055	37.45000076293945	38.0	33077	2024/12/04 
2024/12/05 	37.900001525878906	37.95000076293945	37.0	37.45000076293945	61399	2024/12/05 
2024/12/06 	37.5	37.79999923706055	36.849998474121094	37.70000076293945	62366	2024/12/06 
2024/12/09 	37.70000076293945	37.70000076293945	36.900001525878906	37.099998474121094	4002	2024/12/09 
2024/12/10 	37.79999923706055	39.5	37.79999923706055	39.45000076293945	78274	2024/12/10 
2024/12/11 	39.25	39.25	35.54999923706055	37.29999923706055	127513	2024/12/11 
2024/12/12 	35.54999923706055	37.349998474121094	33.75	35.29999923706055	283662	2024/12/12 
2024/12/13 	33.5	36.0	32.5	34.70000076293945	224794	2024/12/13 
2024/12/16 	34.70000076293945	34.70000076293945	32.04999923706055	33.650001525878906	306835	2024/12/16 
2024/12/17 	33.650001525878906	34.900001525878906	32.29999923706055	33.5	209034	2024/12/17 
2024/12/18 	34.70000076293945	34.70000076293945	31.850000381469727	32.900001525878906	124676	2024/12/18 
2024/12/19 	33.150001525878906	33.349998474121094	31.899999618530273	31.899999618530273	29167	2024/12/19 
2024/12/20 	32.5	32.5	31.200000762939453	31.5	47246	2024/12/20 
2024/12/23 	31.5	31.950000762939453	30.549999237060547	31.950000762939453	101508	2024/12/23 
2024/12/24 	31.950000762939453	31.950000762939453	30.700000762939453	31.149999618530273	36522	2024/12/24 
2024/12/25 	31.149999618530273	31.149999618530273	29.450000762939453	30.450000762939453	87996	2024/12/25 
2024/12/26 	30.399999618530273	30.399999618530273	29.350000381469727	30.200000762939453	13078	2024/12/26 
2024/12/27 	29.350000381469727	32.099998474121094	29.350000381469727	31.850000381469727	37792	2024/12/27 
2024/12/30 	31.850000381469727	31.850000381469727	30.5	31.600000381469727	19230	2024/12/30 
2024/12/31 	31.600000381469727	31.649999618530273	30.450000762939453	31.149999618530273	28229	2024/12/31 
2025/01/02 	31.600000381469727	31.799999237060547	30.600000381469727	31.700000762939453	19074	2025/01/02 
2025/01/03 	31.649999618530273	31.649999618530273	28.600000381469727	30.0	37423	2025/01/03 
2025/01/06 	30.0	30.0	25.5	28.549999237060547	157327	2025/01/06 
2025/01/07 	28.549999237060547	30.649999618530273	28.200000762939453	30.649999618530273	71033	2025/01/07 
2025/01/08 	30.649999618530273	31.149999618530273	28.649999618530273	29.799999237060547	30875	2025/01/08 
2025/01/09 	28.649999618530273	30.149999618530273	28.350000381469727	29.899999618530273	341310	2025/01/09 
2025/01/10 	30.149999618530273	30.149999618530273	29.350000381469727	30.0	163025	2025/01/10 
2025/01/13 	30.149999618530273	30.149999618530273	28.649999618530273	29.850000381469727	8011	2025/01/13 
2025/01/14 	29.850000381469727	29.899999618530273	28.649999618530273	29.399999618530273	19361	2025/01/14 
2025/01/15 	29.299999237060547	29.299999237060547	27.649999618530273	28.799999237060547	12215	2025/01/15 
2025/01/16 	28.799999237060547	28.799999237060547	27.75	28.200000762939453	11010	2025/01/16 
2025/01/17 	28.450000762939453	28.5	27.0	27.5	24051	2025/01/17 
2025/01/20 	28.049999237060547	28.149999618530273	26.549999237060547	27.700000762939453	30456	2025/01/20 
2025/01/21 	28.149999618530273	28.149999618530273	27.049999237060547	27.950000762939453	20308	2025/01/21 
2025/01/22 	27.899999618530273	27.899999618530273	26.649999618530273	26.649999618530273	7362	2025/01/22 
2025/02/03 	27.0	27.799999237060547	26.649999618530273	27.799999237060547	5066	2025/02/03 
2025/02/04 	27.799999237060547	27.799999237060547	26.75	27.149999618530273	9048	2025/02/04 
2025/02/05 	27.149999618530273	27.149999618530273	26.350000381469727	27.149999618530273	10226	2025/02/05 
2025/02/06 	27.149999618530273	27.149999618530273	26.350000381469727	27.100000381469727	8479	2025/02/06 
2025/02/07 	27.049999237060547	28.799999237060547	26.5	28.75	42398	2025/02/07 
2025/02/10 	28.75	28.75	27.600000381469727	28.25	9227	2025/02/10 
2025/02/11 	28.25	28.700000762939453	27.899999618530273	27.950000762939453	25070	2025/02/11 
2025/02/12 	29.149999618530273	29.25	28.399999618530273	29.149999618530273	15609	2025/02/12 
2025/02/13 	29.149999618530273	29.149999618530273	28.450000762939453	29.149999618530273	1702	2025/02/13 
2025/02/14 	28.450000762939453	29.200000762939453	28.0	28.0	16293	2025/02/14 
2025/02/17 	28.600000381469727	29.25	28.0	29.0	5032	2025/02/17 
2025/02/18 	29.0	29.0	27.899999618530273	28.600000381469727	32739	2025/02/18 
2025/02/19 	27.600000381469727	28.600000381469727	27.0	28.0	20340	2025/02/19 
2025/02/20 	26.799999237060547	27.950000762939453	26.299999237060547	27.450000762939453	27081	2025/02/20 
2025/02/21 	28.399999618530273	28.399999618530273	26.350000381469727	27.350000381469727	22673	2025/02/21 
2025/02/24 	26.350000381469727	27.5	26.350000381469727	27.5	1040	2025/02/24 
2025/02/25 	27.5	27.5	27.5	27.5	4004	2025/02/25 
2025/02/26 	27.649999618530273	27.649999618530273	26.399999618530273	26.799999237060547	11064	2025/02/26 
2025/02/27 	27.5	27.5	26.399999618530273	27.5	3053	2025/02/27 
2025/03/03 	27.5	27.5	26.25	26.75	26031	2025/03/03 
2025/03/04 	26.75	27.299999237060547	26.299999237060547	26.299999237060547	14006	2025/03/04 
2025/03/05 	27.299999237060547	27.299999237060547	26.299999237060547	27.299999237060547	2013	2025/03/05 
2025/03/06 	27.299999237060547	27.299999237060547	26.100000381469727	27.299999237060547	7020	2025/03/06 
2025/03/07 	27.299999237060547	27.299999237060547	26.100000381469727	27.299999237060547	4204	2025/03/07 
2025/03/10 	27.299999237060547	27.299999237060547	25.950000762939453	27.149999618530273	25008	2025/03/10 
2025/03/11 	27.149999618530273	27.149999618530273	25.950000762939453	27.100000381469727	7213	2025/03/11 
2025/03/12 	27.100000381469727	27.100000381469727	25.299999237060547	26.450000762939453	12384	2025/03/12 
2025/03/13 	25.5	26.450000762939453	24.399999618530273	25.25	46924	2025/03/13 
2025/03/14 	25.25	25.299999237060547	24.399999618530273	25.149999618530273	18305	2025/03/14 
2025/03/17 	25.149999618530273	25.200000762939453	21.5	23.100000381469727	134921	2025/03/17 
2025/03/18 	23.049999237060547	23.600000381469727	21.950000762939453	22.950000762939453	42329	2025/03/18 
2025/03/19 	22.950000762939453	22.950000762939453	22.200000762939453	22.899999618530273	4270	2025/03/19 
2025/03/20 	22.899999618530273	22.899999618530273	20.450000762939453	21.600000381469727	70378	2025/03/20 
2025/03/21 	21.549999237060547	21.600000381469727	20.899999618530273	21.5	6036	2025/03/21 
2025/03/24 	20.899999618530273	21.549999237060547	20.0	21.0	21579	2025/03/24 
2025/03/25 	21.049999237060547	21.100000381469727	20.700000762939453	21.049999237060547	8037	2025/03/25 
2025/03/26 	21.049999237060547	21.049999237060547	20.200000762939453	20.5	31258	2025/03/26 
2025/03/27 	20.0	20.649999618530273	19.799999237060547	20.299999237060547	45380	2025/03/27 
2025/03/28 	20.0	20.950000762939453	20.0	20.100000381469727	31620	2025/03/28 
2025/03/31 	20.25	20.299999237060547	19.350000381469727	20.0	22023	2025/03/31 
2025/04/01 	21.0	21.0	20.0	20.450000762939453	20009	2025/04/01 
2025/04/02 	20.0	20.350000381469727	20.0	20.350000381469727	6504	2025/04/02 
2025/04/07 	19.450000762939453	19.600000381469727	17.399999618530273	18.200000762939453	165317	2025/04/07 
2025/04/08 	17.75	17.75	16.799999237060547	17.299999237060547	96616	2025/04/08 
2025/04/09 	17.299999237060547	17.299999237060547	15.5	16.100000381469727	99700	2025/04/09 
2025/04/10 	16.149999618530273	18.950000762939453	16.149999618530273	18.899999618530273	91321	2025/04/10 
2025/04/11 	18.049999237060547	18.5	16.649999618530273	17.0	66772	2025/04/11 
2025/04/14 	17.299999237060547	17.950000762939453	17.25	17.950000762939453	26016	2025/04/14 
2025/04/15 	17.950000762939453	18.149999618530273	17.299999237060547	18.149999618530273	7205	2025/04/15 
2025/04/16 	18.100000381469727	18.100000381469727	17.299999237060547	18.049999237060547	34323	2025/04/16 
2025/04/17 	18.049999237060547	18.049999237060547	17.299999237060547	18.049999237060547	2004	2025/04/17 
2025/04/18 	18.049999237060547	18.049999237060547	17.299999237060547	18.049999237060547	3564	2025/04/18 
2025/04/21 	18.049999237060547	18.049999237060547	17.100000381469727	17.350000381469727	15005	2025/04/21 
2025/04/22 	17.350000381469727	17.350000381469727	16.75	17.350000381469727	12013	2025/04/22 
2025/04/23 	17.350000381469727	17.75	17.350000381469727	17.75	8006	2025/04/23 
2025/04/24 	17.75	17.75	17.600000381469727	17.700000762939453	3053	2025/04/24 
2025/04/25 	17.700000762939453	17.700000762939453	17.25	17.700000762939453	1384	2025/04/25 
2025/04/28 	17.700000762939453	17.700000762939453	17.0	17.25	6298	2025/04/28 
2025/04/29 	17.649999618530273	17.649999618530273	16.950000762939453	17.649999618530273	1003	2025/04/29 
2025/04/30 	17.649999618530273	17.700000762939453	17.399999618530273	17.399999618530273	5720	2025/04/30 
2025/05/02 	17.700000762939453	17.700000762939453	17.0	17.700000762939453	9842	2025/05/02 
2025/05/05 	17.700000762939453	17.700000762939453	16.950000762939453	16.950000762939453	6052	2025/05/05 
2025/05/06 	17.600000381469727	21.5	17.600000381469727	20.600000381469727	262808	2025/05/06 
2025/05/07 	21.5	21.549999237060547	20.600000381469727	21.450000762939453	19611	2025/05/07 
2025/05/08 	21.450000762939453	21.549999237060547	20.600000381469727	21.549999237060547	16508	2025/05/08 
2025/05/09 	20.75	21.450000762939453	20.5	20.5	22080	2025/05/09 
2025/05/12 	21.049999237060547	21.049999237060547	20.200000762939453	21.049999237060547	15104	2025/05/12 
2025/05/13 	21.049999237060547	21.100000381469727	20.200000762939453	21.049999237060547	19056	2025/05/13 
2025/05/14 	21.049999237060547	21.049999237060547	20.25	21.049999237060547	26162	2025/05/14 
2025/05/15 	21.049999237060547	25.100000381469727	21.0	24.450000762939453	225546	2025/05/15 
2025/05/16 	25.600000381469727	26.399999618530273	24.049999237060547	24.049999237060547	90744	2025/05/16 
2025/05/19 	30.0	30.399999618530273	27.75	28.899999618530273	63921	2025/05/19 
2025/05/20 	28.899999618530273	28.899999618530273	26.649999618530273	26.649999618530273	35434	2025/05/20 
2025/05/21 	27.799999237060547	27.799999237060547	25.850000381469727	27.100000381469727	17013	2025/05/21 
2025/05/22 	25.899999618530273	26.0	25.0	25.0	14039	2025/05/22 
2025/05/23 	25.950000762939453	26.0	24.700000762939453	25.950000762939453	19809	2025/05/23 
2025/05/26 	25.950000762939453	25.950000762939453	23.450000762939453	23.450000762939453	47306	2025/05/26 
2025/05/27 	23.25	24.350000381469727	23.200000762939453	23.25	14513	2025/05/27 
2025/05/28 	24.299999237060547	25.299999237060547	23.200000762939453	24.899999618530273	41314	2025/05/28 
2025/05/29 	24.799999237060547	24.850000381469727	22.899999618530273	23.950000762939453	24705	2025/05/29 
2025/06/02 	22.899999618530273	23.899999618530273	22.899999618530273	23.850000381469727	4213	2025/06/02 
2025/06/03 	22.950000762939453	23.799999237060547	22.950000762939453	23.799999237060547	8516	2025/06/03 
2025/06/04 	23.799999237060547	23.799999237060547	22.950000762939453	23.799999237060547	9360	2025/06/04 
2025/06/05 	23.75	23.950000762939453	22.950000762939453	23.899999618530273	7166	2025/06/05 
2025/06/06 	23.899999618530273	23.899999618530273	22.950000762939453	23.899999618530273	5110	2025/06/06 
2025/06/09 	23.799999237060547	23.799999237060547	22.600000381469727	22.950000762939453	6761	2025/06/09 
2025/06/10 	22.899999618530273	22.950000762939453	21.850000381469727	22.149999618530273	14488	2025/06/10 
2025/06/11 	21.600000381469727	22.350000381469727	21.049999237060547	22.049999237060547	20182	2025/06/11 
2025/06/12 	22.299999237060547	22.299999237060547	21.200000762939453	21.200000762939453	6015	2025/06/12 
2025/06/13 	21.200000762939453	21.600000381469727	20.649999618530273	21.5	35238	2025/06/13 
2025/06/16 	21.5	21.5	20.5	21.5	6004	2025/06/16 
2025/06/17 	21.5	21.549999237060547	19.299999237060547	20.0	42589	2025/06/17 
2025/06/18 	21.149999618530273	22.049999237060547	20.450000762939453	20.700000762939453	33655	2025/06/18 
2025/06/19 	21.399999618530273	21.399999618530273	20.399999618530273	21.399999618530273	1004	2025/06/19 
2025/06/20 	21.399999618530273	21.399999618530273	20.399999618530273	21.399999618530273	2103	2025/06/20 
2025/06/23 	20.399999618530273	21.950000762939453	20.399999618530273	21.5	10058	2025/06/23 
2025/06/24 	21.549999237060547	22.0	21.0	22.0	5204	2025/06/24 
2025/06/25 	22.0	22.100000381469727	21.100000381469727	21.75	11003	2025/06/25 
2025/06/26 	21.299999237060547	21.700000762939453	21.049999237060547	21.200000762939453	4092	2025/06/26 
2025/06/27 	22.0	22.799999237060547	21.700000762939453	21.75	11028	2025/06/27 
2025/06/30 	21.75	21.75	20.700000762939453	21.0	3034	2025/06/30 
2025/07/01 	21.299999237060547	22.649999618530273	21.0	22.0	30407	2025/07/01 
2025/07/02 	21.5	22.0	20.850000381469727	21.399999618530273	17022	2025/07/02 
2025/07/03 	21.399999618530273	22.0	21.350000381469727	21.549999237060547	20007	2025/07/03 
2025/07/04 	21.5	21.5	20.649999618530273	21.5	3004	2025/07/04 
2025/07/07 	21.25	21.25	20.5	21.149999618530273	26114	2025/07/07 
2025/07/08 	21.149999618530273	22.450000762939453	20.700000762939453	21.649999618530273	24027	2025/07/08 
2025/07/09 	21.649999618530273	21.899999618530273	20.700000762939453	21.700000762939453	16032	2025/07/09 
2025/07/10 	20.75	21.700000762939453	20.75	21.5	7059	2025/07/10 
2025/07/11 	21.5	22.100000381469727	20.700000762939453	22.0	15126	2025/07/11 
2025/07/14 	22.0	22.0	20.549999237060547	21.200000762939453	5472	2025/07/14 
2025/07/15 	21.200000762939453	21.5	20.600000381469727	21.100000381469727	12303	2025/07/15 
2025/07/16 	20.649999618530273	21.450000762939453	20.5	21.450000762939453	17109	2025/07/16 
2025/07/17 	20.549999237060547	21.450000762939453	20.549999237060547	21.100000381469727	7012	2025/07/17 
2025/07/18 	20.399999618530273	21.350000381469727	20.399999618530273	21.350000381469727	4605	2025/07/18 
2025/07/21 	20.549999237060547	23.149999618530273	20.450000762939453	23.149999618530273	62456	2025/07/21 
2025/07/22 	24.700000762939453	25.0	21.399999618530273	22.399999618530273	53823	2025/07/22 
2025/07/23 	22.399999618530273	23.149999618530273	22.299999237060547	23.0	10304	2025/07/23 
2025/07/24 	23.0	23.0	21.850000381469727	21.850000381469727	8129	2025/07/24 
2025/07/25 	21.5	22.450000762939453	21.399999618530273	22.299999237060547	4020	2025/07/25 
2025/07/28 	22.149999618530273	22.149999618530273	21.149999618530273	22.100000381469727	3007	2025/07/28 
2025/07/29 	21.149999618530273	22.200000762939453	21.149999618530273	22.200000762939453	1204	2025/07/29 
2025/07/30 	22.200000762939453	22.200000762939453	21.0	22.0	3006	2025/07/30 
2025/07/31 	22.0	22.0	20.899999618530273	21.5	8113	2025/07/31 
2025/08/01 	21.5	21.549999237060547	20.549999237060547	21.549999237060547	7103	2025/08/01 
