Date	Open	High	Low	Close	Volume	Date
2021/04/20 	22.524880333770092	81.72026310129871	22.524880333770092	62.61916732788086	555920	2021/04/20 
2021/04/21 	59.64588045849753	59.64588045849753	41.89627748002156	45.680458068847656	325503	2021/04/21 
2021/04/22 	45.22996461028454	46.401257809328754	32.25563095480814	35.003665924072266	276907	2021/04/22 
2021/04/23 	34.68831801472571	36.039810924390345	31.534834558841553	35.0487174987793	323149	2021/04/23 
2021/04/26 	35.54425713723991	36.17495439029442	34.32791169841547	36.12990188598633	147773	2021/04/26 
2021/04/27 	35.8145574742534	35.8145574742534	32.66107442620593	32.97642135620117	111124	2021/04/27 
2021/04/28 	32.66107410923976	32.976421036174656	30.228386522664056	30.273435592651367	126847	2021/04/28 
2021/04/29 	31.805129265850557	31.805129265850557	29.95808982849121	29.95808982849121	31395	2021/04/29 
2021/05/03 	29.958089515355393	29.958089515355393	27.074904273089356	27.11995506286621	78100	2021/05/03 
2021/05/04 	27.570452972936213	27.570452972936213	24.552118762961495	25.092716217041016	102406	2021/05/04 
2021/05/05 	24.552118893327386	26.489258205428808	23.380825835362415	26.128860473632812	113917	2021/05/05 
2021/05/06 	25.94866051354	30.318489201607857	25.94866051354	29.05709457397461	160796	2021/05/06 
2021/05/07 	29.597691636825626	29.597691636825626	25.678363800048828	25.678363800048828	150166	2021/05/07 
2021/05/10 	26.849657287769745	26.939757154878777	24.822418011120657	26.083812713623047	53754	2021/05/10 
2021/05/11 	26.083811333276586	26.083811333276586	24.05657216390831	24.462018966674805	88384	2021/05/11 
2021/05/12 	25.092716138925915	25.092716138925915	22.524879528925972	23.425874710083008	98664	2021/05/12 
2021/05/13 	23.606074696577576	25.678362948909342	23.606074696577576	25.4981632232666	59124	2021/05/13 
2021/05/14 	25.67836417088842	26.083812713623047	24.822418011120657	26.083812713623047	77773	2021/05/14 
2021/05/17 	24.82241662832557	25.047665424294085	23.696172648482996	24.32686996459961	22613	2021/05/17 
2021/05/18 	24.326870032719203	25.54321387805755	24.146670308035027	25.22786521911621	41923	2021/05/18 
2021/05/19 	25.22786535331444	25.4981632232666	24.32687016212464	25.4981632232666	35213	2021/05/19 
2021/05/20 	25.31796711419499	25.363016189726977	24.326871985882544	24.597169876098633	13513	2021/05/20 
2021/05/21 	24.687268713186647	25.723412873696745	24.687268713186647	25.678363800048828	41433	2021/05/21 
2021/05/24 	25.678363800048828	25.678363800048828	25.678363800048828	25.678363800048828	0	2021/05/24 
2021/05/25 	25.678363800048828	25.678363800048828	25.678363800048828	25.678363800048828	0	2021/05/25 
2021/05/26 	25.678363800048828	25.678363800048828	25.678363800048828	25.678363800048828	0	2021/05/26 
2021/05/27 	25.678363800048828	25.678363800048828	25.678363800048828	25.678363800048828	0	2021/05/27 
2021/05/28 	25.678363800048828	25.678363800048828	25.678363800048828	25.678363800048828	0	2021/05/28 
2021/05/31 	25.678363800048828	25.678363800048828	25.678363800048828	25.678363800048828	0	2021/05/31 
2021/06/01 	25.678363800048828	25.678363800048828	25.678363800048828	25.678363800048828	0	2021/06/01 
2021/06/02 	25.678363800048828	25.678363800048828	25.678363800048828	25.678363800048828	0	2021/06/02 
2021/06/03 	25.678363800048828	25.678363800048828	25.678363800048828	25.678363800048828	0	2021/06/03 
2021/06/04 	25.678363800048828	25.678363800048828	25.678363800048828	25.678363800048828	0	2021/06/04 
2021/06/07 	25.678363800048828	25.678363800048828	25.678363800048828	25.678363800048828	0	2021/06/07 
2021/06/08 	25.678363800048828	25.678363800048828	25.678363800048828	25.678363800048828	0	2021/06/08 
2021/06/09 	25.317965081458297	25.317965081458297	24.41696989506129	25.22786521911621	3204	2021/06/09 
2021/06/10 	25.317964553833008	25.317964553833008	24.371918596724544	25.317964553833008	4005	2021/06/10 
2021/06/11 	25.317964553833008	25.317964553833008	25.317964553833008	25.317964553833008	1701	2021/06/11 
2021/06/15 	25.317964553833008	25.317964553833008	25.047664972439776	25.317964553833008	3008	2021/06/15 
2021/06/16 	24.68726789489817	25.58826308608797	24.68726789489817	25.4981632232666	30197	2021/06/16 
2021/06/17 	25.272914291031285	25.272914291031285	24.68726776357562	25.22786521911621	3111	2021/06/17 
2021/06/18 	25.227864243874198	25.543212890625	24.777366668090732	25.543212890625	75025	2021/06/18 
2021/06/21 	24.867467488259795	25.22786521911621	24.777367625917705	25.22786521911621	15009	2021/06/21 
2021/06/22 	25.27291488647461	25.27291488647461	24.82241728266214	25.27291488647461	1003	2021/06/22 
2021/06/23 	25.22786521911621	25.317965081458297	24.822416697832782	25.22786521911621	13504	2021/06/23 
2021/06/24 	25.363014221191406	25.363014221191406	25.363014221191406	25.363014221191406	1002	2021/06/24 
2021/06/25 	25.408063888549805	25.408063888549805	24.867466455461365	25.408063888549805	7003	2021/06/25 
2021/06/28 	25.40806501173888	25.498163155809944	25.002616489371327	25.363014221191406	15814	2021/06/28 
2021/06/29 	25.317964553833008	25.317964553833008	25.00261590146352	25.317964553833008	9202	2021/06/29 
2021/06/30 	25.363013099993847	25.408063888549805	24.957566314061417	25.408063888549805	8204	2021/06/30 
2021/07/01 	25.408063930923923	25.408063930923923	24.326869062943892	24.777366638183594	13406	2021/07/01 
2021/07/02 	24.777367692169783	25.363014221191406	24.326870097766694	25.363014221191406	5104	2021/07/02 
2021/07/05 	25.317964553833008	25.317964553833008	24.416969386212703	25.317964553833008	6008	2021/07/05 
2021/07/06 	24.687267829586776	25.363014221191406	24.687267829586776	25.363014221191406	2503	2021/07/06 
2021/07/07 	24.687268345220797	25.31796567796304	24.597168480755908	25.27291488647461	21110	2021/07/07 
2021/07/08 	25.22786521911621	25.22786521911621	24.59716790123353	25.22786521911621	3510	2021/07/08 
2021/07/09 	25.227865346272786	27.16500466308777	24.957567476396072	27.029855728149414	103844	2021/07/09 
2021/07/12 	27.074904933457358	28.291248790908963	26.804607062251204	27.300153732299805	102897	2021/07/12 
2021/07/13 	27.25510351536638	27.435303234277686	25.678361989684024	26.579357147216797	45372	2021/07/13 
2021/07/14 	26.08381088972637	26.984806060791016	26.03876010006599	26.984806060791016	7051	2021/07/14 
2021/07/15 	26.9848056555113	26.9848056555113	25.813510919611566	26.579357147216797	23031	2021/07/15 
2021/07/16 	26.669457927314152	27.930850847701507	26.489258202182267	27.660552978515625	31159	2021/07/16 
2021/07/19 	27.660553185257285	27.660553185257285	26.128860665723863	27.300153732299805	58831	2021/07/19 
2021/07/20 	26.35410985154512	27.210055987119755	26.35410985154512	26.939756393432617	16251	2021/07/20 
2021/07/21 	26.939755340782618	27.11995506286621	26.489257754085543	27.11995506286621	26013	2021/07/21 
2021/07/22 	27.02985657370216	27.21005630493164	26.804607768921308	27.21005630493164	43024	2021/07/22 
2021/07/23 	27.023684692382815	27.955535888671875	26.744130044442137	27.955535888671875	48033	2021/07/23 
2021/07/26 	27.95553698828185	27.95553698828185	27.30324041427587	27.815759658813477	48013	2021/07/26 
2021/07/27 	27.81575900307719	27.90894447964772	27.21005607141646	27.396425247192383	26005	2021/07/27 
2021/07/28 	27.21005607141646	27.489610723762908	26.41798218661467	27.396425247192383	20986	2021/07/28 
2021/07/29 	27.396425299134897	27.396425299134897	26.557759563140337	27.303239822387695	18006	2021/07/29 
2021/07/30 	27.303239822387695	27.303239822387695	27.303239822387695	27.303239822387695	3	2021/07/30 
2021/08/02 	26.557759512787896	27.489610723762908	26.464574036217368	27.396425247192383	45011	2021/08/02 
2021/08/03 	27.349833685321578	27.349833685321578	26.65094526973771	27.116870880126953	31008	2021/08/03 
2021/08/04 	27.11687021857199	27.11687021857199	26.69753646850586	26.69753646850586	7002	2021/08/04 
2021/08/05 	26.650943440715967	27.116869019129307	26.417980651509296	27.023683547973633	27004	2021/08/05 
2021/08/06 	27.023683819822413	27.023683819822413	26.557758236722027	26.744129180908203	43506	2021/08/06 
2021/08/09 	26.97709174750949	27.489609173700263	26.74412895790186	26.930498123168945	37244	2021/08/09 
2021/08/10 	27.44301910967467	27.44301910967467	26.93049987282092	27.21005630493164	40025	2021/08/10 
2021/08/11 	26.837313318503043	27.34983253479004	26.790721470370165	27.34983253479004	18013	2021/08/11 
2021/08/12 	27.349832633112314	27.349832633112314	27.023684362914466	27.163461685180664	9629	2021/08/12 
2021/08/13 	27.163461539199634	28.14190634453485	27.023684217684625	27.443017959594727	34806	2021/08/13 
2021/08/16 	28.002127788089854	28.701016186568285	27.582795815421857	27.862350463867188	53501	2021/08/16 
2021/08/17 	27.48960912638697	27.862349233644636	26.837312605662284	27.023683547973633	24147	2021/08/17 
2021/08/18 	26.744130695445588	27.489610959677215	26.744130695445588	27.21005630493164	30015	2021/08/18 
2021/08/19 	27.489610723762908	27.489610723762908	26.74413046592895	27.396425247192383	13589	2021/08/19 
2021/08/20 	26.744129670145334	27.396424431999442	26.650944196347584	27.25664710998535	12011	2021/08/20 
2021/08/23 	27.256648154934187	27.955536569163268	27.1168708275614	27.21005630493164	9002	2021/08/23 
2021/08/24 	27.34983140369316	28.421459862716006	26.930497678379215	27.582794189453125	58298	2021/08/24 
2021/08/25 	28.235090435684985	28.84079513299984	27.862350313974755	28.14190673828125	112983	2021/08/25 
2021/08/26 	28.514645804268042	28.65442312256364	28.14190569635811	28.18849754333496	44003	2021/08/26 
2021/08/27 	28.468051558024936	28.933977127075195	28.235088773499804	28.933977127075195	18006	2021/08/27 
2021/08/30 	28.933977127075195	28.933977127075195	28.933977127075195	28.933977127075195	1003	2021/08/30 
2021/08/31 	28.654423624618918	28.70101547241211	28.56123815166747	28.70101547241211	20004	2021/08/31 
2021/09/01 	28.88738757412594	28.933979423783313	28.468053817749023	28.468053817749023	10410	2021/09/01 
2021/09/02 	28.794202045147728	28.794202045147728	28.235090963449057	28.56123924255371	23294	2021/09/02 
2021/09/03 	28.56123924255371	28.56123924255371	28.281684590386938	28.56123924255371	6468	2021/09/03 
2021/09/06 	28.56123924255371	28.56123924255371	28.141907264303555	28.56123924255371	2301	2021/09/06 
2021/09/07 	28.514646530151367	28.514646530151367	28.514646530151367	28.514646530151367	2000	2021/09/07 
2021/09/08 	28.048720987306954	28.42146110534668	28.048720987306954	28.42146110534668	10003	2021/09/08 
2021/09/09 	28.42146110534668	28.42146110534668	28.235090157644276	28.42146110534668	2034	2021/09/09 
2021/09/10 	27.675980869267228	28.42146110534668	27.582795395416024	28.42146110534668	3034	2021/09/10 
2021/09/13 	28.42146110534668	28.42146110534668	28.42146110534668	28.42146110534668	2	2021/09/13 
2021/09/14 	28.37486991428568	28.840795516967773	28.23509081158895	28.840795516967773	8005	2021/09/14 
2021/09/15 	28.56123924255371	28.56123924255371	28.56123924255371	28.56123924255371	202	2021/09/15 
2021/09/16 	27.862350834771654	28.56123924255371	27.8157589851989	28.56123924255371	12002	2021/09/16 
2021/09/17 	28.514646530151367	28.514646530151367	27.582795347972336	28.514646530151367	1011	2021/09/17 
2021/09/22 	27.582794555379422	28.514645710781668	27.582794555379422	28.374868392944336	3103	2021/09/22 
2021/09/23 	28.235090255737305	28.235090255737305	28.235090255737305	28.235090255737305	1	2021/09/23 
2021/09/24 	27.629388082360332	28.468053817749023	27.582796232702957	28.468053817749023	84005	2021/09/24 
2021/09/27 	28.468053387075475	28.468053387075475	27.769164988597044	27.862350463867188	9103	2021/09/27 
2021/09/28 	28.328274861630558	28.328274861630558	27.955534753720624	28.18849754333496	1003	2021/09/28 
2021/09/29 	28.1419057429493	28.37486853294933	27.955534800003264	28.095312118530273	25001	2021/09/29 
2021/09/30 	28.095312118530273	28.235089437057283	27.023683640003156	28.095312118530273	13012	2021/09/30 
2021/10/01 	27.21005602017705	27.58279614839212	27.02368506738695	27.48961067199707	23011	2021/10/01 
2021/10/04 	27.11687016748474	28.048721363773804	27.11687016748474	27.955535888671875	13003	2021/10/04 
2021/10/05 	28.095312118530273	28.095312118530273	28.095312118530273	28.095312118530273	1	2021/10/05 
2021/10/06 	27.303239242726864	28.14190673828125	27.303239242726864	28.14190673828125	20012	2021/10/06 
2021/10/07 	28.14190728239147	28.14190728239147	27.396425247192383	27.396425247192383	2003	2021/10/07 
2021/10/08 	27.396423703173205	28.18849754333496	27.396423703173205	28.18849754333496	6005	2021/10/08 
2021/10/12 	27.582795865548626	27.7691650390625	27.02368479027677	27.7691650390625	7001	2021/10/12 
2021/10/13 	27.955535888671875	27.955535888671875	27.955535888671875	27.955535888671875	1000	2021/10/13 
2021/10/14 	27.955535888671875	28.048721363773804	27.349832966557006	27.955535888671875	22001	2021/10/14 
2021/10/15 	28.23509063889486	28.23509063889486	27.48961039010913	27.7691650390625	12004	2021/10/15 
2021/10/18 	28.095313212642214	28.095313212642214	27.39642481542542	27.955535888671875	37001	2021/10/18 
2021/10/19 	27.955535989941488	28.048721465380982	27.7691650390625	27.7691650390625	20001	2021/10/19 
2021/10/20 	27.955535888671875	27.955535888671875	27.955535888671875	27.955535888671875	1000	2021/10/20 
2021/10/21 	27.629386584577343	28.002126693725586	27.629386584577343	28.002126693725586	9013	2021/10/21 
2021/10/22 	28.00212701528402	28.00212701528402	27.62938690185547	27.62938690185547	3001	2021/10/22 
2021/10/25 	28.048721313476562	28.048721313476562	28.048721313476562	28.048721313476562	2000	2021/10/25 
2021/10/26 	28.048721313476562	28.048721313476562	28.048721313476562	28.048721313476562	0	2021/10/26 
2021/10/27 	28.048721313476562	28.048721313476562	27.443018392447847	28.048721313476562	13001	2021/10/27 
2021/10/28 	28.002127737540288	28.14190683887573	27.955535888671875	27.955535888671875	20001	2021/10/28 
2021/10/29 	27.582794691476227	28.095312118530273	27.582794691476227	28.095312118530273	35003	2021/10/29 
2021/11/01 	27.862350514501994	28.188498789857668	27.48961039010913	27.7691650390625	14002	2021/11/01 
2021/11/02 	28.04871976097306	28.04871976097306	27.256645933916168	27.582794189453125	8103	2021/11/02 
2021/11/03 	27.908944039803465	27.955535888671875	25.02020497583435	27.955535888671875	86005	2021/11/03 
2021/11/04 	27.908945083618164	27.955536934229144	27.769165977054882	27.908945083618164	8255	2021/11/04 
2021/11/05 	27.908944039803465	27.955535888671875	27.25664749145508	27.955535888671875	13002	2021/11/05 
2021/11/08 	27.955535989941488	27.955535989941488	27.7691650390625	27.7691650390625	34052	2021/11/08 
2021/11/09 	27.90894369954218	27.90894369954218	27.163461685180664	27.163461685180664	9006	2021/11/09 
2021/11/10 	27.163463032286284	27.908945083618164	27.163463032286284	27.908945083618164	5005	2021/11/10 
2021/11/11 	27.908944039803465	28.002127737540288	27.30323934032349	27.955535888671875	11007	2021/11/11 
2021/11/12 	27.955534662067315	28.374868392944336	27.489609084366194	28.374868392944336	12003	2021/11/12 
2021/11/15 	28.374869637947995	28.374869637947995	27.769164938468023	27.955535888671875	8002	2021/11/15 
2021/11/16 	27.955534707742974	28.42146028620536	27.862349236577494	28.28168296813965	17002	2021/11/16 
2021/11/17 	28.048721313476562	28.048721313476562	27.39642476629788	28.048721313476562	23004	2021/11/17 
2021/11/18 	27.39642476629788	28.048721313476562	27.39642476629788	28.048721313476562	7004	2021/11/18 
2021/11/19 	28.048721363773804	28.235090536612553	27.72257308959961	27.955535888671875	21008	2021/11/19 
2021/11/22 	27.72257299050406	28.421461385222646	27.67598114180219	28.14190673828125	40110	2021/11/22 
2021/11/23 	28.42146110534668	28.607832053049083	28.141906461158154	28.42146110534668	16053	2021/11/23 
2021/11/24 	28.421461435850766	28.421461435850766	27.769164888672083	28.048721313476562	5001	2021/11/24 
2021/11/25 	28.42146028620536	28.42146028620536	27.582794600446075	28.28168296813965	1004	2021/11/25 
2021/11/26 	28.28168296813965	28.28168296813965	28.28168296813965	28.28168296813965	1	2021/11/26 
2021/11/29 	27.582794600446075	28.28168296813965	27.582794600446075	28.28168296813965	1001	2021/11/29 
2021/11/30 	27.58279576562927	28.235090536612553	27.023684692382815	27.955535888671875	17024	2021/11/30 
2021/12/01 	26.930499265895943	27.862350463867188	26.650944617450616	27.862350463867188	60004	2021/12/01 
2021/12/02 	27.862350463867188	27.862350463867188	27.862350463867188	27.862350463867188	52	2021/12/02 
2021/12/03 	26.930499314837277	27.7691650390625	26.930499314837277	27.7691650390625	3002	2021/12/03 
2021/12/06 	27.7691650390625	27.7691650390625	27.7691650390625	27.7691650390625	1001	2021/12/06 
2021/12/07 	27.7691650390625	27.7691650390625	27.7691650390625	27.7691650390625	3000	2021/12/07 
2021/12/08 	27.86235041356995	27.955535888671875	27.023684692382815	27.955535888671875	4003	2021/12/08 
2021/12/09 	27.02368464392368	28.048721313476562	26.930499168988852	28.048721313476562	43002	2021/12/09 
2021/12/10 	27.070276541251225	27.955535888671875	27.070276541251225	27.955535888671875	8003	2021/12/10 
2021/12/13 	27.955535888671875	27.955535888671875	27.023684692382815	27.955535888671875	2005	2021/12/13 
2021/12/14 	27.955535888671875	27.955535888671875	27.955535888671875	27.955535888671875	1001	2021/12/14 
2021/12/15 	27.955535888671875	27.955535888671875	27.955535888671875	27.955535888671875	3000	2021/12/15 
2021/12/16 	27.955535888671875	28.048721363773804	27.210055642586667	27.955535888671875	3003	2021/12/16 
2021/12/17 	28.048721313476562	28.14190678841139	27.769164888672083	28.048721313476562	8024	2021/12/17 
2021/12/20 	28.048721313476562	28.048721313476562	27.955535838541735	28.048721313476562	6001	2021/12/20 
2021/12/21 	28.04872175300224	28.04872175300224	27.48961067199707	27.48961067199707	3140	2021/12/21 
2021/12/22 	28.04872175300224	28.04872175300224	27.02368506738695	27.48961067199707	10023	2021/12/22 
2021/12/23 	27.862350463867188	27.862350463867188	27.862350463867188	27.862350463867188	1000	2021/12/23 
2021/12/24 	27.86235041356995	27.955535888671875	27.58279576562927	27.955535888671875	6003	2021/12/24 
2021/12/27 	27.955535888671875	27.955535888671875	27.955535888671875	27.955535888671875	1000	2021/12/27 
2021/12/28 	27.862350463867188	27.862350463867188	27.489610340151714	27.862350463867188	4005	2021/12/28 
2021/12/29 	27.955535888671875	27.955535888671875	27.955535888671875	27.955535888671875	1002	2021/12/29 
2021/12/30 	27.955535838541735	28.048721313476562	27.163461967643368	28.048721313476562	10002	2021/12/30 
2022/01/03 	28.04872175300224	28.04872175300224	27.25664786969201	27.48961067199707	11000	2022/01/03 
2022/01/04 	27.955535888671875	27.955535888671875	27.210055642586667	27.955535888671875	7002	2022/01/04 
2022/01/05 	27.95553362888812	28.002125473990283	27.070274353027344	27.070274353027344	6252	2022/01/05 
2022/01/06 	27.070275394868954	27.48960912638697	27.023683547973633	27.023683547973633	7500	2022/01/06 
2022/01/07 	27.6759812407312	27.955535888671875	27.11687016748474	27.955535888671875	4055	2022/01/07 
2022/01/10 	27.955535888671875	27.955535888671875	27.955535888671875	27.955535888671875	1000	2022/01/10 
2022/01/11 	27.955534846593945	28.002126693725586	27.070275532172456	28.002126693725586	4002	2022/01/11 
2022/01/12 	28.048721363773804	28.048721363773804	27.11687016748474	27.955535888671875	10900	2022/01/12 
2022/01/13 	28.048721313476562	28.048721313476562	28.048721313476562	28.048721313476562	3000	2022/01/13 
2022/01/14 	28.04872141440748	28.04872141440748	27.2566475406589	27.862350463867188	7000	2022/01/14 
2022/01/17 	27.58279576562927	28.048721363773804	27.58279576562927	27.955535888671875	8000	2022/01/17 
2022/01/18 	28.048721313476562	28.048721313476562	28.048721313476562	28.048721313476562	3000	2022/01/18 
2022/01/19 	28.048721313476562	28.048721313476562	27.489610241232707	28.048721313476562	4000	2022/01/19 
2022/01/20 	28.048721313476562	28.048721313476562	28.048721313476562	28.048721313476562	1000	2022/01/20 
2022/01/21 	27.489608719676138	27.582794189453125	27.489608719676138	27.582794189453125	6170	2022/01/21 
2022/01/24 	28.00212783897868	28.00212783897868	27.163462114753457	27.7691650390625	6000	2022/01/24 
2022/01/25 	27.116869156669136	28.002126693725586	27.116869156669136	28.002126693725586	1002	2022/01/25 
2022/01/26 	27.116870543782	27.95553627660719	27.116870543782	27.48961067199707	15013	2022/01/26 
2022/02/07 	27.955535888671875	27.955535888671875	27.955535888671875	27.955535888671875	3000	2022/02/07 
2022/02/08 	28.095313162261423	28.095313162261423	28.048721313476562	28.048721313476562	1005	2022/02/08 
2022/02/09 	27.489608719676138	27.582794189453125	27.489608719676138	27.582794189453125	5720	2022/02/09 
2022/02/10 	27.489608719676138	27.582794189453125	27.489608719676138	27.582794189453125	3030	2022/02/10 
2022/02/11 	27.489608675006682	28.048719715395073	27.489608675006682	27.675979614257812	5000	2022/02/11 
2022/02/14 	28.14190683887573	28.14190683887573	27.39642481542542	27.955535888671875	4010	2022/02/14 
2022/02/15 	28.14190673828125	28.14190673828125	28.14190673828125	28.14190673828125	1000	2022/02/15 
2022/02/16 	28.14190567225436	39.230932315561	28.14190567225436	36.80812072753906	528586	2022/02/16 
2022/02/17 	36.29560387727114	36.71493761581271	31.682939862774173	33.73301315307617	199033	2022/02/17 
2022/02/18 	33.77960753572388	33.77960753572388	32.19545971275765	32.89434814453125	66685	2022/02/18 
2022/02/21 	33.08071746826172	33.686422167741696	32.61479187011719	32.61479187011719	31414	2022/02/21 
2022/02/22 	32.707976655031864	33.22049767381066	30.09879392964211	31.40338706970215	86120	2022/02/22 
2022/02/23 	31.217012335538378	32.6147890072789	30.984049556914957	32.47500991821289	37302	2022/02/23 
2022/02/24 	32.009085836235464	32.61479051046469	31.58975565917068	31.776123046875	34537	2022/02/24 
2022/02/25 	31.217016413135337	33.26708984375	31.217016413135337	33.26708984375	23331	2022/02/25 
2022/03/01 	34.24553093898946	36.94790078872015	33.08071696147282	36.66834259033203	171991	2022/03/01 
2022/03/02 	36.43537957818087	37.32063890677573	35.73649119582653	35.87627029418945	74552	2022/03/02 
2022/03/03 	34.8046377229769	35.2705632804718	33.127306426941246	33.826194763183594	57257	2022/03/03 
2022/03/04 	33.220495279291136	34.105751037597656	32.75456969924346	34.105751037597656	4696	2022/03/04 
2022/03/07 	32.75456951084765	32.80116135763842	31.170421836851155	31.962493896484375	67520	2022/03/07 
2022/03/08 	31.962493383337495	32.10227247619575	30.89086670543421	31.449975967407227	22350	2022/03/08 
2022/03/09 	31.4499771337715	32.38182830810547	30.890867851063167	32.38182830810547	19320	2022/03/09 
2022/03/10 	32.381829071044926	32.61479187011719	31.217015075683594	32.61479187011719	12500	2022/03/10 
2022/03/11 	32.61479091010316	32.75457000732422	32.24204902066708	32.75457000732422	17260	2022/03/11 
2022/03/14 	32.75457000732422	32.75457000732422	31.77612343623704	32.75457000732422	4031	2022/03/14 
2022/03/15 	32.75457126660256	32.75457126660256	31.12383165840218	31.17042350769043	28005	2022/03/15 
2022/03/16 	31.17042304866475	32.05568239102582	30.5647183526466	31.543161392211914	11569	2022/03/16 
2022/03/17 	31.030643580900648	32.00908660888672	30.611309838983715	32.00908660888672	10260	2022/03/17 
2022/03/18 	31.962495881886266	32.05568313598633	31.543162125261652	32.05568313598633	5635	2022/03/18 
2022/03/21 	32.009086109837384	32.009086109837384	31.49656867980957	31.49656867980957	2000	2022/03/21 
2022/03/22 	30.751088937866076	32.00908660888672	30.751088937866076	32.00908660888672	2010	2022/03/22 
2022/03/23 	32.009087731571164	32.05568313598633	31.07723651895214	32.05568313598633	2510	2022/03/23 
2022/03/24 	32.055683997451666	32.14886769932568	31.077237354122676	32.10227584838867	6020	2022/03/24 
2022/03/25 	32.102271702824375	33.63982391357422	31.077233340927904	33.63982391357422	25530	2022/03/25 
2022/03/28 	32.14886627197266	32.61479187011719	32.009087170637216	32.61479187011719	7200	2022/03/28 
2022/03/29 	32.61479187011719	32.61479187011719	32.009087170637216	32.61479187011719	615	2022/03/29 
2022/03/30 	32.61479187011719	32.61479187011719	32.61479187011719	32.61479187011719	20	2022/03/30 
2022/03/31 	32.614791297736744	32.614791297736744	31.96249476083598	32.00908660888672	6600	2022/03/31 
2022/04/01 	32.614789106407656	33.63982391357422	32.614789106407656	33.63982391357422	4540	2022/04/01 
2022/04/06 	33.5466423034668	33.5466423034668	33.034124868109856	33.5466423034668	5505	2022/04/06 
2022/04/07 	33.12730650999094	33.63982391357422	33.12730650999094	33.63982391357422	3005	2022/04/07 
2022/04/08 	32.475010016916805	33.63982391357422	32.14886354774469	33.63982391357422	19505	2022/04/08 
2022/04/11 	33.63982607208365	33.63982607208365	30.98405163918815	32.195457458496094	23000	2022/04/11 
2022/04/12 	32.568199157714844	32.568199157714844	32.568199157714844	32.568199157714844	1200	2022/04/12 
2022/04/13 	32.614790322124094	32.614790322124094	32.14886474609375	32.14886474609375	2000	2022/04/13 
2022/04/14 	31.07723400189165	31.682938662927853	30.9374584641579	31.6363468170166	20030	2022/04/14 
2022/04/15 	31.636347266957006	31.636347266957006	30.984050750732422	30.984050750732422	3100	2022/04/15 
2022/04/18 	31.636348534236692	31.636348534236692	30.14538450103732	30.56471824645996	25105	2022/04/18 
2022/04/19 	30.098793124045358	31.07723617553711	30.098793124045358	31.07723617553711	2185	2022/04/19 
2022/04/20 	31.077235102276056	31.077235102276056	28.794200801852153	28.980571746826172	35100	2022/04/20 
2022/04/21 	30.052201464772224	30.098793314236673	29.819238662719727	29.819238662719727	18620	2022/04/21 
2022/04/22 	30.191980361938477	30.191980361938477	30.191980361938477	30.191980361938477	3000	2022/04/22 
2022/04/25 	29.63286810125167	29.819239056299605	29.353313446044922	29.353313446044922	7000	2022/04/25 
2022/04/26 	29.353313446044922	29.353313446044922	29.353313446044922	29.353313446044922	2000	2022/04/26 
2022/04/27 	29.539682388305664	29.539682388305664	29.539682388305664	29.539682388305664	3000	2022/04/27 
2022/04/28 	29.819236847001488	29.819236847001488	29.63286590576172	29.63286590576172	3500	2022/04/28 
2022/04/29 	29.632866311282474	30.331754684448242	29.632866311282474	30.331754684448242	2001	2022/04/29 
2022/05/03 	30.378345663914043	30.471532910512177	29.819236403245192	30.2851619720459	16100	2022/05/03 
2022/05/04 	29.959017482712774	30.657905882265354	29.959017482712774	30.098793029785156	7900	2022/05/04 
2022/05/05 	31.310197231479698	31.310197231479698	30.984050750732422	30.984050750732422	2000	2022/05/05 
2022/05/06 	29.959017663024554	30.331756012191168	29.912422258989764	30.0056095123291	34220	2022/05/06 
2022/05/09 	30.00560734171147	30.751087540846605	30.00560734171147	30.2851619720459	31010	2022/05/09 
2022/05/10 	30.005609615307776	30.285164266824722	29.819238662719727	29.819238662719727	8000	2022/05/10 
2022/05/11 	30.2851619720459	30.2851619720459	29.819236403245192	30.2851619720459	8200	2022/05/11 
2022/05/12 	30.42494151734822	30.42494151734822	29.63286590576172	29.63286590576172	27100	2022/05/12 
2022/05/13 	30.098793131633155	30.098793131633155	29.91242218017578	29.91242218017578	6000	2022/05/13 
2022/05/16 	29.819238662719727	29.819238662719727	29.819238662719727	29.819238662719727	28	2022/05/16 
2022/05/17 	29.819236403245192	30.2851619720459	29.819236403245192	30.2851619720459	3000	2022/05/17 
2022/05/18 	30.285164266824722	30.285164266824722	29.819238662719727	29.819238662719727	3500	2022/05/18 
2022/05/19 	29.632867710131677	29.819238662719727	29.632867710131677	29.819238662719727	2000	2022/05/19 
2022/05/20 	30.238572417360274	30.285164266824722	29.819238662719727	29.819238662719727	5000	2022/05/20 
2022/05/23 	29.865829759630397	31.030643740542114	29.865829759630397	30.751089096069336	4000	2022/05/23 
2022/05/24 	29.912422361648623	30.751089870929718	29.819238662719727	29.819238662719727	4344	2022/05/24 
2022/05/25 	30.890869140625	30.890869140625	30.37834812956165	30.890869140625	4000	2022/05/25 
2022/05/26 	31.030643740542114	31.030643740542114	30.751089096069336	30.751089096069336	2000	2022/05/26 
2022/05/27 	31.030643463134766	31.030643463134766	31.030643463134766	31.030643463134766	1030	2022/05/27 
2022/05/30 	30.052199600334454	31.030642597306315	30.052199600334454	30.984050750732422	5000	2022/05/30 
2022/05/31 	31.03064432636707	31.07723617553711	31.03064432636707	31.07723617553711	4000	2022/05/31 
2022/06/01 	31.077233574139935	31.077233574139935	30.564716166710586	30.937458038330078	7001	2022/06/01 
2022/06/02 	30.93746004396124	30.93746004396124	30.751089096069336	30.751089096069336	4000	2022/06/02 
2022/06/06 	30.145384958061626	30.56471870984165	30.098793108915007	30.191980361938477	16000	2022/06/06 
2022/06/07 	30.2851619720459	30.2851619720459	30.2851619720459	30.2851619720459	2000	2022/06/07 
2022/06/08 	30.331754684448242	30.331754684448242	30.331754684448242	30.331754684448242	1000	2022/06/08 
2022/06/09 	30.331754684448242	30.331754684448242	30.331754684448242	30.331754684448242	1000	2022/06/09 
2022/06/10 	30.33175426936332	30.33175426936332	29.63286590576172	29.63286590576172	1010	2022/06/10 
2022/06/13 	29.632866851245176	29.772645950317383	29.493089529538043	29.772645950317383	7015	2022/06/13 
2022/06/14 	29.772645950317383	29.772645950317383	29.772645950317383	29.772645950317383	0	2022/06/14 
2022/06/15 	29.53968401120278	29.819238662719727	29.53968401120278	29.819238662719727	2100	2022/06/15 
2022/06/16 	29.539682388305664	29.539682388305664	29.539682388305664	29.539682388305664	30	2022/06/16 
2022/06/17 	29.53968401120278	29.819238662719727	29.53968401120278	29.819238662719727	6000	2022/06/17 
2022/06/20 	30.331754684448242	30.331754684448242	30.331754684448242	30.331754684448242	2000	2022/06/20 
2022/06/21 	29.58627401353452	29.819236801042667	29.5396821669789	29.726051330566406	14000	2022/06/21 
2022/06/22 	29.586273197121834	30.937458038330078	29.586273197121834	30.937458038330078	19000	2022/06/22 
2022/06/23 	30.88926923531224	31.033838272094727	30.214621696171196	31.033838272094727	10000	2022/06/23 
2022/06/24 	29.92548627338215	30.841081619262695	29.92548627338215	30.841081619262695	3000	2022/06/24 
2022/06/27 	31.033839114691773	31.033839114691773	30.648324123833618	30.841081619262695	7000	2022/06/27 
2022/06/28 	30.648323418673282	31.033838400661462	30.648323418673282	30.792892456054688	10000	2022/06/28 
2022/06/29 	30.648324822136722	30.648324822136722	30.2628116607666	30.2628116607666	4000	2022/06/29 
2022/06/30 	30.02186556013417	30.841082173009074	29.87729835510254	29.87729835510254	6200	2022/06/30 
2022/07/01 	30.551948050712376	30.696515257105677	29.39540672302246	29.39540672302246	31100	2022/07/01 
2022/07/04 	30.359190550006804	30.359190550006804	28.8171360591775	29.39540672302246	28000	2022/07/04 
2022/07/05 	29.443593523317638	29.443593523317638	28.817134438660773	28.91351318359375	8000	2022/07/05 
2022/07/06 	29.443593978881836	29.443593978881836	29.443593978881836	29.443593978881836	1000	2022/07/06 
2022/07/07 	29.39540672302246	29.44359517906297	29.202649222316886	29.39540672302246	8000	2022/07/07 
2022/07/08 	29.20264774378469	29.299026489257812	29.20264774378469	29.299026489257812	2000	2022/07/08 
2022/07/11 	29.443593978881836	29.443593978881836	29.443593978881836	29.443593978881836	1000	2022/07/11 
2022/07/12 	28.913514667479117	29.39540657860377	28.720757167720553	29.0098934173584	12000	2022/07/12 
2022/07/13 	29.395406866132802	29.395406866132802	28.52800178527832	28.52800178527832	2000	2022/07/13 
2022/07/14 	28.52800109118366	29.106271743774414	28.52800109118366	29.106271743774414	2000	2022/07/14 
2022/07/15 	29.39540672302246	29.39540672302246	29.39540672302246	29.39540672302246	1000	2022/07/15 
2022/07/18 	29.395405234730937	29.395405234730937	29.299026489257812	29.299026489257812	2000	2022/07/18 
2022/07/19 	29.395405332920912	29.395405332920912	28.431621551513672	28.431621551513672	2000	2022/07/19 
2022/07/20 	29.39540672302246	29.39540672302246	29.39540672302246	29.39540672302246	1000	2022/07/20 
2022/07/21 	29.39540672302246	29.39540672302246	29.39540672302246	29.39540672302246	0	2022/07/21 
2022/07/22 	27.997918021049816	29.299026489257812	27.997918021049816	29.299026489257812	7200	2022/07/22 
2022/07/25 	29.299027402456844	29.299027402456844	29.106271743774414	29.106271743774414	6200	2022/07/25 
2022/07/26 	28.14248699109224	29.202647673946206	28.04610824584961	28.04610824584961	4000	2022/07/26 
2022/07/27 	28.04610840660511	28.431621551513672	27.85335091501499	28.431621551513672	15015	2022/07/27 
2022/07/28 	27.853351459000052	28.335243359115182	27.853351459000052	28.094297409057617	8000	2022/07/28 
2022/07/29 	28.431621551513672	28.431621551513672	28.431621551513672	28.431621551513672	2000	2022/07/29 
2022/08/01 	28.431621551513672	28.431621551513672	28.431621551513672	28.431621551513672	2000	2022/08/01 
2022/08/02 	28.431622524417588	28.431622524417588	27.275081211844448	27.3714599609375	20500	2022/08/02 
2022/08/03 	28.383434295654297	28.383434295654297	28.383434295654297	28.383434295654297	2000	2022/08/03 
2022/08/04 	28.43162296501734	28.43162296501734	27.03413567719083	27.275081634521484	21000	2022/08/04 
2022/08/05 	28.335244362521422	28.335244362521422	27.034135818481445	27.034135818481445	4000	2022/08/05 
2022/08/08 	26.98594581696136	27.17870330810547	26.98594581696136	27.17870330810547	12000	2022/08/08 
2022/08/09 	28.142488479614258	28.142488479614258	28.142488479614258	28.142488479614258	1000	2022/08/09 
2022/08/10 	28.14248741280733	28.190675867014917	27.756972426059857	27.949729919433594	6830	2022/08/10 
2022/08/11 	28.142488479614258	28.142488479614258	28.142488479614258	28.142488479614258	1000	2022/08/11 
2022/08/12 	28.190675735473633	28.190675735473633	28.190675735473633	28.190675735473633	2000	2022/08/12 
2022/08/15 	28.190675735473633	28.190675735473633	27.37145914986536	28.190675735473633	22190	2022/08/15 
2022/08/16 	28.19067693564854	28.19067693564854	28.046109729273926	28.142488479614258	4100	2022/08/16 
2022/08/17 	28.1424872814909	28.190675735473633	28.1424872814909	28.190675735473633	2000	2022/08/17 
2022/08/18 	28.142488479614258	28.142488479614258	27.467839065503707	28.142488479614258	2010	2022/08/18 
2022/08/19 	28.14248699109224	28.14248699109224	26.985945724723976	28.04610824584961	18010	2022/08/19 
2022/08/22 	28.04610994752222	28.04610994752222	27.034135818481445	27.034135818481445	2000	2022/08/22 
2022/08/23 	27.37145886742284	28.04610824584961	27.37145886742284	28.04610824584961	11070	2022/08/23 
2022/08/24 	28.046108934741618	28.046108934741618	27.467838287353516	27.467838287353516	19000	2022/08/24 
2022/08/25 	28.094296699335093	28.094296699335093	28.04610824584961	28.04610824584961	7000	2022/08/25 
2022/08/26 	28.91351318359375	30.2146216445098	28.04610815574027	28.91351318359375	24104	2022/08/26 
2022/08/29 	28.913514537196008	29.87729835510254	28.913514537196008	29.87729835510254	4100	2022/08/29 
2022/08/30 	29.877298217773436	30.118244171142578	28.768947199929737	30.118244171142578	107005	2022/08/30 
2022/08/31 	28.865326211675356	29.0098934173584	28.865326211675356	29.0098934173584	112000	2022/08/31 
2022/09/01 	28.86532473026309	29.009891928526727	28.86532473026309	28.91351318359375	101500	2022/09/01 
2022/09/02 	28.913514667479117	29.49178532848305	28.865326211675356	29.0098934173584	113073	2022/09/02 
2022/09/05 	28.865326211675356	29.588164078362333	28.865326211675356	29.0098934173584	107301	2022/09/05 
2022/09/06 	28.913514809530287	29.588164223728036	28.865326353489777	29.39540672302246	123700	2022/09/06 
2022/09/07 	29.973677104547544	30.35919026405581	29.87729835510254	29.87729835510254	6000	2022/09/07 
2022/09/08 	30.070054520103916	30.166431427001953	29.973675774934215	30.166431427001953	3000	2022/09/08 
2022/09/12 	30.166431427001953	30.40737737079038	30.166431427001953	30.166431427001953	9000	2022/09/12 
2022/09/13 	30.455568313598633	30.455568313598633	30.455568313598633	30.455568313598633	300	2022/09/13 
2022/09/14 	30.503756921397667	31.130216024134597	30.503756921397667	30.841081619262695	26030	2022/09/14 
2022/09/15 	31.322973519563675	31.322973519563675	30.744702871548157	30.841081619262695	26000	2022/09/15 
2022/09/16 	31.371161974285087	31.4193504290065	30.696514416826744	30.841081619262695	16000	2022/09/16 
2022/09/19 	30.841081619262695	30.841081619262695	30.841081619262695	30.841081619262695	0	2022/09/19 
2022/09/20 	30.841081619262695	30.841081619262695	30.841081619262695	30.841081619262695	0	2022/09/20 
2022/09/21 	30.841081619262695	30.841081619262695	30.841081619262695	30.841081619262695	0	2022/09/21 
2022/09/22 	30.841081619262695	30.841081619262695	30.841081619262695	30.841081619262695	0	2022/09/22 
2022/09/23 	30.841081619262695	30.841081619262695	30.841081619262695	30.841081619262695	0	2022/09/23 
2022/09/26 	30.792893586500163	30.792893586500163	30.74470329284668	30.74470329284668	1001	2022/09/26 
2022/09/27 	30.696514967977443	30.696514967977443	29.87729835510254	29.87729835510254	2200	2022/09/27 
2022/09/28 	29.877297514468033	30.07005500793457	29.877297514468033	30.07005500793457	3200	2022/09/28 
2022/09/29 	30.07005500793457	30.07005500793457	30.07005500793457	30.07005500793457	4200	2022/09/29 
2022/09/30 	30.45556902120782	30.50375747680664	30.45556902120782	30.50375747680664	2510	2022/09/30 
2022/10/03 	30.50375747680664	30.50375747680664	30.359190271738427	30.50375747680664	8013	2022/10/03 
2022/10/04 	30.60013509383012	31.033838531256066	30.407377602024876	30.55194664001465	38090	2022/10/04 
2022/10/05 	30.93745852870552	30.93745852870552	30.503756921397667	30.841081619262695	8082	2022/10/05 
2022/10/06 	31.804866297735867	31.901243209838867	31.804866297735867	31.901243209838867	2004	2022/10/06 
2022/10/07 	31.901242056134823	31.901242056134823	31.322973251342773	31.322973251342773	9000	2022/10/07 
2022/10/11 	32.23856968024396	32.28675813618329	31.515731811523438	31.515731811523438	17020	2022/10/11 
2022/10/12 	30.69651415397026	31.322973251342773	30.64832386138979	31.322973251342773	9000	2022/10/12 
2022/10/13 	30.696514416826744	31.322973519563675	30.648324123833618	30.841081619262695	11500	2022/10/13 
2022/10/14 	31.756677627563477	31.756677627563477	31.756677627563477	31.756677627563477	1000	2022/10/14 
2022/10/17 	30.50375687708155	31.70848846435547	30.40737812950703	31.70848846435547	10000	2022/10/17 
2022/10/18 	30.50375747680664	30.50375747680664	30.50375747680664	30.50375747680664	3	2022/10/18 
2022/10/19 	30.503756902248995	30.64832410459419	30.214622497558594	30.214622497558594	15000	2022/10/19 
2022/10/20 	30.600135803222656	30.600135803222656	30.600135803222656	30.600135803222656	3000	2022/10/20 
2022/10/21 	30.35918985201618	30.744703006292198	30.35918985201618	30.600135803222656	10000	2022/10/21 
2022/10/24 	30.841081619262695	30.841081619262695	30.841081619262695	30.841081619262695	1000	2022/10/24 
2022/10/25 	31.03383884894675	31.322973251342773	30.407377913302536	31.322973251342773	5008	2022/10/25 
2022/10/26 	31.322973251342773	31.322973251342773	31.322973251342773	31.322973251342773	1098	2022/10/26 
2022/10/27 	31.61210801288415	31.61210801288415	31.46754264831543	31.46754264831543	2000	2022/10/27 
2022/10/28 	31.612107161185254	31.612107161185254	30.64832338385312	31.419349670410156	5070	2022/10/28 
2022/10/31 	31.7566772726986	31.804865727886707	31.61210823059082	31.61210823059082	8000	2022/10/31 
2022/11/01 	31.804864651960347	31.949433689177503	31.130215272519187	31.419349670410156	9005	2022/11/01 
2022/11/02 	31.99762214273544	31.99762214273544	31.03383836540331	31.419349670410156	8000	2022/11/02 
2022/11/03 	31.997623443603516	31.997623443603516	31.997623443603516	31.997623443603516	1000	2022/11/03 
2022/11/04 	31.997622375600752	31.997622375600752	31.80486488342285	31.80486488342285	6000	2022/11/04 
2022/11/07 	32.093999643744475	32.093999643744475	31.949434280395508	31.949434280395508	5500	2022/11/07 
2022/11/08 	32.47951592486386	32.47951592486386	32.28675842285156	32.28675842285156	12000	2022/11/08 
2022/11/09 	32.431326044233586	32.431326044233586	31.804865109341325	32.19038009643555	16000	2022/11/09 
2022/11/10 	31.94943392169212	31.94943392169212	31.80486488342285	31.80486488342285	4000	2022/11/10 
2022/11/11 	32.19038129923492	32.286758211337926	31.901243209838867	31.901243209838867	7000	2022/11/11 
2022/11/14 	32.28675786999688	33.44329918572338	32.28675786999688	33.25054168701172	45000	2022/11/14 
2022/11/15 	33.53967573836945	33.53967573836945	32.76864942830623	33.10597229003906	12000	2022/11/15 
2022/11/16 	33.53967609680747	33.73243359551913	32.91321882167392	33.25054168701172	8217	2022/11/16 
2022/11/17 	33.73243274232644	33.73243274232644	33.44329833984375	33.44329833984375	3000	2022/11/17 
2022/11/18 	33.925190816223875	34.31070213394456	33.7324333190918	33.7324333190918	23900	2022/11/18 
2022/11/21 	33.73243305045114	34.407082446768854	33.73243305045114	34.214324951171875	6100	2022/11/21 
2022/11/22 	34.407081604003906	34.407081604003906	34.407081604003906	34.407081604003906	2000	2022/11/22 
2022/11/23 	34.407081604003906	34.407081604003906	34.407081604003906	34.407081604003906	2000	2022/11/23 
2022/11/24 	34.59983825683594	34.59983825683594	34.59983825683594	34.59983825683594	3000	2022/11/24 
2022/11/25 	35.51543022681379	35.51543022681379	34.5998385924023	35.37086486816406	8205	2022/11/25 
2022/11/28 	35.51543249811667	35.51543249811667	35.27448654174805	35.27448654174805	2000	2022/11/28 
2022/11/29 	35.419053544066124	35.70818793972943	35.27448450796281	35.51543045043945	18400	2022/11/29 
2022/11/30 	36.91291750609181	37.44299784213485	36.623783111572266	36.623783111572266	12000	2022/11/30 
2022/12/01 	37.73213577270508	37.780324225521696	37.39480924990221	37.73213577270508	16300	2022/12/01 
2022/12/02 	37.732138034242304	37.78032648994717	37.587568990584195	37.63575744628906	11000	2022/12/02 
2022/12/05 	37.1538647047198	37.828514099121094	37.1538647047198	37.828514099121094	14100	2022/12/05 
2022/12/06 	37.58756984038363	37.78032734410457	37.15386637614741	37.44300079345703	19000	2022/12/06 
2022/12/07 	38.069458252344376	38.069458252344376	37.49118947102733	37.58756637573242	4200	2022/12/07 
2022/12/08 	38.21402899751345	38.21402899751345	37.20205307006836	37.20205307006836	12300	2022/12/08 
2022/12/09 	38.21403086966838	38.21403086966838	37.587569900705844	38.069461822509766	22000	2022/12/09 
2022/12/12 	38.214027404785156	38.214027404785156	37.58756649262412	38.214027404785156	9000	2022/12/12 
2022/12/13 	38.214027404785156	38.214027404785156	38.06945837073469	38.214027404785156	5125	2022/12/13 
2022/12/14 	38.21402813731808	38.21402813731808	37.29843281604811	37.39480972290039	17101	2022/12/14 
2022/12/15 	38.21403086966838	38.262219326540055	38.069461822509766	38.069461822509766	8101	2022/12/15 
2022/12/16 	37.29843231962243	38.35859298706055	37.29843231962243	38.35859298706055	5220	2022/12/16 
2022/12/19 	38.551350248845246	38.551350248845246	38.214027404785156	38.214027404785156	4000	2022/12/19 
2022/12/20 	38.551351679196145	38.551351679196145	38.31040573120117	38.31040573120117	2000	2022/12/20 
2022/12/21 	38.55135131802612	38.55135131802612	37.29843313549895	38.165836334228516	9000	2022/12/21 
2022/12/22 	38.69592107840914	38.74410953314752	38.45497512817383	38.45497512817383	19000	2022/12/22 
2022/12/23 	38.454976890286375	38.6959228515625	38.454976890286375	38.6959228515625	2110	2022/12/23 
2022/12/26 	37.683944795796876	38.551351679196145	37.683944795796876	38.31040573120117	8000	2022/12/26 
2022/12/27 	38.74411031021856	38.74411031021856	37.63575744628906	37.63575744628906	1001	2022/12/27 
2022/12/28 	37.63575724929378	38.744110107421875	37.63575724929378	38.744110107421875	6000	2022/12/28 
2022/12/29 	37.78032629219518	38.744110107421875	37.78032629219518	38.744110107421875	8000	2022/12/29 
2022/12/30 	38.3585951107138	38.744110107421875	37.58756879384114	38.744110107421875	20010	2022/12/30 
2023/01/03 	38.744110107421875	38.744110107421875	38.744110107421875	38.744110107421875	3200	2023/01/03 
2023/01/04 	37.587569900705844	38.55135374431369	37.587569900705844	38.069461822509766	7100	2023/01/04 
2023/01/05 	38.744107614909765	38.744107614909765	37.58756637573242	37.58756637573242	3000	2023/01/05 
2023/01/06 	38.55135260906784	38.744110107421875	38.26221819980853	38.744110107421875	4938	2023/01/06 
2023/01/09 	38.551353454589844	38.551353454589844	38.551353454589844	38.551353454589844	1000	2023/01/09 
2023/01/10 	38.79229941368103	38.79229941368103	38.551353454589844	38.551353454589844	4000	2023/01/10 
2023/01/11 	38.79229678000407	38.79229678000407	38.5031623840332	38.5031623840332	5000	2023/01/11 
2023/01/12 	38.792296067262306	38.792296067262306	37.58756637573242	37.58756637573242	7122	2023/01/12 
2023/01/13 	37.587569618225096	38.551353454589844	37.587569618225096	38.551353454589844	8004	2023/01/13 
2023/01/16 	37.587568502375085	38.069460406251686	36.91291910163915	37.97308349609375	26383	2023/01/16 
2023/01/17 	37.973084623388424	38.551353454589844	37.539381161715575	38.551353454589844	8000	2023/01/17 
2023/01/30 	38.79229736328125	38.79229736328125	38.55135141692547	38.79229736328125	6100	2023/01/30 
2023/01/31 	38.792298778256885	39.41875973224987	38.06946091282353	38.888675689697266	91217	2023/01/31 
2023/02/01 	40.57529654900987	40.57529654900987	38.117648591918325	38.45497512817383	156006	2023/02/01 
2023/02/02 	38.69592055147121	39.65970433928824	38.262217111644865	39.418758392333984	26008	2023/02/02 
2023/02/03 	39.4669488997215	39.4669488997215	38.406784472040684	39.17781448364258	8004	2023/02/03 
2023/02/06 	38.45497512817383	39.515135838591846	38.06946013717995	38.45497512817383	167010	2023/02/06 
2023/02/07 	39.033244242501894	39.22600173950195	38.551352338273475	39.22600173950195	11009	2023/02/07 
2023/02/08 	39.51513729095459	39.51513729095459	38.35859595200818	38.551353454589844	23705	2023/02/08 
2023/02/09 	39.51513556621531	39.51513556621531	38.936866760253906	38.936866760253906	4002	2023/02/09 
2023/02/10 	39.51513729095459	39.51513729095459	38.21403058247961	38.551353454589844	17006	2023/02/10 
2023/02/13 	38.406781770759245	39.22600018133191	38.406781770759245	39.12961959838867	23004	2023/02/13 
2023/02/14 	39.322379500151364	39.322379500151364	38.74411067318848	39.03324508666992	12000	2023/02/14 
2023/02/15 	39.32238006591797	39.32238006591797	38.55135372669283	39.32238006591797	14012	2023/02/15 
2023/02/16 	38.64772951997311	39.51513642429453	38.55135260906784	38.744110107421875	37008	2023/02/16 
2023/02/17 	39.70789243123227	39.70789243123227	38.35859366997675	39.27418899536133	19008	2023/02/17 
2023/02/20 	39.27418921210549	42.40648651123047	38.551351373845876	42.40648651123047	102115	2023/02/20 
2023/02/21 	41.10538022290183	45.297838249879725	41.10538022290183	44.4304313659668	179258	2023/02/21 
2023/02/22 	43.322084000716224	44.526813791189184	41.4427047922697	44.044921875	56457	2023/02/22 
2023/02/23 	42.93656634232806	44.14129605831113	42.8883778889974	43.370269775390625	33779	2023/02/23 
2023/02/24 	42.98475479565871	43.56302726525658	42.8883778889974	43.370269775390625	36140	2023/02/24 
2023/03/01 	43.80397295441951	44.47862232676618	42.40648575667497	43.8521614074707	24714	2023/03/01 
2023/03/02 	43.17751179016689	44.4786220744275	43.17751179016689	44.33405303955078	33615	2023/03/02 
2023/03/03 	44.3340534004698	44.47862243652344	43.22570059484073	44.47862243652344	26108	2023/03/03 
2023/03/06 	43.61121841512102	44.526813791189184	43.37027245702643	44.044921875	46101	2023/03/06 
2023/03/07 	44.33405601099918	46.261623663651314	44.14129851042526	45.77973175048828	49432	2023/03/07 
2023/03/08 	46.06886481950089	50.11675750732422	46.06886481950089	48.18918991088867	108125	2023/03/08 
2023/03/09 	49.152974770285866	53.10448695767184	48.18919095126065	53.00811004638672	225488	2023/03/09 
2023/03/10 	53.00811061152705	53.4900025261773	50.309516624794384	52.04432678222656	114164	2023/03/10 
2023/03/13 	51.08053970336914	52.23708096026352	49.92399844647476	51.08053970336914	84361	2023/03/13 
2023/03/14 	50.213134765625	50.598649758209696	48.960216554539926	50.213134765625	32360	2023/03/14 
2023/03/15 	50.11675750732422	50.59864940643311	47.610921102575375	48.18918991088867	64497	2023/03/15 
2023/03/16 	48.67108353148115	48.67108353148115	44.18948724063824	45.2978401184082	99557	2023/03/16 
2023/03/17 	45.972487611626036	48.1410011435278	45.972487611626036	47.41816329956055	59219	2023/03/17 
2023/03/20 	46.791704323174656	47.7072996991746	44.671379156791524	45.2978401184082	50794	2023/03/20 
2023/03/21 	45.49059566719284	47.41816324905234	45.49059566719284	46.165245056152344	40217	2023/03/21 
2023/03/22 	46.16524731948056	46.647139238570986	45.44240944084491	46.06886672973633	26117	2023/03/22 
2023/03/23 	46.16524675604627	47.65911095168568	46.16524675604627	47.032649993896484	42072	2023/03/23 
2023/03/24 	47.61092106095179	47.659109515511865	46.30981072856923	46.93627166748047	53504	2023/03/24 
2023/03/27 	48.18918991088867	48.57470490079315	46.45437980940537	48.18918991088867	25774	2023/03/27 
2023/03/28 	47.70729770183877	47.70729770183877	46.79170236417157	47.41816329956055	33568	2023/03/28 
2023/03/29 	47.51454055626157	50.020380639633515	46.88808329282615	49.442108154296875	109369	2023/03/29 
2023/03/30 	49.152972974964676	52.044324326433184	49.152972974964676	50.88778305053711	137605	2023/03/30 
2023/03/31 	51.369677647921336	52.333461482503516	50.79140881778945	51.562435150146484	101990	2023/03/31 
2023/04/06 	51.17691905418597	53.4900016784668	51.17691905418597	53.4900016784668	149160	2023/04/06 
2023/04/07 	53.70000076293945	54.0	51.29999923706055	52.5	89443	2023/04/07 
2023/04/10 	53.29999923706055	54.29999923706055	51.900001525878906	54.29999923706055	100128	2023/04/10 
2023/04/11 	54.20000076293945	54.5	52.5	53.0	75111	2023/04/11 
2023/04/12 	52.5	53.0	52.0	52.5	58883	2023/04/12 
2023/04/13 	52.900001525878906	57.29999923706055	52.900001525878906	53.79999923706055	94837	2023/04/13 
2023/04/14 	54.599998474121094	55.0	53.20000076293945	55.0	38700	2023/04/14 
2023/04/17 	55.20000076293945	55.20000076293945	54.0	54.5	20497	2023/04/17 
2023/04/18 	55.20000076293945	55.5	54.099998474121094	55.0	92737	2023/04/18 
2023/04/19 	55.0	55.400001525878906	54.29999923706055	55.0	33963	2023/04/19 
2023/04/20 	54.79999923706055	55.5	54.29999923706055	55.099998474121094	23552	2023/04/20 
2023/04/21 	55.0	55.0	49.400001525878906	51.599998474121094	100206	2023/04/21 
2023/04/24 	53.79999923706055	53.79999923706055	51.0	51.0	44023	2023/04/24 
2023/04/25 	50.900001525878906	50.900001525878906	48.79999923706055	49.150001525878906	58608	2023/04/25 
2023/04/26 	49.900001525878906	50.70000076293945	48.79999923706055	50.70000076293945	34674	2023/04/26 
2023/04/27 	49.54999923706055	52.0	49.54999923706055	51.0	72430	2023/04/27 
2023/04/28 	51.0	52.20000076293945	50.599998474121094	51.20000076293945	65981	2023/04/28 
2023/05/02 	51.20000076293945	51.29999923706055	50.400001525878906	50.400001525878906	78241	2023/05/02 
2023/05/03 	50.29999923706055	50.5	49.5	50.20000076293945	59404	2023/05/03 
2023/05/04 	49.5	50.5	49.0	50.29999923706055	77600	2023/05/04 
2023/05/05 	49.5	50.70000076293945	49.349998474121094	49.900001525878906	74856	2023/05/05 
2023/05/08 	50.70000076293945	52.20000076293945	50.5	50.900001525878906	127918	2023/05/08 
2023/05/09 	51.900001525878906	53.0	49.79999923706055	49.79999923706055	83212	2023/05/09 
2023/05/10 	49.79999923706055	50.0	48.599998474121094	48.599998474121094	112998	2023/05/10 
2023/05/11 	49.70000076293945	49.75	48.0	48.20000076293945	205487	2023/05/11 
2023/05/12 	48.45000076293945	48.45000076293945	44.0	45.150001525878906	237606	2023/05/12 
2023/05/15 	45.5	45.54999923706055	43.900001525878906	44.70000076293945	141901	2023/05/15 
2023/05/16 	44.95000076293945	45.400001525878906	44.20000076293945	44.900001525878906	129240	2023/05/16 
2023/05/17 	45.0	45.0	44.349998474121094	44.650001525878906	162623	2023/05/17 
2023/05/18 	44.79999923706055	45.20000076293945	44.0	44.54999923706055	181757	2023/05/18 
2023/05/19 	44.79999923706055	44.900001525878906	44.349998474121094	44.54999923706055	233121	2023/05/19 
2023/05/22 	44.900001525878906	45.599998474121094	44.0	44.900001525878906	852000	2023/05/22 
2023/05/23 	45.20000076293945	50.0	45.20000076293945	49.79999923706055	1499000	2023/05/23 
2023/05/24 	49.79999923706055	50.5	47.5	48.20000076293945	1023000	2023/05/24 
2023/05/25 	48.20000076293945	51.0	46.70000076293945	50.0	1084000	2023/05/25 
2023/05/26 	50.5	53.29999923706055	50.0	52.5	1395000	2023/05/26 
2023/05/29 	51.5	55.0	50.29999923706055	51.099998474121094	1103000	2023/05/29 
2023/05/30 	50.0	50.400001525878906	47.849998474121094	48.900001525878906	937000	2023/05/30 
2023/05/31 	49.79999923706055	53.70000076293945	49.79999923706055	53.70000076293945	1501000	2023/05/31 
2023/06/01 	52.0	56.79999923706055	52.0	53.400001525878906	1329000	2023/06/01 
2023/06/02 	53.0	53.79999923706055	50.599998474121094	51.099998474121094	727000	2023/06/02 
2023/06/05 	51.5	51.599998474121094	49.900001525878906	50.0	392000	2023/06/05 
2023/06/06 	50.0	50.70000076293945	48.099998474121094	50.5	461000	2023/06/06 
2023/06/07 	49.95000076293945	49.95000076293945	48.79999923706055	49.04999923706055	245000	2023/06/07 
2023/06/08 	49.0	49.29999923706055	48.29999923706055	48.5	278000	2023/06/08 
2023/06/09 	48.099998474121094	48.099998474121094	46.5	46.54999923706055	458000	2023/06/09 
2023/06/12 	46.5	51.20000076293945	46.5	50.29999923706055	1277000	2023/06/12 
2023/06/13 	48.400001525878906	49.54999923706055	48.099998474121094	48.79999923706055	521000	2023/06/13 
2023/06/14 	48.70000076293945	50.599998474121094	48.70000076293945	49.45000076293945	295000	2023/06/14 
2023/06/15 	50.20000076293945	50.20000076293945	48.599998474121094	49.099998474121094	173000	2023/06/15 
2023/06/16 	49.099998474121094	49.099998474121094	47.95000076293945	47.95000076293945	284000	2023/06/16 
2023/06/19 	47.95000076293945	48.650001525878906	47.20000076293945	47.20000076293945	156000	2023/06/19 
2023/06/20 	47.25	47.349998474121094	46.79999923706055	46.79999923706055	144000	2023/06/20 
2023/06/21 	47.45000076293945	47.599998474121094	46.900001525878906	47.29999923706055	96000	2023/06/21 
2023/06/26 	47.29999923706055	47.349998474121094	46.29999923706055	46.29999923706055	115000	2023/06/26 
2023/06/27 	46.0	46.0	41.70000076293945	42.29999923706055	667000	2023/06/27 
2023/06/28 	42.349998474121094	42.75	42.29999923706055	42.45000076293945	137000	2023/06/28 
2023/06/29 	42.45000076293945	42.45000076293945	41.599998474121094	41.75	118000	2023/06/29 
2023/06/30 	41.75	43.650001525878906	41.5	43.54999923706055	176000	2023/06/30 
2023/07/03 	43.650001525878906	47.04999923706055	43.0	45.95000076293945	315000	2023/07/03 
2023/07/04 	45.5	45.5	44.099998474121094	44.099998474121094	169000	2023/07/04 
2023/07/05 	47.400001525878906	48.5	47.0	48.5	1060000	2023/07/05 
2023/07/06 	47.0	49.0	46.5	49.0	661000	2023/07/06 
2023/07/07 	48.099998474121094	48.650001525878906	47.0	47.04999923706055	259000	2023/07/07 
2023/07/10 	46.04999923706055	47.349998474121094	46.0	46.25	145000	2023/07/10 
2023/07/11 	46.849998474121094	48.25	46.20000076293945	46.29999923706055	223000	2023/07/11 
2023/07/12 	46.5	46.70000076293945	46.0	46.20000076293945	114000	2023/07/12 
2023/07/13 	47.0	47.099998474121094	45.5	45.599998474121094	166000	2023/07/13 
2023/07/14 	46.5	46.5	45.0	45.5	121000	2023/07/14 
2023/07/17 	45.099998474121094	45.45000076293945	43.900001525878906	45.400001525878906	190000	2023/07/17 
2023/07/18 	45.79999923706055	45.79999923706055	43.900001525878906	43.900001525878906	131000	2023/07/18 
2023/07/19 	43.900001525878906	44.0	43.54999923706055	43.599998474121094	108000	2023/07/19 
2023/07/20 	43.5	44.25	43.5	44.20000076293945	74000	2023/07/20 
2023/07/21 	44.04999923706055	44.599998474121094	43.54999923706055	44.400001525878906	98000	2023/07/21 
2023/07/24 	43.79999923706055	44.54999923706055	43.349998474121094	44.54999923706055	102000	2023/07/24 
2023/07/25 	44.5	46.0	43.95000076293945	45.70000076293945	141000	2023/07/25 
2023/07/26 	45.5	45.650001525878906	44.400001525878906	45.599998474121094	80000	2023/07/26 
2023/07/27 	44.650001525878906	45.5	44.650001525878906	45.5	68000	2023/07/27 
2023/07/28 	45.099998474121094	45.70000076293945	44.79999923706055	45.70000076293945	128000	2023/07/28 
2023/07/31 	45.95000076293945	45.95000076293945	44.70000076293945	45.70000076293945	77000	2023/07/31 
2023/08/01 	45.900001525878906	45.900001525878906	44.70000076293945	45.5	90000	2023/08/01 
2023/08/02 	45.400001525878906	45.400001525878906	44.150001525878906	44.75	77000	2023/08/02 
2023/08/04 	44.54999923706055	44.70000076293945	44.0	44.70000076293945	39000	2023/08/04 
2023/08/07 	44.5	45.04999923706055	44.20000076293945	45.04999923706055	78000	2023/08/07 
2023/08/08 	44.599998474121094	44.79999923706055	44.150001525878906	44.599998474121094	89000	2023/08/08 
2023/08/09 	44.5	44.54999923706055	43.599998474121094	44.29999923706055	98000	2023/08/09 
2023/08/10 	43.5	43.5	42.5	43.0	107000	2023/08/10 
2023/08/11 	42.900001525878906	43.099998474121094	42.5	43.099998474121094	44000	2023/08/11 
2023/08/14 	43.349998474121094	43.400001525878906	41.79999923706055	42.25	61000	2023/08/14 
2023/08/15 	42.20000076293945	42.29999923706055	41.900001525878906	41.900001525878906	66000	2023/08/15 
2023/08/16 	41.900001525878906	41.900001525878906	40.5	41.5	88000	2023/08/16 
2023/08/17 	40.70000076293945	41.900001525878906	40.20000076293945	41.400001525878906	148000	2023/08/17 
2023/08/18 	41.5	41.5	40.099998474121094	40.79999923706055	108000	2023/08/18 
2023/08/21 	40.79999923706055	40.900001525878906	40.599998474121094	40.70000076293945	26000	2023/08/21 
2023/08/22 	40.400001525878906	40.5	40.0	40.0	56000	2023/08/22 
2023/08/23 	40.04999923706055	40.5	39.900001525878906	40.5	66000	2023/08/23 
2023/08/24 	40.20000076293945	41.0	40.04999923706055	40.650001525878906	80000	2023/08/24 
2023/08/25 	40.29999923706055	41.0	40.25	41.0	82000	2023/08/25 
2023/08/28 	40.79999923706055	41.04999923706055	40.45000076293945	41.04999923706055	97000	2023/08/28 
2023/08/29 	41.349998474121094	41.349998474121094	40.70000076293945	41.25	90000	2023/08/29 
2023/08/30 	41.20000076293945	41.5	41.20000076293945	41.45000076293945	28000	2023/08/30 
2023/08/31 	41.45000076293945	42.0	41.349998474121094	41.900001525878906	58000	2023/08/31 
2023/09/01 	42.5	43.849998474121094	42.20000076293945	43.20000076293945	161000	2023/09/01 
2023/09/04 	43.45000076293945	43.5	42.599998474121094	43.20000076293945	43000	2023/09/04 
2023/09/05 	42.70000076293945	43.5	42.70000076293945	43.5	60000	2023/09/05 
2023/09/06 	43.54999923706055	43.54999923706055	42.650001525878906	43.5	54000	2023/09/06 
2023/09/07 	43.04999923706055	43.5	42.54999923706055	43.400001525878906	50000	2023/09/07 
2023/09/08 	43.0	43.20000076293945	42.70000076293945	43.0	52000	2023/09/08 
2023/09/11 	42.5	42.70000076293945	41.70000076293945	42.70000076293945	102000	2023/09/11 
2023/09/12 	42.45000076293945	42.650001525878906	41.650001525878906	42.599998474121094	150000	2023/09/12 
2023/09/13 	42.45000076293945	42.5	41.79999923706055	42.349998474121094	43000	2023/09/13 
2023/09/14 	42.400001525878906	42.5	42.20000076293945	42.25	52000	2023/09/14 
2023/09/15 	41.900001525878906	42.0	41.79999923706055	42.0	52000	2023/09/15 
2023/09/18 	42.099998474121094	42.349998474121094	41.20000076293945	42.349998474121094	91000	2023/09/18 
2023/09/19 	42.54999923706055	42.75	42.400001525878906	42.650001525878906	84000	2023/09/19 
2023/09/20 	42.650001525878906	42.70000076293945	42.29999923706055	42.70000076293945	31000	2023/09/20 
2023/09/21 	41.599998474121094	42.75	41.599998474121094	42.75	42000	2023/09/21 
2023/09/22 	42.75	42.75	42.04999923706055	42.04999923706055	11000	2023/09/22 
2023/09/25 	42.099998474121094	43.0	42.099998474121094	43.0	50000	2023/09/25 
2023/09/26 	42.95000076293945	44.29999923706055	42.95000076293945	43.599998474121094	94000	2023/09/26 
2023/09/27 	43.849998474121094	43.849998474121094	43.0	43.79999923706055	44000	2023/09/27 
2023/09/28 	43.75	44.0	43.70000076293945	43.900001525878906	38000	2023/09/28 
2023/10/02 	43.900001525878906	44.20000076293945	43.79999923706055	48.20000076293945	56000	2023/10/02 
2023/10/03 	43.900001525878906	44.0	43.25	43.900001525878906	50000	2023/10/03 
2023/10/04 	43.900001525878906	44.0	43.5	43.900001525878906	30000	2023/10/04 
2023/10/05 	44.0	44.0	43.400001525878906	43.95000076293945	53000	2023/10/05 
2023/10/06 	43.849998474121094	44.0	43.0	44.0	167000	2023/10/06 
2023/10/11 	43.900001525878906	44.0	43.29999923706055	44.0	55000	2023/10/11 
2023/10/12 	43.95000076293945	44.0	43.75	43.95000076293945	35000	2023/10/12 
2023/10/13 	44.0	44.099998474121094	43.54999923706055	44.099998474121094	49000	2023/10/13 
2023/10/16 	44.04999923706055	44.04999923706055	43.599998474121094	43.849998474121094	22000	2023/10/16 
2023/10/17 	43.849998474121094	43.900001525878906	43.099998474121094	43.79999923706055	60000	2023/10/17 
2023/10/18 	43.75	43.79999923706055	43.20000076293945	43.79999923706055	54000	2023/10/18 
2023/10/19 	43.75	43.900001525878906	43.150001525878906	43.900001525878906	63000	2023/10/19 
2023/10/20 	43.849998474121094	43.900001525878906	43.5	43.900001525878906	40000	2023/10/20 
2023/10/23 	43.75	43.79999923706055	43.25	43.79999923706055	27000	2023/10/23 
2023/10/24 	43.650001525878906	43.650001525878906	43.29999923706055	43.650001525878906	20000	2023/10/24 
2023/10/25 	43.599998474121094	43.650001525878906	43.20000076293945	43.650001525878906	41000	2023/10/25 
2023/10/26 	43.099998474121094	43.650001525878906	43.099998474121094	43.5	33000	2023/10/26 
2023/10/27 	43.45000076293945	43.54999923706055	42.79999923706055	43.54999923706055	111000	2023/10/27 
2023/10/30 	43.5	43.54999923706055	43.04999923706055	43.5	40000	2023/10/30 
2023/10/31 	43.29999923706055	43.5	43.099998474121094	43.099998474121094	44000	2023/10/31 
2023/11/01 	43.099998474121094	43.45000076293945	42.900001525878906	43.45000076293945	41000	2023/11/01 
2023/11/02 	43.5	43.5	43.0	43.45000076293945	63000	2023/11/02 
2023/11/03 	43.400001525878906	43.45000076293945	43.0	43.45000076293945	86000	2023/11/03 
2023/11/06 	43.0	43.20000076293945	42.70000076293945	43.20000076293945	71000	2023/11/06 
2023/11/07 	42.75	43.20000076293945	42.70000076293945	42.900001525878906	69000	2023/11/07 
2023/11/08 	42.650001525878906	42.849998474121094	42.29999923706055	42.849998474121094	40000	2023/11/08 
2023/11/09 	42.75	42.79999923706055	42.0	42.54999923706055	89000	2023/11/09 
2023/11/10 	42.45000076293945	42.45000076293945	41.0	41.79999923706055	107000	2023/11/10 
2023/11/13 	41.79999923706055	41.79999923706055	41.04999923706055	41.70000076293945	44000	2023/11/13 
2023/11/14 	41.20000076293945	41.79999923706055	41.099998474121094	41.79999923706055	45000	2023/11/14 
2023/11/15 	41.75	41.900001525878906	41.29999923706055	41.900001525878906	79000	2023/11/15 
2023/11/16 	42.0	43.95000076293945	41.650001525878906	43.45000076293945	97000	2023/11/16 
2023/11/17 	44.0	44.0	43.04999923706055	43.599998474121094	83000	2023/11/17 
2023/11/20 	44.0	44.0	43.099998474121094	43.70000076293945	45000	2023/11/20 
2023/11/21 	43.79999923706055	44.0	43.349998474121094	44.0	55000	2023/11/21 
2023/11/22 	44.150001525878906	44.400001525878906	43.650001525878906	44.400001525878906	150000	2023/11/22 
2023/11/23 	44.29999923706055	44.400001525878906	43.95000076293945	44.349998474121094	76000	2023/11/23 
2023/11/24 	44.29999923706055	44.349998474121094	43.79999923706055	44.349998474121094	59000	2023/11/24 
2023/11/27 	44.29999923706055	44.349998474121094	44.04999923706055	44.29999923706055	56000	2023/11/27 
2023/11/28 	44.45000076293945	44.45000076293945	43.70000076293945	44.0	83000	2023/11/28 
2023/11/29 	43.79999923706055	44.099998474121094	43.599998474121094	44.099998474121094	74000	2023/11/29 
2023/11/30 	44.0	44.25	43.79999923706055	44.25	52000	2023/11/30 
2023/12/01 	44.70000076293945	45.75	44.70000076293945	45.45000076293945	207000	2023/12/01 
2023/12/04 	45.79999923706055	46.5	45.599998474121094	46.0	191000	2023/12/04 
2023/12/05 	46.0	46.25	45.650001525878906	45.95000076293945	72000	2023/12/05 
2023/12/06 	46.5	46.75	46.0	46.400001525878906	191000	2023/12/06 
2023/12/07 	46.20000076293945	47.04999923706055	45.5	45.900001525878906	150000	2023/12/07 
2023/12/08 	46.20000076293945	46.79999923706055	45.45000076293945	46.79999923706055	151000	2023/12/08 
2023/12/11 	47.150001525878906	47.150001525878906	46.25	46.70000076293945	140000	2023/12/11 
2023/12/12 	46.70000076293945	46.70000076293945	46.150001525878906	46.650001525878906	73000	2023/12/12 
2023/12/13 	46.45000076293945	47.45000076293945	46.45000076293945	46.900001525878906	290000	2023/12/13 
2023/12/14 	47.29999923706055	47.400001525878906	46.400001525878906	46.900001525878906	105000	2023/12/14 
2023/12/15 	46.900001525878906	46.900001525878906	45.54999923706055	45.54999923706055	100000	2023/12/15 
2023/12/18 	45.29999923706055	45.900001525878906	44.70000076293945	45.70000076293945	134000	2023/12/18 
2023/12/19 	47.04999923706055	48.599998474121094	45.849998474121094	48.0	159000	2023/12/19 
2023/12/20 	46.45000076293945	46.79999923706055	45.95000076293945	46.5	44000	2023/12/20 
2023/12/21 	45.20000076293945	46.54999923706055	45.20000076293945	46.20000076293945	32000	2023/12/21 
2023/12/22 	47.45000076293945	47.45000076293945	46.20000076293945	46.25	99000	2023/12/22 
2023/12/25 	46.70000076293945	46.70000076293945	45.400001525878906	45.400001525878906	48000	2023/12/25 
2023/12/26 	46.04999923706055	46.04999923706055	45.20000076293945	45.20000076293945	33000	2023/12/26 
2023/12/27 	46.0	46.0	45.04999923706055	45.45000076293945	13000	2023/12/27 
2023/12/28 	45.5	46.099998474121094	44.5	46.099998474121094	90000	2023/12/28 
2023/12/29 	46.400001525878906	46.400001525878906	45.45000076293945	45.45000076293945	29000	2023/12/29 
2024/01/02 	45.45000076293945	45.45000076293945	45.04999923706055	45.04999923706055	17000	2024/01/02 
2024/01/03 	45.04999923706055	45.04999923706055	44.0	47.0	74000	2024/01/03 
2024/01/04 	44.900001525878906	45.0	44.29999923706055	44.45000076293945	10000	2024/01/04 
2024/01/05 	44.650001525878906	44.70000076293945	43.849998474121094	44.45000076293945	53000	2024/01/05 
2024/01/08 	45.0	45.20000076293945	44.849998474121094	45.04999923706055	74000	2024/01/08 
2024/01/09 	45.04999923706055	45.150001525878906	44.849998474121094	45.150001525878906	21000	2024/01/09 
2024/01/10 	45.150001525878906	45.20000076293945	45.099998474121094	45.150001525878906	10000	2024/01/10 
2024/01/11 	45.29999923706055	45.29999923706055	45.0	45.29999923706055	16000	2024/01/11 
2024/01/12 	45.29999923706055	45.29999923706055	44.79999923706055	45.20000076293945	25000	2024/01/12 
2024/01/15 	45.20000076293945	45.20000076293945	45.20000076293945	45.20000076293945	0	2024/01/15 
2024/01/16 	44.79999923706055	45.0	44.25	45.0	13000	2024/01/16 
2024/01/17 	45.150001525878906	45.150001525878906	43.79999923706055	44.0	38000	2024/01/17 
2024/01/18 	45.0	46.349998474121094	44.400001525878906	45.5	108000	2024/01/18 
2024/01/19 	46.29999923706055	46.29999923706055	44.95000076293945	46.400001525878906	63000	2024/01/19 
2024/01/22 	46.20000076293945	46.20000076293945	45.29999923706055	45.70000076293945	23000	2024/01/22 
2024/01/23 	46.0	46.0	45.0	45.5	25000	2024/01/23 
2024/01/24 	45.04999923706055	45.75	44.79999923706055	45.599998474121094	32000	2024/01/24 
2024/01/25 	45.79999923706055	45.79999923706055	45.20000076293945	45.5	21000	2024/01/25 
2024/01/26 	46.0	46.0	45.150001525878906	45.45000076293945	35000	2024/01/26 
2024/01/29 	45.650001525878906	45.650001525878906	45.099998474121094	45.400001525878906	15000	2024/01/29 
2024/01/30 	45.099998474121094	45.45000076293945	45.0	45.400001525878906	34000	2024/01/30 
2024/01/31 	45.70000076293945	45.70000076293945	45.0	45.54999923706055	55000	2024/01/31 
2024/02/01 	46.20000076293945	47.95000076293945	45.5	47.400001525878906	439000	2024/02/01 
2024/02/02 	48.20000076293945	48.29999923706055	47.0	47.599998474121094	318000	2024/02/02 
2024/02/05 	47.70000076293945	48.150001525878906	47.0	47.849998474121094	219000	2024/02/05 
2024/02/15 	47.900001525878906	47.95000076293945	46.849998474121094	47.95000076293945	165000	2024/02/15 
2024/02/16 	47.95000076293945	48.29999923706055	47.099998474121094	47.099998474121094	135000	2024/02/16 
2024/02/19 	47.5	47.5	46.70000076293945	47.25	71000	2024/02/19 
2024/02/20 	47.0	47.400001525878906	46.5	47.150001525878906	146000	2024/02/20 
2024/02/21 	47.650001525878906	47.650001525878906	46.95000076293945	47.04999923706055	77000	2024/02/21 
2024/02/22 	47.150001525878906	47.400001525878906	46.25	47.400001525878906	164000	2024/02/22 
2024/02/23 	47.5	47.5	46.599998474121094	47.25	42000	2024/02/23 
2024/02/26 	47.25	47.5	46.70000076293945	47.0	41000	2024/02/26 
2024/02/27 	47.0	47.900001525878906	46.5	47.5	150000	2024/02/27 
2024/02/29 	47.5	47.5	46.400001525878906	46.400001525878906	135000	2024/02/29 
2024/03/01 	46.400001525878906	46.79999923706055	45.349998474121094	46.79999923706055	172000	2024/03/01 
2024/03/04 	47.0	47.849998474121094	46.70000076293945	46.70000076293945	61000	2024/03/04 
2024/03/05 	47.0	47.0	46.29999923706055	46.599998474121094	61000	2024/03/05 
2024/03/06 	46.099998474121094	46.599998474121094	45.0	46.0	413000	2024/03/06 
2024/03/07 	47.0	47.150001525878906	45.29999923706055	45.900001525878906	110000	2024/03/07 
2024/03/08 	46.599998474121094	46.599998474121094	44.0	44.0	138000	2024/03/08 
2024/03/11 	44.0	44.599998474121094	43.099998474121094	44.25	55000	2024/03/11 
2024/03/12 	44.099998474121094	44.599998474121094	43.70000076293945	44.54999923706055	33000	2024/03/12 
2024/03/13 	44.5	44.70000076293945	44.150001525878906	44.5	30000	2024/03/13 
2024/03/14 	44.75	44.75	43.95000076293945	44.79999923706055	14000	2024/03/14 
2024/03/15 	44.5	44.900001525878906	44.0	44.79999923706055	18000	2024/03/15 
2024/03/18 	44.79999923706055	44.79999923706055	44.79999923706055	44.79999923706055	0	2024/03/18 
2024/03/19 	44.70000076293945	44.95000076293945	44.0	44.0	106000	2024/03/19 
2024/03/20 	44.70000076293945	44.70000076293945	42.849998474121094	43.79999923706055	166000	2024/03/20 
2024/03/21 	42.75	43.95000076293945	42.75	43.95000076293945	60000	2024/03/21 
2024/03/22 	43.20000076293945	43.599998474121094	43.150001525878906	43.54999923706055	17000	2024/03/22 
2024/03/25 	43.54999923706055	43.54999923706055	43.54999923706055	43.54999923706055	0	2024/03/25 
2024/03/26 	43.54999923706055	43.54999923706055	43.54999923706055	43.54999923706055	0	2024/03/26 
2024/03/27 	42.650001525878906	43.349998474121094	42.599998474121094	43.25	36000	2024/03/27 
2024/03/28 	43.25	43.29999923706055	42.900001525878906	43.29999923706055	16000	2024/03/28 
2024/03/29 	43.29999923706055	43.29999923706055	42.75	43.150001525878906	47000	2024/03/29 
2024/04/01 	43.29999923706055	43.400001525878906	43.0	43.20000076293945	24000	2024/04/01 
2024/04/02 	43.45000076293945	43.45000076293945	43.20000076293945	43.400001525878906	32000	2024/04/02 
2024/04/03 	43.70000076293945	43.75	43.29999923706055	43.75	31000	2024/04/03 
2024/04/08 	44.0	44.70000076293945	43.5	44.70000076293945	110000	2024/04/08 
2024/04/09 	44.70000076293945	46.650001525878906	44.54999923706055	44.900001525878906	55000	2024/04/09 
2024/04/10 	44.29999923706055	44.95000076293945	44.150001525878906	44.95000076293945	25000	2024/04/10 
2024/04/11 	45.20000076293945	45.75	44.25	44.25	13000	2024/04/11 
2024/04/12 	44.25	44.25	43.650001525878906	44.20000076293945	22000	2024/04/12 
2024/04/15 	43.400001525878906	44.04999923706055	43.400001525878906	43.75	20000	2024/04/15 
2024/04/16 	43.150001525878906	43.150001525878906	42.45000076293945	43.099998474121094	36000	2024/04/16 
2024/04/17 	43.099998474121094	44.0	43.099998474121094	43.70000076293945	21000	2024/04/17 
2024/04/18 	43.099998474121094	43.599998474121094	43.04999923706055	43.349998474121094	10000	2024/04/18 
2024/04/19 	42.70000076293945	43.70000076293945	42.70000076293945	43.5	35000	2024/04/19 
2024/04/22 	43.400001525878906	43.79999923706055	43.150001525878906	43.5	27000	2024/04/22 
2024/04/23 	43.20000076293945	43.400001525878906	43.0	43.29999923706055	19000	2024/04/23 
2024/04/24 	43.29999923706055	43.599998474121094	43.099998474121094	43.400001525878906	40000	2024/04/24 
2024/04/25 	43.349998474121094	43.79999923706055	43.349998474121094	43.79999923706055	8000	2024/04/25 
2024/04/26 	43.54999923706055	43.54999923706055	41.70000076293945	42.79999923706055	181000	2024/04/26 
2024/04/29 	42.650001525878906	43.150001525878906	41.650001525878906	41.650001525878906	159000	2024/04/29 
2024/04/30 	41.650001525878906	41.650001525878906	39.650001525878906	39.75	182000	2024/04/30 
2024/05/02 	39.650001525878906	40.349998474121094	38.400001525878906	39.95000076293945	375000	2024/05/02 
2024/05/03 	39.95000076293945	40.0	39.45000076293945	39.45000076293945	89000	2024/05/03 
2024/05/06 	39.45000076293945	39.45000076293945	38.099998474121094	38.849998474121094	127000	2024/05/06 
2024/05/07 	38.75	39.75	38.400001525878906	38.79999923706055	115000	2024/05/07 
2024/05/08 	38.849998474121094	39.650001525878906	38.849998474121094	39.45000076293945	90000	2024/05/08 
2024/05/09 	39.45000076293945	39.5	39.099998474121094	39.45000076293945	26000	2024/05/09 
2024/05/10 	38.79999923706055	39.25	38.75	38.900001525878906	25000	2024/05/10 
2024/05/13 	38.5	39.150001525878906	38.45000076293945	39.150001525878906	31000	2024/05/13 
2024/05/14 	38.70000076293945	39.04999923706055	38.5	38.900001525878906	140000	2024/05/14 
2024/05/15 	39.95000076293945	39.95000076293945	38.54999923706055	38.54999923706055	59000	2024/05/15 
2024/05/16 	38.900001525878906	39.150001525878906	38.599998474121094	39.04999923706055	79000	2024/05/16 
2024/05/17 	39.04999923706055	39.150001525878906	39.0	39.0	29000	2024/05/17 
2024/05/20 	39.5	39.5	38.900001525878906	39.0	56000	2024/05/20 
2024/05/21 	39.099998474121094	39.099998474121094	39.0	38.900001525878906	10000	2024/05/21 
2024/05/22 	39.45000076293945	39.45000076293945	39.04999923706055	39.04999923706055	63000	2024/05/22 
2024/05/23 	38.79999923706055	39.099998474121094	38.5	38.70000076293945	33000	2024/05/23 
2024/05/24 	38.25	38.75	38.25	38.5	25000	2024/05/24 
2024/05/27 	38.599998474121094	38.75	38.349998474121094	38.54999923706055	33000	2024/05/27 
2024/05/28 	38.29999923706055	38.54999923706055	37.900001525878906	37.95000076293945	91000	2024/05/28 
2024/05/29 	38.150001525878906	38.150001525878906	37.5	39.0	88000	2024/05/29 
2024/05/30 	38.29999923706055	38.29999923706055	37.79999923706055	37.849998474121094	15000	2024/05/30 
2024/05/31 	37.79999923706055	38.20000076293945	37.70000076293945	38.099998474121094	54000	2024/05/31 
2024/06/03 	38.04999923706055	38.20000076293945	37.900001525878906	38.0	53000	2024/06/03 
2024/06/04 	38.900001525878906	38.900001525878906	37.79999923706055	37.900001525878906	53000	2024/06/04 
2024/06/05 	38.0	38.0	37.599998474121094	37.599998474121094	19000	2024/06/05 
2024/06/06 	38.400001525878906	38.599998474121094	37.900001525878906	38.599998474121094	142000	2024/06/06 
2024/06/07 	38.650001525878906	39.04999923706055	38.400001525878906	38.650001525878906	44000	2024/06/07 
2024/06/11 	38.70000076293945	38.75	38.04999923706055	38.04999923706055	29000	2024/06/11 
2024/06/12 	37.79999923706055	38.29999923706055	37.5	37.900001525878906	49000	2024/06/12 
2024/06/13 	38.29999923706055	38.29999923706055	38.0	38.20000076293945	38000	2024/06/13 
2024/06/14 	38.099998474121094	38.400001525878906	37.75	38.20000076293945	47000	2024/06/14 
2024/06/17 	38.20000076293945	38.29999923706055	38.0	38.099998474121094	18000	2024/06/17 
2024/06/18 	38.099998474121094	38.349998474121094	37.79999923706055	37.95000076293945	29000	2024/06/18 
2024/06/19 	38.20000076293945	38.25	37.599998474121094	38.0	37000	2024/06/19 
2024/06/20 	38.0	38.099998474121094	37.79999923706055	37.849998474121094	27000	2024/06/20 
2024/06/21 	38.150001525878906	38.150001525878906	37.849998474121094	37.95000076293945	20000	2024/06/21 
2024/06/24 	37.70000076293945	38.25	37.70000076293945	38.04999923706055	37000	2024/06/24 
2024/06/25 	38.0	38.099998474121094	37.79999923706055	38.04999923706055	32000	2024/06/25 
2024/06/26 	38.20000076293945	39.29999923706055	37.79999923706055	39.0	128000	2024/06/26 
2024/06/27 	38.599998474121094	39.400001525878906	38.45000076293945	38.849998474121094	46000	2024/06/27 
2024/06/28 	39.20000076293945	39.20000076293945	38.45000076293945	38.5	46000	2024/06/28 
2024/07/01 	38.75	38.75	38.29999923706055	38.400001525878906	20000	2024/07/01 
2024/07/02 	38.349998474121094	38.54999923706055	37.849998474121094	38.349998474121094	41000	2024/07/02 
2024/07/03 	38.5	38.95000076293945	38.29999923706055	38.29999923706055	26000	2024/07/03 
2024/07/04 	38.849998474121094	38.849998474121094	38.0	38.400001525878906	45000	2024/07/04 
2024/07/05 	38.400001525878906	38.5	38.0	38.20000076293945	65000	2024/07/05 
2024/07/08 	38.79999923706055	39.0	38.54999923706055	39.0	77000	2024/07/08 
2024/07/09 	39.0	39.349998474121094	38.650001525878906	39.0	25000	2024/07/09 
2024/07/10 	38.650001525878906	39.04999923706055	38.54999923706055	38.54999923706055	65000	2024/07/10 
2024/07/11 	38.849998474121094	38.849998474121094	38.29999923706055	38.29999923706055	40000	2024/07/11 
2024/07/12 	38.29999923706055	38.400001525878906	38.150001525878906	38.400001525878906	6000	2024/07/12 
2024/07/15 	38.400001525878906	38.400001525878906	38.0	38.04999923706055	36000	2024/07/15 
2024/07/16 	38.29999923706055	38.400001525878906	38.0	38.150001525878906	32000	2024/07/16 
2024/07/17 	38.04999923706055	38.349998474121094	38.0	38.150001525878906	28000	2024/07/17 
2024/07/18 	38.0	38.29999923706055	37.900001525878906	38.5	12000	2024/07/18 
2024/07/19 	38.5	38.5	37.70000076293945	37.70000076293945	43000	2024/07/19 
2024/07/22 	37.54999923706055	37.70000076293945	36.599998474121094	37.650001525878906	30000	2024/07/22 
2024/07/23 	38.0	38.0	37.599998474121094	37.75	15000	2024/07/23 
2024/07/26 	37.849998474121094	37.95000076293945	37.04999923706055	37.45000076293945	34000	2024/07/26 
2024/07/29 	37.04999923706055	37.79999923706055	37.0	37.29999923706055	13000	2024/07/29 
2024/07/30 	37.29999923706055	37.70000076293945	37.29999923706055	37.599998474121094	7000	2024/07/30 
2024/07/31 	37.150001525878906	37.650001525878906	37.0	37.349998474121094	19000	2024/07/31 
2024/08/01 	37.25	37.75	37.0	37.599998474121094	39000	2024/08/01 
2024/08/02 	37.0	37.599998474121094	36.900001525878906	37.04999923706055	53000	2024/08/02 
2024/08/05 	36.849998474121094	36.849998474121094	33.849998474121094	33.849998474121094	53000	2024/08/05 
2024/08/06 	34.54999923706055	34.599998474121094	34.0	36.04999923706055	28000	2024/08/06 
2024/08/07 	34.900001525878906	35.0	34.099998474121094	34.70000076293945	44000	2024/08/07 
2024/08/08 	34.0	34.70000076293945	33.599998474121094	34.54999923706055	20000	2024/08/08 
2024/08/09 	34.650001525878906	35.400001525878906	34.349998474121094	34.45000076293945	83000	2024/08/09 
2024/08/12 	34.0	35.20000076293945	34.0	34.54999923706055	9000	2024/08/12 
2024/08/13 	34.95000076293945	34.95000076293945	33.400001525878906	33.45000076293945	88000	2024/08/13 
2024/08/14 	33.54999923706055	33.849998474121094	32.95000076293945	33.349998474121094	71000	2024/08/14 
2024/08/15 	33.25	33.54999923706055	33.0	33.0	44000	2024/08/15 
2024/08/16 	33.54999923706055	33.54999923706055	32.70000076293945	33.29999923706055	52000	2024/08/16 
2024/08/19 	32.95000076293945	33.400001525878906	32.95000076293945	33.349998474121094	11000	2024/08/19 
2024/08/20 	33.349998474121094	33.849998474121094	33.349998474121094	33.599998474121094	9000	2024/08/20 
2024/08/21 	34.04999923706055	34.150001525878906	33.0	33.150001525878906	95000	2024/08/21 
2024/08/22 	33.0	33.0	32.650001525878906	32.900001525878906	39000	2024/08/22 
2024/08/23 	32.650001525878906	32.900001525878906	32.0	32.150001525878906	61000	2024/08/23 
2024/08/26 	32.650001525878906	32.70000076293945	32.29999923706055	32.70000076293945	14000	2024/08/26 
2024/08/27 	32.0	32.20000076293945	32.0	32.20000076293945	17000	2024/08/27 
2024/08/28 	32.20000076293945	32.45000076293945	32.20000076293945	32.25	12000	2024/08/28 
2024/08/29 	32.45000076293945	32.45000076293945	32.150001525878906	32.25	4000	2024/08/29 
2024/08/30 	32.099998474121094	33.099998474121094	32.0	32.900001525878906	64000	2024/08/30 
2024/09/02 	32.95000076293945	33.400001525878906	32.95000076293945	33.099998474121094	32000	2024/09/02 
2024/09/03 	33.099998474121094	33.099998474121094	32.95000076293945	32.95000076293945	3000	2024/09/03 
2024/09/04 	32.95000076293945	36.20000076293945	32.95000076293945	36.20000076293945	379000	2024/09/04 
2024/09/05 	39.0	39.79999923706055	38.0	39.79999923706055	811000	2024/09/05 
2024/09/06 	40.150001525878906	41.0	36.599998474121094	36.599998474121094	1044000	2024/09/06 
2024/09/09 	36.29999923706055	36.599998474121094	35.20000076293945	36.599998474121094	181000	2024/09/09 
2024/09/10 	37.0	37.0	35.400001525878906	35.599998474121094	155000	2024/09/10 
2024/09/11 	36.5	36.5	35.5	35.650001525878906	50000	2024/09/11 
2024/09/12 	36.0	36.150001525878906	35.29999923706055	35.599998474121094	74000	2024/09/12 
2024/09/13 	35.650001525878906	37.29999923706055	35.650001525878906	36.45000076293945	104000	2024/09/13 
2024/09/16 	36.5	36.650001525878906	35.75	36.0	26000	2024/09/16 
2024/09/18 	36.650001525878906	36.75	35.75	36.0	59000	2024/09/18 
2024/09/19 	35.04999923706055	36.5	35.04999923706055	35.900001525878906	99000	2024/09/19 
2024/09/20 	35.79999923706055	39.349998474121094	35.54999923706055	37.70000076293945	395000	2024/09/20 
2024/09/23 	39.95000076293945	40.0	37.75	37.75	454000	2024/09/23 
2024/09/24 	37.75	37.900001525878906	36.79999923706055	37.54999923706055	54000	2024/09/24 
2024/09/25 	37.650001525878906	38.400001525878906	37.150001525878906	37.150001525878906	43000	2024/09/25 
2024/09/26 	38.20000076293945	38.400001525878906	37.150001525878906	37.150001525878906	25000	2024/09/26 
2024/09/27 	37.20000076293945	37.400001525878906	37.099998474121094	37.400001525878906	52000	2024/09/27 
2024/09/30 	37.400001525878906	37.650001525878906	36.79999923706055	37.29999923706055	30000	2024/09/30 
2024/10/01 	37.29999923706055	37.79999923706055	37.29999923706055	37.70000076293945	20000	2024/10/01 
2024/10/04 	38.0	39.400001525878906	37.900001525878906	38.79999923706055	119000	2024/10/04 
2024/10/07 	41.79999923706055	42.650001525878906	41.79999923706055	42.650001525878906	1017000	2024/10/07 
2024/10/08 	40.900001525878906	41.79999923706055	40.349998474121094	40.79999923706055	769000	2024/10/08 
2024/10/09 	41.0	42.599998474121094	39.150001525878906	39.5	428000	2024/10/09 
2024/10/11 	39.5	41.75	38.79999923706055	39.599998474121094	378000	2024/10/11 
2024/10/14 	41.599998474121094	43.54999923706055	40.70000076293945	43.54999923706055	1059000	2024/10/14 
2024/10/15 	47.0	47.0	42.20000076293945	43.29999923706055	1952000	2024/10/15 
2024/10/16 	43.29999923706055	47.599998474121094	42.04999923706055	46.900001525878906	1825000	2024/10/16 
2024/10/17 	47.5	48.849998474121094	45.0	45.900001525878906	1540000	2024/10/17 
2024/10/18 	46.0	46.400001525878906	44.900001525878906	46.20000076293945	405000	2024/10/18 
2024/10/21 	46.70000076293945	48.29999923706055	46.29999923706055	46.5	744000	2024/10/21 
2024/10/22 	45.70000076293945	47.150001525878906	45.20000076293945	47.0	388000	2024/10/22 
2024/10/23 	47.5	47.5	46.25	46.45000076293945	234000	2024/10/23 
2024/10/24 	46.45000076293945	46.5	44.95000076293945	45.29999923706055	309000	2024/10/24 
2024/10/25 	46.25	49.79999923706055	46.25	49.79999923706055	2373000	2024/10/25 
2024/10/28 	51.79999923706055	54.70000076293945	51.400001525878906	54.70000076293945	2172000	2024/10/28 
2024/10/29 	58.599998474121094	60.099998474121094	56.5	60.099998474121094	7139000	2024/10/29 
2024/10/30 	62.5	62.900001525878906	54.599998474121094	55.0	4344000	2024/10/30 
2024/11/01 	54.29999923706055	56.400001525878906	52.5	53.70000076293945	2714000	2024/11/01 
2024/11/04 	53.70000076293945	53.900001525878906	51.29999923706055	53.79999923706055	1380000	2024/11/04 
2024/11/05 	53.900001525878906	54.5	52.099998474121094	53.900001525878906	1086000	2024/11/05 
2024/11/06 	54.0	59.20000076293945	53.5	59.20000076293945	2461000	2024/11/06 
2024/11/07 	60.900001525878906	63.900001525878906	58.20000076293945	59.099998474121094	5982000	2024/11/07 
2024/11/08 	58.20000076293945	59.5	54.79999923706055	54.79999923706055	1642000	2024/11/08 
2024/11/11 	55.29999923706055	55.29999923706055	51.599998474121094	51.599998474121094	1051000	2024/11/11 
2024/11/12 	51.0	52.5	49.70000076293945	49.900001525878906	858000	2024/11/12 
2024/11/13 	49.900001525878906	50.400001525878906	48.099998474121094	49.45000076293945	619000	2024/11/13 
2024/11/14 	49.5	50.70000076293945	46.099998474121094	47.0	777000	2024/11/14 
2024/11/15 	46.599998474121094	51.400001525878906	46.54999923706055	49.0	920000	2024/11/15 
2024/11/18 	49.0	53.900001525878906	47.5	53.900001525878906	717000	2024/11/18 
2024/11/19 	54.0	59.0	52.0	55.70000076293945	3685000	2024/11/19 
2024/11/20 	55.5	56.400001525878906	52.20000076293945	53.900001525878906	787295	2024/11/20 
2024/11/21 	54.20000076293945	57.400001525878906	53.0	53.0	974000	2024/11/21 
2024/11/22 	53.400001525878906	53.70000076293945	51.79999923706055	52.20000076293945	446000	2024/11/22 
2024/11/25 	52.20000076293945	52.5	50.599998474121094	51.79999923706055	370000	2024/11/25 
2024/11/26 	51.599998474121094	52.900001525878906	50.400001525878906	50.400001525878906	192000	2024/11/26 
2024/11/27 	50.599998474121094	50.70000076293945	49.0	49.04999923706055	233000	2024/11/27 
2024/11/28 	49.75	51.79999923706055	48.099998474121094	49.45000076293945	667000	2024/11/28 
2024/11/29 	50.20000076293945	50.79999923706055	49.0	49.099998474121094	336000	2024/11/29 
2024/12/02 	49.5	49.54999923706055	48.45000076293945	48.599998474121094	158000	2024/12/02 
2024/12/03 	48.70000076293945	49.04999923706055	48.099998474121094	48.099998474121094	213000	2024/12/03 
2024/12/04 	48.25	49.04999923706055	48.150001525878906	48.5	153000	2024/12/04 
2024/12/05 	48.599998474121094	49.400001525878906	47.150001525878906	48.400001525878906	234000	2024/12/05 
2024/12/06 	48.04999923706055	49.099998474121094	46.650001525878906	46.75	308000	2024/12/06 
2024/12/09 	46.400001525878906	47.0	45.20000076293945	45.20000076293945	172000	2024/12/09 
2024/12/10 	45.5	46.849998474121094	44.5	45.099998474121094	162000	2024/12/10 
2024/12/11 	45.099998474121094	45.45000076293945	44.150001525878906	44.5	260000	2024/12/11 
2024/12/12 	44.75	45.349998474121094	44.099998474121094	44.099998474121094	129000	2024/12/12 
2024/12/13 	44.0	44.45000076293945	43.349998474121094	43.54999923706055	120000	2024/12/13 
2024/12/16 	43.0	43.599998474121094	42.150001525878906	42.150001525878906	86000	2024/12/16 
2024/12/17 	42.150001525878906	43.79999923706055	42.150001525878906	42.5	162000	2024/12/17 
2024/12/18 	42.0	42.849998474121094	41.900001525878906	42.54999923706055	63000	2024/12/18 
2024/12/19 	42.150001525878906	42.150001525878906	41.25	42.099998474121094	140000	2024/12/19 
2024/12/20 	41.70000076293945	43.95000076293945	41.70000076293945	43.75	131000	2024/12/20 
2024/12/23 	44.04999923706055	44.70000076293945	43.150001525878906	43.95000076293945	108000	2024/12/23 
2024/12/24 	44.0	45.0	42.900001525878906	43.29999923706055	173000	2024/12/24 
2024/12/25 	44.54999923706055	45.349998474121094	44.04999923706055	44.95000076293945	140000	2024/12/25 
2024/12/26 	45.349998474121094	46.5	44.150001525878906	45.75	146000	2024/12/26 
2024/12/27 	45.29999923706055	45.29999923706055	44.150001525878906	44.29999923706055	93000	2024/12/27 
2024/12/30 	44.0	45.20000076293945	43.5	44.599998474121094	87000	2024/12/30 
2024/12/31 	44.400001525878906	44.650001525878906	43.900001525878906	44.20000076293945	123000	2024/12/31 
2025/01/02 	43.79999923706055	45.099998474121094	43.79999923706055	44.20000076293945	47000	2025/01/02 
2025/01/03 	44.150001525878906	44.54999923706055	43.400001525878906	43.70000076293945	100000	2025/01/03 
2025/01/06 	44.20000076293945	45.650001525878906	43.25	45.650001525878906	213000	2025/01/06 
2025/01/07 	46.0	46.75	45.0	45.75	176000	2025/01/07 
2025/01/08 	46.0	46.599998474121094	45.04999923706055	46.099998474121094	161000	2025/01/08 
2025/01/09 	46.599998474121094	47.75	45.5	45.5	278000	2025/01/09 
2025/01/10 	45.79999923706055	46.45000076293945	44.54999923706055	44.75	99000	2025/01/10 
2025/01/13 	43.79999923706055	44.70000076293945	42.70000076293945	43.099998474121094	119000	2025/01/13 
2025/01/14 	43.20000076293945	43.45000076293945	42.20000076293945	42.849998474121094	81000	2025/01/14 
2025/01/15 	43.150001525878906	43.150001525878906	42.099998474121094	42.150001525878906	47000	2025/01/15 
2025/01/16 	42.5	42.79999923706055	42.25	42.75	39000	2025/01/16 
2025/01/17 	42.849998474121094	44.0	42.20000076293945	42.70000076293945	61000	2025/01/17 
2025/01/20 	43.599998474121094	43.70000076293945	41.5	43.29999923706055	34000	2025/01/20 
2025/01/21 	43.0	43.900001525878906	42.599998474121094	43.54999923706055	34000	2025/01/21 
2025/01/22 	43.04999923706055	43.54999923706055	42.099998474121094	42.349998474121094	90000	2025/01/22 
2025/02/03 	41.95000076293945	44.04999923706055	41.54999923706055	42.900001525878906	68074	2025/02/03 
2025/02/04 	43.20000076293945	43.79999923706055	42.95000076293945	43.70000076293945	48000	2025/02/04 
2025/02/05 	43.70000076293945	44.5	42.900001525878906	44.5	88000	2025/02/05 
2025/02/06 	42.849998474121094	45.04999923706055	42.849998474121094	45.0	98000	2025/02/06 
2025/02/07 	45.45000076293945	46.0	44.95000076293945	45.79999923706055	81000	2025/02/07 
2025/02/10 	45.400001525878906	45.400001525878906	44.150001525878906	44.54999923706055	72000	2025/02/10 
2025/02/11 	44.70000076293945	44.70000076293945	43.849998474121094	43.849998474121094	39200	2025/02/11 
2025/02/12 	44.45000076293945	44.45000076293945	43.25	43.25	130171	2025/02/12 
2025/02/13 	43.400001525878906	43.45000076293945	42.599998474121094	42.650001525878906	96080	2025/02/13 
2025/02/14 	42.650001525878906	43.900001525878906	42.25	42.79999923706055	42000	2025/02/14 
2025/02/17 	43.04999923706055	43.400001525878906	42.25	42.599998474121094	45000	2025/02/17 
2025/02/18 	42.599998474121094	43.04999923706055	42.5	42.5	35064	2025/02/18 
2025/02/19 	42.95000076293945	42.95000076293945	42.20000076293945	42.400001525878906	61000	2025/02/19 
2025/02/20 	42.900001525878906	43.150001525878906	42.20000076293945	42.900001525878906	115003	2025/02/20 
2025/02/21 	43.04999923706055	44.150001525878906	43.0	43.54999923706055	68000	2025/02/21 
2025/02/24 	43.599998474121094	45.099998474121094	43.599998474121094	44.400001525878906	118000	2025/02/24 
2025/02/25 	44.849998474121094	45.0	43.849998474121094	44.099998474121094	81000	2025/02/25 
2025/02/26 	44.20000076293945	44.79999923706055	43.900001525878906	44.5	39000	2025/02/26 
2025/02/27 	44.5	44.849998474121094	43.849998474121094	43.95000076293945	31000	2025/02/27 
2025/03/03 	42.70000076293945	43.95000076293945	42.04999923706055	42.79999923706055	62000	2025/03/03 
2025/03/04 	41.70000076293945	43.29999923706055	41.650001525878906	42.95000076293945	50000	2025/03/04 
2025/03/05 	44.599998474121094	44.599998474121094	42.349998474121094	42.45000076293945	33000	2025/03/05 
2025/03/06 	42.79999923706055	42.79999923706055	41.900001525878906	42.20000076293945	50000	2025/03/06 
2025/03/07 	42.20000076293945	42.599998474121094	42.150001525878906	42.599998474121094	21000	2025/03/07 
2025/03/10 	42.04999923706055	42.70000076293945	40.75	41.45000076293945	121050	2025/03/10 
2025/03/11 	41.45000076293945	41.45000076293945	38.5	38.849998474121094	156000	2025/03/11 
2025/03/12 	38.849998474121094	39.5	38.849998474121094	38.900001525878906	56001	2025/03/12 
2025/03/13 	39.04999923706055	39.5	38.849998474121094	39.0	33000	2025/03/13 
2025/03/14 	39.54999923706055	39.54999923706055	38.75	39.349998474121094	56061	2025/03/14 
2025/03/17 	39.54999923706055	40.099998474121094	39.5	40.099998474121094	29001	2025/03/17 
2025/03/18 	40.900001525878906	40.900001525878906	39.79999923706055	39.95000076293945	14002	2025/03/18 
2025/03/19 	39.95000076293945	40.5	39.95000076293945	40.5	24001	2025/03/19 
2025/03/20 	39.900001525878906	39.95000076293945	39.5	39.5	29060	2025/03/20 
2025/03/21 	39.0	39.54999923706055	38.95000076293945	39.5	20000	2025/03/21 
2025/03/24 	40.75	40.75	40.0	40.400001525878906	31000	2025/03/24 
2025/03/25 	40.400001525878906	40.400001525878906	39.29999923706055	39.849998474121094	41000	2025/03/25 
2025/03/26 	39.849998474121094	40.75	39.650001525878906	40.0	38000	2025/03/26 
2025/03/27 	40.0	40.349998474121094	39.849998474121094	40.0	19020	2025/03/27 
2025/03/28 	40.0	40.20000076293945	38.54999923706055	39.349998474121094	40000	2025/03/28 
2025/03/31 	39.349998474121094	39.349998474121094	37.5	37.599998474121094	45000	2025/03/31 
2025/04/01 	37.5	38.900001525878906	37.150001525878906	38.0	41000	2025/04/01 
2025/04/02 	38.0	39.849998474121094	37.900001525878906	39.349998474121094	56000	2025/04/02 
2025/04/07 	35.45000076293945	35.45000076293945	35.45000076293945	35.45000076293945	28010	2025/04/07 
2025/04/08 	31.950000762939453	34.849998474121094	31.950000762939453	31.950000762939453	150000	2025/04/08 
2025/04/09 	29.450000762939453	30.0	28.799999237060547	28.799999237060547	136000	2025/04/09 
2025/04/10 	31.649999618530273	31.649999618530273	31.600000381469727	31.649999618530273	59000	2025/04/10 
2025/04/11 	29.950000762939453	32.650001525878906	29.649999618530273	32.20000076293945	51000	2025/04/11 
2025/04/14 	34.70000076293945	34.70000076293945	32.849998474121094	33.0	98525	2025/04/14 
2025/04/15 	35.75	36.29999923706055	33.849998474121094	36.25	142010	2025/04/15 
2025/04/16 	36.5	37.75	36.0	36.0	99000	2025/04/16 
2025/04/17 	36.0	36.29999923706055	36.0	36.25	5001	2025/04/17 
2025/04/18 	36.599998474121094	36.599998474121094	35.79999923706055	36.04999923706055	28000	2025/04/18 
2025/04/21 	36.04999923706055	36.25	35.04999923706055	36.099998474121094	30000	2025/04/21 
2025/04/22 	35.849998474121094	36.25	35.25	35.349998474121094	51000	2025/04/22 
2025/04/23 	35.95000076293945	36.25	35.70000076293945	36.25	41000	2025/04/23 
2025/04/24 	36.29999923706055	36.29999923706055	35.79999923706055	36.25	21010	2025/04/24 
2025/04/25 	36.25	39.849998474121094	36.25	37.29999923706055	195010	2025/04/25 
2025/04/28 	37.349998474121094	39.400001525878906	37.349998474121094	37.70000076293945	47000	2025/04/28 
2025/04/29 	38.900001525878906	39.650001525878906	38.0	39.599998474121094	73000	2025/04/29 
2025/04/30 	39.599998474121094	39.95000076293945	38.79999923706055	39.70000076293945	49000	2025/04/30 
2025/05/02 	39.95000076293945	40.29999923706055	39.5	39.650001525878906	53000	2025/05/02 
2025/05/05 	39.650001525878906	40.5	39.45000076293945	40.0	58145	2025/05/05 
2025/05/06 	44.0	44.0	42.95000076293945	44.0	417000	2025/05/06 
2025/05/07 	48.400001525878906	48.400001525878906	44.29999923706055	44.29999923706055	1125182	2025/05/07 
2025/05/08 	44.79999923706055	48.70000076293945	44.79999923706055	48.70000076293945	1530128	2025/05/08 
2025/05/09 	48.849998474121094	53.0	46.75	51.29999923706055	2902118	2025/05/09 
2025/05/12 	51.099998474121094	51.5	48.79999923706055	49.099998474121094	1395186	2025/05/12 
2025/05/13 	51.5	52.0	48.349998474121094	49.29999923706055	1222015	2025/05/13 
2025/05/14 	49.900001525878906	49.900001525878906	48.29999923706055	48.29999923706055	498175	2025/05/14 
2025/05/15 	49.0	49.79999923706055	48.25	48.95000076293945	442000	2025/05/15 
2025/05/16 	49.70000076293945	49.70000076293945	47.75	47.75	289000	2025/05/16 
2025/05/19 	47.70000076293945	47.70000076293945	45.29999923706055	45.29999923706055	425005	2025/05/19 
2025/05/20 	45.5	46.75	44.0	45.099998474121094	306000	2025/05/20 
2025/05/21 	45.099998474121094	45.5	44.599998474121094	45.099998474121094	121000	2025/05/21 
2025/05/22 	45.349998474121094	48.75	45.04999923706055	46.25	828000	2025/05/22 
2025/05/23 	47.0	47.95000076293945	44.70000076293945	44.70000076293945	179000	2025/05/23 
2025/05/26 	45.0	45.0	43.29999923706055	43.599998474121094	211000	2025/05/26 
2025/05/27 	43.599998474121094	44.45000076293945	42.25	43.0	246000	2025/05/27 
2025/05/28 	43.599998474121094	43.599998474121094	42.349998474121094	42.349998474121094	135000	2025/05/28 
2025/05/29 	42.54999923706055	42.650001525878906	42.099998474121094	42.5	106000	2025/05/29 
2025/06/02 	42.0	42.0	40.54999923706055	41.25	146000	2025/06/02 
2025/06/03 	41.349998474121094	43.349998474121094	41.349998474121094	42.29999923706055	114000	2025/06/03 
2025/06/04 	42.599998474121094	45.29999923706055	42.5	45.20000076293945	218000	2025/06/04 
2025/06/05 	45.099998474121094	46.400001525878906	44.0	44.95000076293945	288200	2025/06/05 
2025/06/06 	41.70000076293945	42.5	40.54999923706055	41.599998474121094	663200	2025/06/06 
2025/06/09 	41.599998474121094	43.04999923706055	40.54999923706055	40.849998474121094	242030	2025/06/09 
2025/06/10 	40.70000076293945	41.599998474121094	40.650001525878906	41.599998474121094	151000	2025/06/10 
2025/06/11 	40.099998474121094	42.20000076293945	40.099998474121094	42.04999923706055	313000	2025/06/11 
2025/06/12 	42.04999923706055	42.45000076293945	41.349998474121094	42.20000076293945	111000	2025/06/12 
2025/06/13 	42.20000076293945	42.5	41.75	42.20000076293945	177000	2025/06/13 
2025/06/16 	42.75	42.75	41.5	41.5	87000	2025/06/16 
2025/06/17 	42.400001525878906	42.400001525878906	41.20000076293945	41.45000076293945	64000	2025/06/17 
2025/06/18 	41.0	41.70000076293945	41.0	41.45000076293945	45009	2025/06/18 
2025/06/19 	42.0	42.0	40.5	40.5	47345	2025/06/19 
