Date	Open	High	Low	Close	Volume	Date
2021/06/17 	72.0	137.0	72.0	134.5	361519	2021/06/17 
2021/06/18 	129.5	135.0	110.0	123.5	336448	2021/06/18 
2021/06/21 	123.0	123.0	114.0	114.5	144580	2021/06/21 
2021/06/22 	114.0	117.0	113.0	113.0	56370	2021/06/22 
2021/06/23 	114.0	114.0	107.0	109.5	139787	2021/06/23 
2021/06/24 	108.5	110.5	103.0	104.0	59881	2021/06/24 
2021/06/25 	103.0	103.0	95.0	96.19999694824219	102150	2021/06/25 
2021/06/28 	93.0	96.19999694824219	91.0	95.5	73082	2021/06/28 
2021/06/29 	93.5	96.80000305175781	90.0	90.0	87004	2021/06/29 
2021/06/30 	91.0	92.0	89.5	90.0	87391	2021/06/30 
2021/07/01 	90.4000015258789	90.4000015258789	88.5	89.0	26391	2021/07/01 
2021/07/02 	87.5	89.0	87.0999984741211	87.80000305175781	29597	2021/07/02 
2021/07/05 	87.0	87.80000305175781	84.69999694824219	85.0	59833	2021/07/05 
2021/07/06 	86.0	89.0	86.0	88.5	34041	2021/07/06 
2021/07/07 	89.0	90.5	89.0	90.0	34050	2021/07/07 
2021/07/08 	90.0	99.9000015258789	90.0	98.0	47180	2021/07/08 
2021/07/09 	95.5999984741211	97.0	93.0999984741211	94.0	38155	2021/07/09 
2021/07/12 	96.0	96.0	94.5	95.5	17106	2021/07/12 
2021/07/13 	94.0	95.0	92.0	92.0	28007	2021/07/13 
2021/07/14 	93.9000015258789	93.9000015258789	92.0	93.0	11001	2021/07/14 
2021/07/15 	93.0	93.80000305175781	92.5	93.69999694824219	16900	2021/07/15 
2021/07/16 	95.69999694824219	104.5	95.69999694824219	103.5	125476	2021/07/16 
2021/07/19 	102.0	105.0	101.5	105.0	73705	2021/07/19 
2021/07/20 	105.0	108.0	101.0	101.0	72750	2021/07/20 
2021/07/21 	100.5	101.5	100.0	100.5	31465	2021/07/21 
2021/07/22 	102.5	102.5	100.5	101.5	12001	2021/07/22 
2021/07/23 	100.5	101.0	99.5	100.0	25350	2021/07/23 
2021/07/26 	102.0	105.0	101.0	103.5	31500	2021/07/26 
2021/07/27 	101.0	101.5	100.0	100.0	15550	2021/07/27 
2021/07/28 	99.0	100.5	97.5	100.5	42060	2021/07/28 
2021/07/29 	100.5	100.5	100.5	100.5	0	2021/07/29 
2021/07/30 	101.0	102.0	101.0	102.0	7500	2021/07/30 
2021/08/02 	102.5	104.0	101.5	103.0	13297	2021/08/02 
2021/08/03 	104.0	104.0	104.0	104.0	1000	2021/08/03 
2021/08/04 	103.5	103.5	101.0	103.5	7000	2021/08/04 
2021/08/05 	101.0	102.0	100.5	101.0	10000	2021/08/05 
2021/08/06 	100.0	101.0	99.69999694824219	101.0	11350	2021/08/06 
2021/08/09 	100.0	101.0	100.0	101.0	5000	2021/08/09 
2021/08/10 	100.5	101.5	99.5	99.5	11910	2021/08/10 
2021/08/11 	101.0	101.0	99.0	99.0	18901	2021/08/11 
2021/08/12 	99.0	99.0	98.69999694824219	99.0	10030	2021/08/12 
2021/08/13 	98.69999694824219	99.0	98.69999694824219	99.0	2036	2021/08/13 
2021/08/16 	98.19999694824219	98.5	96.0	96.0	26000	2021/08/16 
2021/08/17 	95.0	96.0	94.0999984741211	96.0	12000	2021/08/17 
2021/08/18 	96.0	97.5	93.5999984741211	97.5	20310	2021/08/18 
2021/08/19 	95.5	96.9000015258789	94.0	95.0	36501	2021/08/19 
2021/08/20 	93.19999694824219	94.5	93.19999694824219	93.5	14739	2021/08/20 
2021/08/23 	94.5	94.80000305175781	94.5	94.80000305175781	2000	2021/08/23 
2021/08/24 	95.0	95.9000015258789	94.19999694824219	94.5	12000	2021/08/24 
2021/08/25 	95.0	95.0	95.0	95.0	1000	2021/08/25 
2021/08/26 	96.0	96.0	95.19999694824219	95.5	4543	2021/08/26 
2021/08/27 	95.5	95.5	95.5	95.5	0	2021/08/27 
2021/08/30 	94.0	94.9000015258789	94.0	94.5999984741211	18000	2021/08/30 
2021/08/31 	94.0	94.9000015258789	94.0	94.5	7000	2021/08/31 
2021/09/01 	93.5999984741211	94.0	93.0999984741211	94.0	23300	2021/09/01 
2021/09/02 	94.19999694824219	94.19999694824219	93.69999694824219	94.19999694824219	10000	2021/09/02 
2021/09/03 	94.5	94.5	94.5	94.5	1000	2021/09/03 
2021/09/06 	95.0	96.0	94.69999694824219	95.0	11110	2021/09/06 
2021/09/07 	94.0	95.0	93.0999984741211	95.0	14028	2021/09/07 
2021/09/08 	94.5	95.5	94.5	94.9000015258789	8500	2021/09/08 
2021/09/09 	96.0	101.0	96.0	99.5	22900	2021/09/09 
2021/09/10 	98.30000305175781	98.69999694824219	98.19999694824219	98.19999694824219	10600	2021/09/10 
2021/09/13 	97.9000015258789	97.9000015258789	96.0	96.69999694824219	6000	2021/09/13 
2021/09/14 	100.5	100.5	99.0	99.4000015258789	11360	2021/09/14 
2021/09/15 	99.0999984741211	100.0	99.0	99.0	7100	2021/09/15 
2021/09/16 	99.0	99.5	98.69999694824219	99.30000305175781	9100	2021/09/16 
2021/09/17 	98.0	98.0	98.0	98.0	4000	2021/09/17 
2021/09/22 	95.5	97.0	94.69999694824219	95.0	18890	2021/09/22 
2021/09/23 	97.0	97.5999984741211	96.5	97.5999984741211	8130	2021/09/23 
2021/09/24 	97.80000305175781	98.0	97.5	97.9000015258789	8410	2021/09/24 
2021/09/27 	98.9000015258789	99.0	98.5	98.80000305175781	12690	2021/09/27 
2021/09/28 	99.30000305175781	99.30000305175781	99.0	99.30000305175781	7049	2021/09/28 
2021/09/29 	98.0	98.30000305175781	97.0	97.5	17922	2021/09/29 
2021/09/30 	96.69999694824219	98.0	96.5	98.0	25987	2021/09/30 
2021/10/01 	96.0999984741211	97.0	96.0	96.19999694824219	26668	2021/10/01 
2021/10/04 	95.0	95.80000305175781	94.0	94.9000015258789	27200	2021/10/04 
2021/10/05 	94.0	95.5	94.0	94.9000015258789	6001	2021/10/05 
2021/10/06 	96.0	96.0	94.9000015258789	95.0	4055	2021/10/06 
2021/10/07 	97.0	97.69999694824219	96.0	97.0	3360	2021/10/07 
2021/10/08 	96.0999984741211	97.0	96.0999984741211	96.5	3240	2021/10/08 
2021/10/12 	95.0	95.5	94.5999984741211	95.5	10850	2021/10/12 
2021/10/13 	95.5	95.5	95.5	95.5	0	2021/10/13 
2021/10/14 	94.0	96.4000015258789	94.0	95.30000305175781	9000	2021/10/14 
2021/10/15 	96.30000305175781	96.30000305175781	95.30000305175781	96.0	11100	2021/10/15 
2021/10/18 	96.4000015258789	97.0	96.4000015258789	97.0	16250	2021/10/18 
2021/10/19 	96.80000305175781	97.0	96.5999984741211	96.5999984741211	1200	2021/10/19 
2021/10/20 	97.0	97.5	96.5	97.0999984741211	9500	2021/10/20 
2021/10/21 	98.5	98.5	97.9000015258789	98.5	2150	2021/10/21 
2021/10/22 	97.0	97.5	97.0	97.0	9000	2021/10/22 
2021/10/25 	96.0	98.0	96.0	98.0	6402	2021/10/25 
2021/10/26 	97.0	98.0	97.0	97.5	25050	2021/10/26 
2021/10/27 	98.5	105.5	98.0	105.0	98448	2021/10/27 
2021/10/28 	105.0	110.0	104.0	105.0	42962	2021/10/28 
2021/10/29 	105.0	106.0	103.5	104.5	29355	2021/10/29 
2021/11/01 	106.5	106.5	103.0	105.0	24704	2021/11/01 
2021/11/02 	105.0	105.0	101.5	102.0	26329	2021/11/02 
2021/11/03 	102.0	102.5	101.5	101.5	12782	2021/11/03 
2021/11/04 	102.0	102.0	100.5	102.0	8010	2021/11/04 
2021/11/05 	100.5	100.5	100.5	100.5	250	2021/11/05 
2021/11/08 	100.0	101.0	98.0999984741211	99.0	16677	2021/11/08 
2021/11/09 	99.0	99.5	98.0	99.0	7130	2021/11/09 
2021/11/10 	100.0	100.0	98.19999694824219	99.5	4250	2021/11/10 
2021/11/11 	99.9000015258789	104.5	99.80000305175781	103.0	51500	2021/11/11 
2021/11/12 	103.5	110.0	103.5	108.5	150943	2021/11/12 
2021/11/15 	108.5	119.0	108.5	118.0	204457	2021/11/15 
2021/11/16 	118.0	118.5	116.0	117.5	96898	2021/11/16 
2021/11/17 	118.0	120.5	117.5	118.5	59751	2021/11/17 
2021/11/18 	118.0	119.0	116.5	116.5	35251	2021/11/18 
2021/11/19 	115.0	115.5	113.5	115.0	30747	2021/11/19 
2021/11/22 	114.0	114.5	113.0	114.0	36360	2021/11/22 
2021/11/23 	114.0	114.0	111.5	111.5	13170	2021/11/23 
2021/11/24 	112.5	112.5	110.0	110.0	32370	2021/11/24 
2021/11/25 	111.0	115.0	111.0	115.0	19400	2021/11/25 
2021/11/26 	113.0	114.0	111.5	112.0	22500	2021/11/26 
2021/11/29 	111.0	112.5	110.0	112.0	24540	2021/11/29 
2021/11/30 	111.5	113.0	111.5	112.5	18700	2021/11/30 
2021/12/01 	112.5	112.5	111.5	112.5	14000	2021/12/01 
2021/12/02 	111.5	113.0	111.5	112.5	32650	2021/12/02 
2021/12/03 	112.5	113.0	111.5	113.0	27031	2021/12/03 
2021/12/06 	111.5	113.5	111.5	113.5	20601	2021/12/06 
2021/12/07 	114.0	134.0	114.0	132.0	370709	2021/12/07 
2021/12/08 	135.5	140.0	131.0	133.5	252132	2021/12/08 
2021/12/09 	131.0	131.0	124.0	125.5	146682	2021/12/09 
2021/12/10 	125.0	125.0	120.0	121.0	74709	2021/12/10 
2021/12/13 	121.0	121.5	119.5	119.5	46271	2021/12/13 
2021/12/14 	120.5	121.5	118.5	120.0	30485	2021/12/14 
2021/12/15 	119.0	121.0	119.0	120.5	25245	2021/12/15 
2021/12/16 	121.5	121.5	120.5	121.5	33970	2021/12/16 
2021/12/17 	122.0	126.5	122.0	125.5	202400	2021/12/17 
2021/12/20 	126.0	126.0	122.5	124.5	55657	2021/12/20 
2021/12/21 	123.0	124.5	122.5	123.0	45223	2021/12/21 
2021/12/22 	123.5	124.5	122.5	124.0	73300	2021/12/22 
2021/12/23 	124.0	125.5	123.5	125.0	160710	2021/12/23 
2021/12/24 	124.5	125.5	123.5	123.5	56508	2021/12/24 
2021/12/27 	124.5	125.0	123.5	124.0	74809	2021/12/27 
2021/12/28 	124.5	125.5	124.0	125.0	44859	2021/12/28 
2021/12/29 	125.5	126.0	124.5	126.0	85900	2021/12/29 
2021/12/30 	126.0	128.5	125.5	128.5	155914	2021/12/30 
2022/01/03 	129.0	129.5	125.5	126.0	126723	2022/01/03 
2022/01/04 	125.5	126.0	124.0	125.5	133401	2022/01/04 
2022/01/05 	125.5	125.5	122.5	123.0	56330	2022/01/05 
2022/01/06 	123.5	123.5	119.0	121.5	162052	2022/01/06 
2022/01/07 	122.0	123.0	119.5	122.5	34602	2022/01/07 
2022/01/10 	123.0	124.5	122.5	124.0	23277	2022/01/10 
2022/01/11 	124.0	124.0	122.0	122.5	26507	2022/01/11 
2022/01/12 	121.5	123.0	121.5	123.0	22466	2022/01/12 
2022/01/13 	121.5	122.0	121.0	122.0	37247	2022/01/13 
2022/01/14 	120.5	121.5	120.5	120.5	47230	2022/01/14 
2022/01/17 	122.0	124.0	121.0	121.5	64230	2022/01/17 
2022/01/18 	123.0	123.0	120.5	121.0	23650	2022/01/18 
2022/01/19 	120.5	121.0	119.5	120.0	37800	2022/01/19 
2022/01/20 	121.0	121.5	120.0	121.5	16000	2022/01/20 
2022/01/21 	120.0	120.5	118.5	119.5	29435	2022/01/21 
2022/01/24 	118.5	119.0	117.5	118.5	25750	2022/01/24 
2022/01/25 	119.0	119.0	116.0	116.5	59306	2022/01/25 
2022/01/26 	117.5	117.5	113.5	114.5	63034	2022/01/26 
2022/02/07 	116.0	116.5	116.0	116.5	5200	2022/02/07 
2022/02/08 	115.0	116.0	114.5	115.0	39320	2022/02/08 
2022/02/09 	115.0	115.0	108.5	109.5	112210	2022/02/09 
2022/02/10 	108.5	110.0	108.0	110.0	38579	2022/02/10 
2022/02/11 	110.0	110.5	108.0	110.5	14504	2022/02/11 
2022/02/14 	108.5	110.5	108.0	109.0	8105	2022/02/14 
2022/02/15 	109.5	112.5	109.5	111.0	35950	2022/02/15 
2022/02/16 	111.0	111.5	109.5	111.0	61750	2022/02/16 
2022/02/17 	111.0	111.0	109.5	110.5	29475	2022/02/17 
2022/02/18 	110.5	110.5	109.0	110.0	37572	2022/02/18 
2022/02/21 	108.5	110.0	105.0	107.5	98205	2022/02/21 
2022/02/22 	108.0	108.0	103.0	104.0	59910	2022/02/22 
2022/02/23 	104.0	104.0	103.0	104.0	17220	2022/02/23 
2022/02/24 	102.5	103.5	99.80000305175781	100.5	54480	2022/02/24 
2022/02/25 	100.5	105.0	100.0	105.0	52784	2022/02/25 
2022/03/01 	101.0	101.0	89.0	96.69999694824219	155129	2022/03/01 
2022/03/02 	95.30000305175781	96.5999984741211	95.30000305175781	95.80000305175781	42917	2022/03/02 
2022/03/03 	95.80000305175781	95.80000305175781	94.5	95.30000305175781	32842	2022/03/03 
2022/03/04 	95.30000305175781	95.4000015258789	93.69999694824219	94.0999984741211	21356	2022/03/04 
2022/03/07 	95.30000305175781	95.30000305175781	93.5	94.0	25222	2022/03/07 
2022/03/08 	94.0	94.0	89.69999694824219	91.30000305175781	42042	2022/03/08 
2022/03/09 	91.30000305175781	91.4000015258789	90.0999984741211	91.0	16475	2022/03/09 
2022/03/10 	91.0	92.4000015258789	90.5	91.0999984741211	29778	2022/03/10 
2022/03/11 	91.0	91.0	89.69999694824219	90.0999984741211	30873	2022/03/11 
2022/03/14 	90.0	90.19999694824219	87.30000305175781	88.5999984741211	49924	2022/03/14 
2022/03/15 	88.5999984741211	88.5999984741211	85.5	86.0	12677	2022/03/15 
2022/03/16 	86.0	86.0	85.5	85.80000305175781	7550	2022/03/16 
2022/03/17 	85.9000015258789	85.9000015258789	85.0999984741211	85.19999694824219	18880	2022/03/17 
2022/03/18 	85.0999984741211	85.30000305175781	84.69999694824219	85.0	22721	2022/03/18 
2022/03/21 	83.69999694824219	85.0999984741211	83.0	83.0999984741211	37490	2022/03/21 
2022/03/22 	83.0	83.0	82.0	82.0	17456	2022/03/22 
2022/03/23 	82.0	82.0999984741211	82.0	82.0	7770	2022/03/23 
2022/03/24 	82.0	82.0	81.19999694824219	81.5	31350	2022/03/24 
2022/03/25 	81.5	82.4000015258789	81.5	82.19999694824219	32096	2022/03/25 
2022/03/28 	81.80000305175781	82.0999984741211	81.0	81.4000015258789	9066	2022/03/28 
2022/03/29 	81.5999984741211	84.9000015258789	81.5999984741211	84.19999694824219	115540	2022/03/29 
2022/03/30 	84.30000305175781	84.30000305175781	82.5999984741211	84.0	88040	2022/03/30 
2022/03/31 	83.69999694824219	84.80000305175781	83.4000015258789	83.80000305175781	35060	2022/03/31 
2022/04/01 	84.0999984741211	84.30000305175781	83.19999694824219	84.0	47380	2022/04/01 
2022/04/06 	83.5999984741211	87.9000015258789	83.0	87.0	113700	2022/04/06 
2022/04/07 	88.0	88.19999694824219	86.30000305175781	87.5	138160	2022/04/07 
2022/04/08 	88.19999694824219	88.19999694824219	86.19999694824219	86.5	30216	2022/04/08 
2022/04/11 	86.80000305175781	86.80000305175781	85.69999694824219	86.19999694824219	16651	2022/04/11 
2022/04/12 	85.5999984741211	86.30000305175781	85.5999984741211	86.30000305175781	30300	2022/04/12 
2022/04/13 	86.5999984741211	86.5999984741211	85.80000305175781	85.80000305175781	18104	2022/04/13 
2022/04/14 	85.9000015258789	86.5	85.80000305175781	85.80000305175781	4085	2022/04/14 
2022/04/15 	85.80000305175781	87.30000305175781	85.80000305175781	86.9000015258789	46421	2022/04/15 
2022/04/18 	86.9000015258789	95.19999694824219	86.69999694824219	93.30000305175781	38091	2022/04/18 
2022/04/19 	93.30000305175781	93.30000305175781	90.80000305175781	92.80000305175781	2880	2022/04/19 
2022/04/20 	93.19999694824219	93.19999694824219	90.80000305175781	93.19999694824219	31041	2022/04/20 
2022/04/21 	93.0	94.5	93.0	93.30000305175781	29960	2022/04/21 
2022/04/22 	93.30000305175781	94.0999984741211	91.30000305175781	92.30000305175781	28445	2022/04/22 
2022/04/25 	91.19999694824219	92.30000305175781	90.30000305175781	90.9000015258789	16816	2022/04/25 
2022/04/26 	90.9000015258789	91.19999694824219	89.69999694824219	90.0	12460	2022/04/26 
2022/04/27 	89.5	90.30000305175781	85.0999984741211	87.30000305175781	21678	2022/04/27 
2022/04/28 	87.30000305175781	88.5999984741211	85.30000305175781	88.30000305175781	4040	2022/04/28 
2022/04/29 	88.30000305175781	88.4000015258789	86.5	88.19999694824219	6151	2022/04/29 
2022/05/03 	85.30000305175781	88.0999984741211	85.30000305175781	88.0999984741211	1020	2022/05/03 
2022/05/04 	88.0999984741211	88.0999984741211	87.0	88.0	2122	2022/05/04 
2022/05/05 	88.0	88.0999984741211	86.0999984741211	88.0	9240	2022/05/05 
2022/05/06 	88.0	88.0	86.0	87.69999694824219	5554	2022/05/06 
2022/05/09 	86.5	87.0	84.69999694824219	86.5	14202	2022/05/09 
2022/05/10 	86.5	86.5	84.0	86.0	8070	2022/05/10 
2022/05/11 	86.0	86.9000015258789	85.69999694824219	86.69999694824219	19740	2022/05/11 
2022/05/12 	86.5999984741211	86.5999984741211	86.0	86.30000305175781	9480	2022/05/12 
2022/05/13 	86.30000305175781	86.80000305175781	86.30000305175781	86.4000015258789	8650	2022/05/13 
2022/05/16 	86.0999984741211	87.0	85.9000015258789	86.5	30580	2022/05/16 
2022/05/17 	87.0	87.0	86.0	87.0	6020	2022/05/17 
2022/05/18 	87.30000305175781	87.9000015258789	86.4000015258789	87.9000015258789	13670	2022/05/18 
2022/05/19 	87.0	88.0	86.0	86.69999694824219	18130	2022/05/19 
2022/05/20 	86.80000305175781	86.80000305175781	86.0	86.5	14360	2022/05/20 
2022/05/23 	86.5	86.5	86.0	86.4000015258789	11360	2022/05/23 
2022/05/24 	86.4000015258789	86.5	86.0	86.4000015258789	4230	2022/05/24 
2022/05/25 	86.30000305175781	86.5	86.0	86.30000305175781	8140	2022/05/25 
2022/05/26 	86.30000305175781	86.30000305175781	86.0	86.30000305175781	8010	2022/05/26 
2022/05/27 	86.4000015258789	86.5999984741211	86.30000305175781	86.5999984741211	10020	2022/05/27 
2022/05/30 	86.69999694824219	87.0	86.4000015258789	87.0	6020	2022/05/30 
2022/05/31 	87.30000305175781	87.30000305175781	87.0	87.30000305175781	4030	2022/05/31 
2022/06/01 	87.9000015258789	95.4000015258789	87.9000015258789	93.9000015258789	70271	2022/06/01 
2022/06/02 	93.0	93.9000015258789	92.0	92.5	9483	2022/06/02 
2022/06/06 	93.0	93.30000305175781	92.30000305175781	93.30000305175781	20560	2022/06/06 
2022/06/07 	93.30000305175781	93.30000305175781	92.5	92.5	8040	2022/06/07 
2022/06/08 	92.69999694824219	92.80000305175781	92.0999984741211	92.69999694824219	29952	2022/06/08 
2022/06/09 	92.69999694824219	93.0	92.0999984741211	93.0	8030	2022/06/09 
2022/06/10 	93.0	93.30000305175781	92.30000305175781	93.30000305175781	12340	2022/06/10 
2022/06/13 	93.30000305175781	93.30000305175781	92.0	92.4000015258789	18540	2022/06/13 
2022/06/14 	92.5	92.5	91.0999984741211	91.0999984741211	8344	2022/06/14 
2022/06/15 	91.9000015258789	91.9000015258789	90.0999984741211	91.19999694824219	5030	2022/06/15 
2022/06/16 	91.19999694824219	91.19999694824219	89.80000305175781	90.0999984741211	10530	2022/06/16 
2022/06/17 	90.30000305175781	90.30000305175781	90.30000305175781	90.30000305175781	1044	2022/06/17 
2022/06/20 	90.30000305175781	90.30000305175781	87.4000015258789	87.80000305175781	26010	2022/06/20 
2022/06/21 	88.30000305175781	88.30000305175781	87.0	87.9000015258789	6130	2022/06/21 
2022/06/22 	87.9000015258789	87.9000015258789	85.0	85.0	23520	2022/06/22 
2022/06/23 	85.0	85.0	85.0	85.0	0	2022/06/23 
2022/06/24 	85.30000305175781	87.5	85.30000305175781	85.5999984741211	11320	2022/06/24 
2022/06/27 	87.0	87.0	86.4000015258789	86.4000015258789	50	2022/06/27 
2022/06/28 	86.9000015258789	86.9000015258789	85.30000305175781	86.5999984741211	11030	2022/06/28 
2022/06/29 	86.69999694824219	86.69999694824219	85.0	85.4000015258789	15040	2022/06/29 
2022/06/30 	85.4000015258789	85.4000015258789	83.80000305175781	84.0	13063	2022/06/30 
2022/07/01 	84.19999694824219	84.19999694824219	82.0	82.19999694824219	22060	2022/07/01 
2022/07/04 	80.69999694824219	81.30000305175781	80.0999984741211	80.9000015258789	15500	2022/07/04 
2022/07/05 	82.0	82.0	80.0999984741211	81.0	2074	2022/07/05 
2022/07/06 	81.0	81.0	80.0	80.0	15810	2022/07/06 
2022/07/07 	79.0	79.0	78.0	78.9000015258789	29012	2022/07/07 
2022/07/08 	79.9000015258789	79.9000015258789	79.0	79.0	6320	2022/07/08 
2022/07/11 	75.0	77.80000305175781	75.0	77.80000305175781	25166	2022/07/11 
2022/07/12 	77.80000305175781	77.80000305175781	74.5	75.30000305175781	26242	2022/07/12 
2022/07/13 	75.30000305175781	76.0	75.0999984741211	75.9000015258789	10980	2022/07/13 
2022/07/14 	76.0	76.0	75.0	75.9000015258789	2020	2022/07/14 
2022/07/15 	75.9000015258789	76.0	75.0999984741211	76.0	5030	2022/07/15 
2022/07/18 	76.0	77.0	75.69999694824219	77.0	5020	2022/07/18 
2022/07/19 	77.0	77.0	76.0	77.0	5266	2022/07/19 
2022/07/20 	77.0	77.0	75.5	76.19999694824219	10610	2022/07/20 
2022/07/21 	77.80000305175781	77.80000305175781	76.0999984741211	77.0	6220	2022/07/21 
2022/07/22 	77.5	77.5999984741211	77.0999984741211	77.30000305175781	10086	2022/07/22 
2022/07/25 	77.5	77.5	75.19999694824219	77.19999694824219	3174	2022/07/25 
2022/07/26 	77.19999694824219	77.19999694824219	75.30000305175781	77.0	1020	2022/07/26 
2022/07/27 	77.0	77.0	76.69999694824219	76.69999694824219	4110	2022/07/27 
2022/07/28 	76.9000015258789	76.9000015258789	75.19999694824219	75.19999694824219	3560	2022/07/28 
2022/07/29 	76.80000305175781	76.80000305175781	75.19999694824219	76.5	8302	2022/07/29 
2022/08/01 	76.80000305175781	76.9000015258789	75.0	76.9000015258789	1030	2022/08/01 
2022/08/02 	75.0	76.69999694824219	75.0	76.0	23670	2022/08/02 
2022/08/03 	75.80000305175781	75.80000305175781	75.0999984741211	75.5	9170	2022/08/03 
2022/08/04 	75.5999984741211	75.5999984741211	75.0	75.0	16611	2022/08/04 
2022/08/05 	75.0	75.5	75.0	75.30000305175781	20265	2022/08/05 
2022/08/08 	75.69999694824219	75.9000015258789	74.80000305175781	75.0	25220	2022/08/08 
2022/08/09 	75.5	75.5	75.5	75.5	2510	2022/08/09 
2022/08/10 	75.19999694824219	75.19999694824219	75.0999984741211	75.0999984741211	2127	2022/08/10 
2022/08/11 	75.30000305175781	75.69999694824219	75.30000305175781	75.5	11720	2022/08/11 
2022/08/12 	75.5	78.5	75.5	78.5	33010	2022/08/12 
2022/08/15 	78.5	78.80000305175781	77.0	78.69999694824219	11370	2022/08/15 
2022/08/16 	78.69999694824219	78.69999694824219	77.19999694824219	78.4000015258789	20040	2022/08/16 
2022/08/17 	78.0	78.9000015258789	78.0	78.9000015258789	18620	2022/08/17 
2022/08/18 	78.80000305175781	78.80000305175781	78.0	78.4000015258789	15730	2022/08/18 
2022/08/19 	78.69999694824219	82.0999984741211	78.69999694824219	82.0999984741211	32102	2022/08/19 
2022/08/22 	82.0999984741211	82.0999984741211	80.19999694824219	81.0	14040	2022/08/22 
2022/08/23 	82.0	85.0	82.0	85.0	32060	2022/08/23 
2022/08/24 	85.5	89.9000015258789	84.69999694824219	86.5	38741	2022/08/24 
2022/08/25 	86.5	88.30000305175781	86.0	86.5	24470	2022/08/25 
2022/08/26 	88.0	88.80000305175781	86.19999694824219	86.9000015258789	22110	2022/08/26 
2022/08/29 	86.19999694824219	86.30000305175781	84.69999694824219	86.19999694824219	24160	2022/08/29 
2022/08/30 	86.30000305175781	86.5	86.0	86.4000015258789	9070	2022/08/30 
2022/08/31 	85.69999694824219	86.4000015258789	85.5	86.19999694824219	12646	2022/08/31 
2022/09/01 	85.5	86.30000305175781	84.0	85.19999694824219	10170	2022/09/01 
2022/09/02 	84.0	85.19999694824219	83.69999694824219	84.0	22400	2022/09/02 
2022/09/05 	83.4000015258789	84.19999694824219	82.19999694824219	82.69999694824219	21681	2022/09/05 
2022/09/06 	83.30000305175781	83.30000305175781	81.5	82.0	4021	2022/09/06 
2022/09/07 	82.5	82.9000015258789	80.0	80.19999694824219	9120	2022/09/07 
2022/09/08 	79.0	80.0	78.0	78.5	14500	2022/09/08 
2022/09/12 	78.5	80.4000015258789	77.5999984741211	78.5	7560	2022/09/12 
2022/09/13 	79.69999694824219	79.80000305175781	78.80000305175781	79.80000305175781	2400	2022/09/13 
2022/09/14 	80.0	80.0	77.9000015258789	78.5999984741211	5147	2022/09/14 
2022/09/15 	78.0	78.9000015258789	78.0	78.9000015258789	7194	2022/09/15 
2022/09/16 	78.19999694824219	78.69999694824219	78.19999694824219	78.5	5020	2022/09/16 
2022/09/19 	78.5	78.5	78.5	78.5	0	2022/09/19 
2022/09/20 	78.5	78.5	78.5	78.5	0	2022/09/20 
2022/09/21 	78.5	78.5	78.5	78.5	0	2022/09/21 
2022/09/22 	78.5	78.5	78.5	78.5	0	2022/09/22 
2022/09/23 	79.69999694824219	82.30000305175781	78.80000305175781	82.30000305175781	11158	2022/09/23 
2022/09/26 	79.5999984741211	82.0	78.0	78.5	17032	2022/09/26 
2022/09/27 	77.0	79.0	77.0	79.0	14001	2022/09/27 
2022/09/28 	79.0	80.0	78.0	78.0	23203	2022/09/28 
2022/09/29 	77.0	78.5999984741211	77.0	77.4000015258789	14001	2022/09/29 
2022/09/30 	77.0	77.30000305175781	76.4000015258789	76.5	14600	2022/09/30 
2022/10/03 	76.0	76.30000305175781	75.69999694824219	76.19999694824219	8000	2022/10/03 
2022/10/04 	76.19999694824219	76.19999694824219	75.0999984741211	76.19999694824219	22700	2022/10/04 
2022/10/05 	77.0	77.30000305175781	77.0	77.30000305175781	2500	2022/10/05 
2022/10/06 	77.4000015258789	77.4000015258789	75.69999694824219	76.0	4200	2022/10/06 
2022/10/07 	75.0	75.5	75.0	75.30000305175781	19100	2022/10/07 
2022/10/11 	75.0	77.0	75.0	77.0	9610	2022/10/11 
2022/10/12 	75.0	76.0	75.0	75.9000015258789	13050	2022/10/12 
2022/10/13 	75.0	75.30000305175781	75.0	75.0999984741211	15300	2022/10/13 
2022/10/14 	74.80000305175781	74.9000015258789	74.80000305175781	74.9000015258789	2200	2022/10/14 
2022/10/17 	74.5	74.5	73.5	74.0	14600	2022/10/17 
2022/10/18 	73.30000305175781	73.5999984741211	73.30000305175781	73.5999984741211	4000	2022/10/18 
2022/10/19 	73.19999694824219	73.30000305175781	73.0	73.0	2590	2022/10/19 
2022/10/20 	73.19999694824219	73.5	72.9000015258789	73.0	14200	2022/10/20 
2022/10/21 	72.9000015258789	73.0	72.5999984741211	72.69999694824219	20098	2022/10/21 
2022/10/24 	72.69999694824219	73.19999694824219	72.69999694824219	72.69999694824219	3000	2022/10/24 
2022/10/25 	72.5999984741211	73.0	72.30000305175781	72.30000305175781	14550	2022/10/25 
2022/10/26 	72.0	72.19999694824219	72.0	72.19999694824219	2550	2022/10/26 
2022/10/27 	72.30000305175781	72.5	72.0	72.5	12100	2022/10/27 
2022/10/28 	72.0	72.69999694824219	72.0	72.4000015258789	14300	2022/10/28 
2022/10/31 	72.0999984741211	72.30000305175781	72.0	72.0999984741211	34078	2022/10/31 
2022/11/01 	72.0	72.30000305175781	72.0	72.0999984741211	9000	2022/11/01 
2022/11/02 	72.0999984741211	72.4000015258789	72.0999984741211	72.0999984741211	14700	2022/11/02 
2022/11/03 	71.5999984741211	72.0	71.5999984741211	71.80000305175781	25000	2022/11/03 
2022/11/04 	71.9000015258789	72.0	70.0	70.0	39150	2022/11/04 
2022/11/07 	69.9000015258789	70.19999694824219	69.5	69.9000015258789	46508	2022/11/07 
2022/11/08 	70.0	71.0	70.0	70.0999984741211	173041	2022/11/08 
2022/11/09 	70.0	70.5	70.0	70.19999694824219	64150	2022/11/09 
2022/11/10 	70.0	70.30000305175781	69.9000015258789	70.19999694824219	30000	2022/11/10 
2022/11/11 	70.30000305175781	70.9000015258789	70.0	70.0999984741211	126850	2022/11/11 
2022/11/14 	70.0999984741211	70.5999984741211	70.0	70.30000305175781	163200	2022/11/14 
2022/11/15 	70.4000015258789	71.0	70.19999694824219	70.5999984741211	141541	2022/11/15 
2022/11/16 	70.5999984741211	70.9000015258789	70.0999984741211	70.0999984741211	87160	2022/11/16 
2022/11/17 	70.4000015258789	70.5	70.0	70.4000015258789	164640	2022/11/17 
2022/11/18 	70.4000015258789	70.5999984741211	70.0999984741211	70.4000015258789	372588	2022/11/18 
2022/11/21 	70.5	72.5	70.5	72.0	370171	2022/11/21 
2022/11/22 	72.30000305175781	72.5	71.19999694824219	71.5	169332	2022/11/22 
2022/11/23 	71.0999984741211	71.9000015258789	70.69999694824219	71.0	117501	2022/11/23 
2022/11/24 	71.4000015258789	72.19999694824219	71.0999984741211	71.80000305175781	89120	2022/11/24 
2022/11/25 	72.0	72.0	71.0	71.5	65037	2022/11/25 
2022/11/28 	71.0	71.0	70.0	71.0	132510	2022/11/28 
2022/11/29 	70.19999694824219	72.0	70.19999694824219	71.19999694824219	134345	2022/11/29 
2022/11/30 	70.80000305175781	72.30000305175781	70.69999694824219	71.80000305175781	151600	2022/11/30 
2022/12/01 	72.30000305175781	72.9000015258789	71.9000015258789	72.30000305175781	69020	2022/12/01 
2022/12/02 	73.5	73.5	72.0999984741211	73.0	72032	2022/12/02 
2022/12/05 	73.0	77.4000015258789	72.5999984741211	76.19999694824219	222406	2022/12/05 
2022/12/06 	75.69999694824219	80.0	75.69999694824219	78.19999694824219	248579	2022/12/06 
2022/12/07 	79.5	82.0	78.69999694824219	81.80000305175781	146698	2022/12/07 
2022/12/08 	80.5999984741211	82.4000015258789	79.0	82.0	94090	2022/12/08 
2022/12/09 	81.9000015258789	82.0	79.80000305175781	81.30000305175781	71223	2022/12/09 
2022/12/12 	80.5	80.5999984741211	78.69999694824219	79.5	90773	2022/12/12 
2022/12/13 	79.69999694824219	79.9000015258789	79.0	79.30000305175781	20013	2022/12/13 
2022/12/14 	79.0	80.80000305175781	79.0	79.4000015258789	27231	2022/12/14 
2022/12/15 	81.0	81.0	79.69999694824219	80.0999984741211	33001	2022/12/15 
2022/12/16 	79.69999694824219	80.9000015258789	79.0999984741211	79.69999694824219	26317	2022/12/16 
2022/12/19 	80.5	80.5	79.30000305175781	80.0	10501	2022/12/19 
2022/12/20 	80.4000015258789	80.80000305175781	79.30000305175781	79.5999984741211	44611	2022/12/20 
2022/12/21 	80.80000305175781	82.0999984741211	80.5	81.0	60001	2022/12/21 
2022/12/22 	81.9000015258789	81.9000015258789	80.5	81.69999694824219	11001	2022/12/22 
2022/12/23 	81.80000305175781	81.80000305175781	80.0	80.80000305175781	20301	2022/12/23 
2022/12/26 	82.0	82.0	80.0	80.30000305175781	19302	2022/12/26 
2022/12/27 	81.0	81.9000015258789	80.0	80.19999694824219	33708	2022/12/27 
2022/12/28 	80.5	80.80000305175781	79.0	79.5999984741211	64519	2022/12/28 
2022/12/29 	80.0	80.0999984741211	79.0999984741211	80.0999984741211	48010	2022/12/29 
2022/12/30 	80.19999694824219	80.19999694824219	79.5999984741211	80.0999984741211	9003	2022/12/30 
2023/01/03 	80.19999694824219	81.0	79.69999694824219	80.0	29008	2023/01/03 
2023/01/04 	80.5	81.0	79.9000015258789	80.5	6003	2023/01/04 
2023/01/05 	80.5	80.5	79.80000305175781	80.19999694824219	32034	2023/01/05 
2023/01/06 	79.80000305175781	80.30000305175781	79.80000305175781	79.80000305175781	26784	2023/01/06 
2023/01/09 	80.30000305175781	81.0	80.0	81.0	30006	2023/01/09 
2023/01/10 	81.0	84.0	80.30000305175781	82.0	74103	2023/01/10 
2023/01/11 	81.9000015258789	82.30000305175781	81.19999694824219	81.5999984741211	57002	2023/01/11 
2023/01/12 	82.0	82.0	81.4000015258789	81.80000305175781	24902	2023/01/12 
2023/01/13 	82.0	82.19999694824219	81.5	82.19999694824219	21803	2023/01/13 
2023/01/16 	82.19999694824219	82.80000305175781	81.5	82.5	44408	2023/01/16 
2023/01/17 	82.80000305175781	84.0	82.0	83.9000015258789	149314	2023/01/17 
2023/01/30 	84.5	86.80000305175781	84.0	85.4000015258789	89488	2023/01/30 
2023/01/31 	86.0	86.5	85.30000305175781	86.5	89212	2023/01/31 
2023/02/01 	86.5	86.5999984741211	85.69999694824219	86.19999694824219	84513	2023/02/01 
2023/02/02 	85.69999694824219	86.69999694824219	85.69999694824219	86.4000015258789	23303	2023/02/02 
2023/02/03 	86.5	86.69999694824219	86.0	86.19999694824219	42301	2023/02/03 
2023/02/06 	86.5	86.5	85.69999694824219	86.19999694824219	31005	2023/02/06 
2023/02/07 	86.4000015258789	87.30000305175781	86.0	87.19999694824219	44137	2023/02/07 
2023/02/08 	87.30000305175781	89.0	87.19999694824219	88.9000015258789	87918	2023/02/08 
2023/02/09 	88.30000305175781	89.69999694824219	88.0	89.69999694824219	128203	2023/02/09 
2023/02/10 	89.69999694824219	89.69999694824219	88.0	88.9000015258789	87747	2023/02/10 
2023/02/13 	89.0	95.0	88.80000305175781	92.9000015258789	149854	2023/02/13 
2023/02/14 	92.0	93.0	91.4000015258789	92.30000305175781	81711	2023/02/14 
2023/02/15 	92.4000015258789	92.4000015258789	91.9000015258789	92.30000305175781	16515	2023/02/15 
2023/02/16 	92.4000015258789	92.80000305175781	91.80000305175781	92.80000305175781	69408	2023/02/16 
2023/02/17 	92.9000015258789	93.0	92.30000305175781	92.80000305175781	29858	2023/02/17 
2023/02/20 	92.80000305175781	93.9000015258789	92.19999694824219	93.9000015258789	63815	2023/02/20 
2023/02/21 	93.9000015258789	95.9000015258789	93.80000305175781	95.9000015258789	80760	2023/02/21 
2023/02/22 	95.9000015258789	96.0	93.0	94.80000305175781	106625	2023/02/22 
2023/02/23 	95.0	95.0	93.30000305175781	94.4000015258789	16205	2023/02/23 
2023/02/24 	94.69999694824219	94.69999694824219	92.5999984741211	93.0	32405	2023/02/24 
2023/03/01 	94.0	94.9000015258789	93.69999694824219	94.5	31109	2023/03/01 
2023/03/02 	94.80000305175781	95.19999694824219	94.30000305175781	95.0999984741211	41012	2023/03/02 
2023/03/03 	95.30000305175781	95.69999694824219	94.19999694824219	94.5	55817	2023/03/03 
2023/03/06 	95.30000305175781	95.5	93.5	95.5	56742	2023/03/06 
2023/03/07 	95.5	95.5	94.30000305175781	95.0	45123	2023/03/07 
2023/03/08 	95.19999694824219	96.0999984741211	94.69999694824219	95.69999694824219	80575	2023/03/08 
2023/03/09 	96.19999694824219	101.5	96.0	100.5	176725	2023/03/09 
2023/03/10 	98.5	100.0	96.0999984741211	97.9000015258789	114163	2023/03/10 
2023/03/13 	99.0	104.5	98.80000305175781	102.5	285107	2023/03/13 
2023/03/14 	104.0	109.0	104.0	105.0	184053	2023/03/14 
2023/03/15 	106.0	108.5	105.0	107.0	101563	2023/03/15 
2023/03/16 	108.0	108.0	105.0	106.0	59397	2023/03/16 
2023/03/17 	107.0	117.0	107.0	116.0	295287	2023/03/17 
2023/03/20 	116.5	117.0	112.5	114.0	84808	2023/03/20 
2023/03/21 	116.0	116.0	111.5	113.0	119727	2023/03/21 
2023/03/22 	113.5	113.5	98.5999984741211	108.0	179208	2023/03/22 
2023/03/23 	108.5	110.0	106.0	108.5	32979	2023/03/23 
2023/03/24 	110.0	110.0	102.5	106.0	90373	2023/03/24 
2023/03/27 	105.5	109.0	104.5	107.0	42313	2023/03/27 
2023/03/28 	107.5	109.0	105.0	108.0	133201	2023/03/28 
2023/03/29 	109.5	115.0	109.5	112.0	161429	2023/03/29 
2023/03/30 	112.5	115.0	111.5	113.5	81637	2023/03/30 
2023/03/31 	113.0	114.5	112.5	114.0	57468	2023/03/31 
2023/04/06 	116.0	117.0	113.5	117.0	88223	2023/04/06 
2023/04/07 	117.0	117.5	115.0	117.0	38026	2023/04/07 
2023/04/10 	117.0	120.5	115.5	116.5	84193	2023/04/10 
2023/04/11 	117.0	118.5	116.5	117.5	95102	2023/04/11 
2023/04/12 	118.0	121.0	116.5	120.5	240127	2023/04/12 
2023/04/13 	121.5	128.0	121.5	124.5	437254	2023/04/13 
2023/04/14 	125.0	125.0	123.0	124.5	173807	2023/04/14 
2023/04/17 	124.5	124.5	122.5	124.0	74869	2023/04/17 
2023/04/18 	124.0	124.0	121.5	122.5	110770	2023/04/18 
2023/04/19 	123.5	125.0	122.5	124.0	111882	2023/04/19 
2023/04/20 	125.0	125.0	119.5	120.0	100520	2023/04/20 
2023/04/21 	120.5	125.0	120.5	123.5	244262	2023/04/21 
2023/04/24 	121.0	124.5	121.0	123.5	45613	2023/04/24 
2023/04/25 	124.0	124.0	120.0	121.0	265962	2023/04/25 
2023/04/26 	122.0	124.5	121.0	124.0	222473	2023/04/26 
2023/04/27 	124.5	132.0	124.0	129.5	376062	2023/04/27 
2023/04/28 	131.5	131.5	127.0	129.0	145156	2023/04/28 
2023/05/02 	130.0	132.0	129.0	129.0	186051	2023/05/02 
2023/05/03 	129.0	131.0	128.5	129.0	83101	2023/05/03 
2023/05/04 	128.0	129.0	126.0	129.0	113626	2023/05/04 
2023/05/05 	129.0	134.0	128.0	134.0	343598	2023/05/05 
2023/05/08 	134.0	141.5	133.0	140.5	268967	2023/05/08 
2023/05/09 	141.0	141.0	134.0	138.5	254805	2023/05/09 
2023/05/10 	139.0	145.5	139.0	141.0	349603	2023/05/10 
2023/05/11 	139.0	139.5	133.0	136.5	388886	2023/05/11 
2023/05/12 	136.5	136.5	129.0	135.5	151441	2023/05/12 
2023/05/15 	136.0	136.5	132.5	133.0	89286	2023/05/15 
2023/05/16 	135.0	135.0	133.0	134.5	110375	2023/05/16 
2023/05/17 	134.5	134.5	132.5	133.5	51070	2023/05/17 
2023/05/18 	134.0	134.5	132.5	134.0	78682	2023/05/18 
2023/05/19 	134.0	134.5	133.0	134.5	61880	2023/05/19 
2023/05/22 	135.0	135.0	133.5	134.5	20235	2023/05/22 
2023/05/23 	134.5	134.5	131.0	132.5	80536	2023/05/23 
2023/05/24 	133.5	133.5	131.5	131.5	18258	2023/05/24 
2023/05/25 	133.5	133.5	131.0	133.0	73976	2023/05/25 
2023/05/26 	133.5	139.5	132.0	138.5	264701	2023/05/26 
2023/05/29 	138.0	138.0	132.5	134.0	132627	2023/05/29 
2023/05/30 	135.0	136.0	134.0	135.5	55104	2023/05/30 
2023/05/31 	135.5	135.5	134.5	135.5	8618	2023/05/31 
2023/06/01 	135.5	135.5	131.5	133.5	42712	2023/06/01 
2023/06/02 	134.5	134.5	133.0	133.5	38254	2023/06/02 
2023/06/05 	134.0	134.5	132.0	132.0	58404	2023/06/05 
2023/06/06 	133.5	133.5	131.5	132.0	53584	2023/06/06 
2023/06/07 	132.5	132.5	129.0	131.0	167285	2023/06/07 
2023/06/08 	131.5	132.0	129.5	130.0	206370	2023/06/08 
2023/06/09 	132.0	132.0	129.5	130.5	101997	2023/06/09 
2023/06/12 	131.0	140.5	131.0	140.5	429498	2023/06/12 
2023/06/13 	141.5	143.5	139.5	142.5	400909	2023/06/13 
2023/06/14 	143.0	145.5	141.0	145.0	309863	2023/06/14 
2023/06/15 	144.5	146.0	142.5	144.5	222157	2023/06/15 
2023/06/16 	145.5	146.5	142.5	143.5	75440	2023/06/16 
2023/06/19 	144.0	145.5	143.0	144.5	150135	2023/06/19 
2023/06/20 	145.0	145.0	143.0	144.0	64621	2023/06/20 
2023/06/21 	143.0	145.0	143.0	143.5	48676	2023/06/21 
2023/06/26 	145.0	146.0	142.0	142.0	128701	2023/06/26 
2023/06/27 	143.0	143.5	139.5	140.0	168351	2023/06/27 
2023/06/28 	142.0	142.5	139.5	142.5	33607	2023/06/28 
2023/06/29 	142.0	142.5	139.5	141.0	102350	2023/06/29 
2023/06/30 	141.0	141.0	139.0	139.5	83421	2023/06/30 
2023/07/03 	140.5	140.5	138.5	140.0	79981	2023/07/03 
2023/07/04 	140.0	141.0	139.5	140.5	54103	2023/07/04 
2023/07/05 	140.5	141.0	139.5	140.5	57113	2023/07/05 
2023/07/06 	140.0	140.5	138.0	139.5	91824	2023/07/06 
2023/07/07 	140.0	140.5	138.0	139.5	21163	2023/07/07 
2023/07/10 	141.0	145.0	140.5	144.5	130748	2023/07/10 
2023/07/11 	144.5	149.5	144.5	147.5	341958	2023/07/11 
2023/07/12 	148.0	150.5	146.5	147.5	174440	2023/07/12 
2023/07/13 	147.5	148.0	146.0	147.0	125784	2023/07/13 
2023/07/14 	146.5	147.5	146.0	146.0	104248	2023/07/14 
2023/07/17 	146.5	149.0	146.5	148.5	139056	2023/07/17 
2023/07/18 	148.5	152.5	148.0	151.5	214065	2023/07/18 
2023/07/19 	152.5	157.0	150.0	156.5	363032	2023/07/19 
2023/07/20 	160.0	161.5	157.0	160.0	235513	2023/07/20 
2023/07/21 	157.5	159.5	155.0	157.5	178333	2023/07/21 
2023/07/24 	156.0	156.0	149.5	151.5	233321	2023/07/24 
2023/07/25 	152.0	152.0	149.0	150.0	116654	2023/07/25 
2023/07/26 	150.0	150.5	147.0	148.5	128294	2023/07/26 
2023/07/27 	149.0	155.0	148.0	154.5	66339	2023/07/27 
2023/07/28 	155.0	157.0	154.0	154.5	143466	2023/07/28 
2023/07/31 	156.0	157.5	154.0	155.0	243326	2023/07/31 
2023/08/01 	157.0	157.0	155.0	155.5	52136	2023/08/01 
2023/08/02 	156.0	156.0	149.0	151.0	155870	2023/08/02 
2023/08/04 	150.5	151.5	149.5	151.5	41146	2023/08/04 
2023/08/07 	152.0	154.5	151.5	154.5	58459	2023/08/07 
2023/08/08 	154.5	167.0	154.5	159.5	259506	2023/08/08 
2023/08/09 	160.0	161.0	156.0	157.5	121801	2023/08/09 
2023/08/10 	159.0	159.0	155.0	156.0	84559	2023/08/10 
2023/08/11 	155.0	156.5	147.5	150.0	297680	2023/08/11 
2023/08/14 	149.0	149.0	138.0	141.0	261083	2023/08/14 
2023/08/15 	141.0	142.5	140.0	142.5	36477	2023/08/15 
2023/08/16 	142.0	142.0	139.5	141.5	49643	2023/08/16 
2023/08/17 	141.5	147.0	140.5	146.5	73923	2023/08/17 
2023/08/18 	147.0	148.5	144.5	146.5	92861	2023/08/18 
2023/08/21 	147.5	149.5	147.0	148.5	64681	2023/08/21 
2023/08/22 	149.0	150.0	147.5	147.5	53286	2023/08/22 
2023/08/23 	148.0	148.5	146.5	148.0	41167	2023/08/23 
2023/08/24 	148.0	148.5	145.5	147.0	50049	2023/08/24 
2023/08/25 	147.0	147.0	143.5	143.5	39524	2023/08/25 
2023/08/28 	145.0	145.0	141.0	142.0	67043	2023/08/28 
2023/08/29 	142.5	142.5	140.5	142.0	32022	2023/08/29 
2023/08/30 	142.0	143.0	141.5	143.0	26848	2023/08/30 
2023/08/31 	143.0	143.0	140.0	142.0	76299	2023/08/31 
2023/09/01 	142.5	143.0	142.0	142.5	24618	2023/09/01 
2023/09/04 	143.5	143.5	140.0	141.5	40621	2023/09/04 
2023/09/05 	142.0	142.5	141.0	142.0	25883	2023/09/05 
2023/09/06 	142.0	142.0	140.5	142.0	39018	2023/09/06 
2023/09/07 	142.0	142.0	140.0	141.0	54383	2023/09/07 
2023/09/08 	141.0	141.0	141.0	141.0	0	2023/09/08 
2023/09/11 	141.5	150.0	141.5	145.5	303979	2023/09/11 
2023/09/12 	146.0	147.0	143.5	144.0	110126	2023/09/12 
2023/09/13 	145.0	145.5	143.0	145.5	74215	2023/09/13 
2023/09/14 	145.0	146.0	144.0	144.5	65143	2023/09/14 
2023/09/15 	146.5	147.5	145.0	146.5	201669	2023/09/15 
2023/09/18 	147.0	147.0	141.5	144.0	121258	2023/09/18 
2023/09/19 	144.0	144.5	142.5	142.5	32140	2023/09/19 
2023/09/20 	144.0	144.0	142.5	144.0	14012	2023/09/20 
2023/09/21 	144.0	144.0	142.0	142.0	32403	2023/09/21 
2023/09/22 	142.5	144.0	142.0	142.5	16809	2023/09/22 
2023/09/25 	143.0	144.0	142.5	144.0	8089	2023/09/25 
2023/09/26 	144.0	144.0	141.5	142.5	27815	2023/09/26 
2023/09/27 	143.0	144.0	142.0	143.0	87730	2023/09/27 
2023/09/28 	143.0	143.0	142.0	143.0	33593	2023/09/28 
2023/10/02 	143.0	145.5	143.0	144.5	173847	2023/10/02 
2023/10/03 	145.0	148.0	145.0	146.0	139712	2023/10/03 
2023/10/04 	143.5	144.5	143.5	144.0	118392	2023/10/04 
2023/10/05 	144.5	144.5	143.0	143.0	25381	2023/10/05 
2023/10/06 	144.0	144.0	142.5	143.5	11354	2023/10/06 
2023/10/11 	143.5	143.5	141.5	142.5	43852	2023/10/11 
2023/10/12 	143.0	143.0	140.0	141.0	76739	2023/10/12 
2023/10/13 	141.5	141.5	140.5	141.0	46184	2023/10/13 
2023/10/16 	142.0	142.0	140.0	141.5	59037	2023/10/16 
2023/10/17 	141.0	141.0	140.0	140.5	49142	2023/10/17 
2023/10/18 	141.0	141.0	139.0	140.0	56416	2023/10/18 
2023/10/19 	140.0	140.0	135.0	138.0	123707	2023/10/19 
2023/10/20 	136.5	138.0	133.0	135.0	146022	2023/10/20 
2023/10/23 	133.5	134.5	130.0	132.0	96790	2023/10/23 
2023/10/24 	130.5	135.0	130.5	135.0	44367	2023/10/24 
2023/10/25 	137.0	140.0	135.5	139.0	45596	2023/10/25 
2023/10/26 	136.5	136.5	133.5	134.5	56532	2023/10/26 
2023/10/27 	138.0	138.5	136.0	136.0	21672	2023/10/27 
2023/10/30 	137.0	138.0	136.0	136.5	26861	2023/10/30 
2023/10/31 	137.0	137.5	135.0	135.5	28179	2023/10/31 
2023/11/01 	136.0	137.0	136.0	137.0	7372	2023/11/01 
2023/11/02 	137.0	139.0	135.0	135.5	35091	2023/11/02 
2023/11/03 	137.0	137.0	135.5	136.5	14587	2023/11/03 
2023/11/06 	137.5	138.5	137.0	137.5	27382	2023/11/06 
2023/11/07 	138.0	138.5	136.5	138.5	18717	2023/11/07 
2023/11/08 	138.0	138.5	136.5	137.0	40824	2023/11/08 
2023/11/09 	136.0	136.0	134.5	134.5	44733	2023/11/09 
2023/11/10 	135.5	139.0	135.5	137.0	185413	2023/11/10 
2023/11/13 	137.0	138.5	136.5	137.5	38334	2023/11/13 
2023/11/14 	138.0	138.5	137.0	138.0	66027	2023/11/14 
2023/11/15 	138.0	139.5	137.5	138.5	101885	2023/11/15 
2023/11/16 	138.5	142.5	138.5	141.5	188948	2023/11/16 
2023/11/17 	143.0	145.0	140.5	141.0	173039	2023/11/17 
2023/11/20 	143.0	143.5	140.5	141.0	110287	2023/11/20 
2023/11/21 	142.5	144.5	142.0	143.0	130506	2023/11/21 
2023/11/22 	143.5	145.5	142.5	145.0	101657	2023/11/22 
2023/11/23 	145.0	150.0	144.5	149.0	144443	2023/11/23 
2023/11/24 	150.0	150.5	148.5	149.5	83389	2023/11/24 
2023/11/27 	149.0	150.5	149.0	149.5	63710	2023/11/27 
2023/11/28 	150.5	151.0	149.5	150.5	51113	2023/11/28 
2023/11/29 	152.5	159.5	152.5	157.0	190660	2023/11/29 
2023/11/30 	159.0	159.0	153.5	155.0	102691	2023/11/30 
2023/12/01 	155.0	155.5	150.5	151.5	164859	2023/12/01 
2023/12/04 	151.0	152.0	150.0	151.5	65075	2023/12/04 
2023/12/05 	150.5	152.0	150.0	151.5	71526	2023/12/05 
2023/12/06 	150.5	152.0	150.5	151.5	66866	2023/12/06 
2023/12/07 	152.0	152.5	151.0	152.5	35433	2023/12/07 
2023/12/08 	152.0	156.0	152.0	156.0	207492	2023/12/08 
2023/12/11 	156.5	158.0	155.0	156.0	162349	2023/12/11 
2023/12/12 	156.0	156.0	152.0	153.5	122801	2023/12/12 
2023/12/13 	153.5	154.0	152.5	153.0	52621	2023/12/13 
2023/12/14 	154.5	158.5	153.5	154.0	140527	2023/12/14 
2023/12/15 	154.5	156.5	154.0	155.0	50890	2023/12/15 
2023/12/18 	155.5	156.0	154.0	155.5	100073	2023/12/18 
2023/12/19 	156.5	158.0	155.0	157.0	84619	2023/12/19 
2023/12/20 	158.0	158.5	156.0	158.0	130203	2023/12/20 
2023/12/21 	155.5	158.0	154.5	156.5	100802	2023/12/21 
2023/12/22 	157.0	157.0	154.5	156.5	47938	2023/12/22 
2023/12/25 	155.0	156.5	154.5	156.0	187211	2023/12/25 
2023/12/26 	156.0	157.5	155.0	156.5	13836	2023/12/26 
2023/12/27 	157.0	157.0	155.5	156.0	14352	2023/12/27 
2023/12/28 	157.0	157.5	155.5	157.5	32861	2023/12/28 
2023/12/29 	156.0	159.5	156.0	158.5	90429	2023/12/29 
2024/01/02 	159.5	163.0	158.0	162.0	135592	2024/01/02 
2024/01/03 	162.0	162.0	159.0	160.5	79480	2024/01/03 
2024/01/04 	161.5	162.0	159.5	161.0	33371	2024/01/04 
2024/01/05 	161.0	161.0	159.0	160.5	38211	2024/01/05 
2024/01/08 	158.5	161.0	158.0	161.0	59586	2024/01/08 
2024/01/09 	158.5	162.0	158.5	161.0	92486	2024/01/09 
2024/01/10 	162.0	162.0	160.0	162.0	67851	2024/01/10 
2024/01/11 	162.0	167.0	161.0	162.5	427354	2024/01/11 
2024/01/12 	160.5	164.0	160.5	163.0	51739	2024/01/12 
2024/01/15 	163.0	163.0	163.0	163.0	0	2024/01/15 
2024/01/16 	168.0	169.0	165.5	166.0	181398	2024/01/16 
2024/01/17 	167.5	167.5	165.0	166.5	115928	2024/01/17 
2024/01/18 	166.5	168.0	165.0	166.0	92623	2024/01/18 
2024/01/19 	168.0	170.0	167.0	168.5	371836	2024/01/19 
2024/01/22 	170.0	171.0	167.5	167.5	71988	2024/01/22 
2024/01/23 	169.5	170.0	162.0	169.0	413737	2024/01/23 
2024/01/24 	168.5	171.0	168.0	169.5	218038	2024/01/24 
2024/01/25 	169.5	171.0	168.0	170.5	185113	2024/01/25 
2024/01/26 	170.0	170.0	167.0	168.0	90170	2024/01/26 
2024/01/29 	169.5	173.0	169.0	170.5	424263	2024/01/29 
2024/01/30 	172.0	189.0	171.5	189.0	404174	2024/01/30 
2024/01/31 	184.5	210.0	181.0	209.0	949934	2024/01/31 
2024/02/01 	214.0	249.0	207.5	240.0	1583020	2024/02/01 
2024/02/02 	241.0	254.0	235.5	241.5	738551	2024/02/02 
2024/02/05 	241.0	249.0	233.5	249.0	491066	2024/02/05 
2024/02/15 	245.0	255.5	237.5	253.0	678527	2024/02/15 
2024/02/16 	254.0	257.0	238.5	240.5	283803	2024/02/16 
2024/02/19 	239.0	240.5	223.5	233.0	197398	2024/02/19 
2024/02/20 	232.0	246.0	231.5	241.5	149757	2024/02/20 
2024/02/21 	240.0	244.5	235.0	240.0	154635	2024/02/21 
2024/02/22 	241.0	242.0	234.0	237.5	167703	2024/02/22 
2024/02/23 	235.5	240.0	233.0	236.5	150087	2024/02/23 
2024/02/26 	238.0	238.0	222.0	226.0	219697	2024/02/26 
2024/02/27 	221.5	235.0	219.0	230.0	193551	2024/02/27 
2024/02/29 	231.0	240.0	230.0	236.5	79000	2024/02/29 
2024/03/01 	236.5	236.5	230.5	233.0	58438	2024/03/01 
2024/03/04 	231.0	235.5	228.0	230.0	175341	2024/03/04 
2024/03/05 	231.0	232.0	227.5	231.5	86347	2024/03/05 
2024/03/06 	228.0	234.0	228.0	234.0	78310	2024/03/06 
2024/03/07 	235.0	245.0	235.0	237.0	210689	2024/03/07 
2024/03/08 	238.0	238.0	230.0	230.5	142697	2024/03/08 
2024/03/11 	230.0	230.5	219.0	227.0	210096	2024/03/11 
2024/03/12 	225.0	232.0	225.0	230.0	165321	2024/03/12 
2024/03/13 	232.0	233.0	210.0	217.0	329663	2024/03/13 
2024/03/14 	217.0	217.5	207.5	213.5	177694	2024/03/14 
2024/03/15 	214.5	219.5	211.0	217.0	94994	2024/03/15 
2024/03/18 	215.5	217.0	213.0	217.0	63153	2024/03/18 
2024/03/19 	217.0	223.0	214.0	222.0	133164	2024/03/19 
2024/03/20 	223.0	239.0	223.0	231.0	248587	2024/03/20 
2024/03/21 	232.0	237.5	229.0	230.0	99326	2024/03/21 
2024/03/22 	230.0	235.0	225.0	226.0	69061	2024/03/22 
2024/03/25 	230.0	230.0	219.0	224.0	59586	2024/03/25 
2024/03/26 	224.0	224.0	224.0	224.0	0	2024/03/26 
2024/03/27 	222.0	223.5	217.5	223.5	24899	2024/03/27 
2024/03/28 	224.0	229.0	220.0	224.5	101116	2024/03/28 
2024/03/29 	225.0	231.0	223.5	228.5	122763	2024/03/29 
2024/04/01 	229.0	230.0	227.0	229.0	157630	2024/04/01 
2024/04/02 	229.0	232.0	223.5	228.5	106215	2024/04/02 
2024/04/03 	229.0	229.0	220.5	228.0	56581	2024/04/03 
2024/04/08 	228.0	230.0	225.0	225.5	149815	2024/04/08 
2024/04/09 	223.0	228.0	206.0	212.0	281179	2024/04/09 
2024/04/10 	214.5	214.5	202.0	207.0	264836	2024/04/10 
2024/04/11 	208.0	210.0	202.0	209.5	114614	2024/04/11 
2024/04/12 	210.0	210.5	208.0	210.5	44968	2024/04/12 
2024/04/15 	207.0	212.0	207.0	211.0	104564	2024/04/15 
2024/04/16 	212.0	212.0	194.0	203.5	78607	2024/04/16 
2024/04/17 	203.0	209.5	201.5	205.5	41445	2024/04/17 
2024/04/18 	209.0	209.0	201.0	204.0	38576	2024/04/18 
2024/04/19 	205.0	209.0	187.5	194.5	214562	2024/04/19 
2024/04/22 	194.0	200.0	185.0	188.0	112662	2024/04/22 
2024/04/23 	191.0	192.5	186.0	190.0	56634	2024/04/23 
2024/04/24 	190.0	195.5	189.0	195.5	41106	2024/04/24 
2024/04/25 	197.5	197.5	192.5	195.0	23658	2024/04/25 
2024/04/26 	195.0	200.0	194.0	199.0	88757	2024/04/26 
2024/04/29 	199.5	200.0	195.0	198.0	40896	2024/04/29 
2024/04/30 	198.5	199.0	195.5	198.5	6672	2024/04/30 
2024/05/02 	199.0	201.0	196.0	201.0	36507	2024/05/02 
2024/05/03 	201.0	202.0	197.5	199.5	39762	2024/05/03 
2024/05/06 	200.0	202.0	196.0	199.0	52036	2024/05/06 
2024/05/07 	200.0	200.0	197.0	200.0	23041	2024/05/07 
2024/05/08 	199.0	199.5	194.5	198.0	50590	2024/05/08 
2024/05/09 	198.5	198.5	194.0	197.0	35074	2024/05/09 
2024/05/10 	198.0	209.0	198.0	203.0	134860	2024/05/10 
2024/05/13 	205.0	205.5	200.0	203.5	60054	2024/05/13 
2024/05/14 	204.0	205.0	201.0	203.0	45826	2024/05/14 
2024/05/15 	203.5	204.0	201.0	203.0	18916	2024/05/15 
2024/05/16 	202.5	207.0	199.0	202.0	94756	2024/05/16 
2024/05/17 	203.0	207.0	202.0	203.0	176447	2024/05/17 
2024/05/20 	203.0	205.0	201.5	204.5	33303	2024/05/20 
2024/05/21 	204.5	204.5	201.0	202.5	60017	2024/05/21 
2024/05/22 	203.0	204.0	200.5	204.0	89992	2024/05/22 
2024/05/23 	204.0	204.0	201.0	202.5	79931	2024/05/23 
2024/05/24 	203.0	203.0	199.5	201.5	17038	2024/05/24 
2024/05/27 	202.0	205.0	200.0	203.5	81446	2024/05/27 
2024/05/28 	204.0	205.0	200.5	201.5	136775	2024/05/28 
2024/05/29 	203.0	203.0	199.0	201.5	62270	2024/05/29 
2024/05/30 	201.5	201.5	199.5	201.0	12195	2024/05/30 
2024/05/31 	201.0	203.5	199.0	200.5	80191	2024/05/31 
2024/06/03 	201.0	203.0	200.0	201.5	55131	2024/06/03 
2024/06/04 	201.5	203.0	199.0	200.5	66521	2024/06/04 
2024/06/05 	200.0	201.5	196.5	199.0	92583	2024/06/05 
2024/06/06 	200.0	200.5	197.5	199.5	51204	2024/06/06 
2024/06/07 	200.0	200.0	195.5	197.5	73911	2024/06/07 
2024/06/11 	195.0	197.5	186.0	187.0	690685	2024/06/11 
2024/06/12 	187.5	193.5	185.0	193.5	55003	2024/06/12 
2024/06/13 	189.0	200.0	188.0	199.0	72011	2024/06/13 
2024/06/14 	199.5	199.5	193.0	196.0	35865	2024/06/14 
2024/06/17 	196.5	203.0	195.0	199.0	91059	2024/06/17 
2024/06/18 	202.0	205.0	199.5	203.0	64511	2024/06/18 
2024/06/19 	203.0	203.0	199.0	200.0	44376	2024/06/19 
2024/06/20 	201.5	202.0	199.5	200.0	107812	2024/06/20 
2024/06/21 	204.0	206.0	202.0	204.0	221394	2024/06/21 
2024/06/24 	198.0	200.0	195.0	198.5	59732	2024/06/24 
2024/06/25 	198.0	200.0	195.0	198.0	64608	2024/06/25 
2024/06/26 	198.0	200.5	198.0	200.0	70945	2024/06/26 
2024/06/27 	200.0	200.0	193.0	196.5	72484	2024/06/27 
2024/06/28 	194.0	198.0	193.0	196.5	22881	2024/06/28 
2024/07/01 	196.0	197.0	194.0	195.0	59630	2024/07/01 
2024/07/02 	196.5	196.5	184.0	192.0	141764	2024/07/02 
2024/07/03 	194.0	196.5	191.5	193.5	56338	2024/07/03 
2024/07/04 	195.0	204.0	195.0	201.0	122537	2024/07/04 
2024/07/05 	202.0	202.5	199.0	200.5	46004	2024/07/05 
2024/07/08 	201.0	201.0	195.5	196.5	52439	2024/07/08 
2024/07/09 	199.0	202.0	197.0	200.0	129733	2024/07/09 
2024/07/10 	201.5	204.5	199.0	203.0	220159	2024/07/10 
2024/07/11 	204.0	206.0	201.0	202.5	80104	2024/07/11 
2024/07/12 	204.5	207.0	201.0	206.0	179742	2024/07/12 
2024/07/15 	205.0	205.0	201.5	201.5	77395	2024/07/15 
2024/07/16 	201.5	215.0	201.5	209.0	284413	2024/07/16 
2024/07/17 	206.0	211.0	206.0	208.0	57425	2024/07/17 
2024/07/18 	209.0	209.0	203.0	207.5	53420	2024/07/18 
2024/07/19 	205.5	212.5	205.0	207.5	177253	2024/07/19 
2024/07/22 	209.0	209.0	200.0	202.0	68123	2024/07/22 
2024/07/23 	205.0	208.0	201.0	208.0	82602	2024/07/23 
2024/07/26 	206.5	206.5	202.5	206.0	21356	2024/07/26 
2024/07/29 	203.0	207.0	203.0	205.5	58167	2024/07/29 
2024/07/30 	202.0	205.0	199.0	201.5	41218	2024/07/30 
2024/07/31 	204.0	204.0	200.0	201.0	152216	2024/07/31 
2024/08/01 	200.0	202.5	199.0	200.0	22683	2024/08/01 
2024/08/02 	198.0	201.5	186.5	194.0	248407	2024/08/02 
2024/08/05 	190.0	190.0	170.0	174.5	179488	2024/08/05 
2024/08/06 	171.0	178.5	170.0	175.0	91325	2024/08/06 
2024/08/07 	175.0	185.0	175.0	183.0	63285	2024/08/07 
2024/08/08 	180.5	185.0	180.0	184.5	39656	2024/08/08 
2024/08/09 	185.0	197.5	185.0	192.0	136931	2024/08/09 
2024/08/12 	195.0	196.5	191.0	194.0	140529	2024/08/12 
2024/08/13 	196.0	196.0	194.0	194.0	30302	2024/08/13 
2024/08/14 	196.5	199.5	196.5	198.5	70580	2024/08/14 
2024/08/15 	196.5	199.0	195.5	199.0	15275	2024/08/15 
2024/08/16 	199.0	202.0	198.5	199.0	29012	2024/08/16 
2024/08/19 	202.0	204.0	201.0	203.0	64099	2024/08/19 
2024/08/20 	203.0	203.5	200.0	202.0	34572	2024/08/20 
2024/08/21 	202.0	206.5	200.0	202.0	97880	2024/08/21 
2024/08/22 	200.0	202.5	198.0	201.0	25491	2024/08/22 
2024/08/23 	197.5	201.0	197.5	200.0	51256	2024/08/23 
2024/08/26 	199.0	203.0	199.0	202.0	56608	2024/08/26 
2024/08/27 	201.5	202.5	198.5	200.5	23825	2024/08/27 
2024/08/28 	202.0	202.5	200.0	201.5	25642	2024/08/28 
2024/08/29 	206.0	208.0	204.0	204.5	43797	2024/08/29 
2024/08/30 	206.0	206.0	203.0	206.0	11410	2024/08/30 
2024/09/02 	206.0	209.0	204.0	204.5	84747	2024/09/02 
2024/09/03 	206.0	206.0	203.0	204.5	26576	2024/09/03 
2024/09/04 	200.0	201.5	196.0	200.0	51178	2024/09/04 
2024/09/05 	201.0	201.0	197.0	198.5	26453	2024/09/05 
2024/09/06 	200.0	200.0	198.0	199.0	18203	2024/09/06 
2024/09/09 	197.0	199.0	196.5	198.0	23493	2024/09/09 
2024/09/10 	200.0	200.0	195.5	198.0	28233	2024/09/10 
2024/09/11 	196.0	198.0	190.0	193.5	132738	2024/09/11 
2024/09/12 	194.5	196.5	194.0	196.0	10207	2024/09/12 
2024/09/13 	196.5	197.5	195.5	196.0	30124	2024/09/13 
2024/09/16 	197.0	203.0	195.5	200.5	46490	2024/09/16 
2024/09/18 	199.21060180664062	200.1919403076172	197.24794006347656	197.24794006347656	40756	2024/09/18 
2024/09/19 	199.21060180664062	201.17327880859375	198.22927856445312	199.70127868652344	63890	2024/09/19 
2024/09/20 	201.6639404296875	201.6639404296875	196.2666015625	198.22927856445312	121145	2024/09/20 
2024/09/23 	199.21060180664062	201.17327880859375	198.22927856445312	201.17327880859375	34915	2024/09/23 
2024/09/24 	202.15460205078125	202.15460205078125	199.70127868652344	200.1919403076172	74530	2024/09/24 
2024/09/25 	200.1919403076172	201.17327880859375	197.7386016845703	199.21060180664062	70844	2024/09/25 
2024/09/26 	204.0	204.0	201.5	203.0	68823	2024/09/26 
2024/09/27 	203.0	204.0	201.0	203.0	44495	2024/09/27 
2024/09/30 	202.5	202.5	198.0	199.5	24220	2024/09/30 
2024/10/01 	199.5	200.0	198.0	200.0	13641	2024/10/01 
2024/10/04 	198.5	199.5	194.0	195.5	53589	2024/10/04 
2024/10/07 	198.0	198.0	194.0	197.5	33292	2024/10/07 
2024/10/08 	197.5	197.5	193.0	195.0	33627	2024/10/08 
2024/10/09 	196.0	196.0	193.0	193.5	23570	2024/10/09 
2024/10/11 	195.0	199.0	194.0	196.0	68873	2024/10/11 
2024/10/14 	195.0	201.0	195.0	197.0	132313	2024/10/14 
2024/10/15 	197.0	203.5	195.5	201.0	226991	2024/10/15 
2024/10/16 	201.5	203.0	199.0	201.5	198154	2024/10/16 
2024/10/17 	203.0	206.0	201.5	202.0	158733	2024/10/17 
2024/10/18 	203.0	205.0	200.0	201.0	71471	2024/10/18 
2024/10/21 	202.5	203.5	201.0	201.0	37985	2024/10/21 
2024/10/22 	203.0	203.0	199.0	202.0	54724	2024/10/22 
2024/10/23 	201.5	203.0	198.0	201.0	67040	2024/10/23 
2024/10/24 	200.0	202.0	199.0	202.0	40280	2024/10/24 
2024/10/25 	201.0	202.0	199.5	202.0	14655	2024/10/25 
2024/10/28 	202.0	203.5	199.0	203.0	89218	2024/10/28 
2024/10/29 	201.5	202.0	199.5	201.0	48902	2024/10/29 
2024/10/30 	201.0	202.0	199.0	201.5	38735	2024/10/30 
2024/11/01 	202.0	202.0	199.0	199.0	39115	2024/11/01 
2024/11/04 	201.0	201.0	199.0	200.5	14907	2024/11/04 
2024/11/05 	200.5	201.0	194.0	198.0	101120	2024/11/05 
2024/11/06 	198.0	200.5	198.0	200.5	11419	2024/11/06 
2024/11/07 	201.0	202.0	196.0	199.0	47811	2024/11/07 
2024/11/08 	199.5	200.0	195.0	196.5	52219	2024/11/08 
2024/11/11 	199.0	199.0	195.5	197.0	19816	2024/11/11 
2024/11/12 	197.5	198.0	195.5	196.5	14789	2024/11/12 
2024/11/13 	195.0	196.5	189.0	189.0	232958	2024/11/13 
2024/11/14 	192.0	192.0	185.0	186.0	103468	2024/11/14 
2024/11/15 	187.0	187.5	182.0	185.0	82319	2024/11/15 
2024/11/18 	182.5	183.5	179.0	180.0	59702	2024/11/18 
2024/11/19 	178.5	180.0	177.0	178.0	126732	2024/11/19 
2024/11/20 	178.0	179.0	176.5	177.0	19082	2024/11/20 
2024/11/21 	176.5	177.0	172.0	174.0	130795	2024/11/21 
2024/11/22 	174.0	181.0	172.0	177.0	133255	2024/11/22 
2024/11/25 	178.5	179.0	174.0	177.0	50118	2024/11/25 
2024/11/26 	177.0	177.0	172.5	174.5	32269	2024/11/26 
2024/11/27 	172.0	173.0	166.0	166.5	120428	2024/11/27 
2024/11/28 	169.0	170.0	163.0	165.0	90627	2024/11/28 
2024/11/29 	164.0	171.0	163.5	169.0	75343	2024/11/29 
2024/12/02 	170.0	170.0	166.5	170.0	17783	2024/12/02 
2024/12/03 	171.0	173.0	166.0	169.5	209269	2024/12/03 
2024/12/04 	169.0	170.0	165.0	166.0	77172	2024/12/04 
2024/12/05 	167.0	170.0	166.5	169.5	24255	2024/12/05 
2024/12/06 	167.0	170.0	166.5	168.0	110825	2024/12/06 
2024/12/09 	168.0	168.5	165.5	167.0	131128	2024/12/09 
2024/12/10 	167.5	167.5	163.5	164.5	50806	2024/12/10 
2024/12/11 	165.5	167.5	164.0	166.0	53523	2024/12/11 
2024/12/12 	167.0	167.0	163.0	165.0	22999	2024/12/12 
2024/12/13 	165.0	165.0	159.0	160.0	78244	2024/12/13 
2024/12/16 	163.0	163.0	157.0	159.0	144283	2024/12/16 
2024/12/17 	159.0	160.0	158.0	160.0	22487	2024/12/17 
2024/12/18 	159.5	160.5	158.0	160.0	43105	2024/12/18 
2024/12/19 	160.0	160.0	157.0	159.0	20025	2024/12/19 
2024/12/20 	157.5	157.5	155.5	156.0	48304	2024/12/20 
2024/12/23 	156.0	158.0	155.5	158.0	45908	2024/12/23 
2024/12/24 	159.0	162.0	157.0	162.0	30470	2024/12/24 
2024/12/25 	165.0	169.0	160.0	165.0	243887	2024/12/25 
2024/12/26 	166.5	167.5	162.5	164.0	88635	2024/12/26 
2024/12/27 	164.5	165.0	162.5	165.0	26584	2024/12/27 
2024/12/30 	165.0	166.0	163.5	164.5	20231	2024/12/30 
2024/12/31 	163.0	166.0	163.0	166.0	26688	2024/12/31 
2025/01/02 	166.0	166.0	163.0	164.0	33210	2025/01/02 
2025/01/03 	164.0	171.0	164.0	169.5	66153	2025/01/03 
2025/01/06 	170.0	173.0	166.5	171.0	172156	2025/01/06 
2025/01/07 	171.0	173.0	170.0	172.5	52453	2025/01/07 
2025/01/08 	173.0	173.5	169.5	170.0	65595	2025/01/08 
2025/01/09 	172.0	174.0	169.0	169.0	59971	2025/01/09 
2025/01/10 	170.5	172.0	167.0	169.0	73715	2025/01/10 
2025/01/13 	170.0	170.0	164.5	168.5	51844	2025/01/13 
2025/01/14 	170.0	170.0	163.5	170.0	29059	2025/01/14 
2025/01/15 	170.0	170.0	167.0	169.0	18868	2025/01/15 
2025/01/16 	169.0	172.0	168.5	169.5	90114	2025/01/16 
2025/01/17 	171.0	171.0	168.0	169.0	27544	2025/01/17 
2025/01/20 	170.0	176.5	169.5	173.0	1341864	2025/01/20 
2025/01/21 	173.5	192.0	173.5	185.5	364217	2025/01/21 
2025/01/22 	186.0	187.0	180.0	183.0	384435	2025/01/22 
2025/02/03 	183.0	183.0	179.0	181.0	107795	2025/02/03 
2025/02/04 	181.0	184.0	180.5	184.0	89700	2025/02/04 
2025/02/05 	185.0	187.5	180.0	185.0	173082	2025/02/05 
2025/02/06 	187.5	196.0	187.0	192.0	618260	2025/02/06 
2025/02/07 	192.5	196.0	188.0	195.5	313605	2025/02/07 
2025/02/10 	193.0	217.0	193.0	209.0	722853	2025/02/10 
2025/02/11 	207.5	209.0	201.0	204.0	393576	2025/02/11 
2025/02/12 	205.0	205.0	196.0	202.5	328144	2025/02/12 
2025/02/13 	200.0	200.0	195.5	197.5	154279	2025/02/13 
2025/02/14 	199.0	201.0	198.0	200.0	52790	2025/02/14 
2025/02/17 	201.0	201.0	196.0	199.5	70903	2025/02/17 
2025/02/18 	199.5	205.0	195.5	202.0	110427	2025/02/18 
2025/02/19 	203.5	208.0	202.5	205.0	247653	2025/02/19 
2025/02/20 	205.0	205.5	201.5	202.0	70934	2025/02/20 
2025/02/21 	204.0	204.0	198.0	200.0	66452	2025/02/21 
2025/02/24 	199.0	200.0	191.0	194.5	136722	2025/02/24 
2025/02/25 	197.0	197.0	191.5	193.0	112256	2025/02/25 
2025/02/26 	192.0	196.0	190.5	196.0	55474	2025/02/26 
2025/02/27 	194.5	200.5	194.5	197.5	55721	2025/02/27 
2025/03/03 	198.0	198.0	190.0	192.5	83938	2025/03/03 
2025/03/04 	193.0	207.0	192.5	205.5	253448	2025/03/04 
2025/03/05 	206.5	208.0	202.0	205.5	187575	2025/03/05 
2025/03/06 	206.0	206.0	201.5	204.0	76593	2025/03/06 
2025/03/07 	204.0	204.0	198.0	200.0	95155	2025/03/07 
2025/03/10 	201.0	201.0	198.5	201.0	56018	2025/03/10 
2025/03/11 	201.5	209.0	196.0	208.0	305844	2025/03/11 
2025/03/12 	209.5	214.5	205.5	209.0	257355	2025/03/12 
2025/03/13 	211.0	212.0	205.0	208.0	105046	2025/03/13 
2025/03/14 	210.0	250.0	210.0	246.0	1639510	2025/03/14 
2025/03/17 	246.0	296.0	246.0	285.0	2116490	2025/03/17 
2025/03/18 	285.0	301.0	285.0	292.5	1223143	2025/03/18 
2025/03/19 	290.5	298.0	285.0	288.5	586779	2025/03/19 
2025/03/20 	288.5	293.5	286.5	289.5	461143	2025/03/20 
2025/03/21 	291.0	301.0	290.5	296.0	898185	2025/03/21 
2025/03/24 	297.5	313.0	296.0	304.0	1102036	2025/03/24 
2025/03/25 	305.0	310.0	300.5	307.5	267800	2025/03/25 
2025/03/26 	309.5	329.0	309.0	324.0	632237	2025/03/26 
2025/03/27 	320.0	324.5	308.5	315.0	744328	2025/03/27 
2025/03/28 	313.0	314.0	290.0	295.5	1112487	2025/03/28 
2025/03/31 	294.5	296.5	275.5	292.5	681263	2025/03/31 
2025/04/01 	290.0	317.5	290.0	307.5	469463	2025/04/01 
2025/04/02 	315.0	321.5	301.0	310.5	514524	2025/04/02 
2025/04/07 	308.0	308.0	226.0	231.0	1260731	2025/04/07 
2025/04/08 	233.0	265.5	229.0	265.0	1013837	2025/04/08 
2025/04/09 	267.0	273.5	221.5	227.5	1293030	2025/04/09 
2025/04/10 	231.0	297.5	231.0	288.5	828841	2025/04/10 
2025/04/11 	285.0	288.5	258.0	278.0	444072	2025/04/11 
2025/04/14 	280.0	284.0	266.0	272.0	468434	2025/04/14 
2025/04/15 	275.0	282.0	273.5	281.5	381817	2025/04/15 
2025/04/16 	281.0	291.0	275.0	281.5	522450	2025/04/16 
2025/04/17 	275.5	284.0	270.0	277.0	310398	2025/04/17 
2025/04/18 	275.5	280.0	271.5	276.0	203190	2025/04/18 
2025/04/21 	271.0	275.5	260.0	260.5	296358	2025/04/21 
2025/04/22 	263.5	263.5	255.0	256.0	266647	2025/04/22 
2025/04/23 	258.0	278.0	258.0	270.5	359239	2025/04/23 
2025/04/24 	270.0	274.0	264.0	266.0	221218	2025/04/24 
2025/04/25 	268.5	289.5	267.0	288.5	599423	2025/04/25 
2025/04/28 	289.0	307.0	284.0	303.0	785561	2025/04/28 
2025/04/29 	304.0	317.5	300.0	314.0	449606	2025/04/29 
2025/04/30 	314.5	314.5	299.0	304.0	417721	2025/04/30 
2025/05/02 	303.0	325.0	303.0	320.5	566637	2025/05/02 
2025/05/05 	324.5	324.5	301.0	308.5	410150	2025/05/05 
2025/05/06 	305.0	309.0	299.0	307.5	194651	2025/05/06 
2025/05/07 	304.0	308.5	299.0	305.0	318439	2025/05/07 
2025/05/08 	308.5	322.0	308.0	315.0	280165	2025/05/08 
2025/05/09 	319.5	320.5	302.5	316.0	208340	2025/05/09 
2025/05/12 	312.5	316.0	302.0	312.5	318722	2025/05/12 
2025/05/13 	315.0	319.0	306.5	311.0	176733	2025/05/13 
2025/05/14 	315.0	317.0	310.5	312.0	196852	2025/05/14 
2025/05/15 	314.5	314.5	308.0	311.0	105281	2025/05/15 
2025/05/16 	312.5	316.0	308.0	315.5	103563	2025/05/16 
2025/05/19 	315.5	320.0	311.5	314.0	135631	2025/05/19 
2025/05/20 	313.0	317.0	309.5	312.0	100822	2025/05/20 
2025/05/21 	312.5	314.5	310.5	312.0	43027	2025/05/21 
2025/05/22 	313.5	313.5	308.0	313.0	121503	2025/05/22 
2025/05/23 	318.5	324.0	311.0	317.0	216322	2025/05/23 
2025/05/26 	322.5	322.5	313.5	318.5	71301	2025/05/26 
2025/05/27 	318.5	318.5	312.0	317.0	73893	2025/05/27 
2025/05/28 	313.5	319.5	312.0	314.0	131903	2025/05/28 
2025/05/29 	316.0	316.0	300.0	314.5	173557	2025/05/29 
2025/06/02 	309.5	311.5	304.0	308.5	105137	2025/06/02 
2025/06/03 	309.5	314.0	305.5	310.0	57565	2025/06/03 
2025/06/04 	310.0	319.0	308.0	316.5	260291	2025/06/04 
2025/06/05 	313.0	320.5	313.0	316.0	175101	2025/06/05 
2025/06/06 	316.0	378.0	314.0	356.5	945391	2025/06/06 
2025/06/09 	359.5	386.0	356.0	378.0	751386	2025/06/09 
2025/06/10 	379.5	381.5	361.5	374.0	380609	2025/06/10 
2025/06/11 	369.5	385.0	359.0	380.5	435598	2025/06/11 
2025/06/12 	384.5	401.5	374.0	389.0	467972	2025/06/12 
2025/06/13 	390.5	394.5	382.5	388.0	197622	2025/06/13 
2025/06/16 	392.5	399.5	383.5	396.5	155648	2025/06/16 
2025/06/17 	400.0	411.5	398.5	408.5	287916	2025/06/17 
2025/06/18 	410.0	415.5	402.0	409.5	139680	2025/06/18 
2025/06/19 	410.0	411.5	401.5	411.5	161655	2025/06/19 
