Date	Open	High	Low	Close	Volume	Date
2021/11/05 	100.0	131.5	100.0	128.5	334242	2021/11/05 
2021/11/08 	125.0	130.5	124.0	124.5	82010	2021/11/08 
2021/11/09 	124.0	126.5	123.0	123.5	9240	2021/11/09 
2021/11/10 	123.5	124.0	123.0	124.0	14046	2021/11/10 
2021/11/11 	121.0	124.0	121.0	122.0	11665	2021/11/11 
2021/11/12 	123.5	125.0	123.5	125.0	11610	2021/11/12 
2021/11/15 	128.5	128.5	125.0	128.5	13030	2021/11/15 
2021/11/16 	130.5	130.5	128.5	130.5	11167	2021/11/16 
2021/11/17 	125.5	132.0	125.5	131.5	21726	2021/11/17 
2021/11/18 	138.0	155.0	137.0	155.0	155580	2021/11/18 
2021/11/19 	159.0	176.0	151.0	175.0	222185	2021/11/19 
2021/11/22 	172.0	180.5	149.0	154.5	168090	2021/11/22 
2021/11/23 	158.0	163.0	157.5	161.5	23915	2021/11/23 
2021/11/24 	161.5	162.0	161.0	161.5	15180	2021/11/24 
2021/11/25 	170.5	185.0	164.5	180.5	87654	2021/11/25 
2021/11/26 	175.0	181.5	164.0	169.0	46194	2021/11/26 
2021/11/29 	166.0	177.5	165.0	176.5	13355	2021/11/29 
2021/11/30 	173.0	179.0	171.0	173.5	11306	2021/11/30 
2021/12/01 	173.0	173.0	169.0	172.5	8050	2021/12/01 
2021/12/02 	169.5	169.5	168.0	169.0	6641	2021/12/02 
2021/12/03 	169.0	169.0	168.0	169.0	6000	2021/12/03 
2021/12/06 	173.5	173.5	167.0	170.5	258	2021/12/06 
2021/12/07 	170.5	174.5	167.0	168.5	16035	2021/12/07 
2021/12/08 	173.0	177.0	166.0	177.0	32953	2021/12/08 
2021/12/09 	174.0	180.0	174.0	180.0	30173	2021/12/09 
2021/12/10 	182.0	190.0	179.0	183.5	116844	2021/12/10 
2021/12/13 	176.0	178.0	157.5	164.5	74025	2021/12/13 
2021/12/14 	167.5	167.5	158.5	162.5	22644	2021/12/14 
2021/12/15 	162.0	164.0	161.5	162.5	10458	2021/12/15 
2021/12/16 	161.0	165.0	161.0	161.5	5205	2021/12/16 
2021/12/17 	157.5	160.0	156.5	160.0	17554	2021/12/17 
2021/12/20 	160.5	163.5	156.5	163.5	6193	2021/12/20 
2021/12/21 	163.0	163.0	157.5	162.5	613	2021/12/21 
2021/12/22 	163.0	163.0	160.0	160.0	5020	2021/12/22 
2021/12/23 	162.0	165.0	159.5	165.0	6110	2021/12/23 
2021/12/24 	165.5	165.5	165.5	165.5	1	2021/12/24 
2021/12/27 	165.5	165.5	160.5	164.5	3152	2021/12/27 
2021/12/28 	164.5	164.5	160.0	161.5	15482	2021/12/28 
2021/12/29 	161.5	161.5	159.0	160.0	13033	2021/12/29 
2021/12/30 	160.0	165.0	159.0	165.0	14625	2021/12/30 
2022/01/03 	162.0	171.0	162.0	165.0	14528	2022/01/03 
2022/01/04 	160.5	163.0	158.0	163.0	7201	2022/01/04 
2022/01/05 	159.5	162.5	158.5	162.5	5002	2022/01/05 
2022/01/06 	158.5	162.0	158.0	162.0	6272	2022/01/06 
2022/01/07 	158.5	162.0	158.0	158.5	3451	2022/01/07 
2022/01/10 	161.5	161.5	161.5	161.5	5	2022/01/10 
2022/01/11 	160.5	160.5	160.5	160.5	1000	2022/01/11 
2022/01/12 	160.5	160.5	157.5	157.5	7577	2022/01/12 
2022/01/13 	160.0	160.0	159.0	160.0	7805	2022/01/13 
2022/01/14 	160.0	160.0	160.0	160.0	4100	2022/01/14 
2022/01/17 	156.5	160.0	156.5	159.0	7005	2022/01/17 
2022/01/18 	155.0	160.0	155.0	160.0	1005	2022/01/18 
2022/01/19 	156.0	158.5	156.0	158.5	5131	2022/01/19 
2022/01/20 	158.5	158.5	158.5	158.5	5	2022/01/20 
2022/01/21 	155.5	159.0	155.5	159.0	1001	2022/01/21 
2022/01/24 	159.0	159.0	159.0	159.0	0	2022/01/24 
2022/01/25 	159.0	159.0	159.0	159.0	0	2022/01/25 
2022/01/26 	158.0	158.0	154.5	158.0	1114	2022/01/26 
2022/02/07 	158.0	158.0	158.0	158.0	0	2022/02/07 
2022/02/08 	158.0	158.0	158.0	158.0	0	2022/02/08 
2022/02/09 	158.0	158.0	158.0	158.0	0	2022/02/09 
2022/02/10 	158.0	158.0	158.0	158.0	1	2022/02/10 
2022/02/11 	158.0	158.0	157.0	157.0	3100	2022/02/11 
2022/02/14 	154.5	158.0	154.5	158.0	1001	2022/02/14 
2022/02/15 	154.5	155.0	154.5	155.0	4000	2022/02/15 
2022/02/16 	155.0	155.0	155.0	155.0	0	2022/02/16 
2022/02/17 	151.5	155.0	151.5	155.0	260	2022/02/17 
2022/02/18 	156.5	156.5	155.5	155.5	4000	2022/02/18 
2022/02/21 	157.0	157.0	156.0	156.0	2000	2022/02/21 
2022/02/22 	156.5	156.5	153.5	153.5	8040	2022/02/22 
2022/02/23 	154.0	154.0	154.0	154.0	1000	2022/02/23 
2022/02/24 	149.5	151.0	149.5	150.0	6000	2022/02/24 
2022/02/25 	149.5	150.0	148.0	149.5	9200	2022/02/25 
2022/03/01 	150.0	150.0	150.0	150.0	306	2022/03/01 
2022/03/02 	145.5	150.5	145.5	150.0	13400	2022/03/02 
2022/03/03 	150.0	150.0	150.0	150.0	0	2022/03/03 
2022/03/04 	148.5	150.0	145.0	150.0	4421	2022/03/04 
2022/03/07 	150.0	150.0	150.0	150.0	0	2022/03/07 
2022/03/08 	144.0	144.0	139.5	142.0	7044	2022/03/08 
2022/03/09 	141.0	141.0	136.5	137.5	23222	2022/03/09 
2022/03/10 	137.5	138.0	135.5	136.0	16400	2022/03/10 
2022/03/11 	135.5	136.5	132.0	132.5	9200	2022/03/11 
2022/03/14 	132.5	132.5	126.5	127.0	14850	2022/03/14 
2022/03/15 	127.5	127.5	125.5	125.5	7015	2022/03/15 
2022/03/16 	126.0	126.0	124.0	125.0	17137	2022/03/16 
2022/03/17 	125.5	125.5	125.0	125.0	3005	2022/03/17 
2022/03/18 	126.0	126.0	126.0	126.0	1030	2022/03/18 
2022/03/21 	126.0	126.0	126.0	126.0	0	2022/03/21 
2022/03/22 	130.5	142.5	130.5	142.5	22890	2022/03/22 
2022/03/23 	144.0	144.0	136.0	136.0	12796	2022/03/23 
2022/03/24 	137.5	144.0	137.5	140.0	2408	2022/03/24 
2022/03/25 	140.0	140.0	140.0	140.0	0	2022/03/25 
2022/03/28 	137.5	142.0	137.5	142.0	6050	2022/03/28 
2022/03/29 	144.0	151.5	144.0	151.0	33412	2022/03/29 
2022/03/30 	149.5	150.0	143.0	143.0	4954	2022/03/30 
2022/03/31 	140.0	140.0	133.0	135.0	14016	2022/03/31 
2022/04/01 	135.0	135.0	135.0	135.0	0	2022/04/01 
2022/04/06 	141.0	152.0	137.5	141.5	39033	2022/04/06 
2022/04/07 	141.0	143.5	137.5	138.0	42024	2022/04/07 
2022/04/08 	141.5	142.5	128.5	135.5	63110	2022/04/08 
2022/04/11 	135.5	140.0	125.5	130.5	60703	2022/04/11 
2022/04/12 	131.0	131.0	131.0	131.0	227	2022/04/12 
2022/04/13 	131.5	131.5	127.5	129.0	26104	2022/04/13 
2022/04/14 	133.0	140.5	133.0	134.5	14601	2022/04/14 
2022/04/15 	139.0	139.5	123.5	128.5	46881	2022/04/15 
2022/04/18 	131.5	131.5	130.0	131.0	6300	2022/04/18 
2022/04/19 	125.0	127.5	125.0	127.5	3110	2022/04/19 
2022/04/20 	122.5	125.5	122.5	125.0	21307	2022/04/20 
2022/04/21 	123.0	124.5	123.0	123.0	2810	2022/04/21 
2022/04/22 	126.5	126.5	125.0	125.5	2465	2022/04/22 
2022/04/25 	129.0	131.5	121.5	124.5	57960	2022/04/25 
2022/04/26 	125.0	133.0	125.0	128.5	62863	2022/04/26 
2022/04/27 	132.0	136.5	122.5	123.5	49603	2022/04/27 
2022/04/28 	131.0	132.0	123.5	127.5	49026	2022/04/28 
2022/04/29 	130.5	134.0	129.0	129.0	53101	2022/04/29 
2022/05/03 	128.0	128.0	123.0	123.5	39050	2022/05/03 
2022/05/04 	121.0	123.0	120.5	123.0	15101	2022/05/04 
2022/05/05 	125.5	125.5	120.0	123.5	5499	2022/05/05 
2022/05/06 	124.5	125.0	121.0	122.0	2526	2022/05/06 
2022/05/09 	125.0	125.0	119.0	121.0	13120	2022/05/09 
2022/05/10 	124.0	124.0	121.0	121.0	1161	2022/05/10 
2022/05/11 	124.5	124.5	124.5	124.5	51	2022/05/11 
2022/05/12 	124.5	124.5	124.5	124.5	0	2022/05/12 
2022/05/13 	124.5	124.5	124.0	124.0	4000	2022/05/13 
2022/05/16 	124.5	124.5	124.0	124.0	76	2022/05/16 
2022/05/17 	124.5	124.5	124.5	124.5	1	2022/05/17 
2022/05/18 	120.0	124.5	120.0	124.5	1001	2022/05/18 
2022/05/19 	124.5	124.5	120.0	120.0	1754	2022/05/19 
2022/05/20 	118.5	119.5	118.5	119.5	2011	2022/05/20 
2022/05/23 	119.5	119.5	119.5	119.5	0	2022/05/23 
2022/05/24 	119.5	119.5	119.5	119.5	0	2022/05/24 
2022/05/25 	120.5	120.5	120.5	120.5	115	2022/05/25 
2022/05/26 	117.0	118.0	116.5	117.0	7270	2022/05/26 
2022/05/27 	117.0	118.0	117.0	118.0	2001	2022/05/27 
2022/05/30 	118.0	118.0	118.0	118.0	0	2022/05/30 
2022/05/31 	120.0	120.5	120.0	120.5	7000	2022/05/31 
2022/06/01 	120.5	120.5	120.5	120.5	0	2022/06/01 
2022/06/02 	118.5	120.0	118.5	119.5	4010	2022/06/02 
2022/06/06 	117.5	117.5	117.5	117.5	600	2022/06/06 
2022/06/07 	118.0	118.5	118.0	118.0	5508	2022/06/07 
2022/06/08 	118.0	118.0	118.0	118.0	0	2022/06/08 
2022/06/09 	117.5	119.5	117.5	119.5	3226	2022/06/09 
2022/06/10 	118.0	119.0	118.0	119.0	2300	2022/06/10 
2022/06/13 	119.0	119.0	119.0	119.0	0	2022/06/13 
2022/06/14 	117.5	118.0	117.5	118.0	6200	2022/06/14 
2022/06/15 	113.5	114.0	113.5	114.0	2031	2022/06/15 
2022/06/16 	113.5	114.0	113.5	114.0	4000	2022/06/16 
2022/06/17 	116.5	117.5	116.0	116.5	9100	2022/06/17 
2022/06/20 	116.0	117.5	116.0	117.5	2300	2022/06/20 
2022/06/21 	117.0	117.0	112.0	112.0	250	2022/06/21 
2022/06/22 	117.5	117.5	117.5	117.5	1	2022/06/22 
2022/06/23 	117.5	117.5	117.5	117.5	0	2022/06/23 
2022/06/24 	116.5	117.0	116.5	117.0	3000	2022/06/24 
2022/06/27 	117.0	117.0	117.0	117.0	0	2022/06/27 
2022/06/28 	117.0	117.0	117.0	117.0	0	2022/06/28 
2022/06/29 	117.0	117.0	117.0	117.0	0	2022/06/29 
2022/06/30 	117.0	117.0	117.0	117.0	0	2022/06/30 
2022/07/01 	110.5	114.5	109.5	114.5	10261	2022/07/01 
2022/07/04 	114.5	114.5	114.5	114.5	5	2022/07/04 
2022/07/05 	114.5	114.5	114.5	114.5	0	2022/07/05 
2022/07/06 	114.5	114.5	114.5	114.5	0	2022/07/06 
2022/07/07 	114.5	114.5	114.0	114.0	3750	2022/07/07 
2022/07/08 	115.0	122.5	115.0	122.5	13128	2022/07/08 
2022/07/11 	122.5	122.5	116.5	119.0	3014	2022/07/11 
2022/07/12 	118.0	120.0	115.0	115.5	1509	2022/07/12 
2022/07/13 	120.0	120.0	120.0	120.0	280	2022/07/13 
2022/07/14 	120.0	120.0	120.0	120.0	5	2022/07/14 
2022/07/15 	120.0	122.0	120.0	120.0	4210	2022/07/15 
2022/07/18 	119.0	121.0	119.0	120.0	1000	2022/07/18 
2022/07/19 	119.5	120.0	119.5	119.5	3400	2022/07/19 
2022/07/20 	119.5	119.5	119.5	119.5	0	2022/07/20 
2022/07/21 	119.5	119.5	119.5	119.5	0	2022/07/21 
2022/07/22 	122.5	122.5	121.0	121.0	230	2022/07/22 
2022/07/25 	121.0	121.0	121.0	121.0	0	2022/07/25 
2022/07/26 	120.5	121.0	119.5	120.0	10030	2022/07/26 
2022/07/27 	120.0	120.0	120.0	120.0	0	2022/07/27 
2022/07/28 	122.5	125.5	122.0	125.0	25750	2022/07/28 
2022/07/29 	124.5	128.0	124.0	128.0	9351	2022/07/29 
2022/08/01 	128.0	128.0	128.0	128.0	0	2022/08/01 
2022/08/02 	124.5	127.5	124.0	125.0	4401	2022/08/02 
2022/08/03 	124.0	125.5	123.5	124.0	10001	2022/08/03 
2022/08/04 	123.5	124.5	123.5	124.0	9130	2022/08/04 
2022/08/05 	124.0	124.5	123.0	124.5	2001	2022/08/05 
2022/08/08 	124.5	124.5	124.5	124.5	0	2022/08/08 
2022/08/09 	122.0	122.0	118.0	122.0	5082	2022/08/09 
2022/08/10 	124.5	124.5	123.0	123.0	1101	2022/08/10 
2022/08/11 	121.5	122.0	121.5	122.0	4000	2022/08/11 
2022/08/12 	123.0	123.0	122.5	122.5	1750	2022/08/12 
2022/08/15 	122.5	122.5	122.5	122.5	0	2022/08/15 
2022/08/16 	122.5	122.5	122.5	122.5	0	2022/08/16 
2022/08/17 	121.5	122.5	121.5	122.5	4200	2022/08/17 
2022/08/18 	125.0	125.0	124.0	124.0	3000	2022/08/18 
2022/08/19 	124.0	124.0	124.0	124.0	0	2022/08/19 
2022/08/22 	124.5	124.5	124.5	124.5	550	2022/08/22 
2022/08/23 	124.5	124.5	124.5	124.5	0	2022/08/23 
2022/08/24 	124.5	124.5	124.5	124.5	0	2022/08/24 
2022/08/25 	124.5	124.5	124.5	124.5	0	2022/08/25 
2022/08/26 	124.5	125.0	124.0	124.5	9100	2022/08/26 
2022/08/29 	126.5	126.5	126.0	126.0	2000	2022/08/29 
2022/08/30 	126.0	126.0	125.5	125.5	6100	2022/08/30 
2022/08/31 	123.0	148.0	123.0	141.0	34180	2022/08/31 
2022/09/01 	135.5	140.0	135.5	139.0	11686	2022/09/01 
2022/09/02 	141.0	141.5	138.5	139.0	14600	2022/09/02 
2022/09/05 	137.5	143.5	137.0	143.0	55520	2022/09/05 
2022/09/06 	141.5	143.5	140.5	142.5	23100	2022/09/06 
2022/09/07 	140.0	158.5	140.0	153.0	37517	2022/09/07 
2022/09/08 	158.5	165.0	158.0	163.5	41637	2022/09/08 
2022/09/12 	169.0	169.0	160.5	163.0	30991	2022/09/12 
2022/09/13 	164.0	164.0	155.5	160.5	12773	2022/09/13 
2022/09/14 	160.5	165.0	160.5	162.5	14390	2022/09/14 
2022/09/15 	160.5	161.0	160.5	161.0	15210	2022/09/15 
2022/09/16 	156.0	161.0	156.0	161.0	31	2022/09/16 
2022/09/19 	161.0	161.0	161.0	161.0	0	2022/09/19 
2022/09/20 	161.0	161.0	161.0	161.0	0	2022/09/20 
2022/09/21 	161.0	161.0	161.0	161.0	0	2022/09/21 
2022/09/22 	161.0	161.0	161.0	161.0	0	2022/09/22 
2022/09/23 	154.0	154.5	154.0	154.5	4010	2022/09/23 
2022/09/26 	151.0	152.0	149.0	150.0	8770	2022/09/26 
2022/09/27 	150.5	165.0	150.0	161.0	53317	2022/09/27 
2022/09/28 	160.0	160.0	154.0	155.0	3766	2022/09/28 
2022/09/29 	155.0	155.0	155.0	155.0	0	2022/09/29 
2022/09/30 	150.0	150.0	149.5	149.5	120	2022/09/30 
2022/10/03 	149.5	149.5	149.5	149.5	0	2022/10/03 
2022/10/04 	149.5	149.5	149.5	149.5	0	2022/10/04 
2022/10/05 	156.0	157.0	156.0	156.5	1430	2022/10/05 
2022/10/06 	160.0	160.5	160.0	160.5	5060	2022/10/06 
2022/10/07 	160.5	169.0	160.5	167.0	87544	2022/10/07 
2022/10/11 	167.0	167.0	153.0	153.0	22283	2022/10/11 
2022/10/12 	151.5	152.0	148.0	151.0	14275	2022/10/12 
2022/10/13 	151.5	151.5	144.5	145.0	8265	2022/10/13 
2022/10/14 	141.0	143.5	141.0	143.5	5502	2022/10/14 
2022/10/17 	141.5	141.5	141.5	141.5	1000	2022/10/17 
2022/10/18 	142.0	149.0	142.0	149.0	8007	2022/10/18 
2022/10/19 	145.0	145.0	145.0	145.0	110	2022/10/19 
2022/10/20 	142.5	143.5	142.5	143.0	5500	2022/10/20 
2022/10/21 	143.0	143.0	143.0	143.0	0	2022/10/21 
2022/10/24 	142.5	142.5	142.0	142.0	3000	2022/10/24 
2022/10/25 	142.5	142.5	138.5	142.0	4400	2022/10/25 
2022/10/26 	142.0	142.0	142.0	142.0	0	2022/10/26 
2022/10/27 	143.5	143.5	142.5	142.5	8200	2022/10/27 
2022/10/28 	143.0	143.0	142.0	142.0	2029	2022/10/28 
2022/10/31 	143.5	144.0	143.5	144.0	3000	2022/10/31 
2022/11/01 	143.0	143.0	142.5	142.5	6100	2022/11/01 
2022/11/02 	142.0	143.0	141.5	142.5	4020	2022/11/02 
2022/11/03 	142.5	142.5	142.5	142.5	0	2022/11/03 
2022/11/04 	142.5	142.5	142.5	142.5	0	2022/11/04 
2022/11/07 	139.5	140.0	139.0	140.0	5000	2022/11/07 
2022/11/08 	140.5	140.5	140.0	140.5	4100	2022/11/08 
2022/11/09 	144.0	144.0	144.0	144.0	10	2022/11/09 
2022/11/10 	139.0	139.5	134.5	138.0	11620	2022/11/10 
2022/11/11 	140.5	141.0	136.0	141.0	18100	2022/11/11 
2022/11/14 	141.0	141.0	141.0	141.0	0	2022/11/14 
2022/11/15 	140.0	141.0	140.0	140.5	3500	2022/11/15 
2022/11/16 	140.5	140.5	140.5	140.5	0	2022/11/16 
2022/11/17 	140.5	140.5	140.0	140.0	4200	2022/11/17 
2022/11/18 	139.0	139.5	139.0	139.5	2000	2022/11/18 
2022/11/21 	139.5	139.5	139.5	139.5	0	2022/11/21 
2022/11/22 	139.5	140.0	139.5	140.0	1100	2022/11/22 
2022/11/23 	139.0	141.5	139.0	140.0	4800	2022/11/23 
2022/11/24 	140.0	140.0	140.0	140.0	0	2022/11/24 
2022/11/25 	139.5	140.0	138.5	139.0	11100	2022/11/25 
2022/11/28 	139.0	139.0	139.0	139.0	0	2022/11/28 
2022/11/29 	139.0	139.0	139.0	139.0	0	2022/11/29 
2022/11/30 	138.5	139.0	138.5	139.0	4510	2022/11/30 
2022/12/01 	144.5	144.5	141.5	141.5	16	2022/12/01 
2022/12/02 	138.5	139.0	138.5	139.0	6140	2022/12/02 
2022/12/05 	139.5	140.5	139.5	140.0	4620	2022/12/05 
2022/12/06 	138.5	139.0	138.5	138.5	5030	2022/12/06 
2022/12/07 	138.0	138.0	137.0	137.0	2620	2022/12/07 
2022/12/08 	140.0	140.0	140.0	140.0	10	2022/12/08 
2022/12/09 	140.0	140.0	140.0	140.0	0	2022/12/09 
2022/12/12 	140.0	140.0	140.0	140.0	1000	2022/12/12 
2022/12/13 	140.0	140.0	140.0	140.0	0	2022/12/13 
2022/12/14 	140.0	140.0	140.0	140.0	0	2022/12/14 
2022/12/15 	140.0	140.0	138.0	138.0	1150	2022/12/15 
2022/12/16 	137.5	138.0	136.0	136.5	12200	2022/12/16 
2022/12/19 	136.5	136.5	136.5	136.5	0	2022/12/19 
2022/12/20 	135.5	136.0	134.5	135.0	16034	2022/12/20 
2022/12/21 	135.0	135.0	135.0	135.0	0	2022/12/21 
2022/12/22 	134.5	139.0	134.5	139.0	51	2022/12/22 
2022/12/23 	134.5	136.5	134.5	136.0	12400	2022/12/23 
2022/12/26 	136.0	136.0	136.0	136.0	0	2022/12/26 
2022/12/27 	135.0	135.5	135.0	135.5	6000	2022/12/27 
2022/12/28 	135.5	135.5	135.5	135.5	0	2022/12/28 
2022/12/29 	135.5	135.5	135.5	135.5	0	2022/12/29 
2022/12/30 	135.5	135.5	135.5	135.5	0	2022/12/30 
2023/01/03 	135.5	135.5	135.5	135.5	0	2023/01/03 
2023/01/04 	135.5	135.5	135.5	135.5	0	2023/01/04 
2023/01/05 	132.0	132.5	130.5	131.5	8436	2023/01/05 
2023/01/06 	132.5	135.5	132.0	135.0	17000	2023/01/06 
2023/01/09 	135.5	135.5	133.0	133.0	6050	2023/01/09 
2023/01/10 	135.0	135.0	133.0	134.0	3200	2023/01/10 
2023/01/11 	134.0	134.0	134.0	134.0	0	2023/01/11 
2023/01/12 	135.5	135.5	135.5	135.5	10	2023/01/12 
2023/01/13 	135.5	135.5	135.5	135.5	0	2023/01/13 
2023/01/16 	135.5	135.5	135.5	135.5	0	2023/01/16 
2023/01/17 	134.0	134.0	134.0	134.0	100	2023/01/17 
2023/01/30 	130.5	131.0	126.0	128.0	7665	2023/01/30 
2023/01/31 	127.5	128.0	122.0	127.0	26470	2023/01/31 
2023/02/01 	127.0	127.0	127.0	127.0	0	2023/02/01 
2023/02/02 	124.5	125.5	124.0	124.5	3462	2023/02/02 
2023/02/03 	124.5	124.5	124.5	124.5	0	2023/02/03 
2023/02/06 	126.5	130.0	126.5	130.0	1030	2023/02/06 
2023/02/07 	127.0	134.5	126.5	134.5	14020	2023/02/07 
2023/02/08 	130.0	130.0	130.0	130.0	242	2023/02/08 
2023/02/09 	130.0	130.0	130.0	130.0	0	2023/02/09 
2023/02/10 	136.0	136.0	136.0	136.0	500	2023/02/10 
2023/02/13 	136.0	136.0	135.0	135.0	1757	2023/02/13 
2023/02/14 	131.5	131.5	131.5	131.5	100	2023/02/14 
2023/02/15 	133.5	135.0	133.0	135.0	5510	2023/02/15 
2023/02/16 	135.0	135.0	135.0	135.0	0	2023/02/16 
2023/02/17 	135.0	135.0	135.0	135.0	0	2023/02/17 
2023/02/20 	139.5	144.0	138.0	138.0	10203	2023/02/20 
2023/02/21 	138.0	138.0	138.0	138.0	0	2023/02/21 
2023/02/22 	138.0	138.5	137.5	138.0	13320	2023/02/22 
2023/02/23 	138.0	138.0	138.0	138.0	0	2023/02/23 
2023/02/24 	137.5	138.5	137.5	138.0	10000	2023/02/24 
2023/03/01 	135.5	136.0	135.5	136.0	1100	2023/03/01 
2023/03/02 	135.5	136.0	135.5	136.0	2000	2023/03/02 
2023/03/03 	137.5	140.5	137.0	140.0	12050	2023/03/03 
2023/03/06 	139.5	140.0	139.0	139.5	6200	2023/03/06 
2023/03/07 	138.5	140.0	138.0	140.0	4465	2023/03/07 
2023/03/08 	140.0	149.5	140.0	147.0	33709	2023/03/08 
2023/03/09 	151.5	156.5	150.0	153.5	46767	2023/03/09 
2023/03/10 	152.0	152.0	142.5	145.0	39579	2023/03/10 
2023/03/13 	146.0	146.0	138.5	142.0	16101	2023/03/13 
2023/03/14 	142.0	142.0	142.0	142.0	0	2023/03/14 
2023/03/15 	145.0	145.0	144.5	144.5	2002	2023/03/15 
2023/03/16 	145.5	146.0	145.5	146.0	1004	2023/03/16 
2023/03/17 	146.0	146.0	146.0	146.0	1	2023/03/17 
2023/03/20 	145.5	153.5	145.5	151.5	11119	2023/03/20 
2023/03/21 	154.0	155.5	149.0	155.0	111	2023/03/21 
2023/03/22 	153.0	153.0	139.0	140.0	35016	2023/03/22 
2023/03/23 	135.5	141.0	135.5	137.0	510	2023/03/23 
2023/03/24 	137.0	137.0	137.0	137.0	0	2023/03/24 
2023/03/27 	140.5	140.5	137.5	139.0	9004	2023/03/27 
2023/03/28 	139.5	139.5	138.5	139.0	2005	2023/03/28 
2023/03/29 	139.0	139.0	139.0	139.0	0	2023/03/29 
2023/03/30 	140.0	140.0	140.0	140.0	2000	2023/03/30 
2023/03/31 	140.0	140.0	140.0	140.0	0	2023/03/31 
2023/04/06 	137.5	138.0	137.5	138.0	2000	2023/04/06 
2023/04/07 	138.5	138.5	138.0	138.0	8000	2023/04/07 
2023/04/10 	139.0	140.0	138.5	139.5	10400	2023/04/10 
2023/04/11 	139.5	139.5	139.5	139.5	0	2023/04/11 
2023/04/12 	140.5	141.5	140.0	141.5	15805	2023/04/12 
2023/04/13 	146.0	146.5	143.0	143.0	10101	2023/04/13 
2023/04/14 	140.5	140.5	140.5	140.5	1547	2023/04/14 
2023/04/17 	140.5	140.5	140.5	140.5	0	2023/04/17 
2023/04/18 	139.5	140.0	139.0	140.0	5016	2023/04/18 
2023/04/19 	139.5	146.5	139.5	142.5	7164	2023/04/19 
2023/04/20 	141.5	141.5	137.5	141.5	64	2023/04/20 
2023/04/21 	141.5	144.0	141.5	144.0	48	2023/04/21 
2023/04/24 	143.5	143.5	142.5	142.5	107	2023/04/24 
2023/04/25 	142.5	142.5	138.5	140.5	525	2023/04/25 
2023/04/26 	135.0	140.5	135.0	140.5	1010	2023/04/26 
2023/04/27 	138.5	138.5	138.0	138.0	2120	2023/04/27 
2023/04/28 	141.5	141.5	141.5	141.5	10	2023/04/28 
2023/05/02 	138.5	138.5	137.5	137.5	116	2023/05/02 
2023/05/03 	137.5	137.5	137.0	137.5	5250	2023/05/03 
2023/05/04 	138.5	138.5	138.5	138.5	200	2023/05/04 
2023/05/05 	138.5	145.5	138.5	145.0	45010	2023/05/05 
2023/05/08 	146.0	151.0	145.5	150.5	44124	2023/05/08 
2023/05/09 	150.5	150.5	140.5	145.5	7015	2023/05/09 
2023/05/10 	147.5	147.5	147.0	147.0	11	2023/05/10 
2023/05/11 	140.0	140.0	126.0	128.5	120519	2023/05/11 
2023/05/12 	134.5	134.5	128.5	133.5	2620	2023/05/12 
2023/05/15 	133.5	133.5	133.5	133.5	0	2023/05/15 
2023/05/16 	131.0	131.0	128.0	130.0	3660	2023/05/16 
2023/05/17 	132.5	132.5	129.5	132.0	7020	2023/05/17 
2023/05/18 	130.0	133.0	129.5	131.5	11029	2023/05/18 
2023/05/19 	135.5	135.5	135.5	135.5	10	2023/05/19 
2023/05/22 	129.5	130.0	129.5	129.5	4008	2023/05/22 
2023/05/23 	128.5	130.5	128.0	130.5	1589	2023/05/23 
2023/05/24 	130.5	130.5	130.5	130.5	0	2023/05/24 
2023/05/25 	130.5	130.5	130.5	130.5	0	2023/05/25 
2023/05/26 	130.5	130.5	130.5	130.5	0	2023/05/26 
2023/05/29 	131.0	131.0	130.0	130.0	5000	2023/05/29 
2023/05/30 	129.5	130.0	129.5	130.0	2105	2023/05/30 
2023/05/31 	132.0	132.0	131.5	131.5	2000	2023/05/31 
2023/06/01 	131.5	131.5	131.5	131.5	0	2023/06/01 
2023/06/02 	134.5	135.0	134.5	135.0	6000	2023/06/02 
2023/06/05 	135.0	135.0	133.5	134.0	17001	2023/06/05 
2023/06/06 	134.0	134.0	134.0	134.0	0	2023/06/06 
2023/06/07 	132.5	134.5	132.0	134.5	3210	2023/06/07 
2023/06/08 	129.5	131.0	128.5	130.5	4840	2023/06/08 
2023/06/09 	133.5	135.5	132.0	132.0	9300	2023/06/09 
2023/06/12 	129.5	131.0	129.5	131.0	1140	2023/06/12 
2023/06/13 	131.0	131.0	131.0	131.0	0	2023/06/13 
2023/06/14 	131.5	131.5	131.5	131.5	10	2023/06/14 
2023/06/15 	131.5	131.5	131.0	131.5	2225	2023/06/15 
2023/06/16 	130.0	130.0	130.0	130.0	80	2023/06/16 
2023/06/19 	130.0	130.0	130.0	130.0	2000	2023/06/19 
2023/06/20 	130.5	131.0	130.0	131.0	5070	2023/06/20 
2023/06/21 	130.0	130.0	130.0	130.0	1000	2023/06/21 
2023/06/26 	131.5	131.5	129.0	130.0	8190	2023/06/26 
2023/06/27 	130.0	130.0	130.0	130.0	0	2023/06/27 
2023/06/28 	130.0	130.0	130.0	130.0	0	2023/06/28 
2023/06/29 	130.0	130.0	130.0	130.0	0	2023/06/29 
2023/06/30 	130.0	130.0	130.0	130.0	0	2023/06/30 
2023/07/03 	129.0	134.0	129.0	134.0	129	2023/07/03 
2023/07/04 	129.5	131.0	129.5	131.0	118	2023/07/04 
2023/07/05 	132.0	132.0	132.0	132.0	4	2023/07/05 
2023/07/06 	130.0	130.5	129.5	129.5	20060	2023/07/06 
2023/07/07 	129.5	130.5	129.5	130.0	10220	2023/07/07 
2023/07/10 	129.0	130.0	128.5	128.5	5360	2023/07/10 
2023/07/11 	129.5	130.0	129.0	130.0	11450	2023/07/11 
2023/07/12 	130.0	130.0	130.0	130.0	0	2023/07/12 
2023/07/13 	127.5	128.0	127.5	128.0	4000	2023/07/13 
2023/07/14 	127.5	128.0	127.5	128.0	3100	2023/07/14 
2023/07/17 	127.5	130.0	124.0	124.0	16540	2023/07/17 
2023/07/18 	127.5	127.5	124.5	124.5	6200	2023/07/18 
2023/07/19 	125.5	126.0	125.5	126.0	8000	2023/07/19 
2023/07/20 	126.0	126.0	124.0	124.0	4000	2023/07/20 
2023/07/21 	124.0	124.0	124.0	124.0	0	2023/07/21 
2023/07/24 	124.5	127.5	124.5	125.5	18010	2023/07/24 
2023/07/25 	128.5	128.5	128.5	128.5	10	2023/07/25 
2023/07/26 	128.0	128.0	125.5	126.5	7200	2023/07/26 
2023/07/27 	126.5	126.5	126.5	126.5	0	2023/07/27 
2023/07/28 	126.0	129.0	125.5	129.0	3010	2023/07/28 
2023/07/31 	126.0	126.0	124.5	126.0	13824	2023/07/31 
2023/08/01 	124.5	126.5	124.5	126.0	9000	2023/08/01 
2023/08/02 	124.5	125.0	124.5	124.5	4001	2023/08/02 
2023/08/04 	125.5	125.5	125.5	125.5	10	2023/08/04 
2023/08/07 	125.5	127.5	125.0	127.0	14000	2023/08/07 
2023/08/08 	127.0	127.0	127.0	127.0	0	2023/08/08 
2023/08/09 	127.0	127.0	127.0	127.0	0	2023/08/09 
2023/08/10 	121.0	121.5	121.0	121.5	8000	2023/08/10 
2023/08/11 	121.5	121.5	121.5	121.5	0	2023/08/11 
2023/08/14 	118.5	118.5	114.0	114.5	13350	2023/08/14 
2023/08/15 	115.0	120.5	115.0	120.5	2012	2023/08/15 
2023/08/16 	117.5	121.0	117.5	120.5	3032	2023/08/16 
2023/08/17 	122.5	122.5	122.0	122.0	4000	2023/08/17 
2023/08/18 	119.5	119.5	119.5	119.5	10	2023/08/18 
2023/08/21 	123.5	123.5	123.0	123.5	7000	2023/08/21 
2023/08/22 	127.5	127.5	127.0	127.0	6050	2023/08/22 
2023/08/23 	127.0	127.0	127.0	127.0	0	2023/08/23 
2023/08/24 	121.5	121.5	121.5	121.5	300	2023/08/24 
2023/08/25 	121.5	121.5	121.5	121.5	0	2023/08/25 
2023/08/28 	121.5	122.0	121.5	122.0	4500	2023/08/28 
2023/08/29 	120.0	120.0	120.0	120.0	300	2023/08/29 
2023/08/30 	120.0	120.5	119.5	120.0	13000	2023/08/30 
2023/08/31 	121.5	121.5	121.5	121.5	25	2023/08/31 
2023/09/01 	121.5	121.5	121.5	121.5	0	2023/09/01 
2023/09/04 	121.5	121.5	121.5	121.5	0	2023/09/04 
2023/09/05 	121.5	121.5	121.5	121.5	25	2023/09/05 
2023/09/06 	121.5	121.5	121.5	121.5	0	2023/09/06 
2023/09/07 	121.5	121.5	121.5	121.5	0	2023/09/07 
2023/09/08 	121.5	121.5	121.5	121.5	0	2023/09/08 
2023/09/11 	121.5	121.5	121.5	121.5	0	2023/09/11 
2023/09/12 	115.0	115.5	115.0	115.5	3001	2023/09/12 
2023/09/13 	116.5	123.5	116.0	123.5	8106	2023/09/13 
2023/09/14 	125.0	127.5	122.5	127.5	2002	2023/09/14 
2023/09/15 	125.5	125.5	118.5	122.5	7031	2023/09/15 
2023/09/18 	124.0	124.0	117.0	117.0	5027	2023/09/18 
2023/09/19 	117.0	117.0	117.0	117.0	0	2023/09/19 
2023/09/20 	117.0	118.0	117.0	118.0	9002	2023/09/20 
2023/09/21 	117.0	117.0	117.0	117.0	4026	2023/09/21 
2023/09/22 	116.0	117.0	116.0	116.5	9000	2023/09/22 
2023/09/25 	120.5	120.5	119.5	120.0	5101	2023/09/25 
2023/09/26 	114.5	116.0	114.5	116.0	9000	2023/09/26 
2023/09/27 	114.5	114.5	110.0	110.0	12505	2023/09/27 
2023/09/28 	112.5	112.5	112.0	112.0	3010	2023/09/28 
2023/10/02 	111.5	112.0	109.0	110.0	29001	2023/10/02 
2023/10/03 	109.5	109.5	109.0	109.0	8156	2023/10/03 
2023/10/04 	108.5	109.0	108.5	109.0	6000	2023/10/04 
2023/10/05 	109.5	109.5	108.0	109.5	3162	2023/10/05 
2023/10/06 	108.5	109.5	108.0	109.0	17100	2023/10/06 
2023/10/11 	108.5	108.5	107.5	108.5	6200	2023/10/11 
2023/10/12 	109.0	119.5	108.0	119.0	31634	2023/10/12 
2023/10/13 	115.0	115.5	115.0	115.5	2161	2023/10/13 
2023/10/16 	115.5	115.5	115.5	115.5	105	2023/10/16 
2023/10/17 	115.5	115.5	115.5	115.5	0	2023/10/17 
2023/10/18 	110.0	110.0	110.0	110.0	5	2023/10/18 
2023/10/19 	110.0	110.0	110.0	110.0	1	2023/10/19 
2023/10/20 	110.0	110.0	110.0	110.0	0	2023/10/20 
2023/10/23 	115.5	115.5	115.5	115.5	102	2023/10/23 
2023/10/24 	116.0	116.0	116.0	116.0	82	2023/10/24 
2023/10/25 	116.0	116.0	116.0	116.0	2	2023/10/25 
2023/10/26 	116.0	116.0	109.5	110.0	8501	2023/10/26 
2023/10/27 	107.5	108.0	106.5	107.0	19000	2023/10/27 
2023/10/30 	108.5	108.5	108.5	108.5	3	2023/10/30 
2023/10/31 	104.5	104.5	104.5	104.5	512	2023/10/31 
2023/11/01 	108.0	108.0	108.0	108.0	10	2023/11/01 
2023/11/02 	108.0	108.0	108.0	108.0	910	2023/11/02 
2023/11/03 	108.0	108.0	108.0	108.0	100	2023/11/03 
2023/11/06 	108.0	108.0	108.0	108.0	700	2023/11/06 
2023/11/07 	108.0	108.0	108.0	108.0	0	2023/11/07 
2023/11/08 	108.0	108.0	108.0	108.0	0	2023/11/08 
2023/11/09 	108.0	109.5	108.0	109.0	6300	2023/11/09 
2023/11/10 	109.0	109.5	109.0	109.5	4000	2023/11/10 
2023/11/13 	111.5	112.0	110.5	110.5	12220	2023/11/13 
2023/11/14 	107.0	111.0	107.0	110.5	5020	2023/11/14 
2023/11/15 	107.0	110.5	106.0	110.0	9963	2023/11/15 
2023/11/16 	110.5	110.5	110.0	110.0	8000	2023/11/16 
2023/11/17 	110.0	110.0	110.0	110.0	0	2023/11/17 
2023/11/20 	110.5	110.5	110.0	110.0	9050	2023/11/20 
2023/11/21 	109.5	110.0	108.5	110.0	6920	2023/11/21 
2023/11/22 	110.5	110.5	107.5	108.0	13905	2023/11/22 
2023/11/23 	107.0	108.5	106.5	108.0	8110	2023/11/23 
2023/11/24 	107.5	107.5	107.0	107.0	3050	2023/11/24 
2023/11/27 	106.0	108.0	106.0	107.5	10150	2023/11/27 
2023/11/28 	107.5	107.5	106.0	107.5	8010	2023/11/28 
2023/11/29 	109.0	109.5	109.0	109.0	6010	2023/11/29 
2023/11/30 	108.5	109.0	108.5	109.0	3000	2023/11/30 
2023/12/01 	109.0	109.5	109.0	109.5	5380	2023/12/01 
2023/12/04 	108.5	109.0	108.0	108.5	17750	2023/12/04 
2023/12/05 	108.5	108.5	108.5	108.5	0	2023/12/05 
2023/12/06 	107.5	108.5	107.5	108.5	7100	2023/12/06 
2023/12/07 	107.0	110.5	107.0	110.5	14030	2023/12/07 
2023/12/08 	110.5	110.5	108.0	110.0	10000	2023/12/08 
2023/12/11 	108.5	109.5	108.0	108.0	9000	2023/12/11 
2023/12/12 	107.5	108.0	107.0	107.5	10035	2023/12/12 
2023/12/13 	106.5	108.5	105.0	108.0	10000	2023/12/13 
2023/12/14 	107.5	109.0	107.5	108.0	14105	2023/12/14 
2023/12/15 	107.0	107.0	107.0	107.0	1050	2023/12/15 
2023/12/18 	106.0	108.0	106.0	107.5	5650	2023/12/18 
2023/12/19 	107.5	107.5	107.5	107.5	0	2023/12/19 
2023/12/20 	109.5	109.5	109.0	109.5	10008	2023/12/20 
2023/12/21 	109.0	109.5	109.0	109.5	3000	2023/12/21 
2023/12/22 	109.5	110.5	109.5	109.5	8100	2023/12/22 
2023/12/25 	113.0	113.5	111.0	111.0	23100	2023/12/25 
2023/12/26 	111.5	115.5	111.5	115.0	31700	2023/12/26 
2023/12/27 	115.0	120.5	114.0	116.0	40522	2023/12/27 
2023/12/28 	115.5	115.5	111.5	115.5	16003	2023/12/28 
2023/12/29 	117.0	117.0	112.0	112.5	4002	2023/12/29 
2024/01/02 	111.5	116.5	111.5	116.5	4	2024/01/02 
2024/01/03 	117.0	117.0	117.0	117.0	2	2024/01/03 
2024/01/04 	117.0	117.0	117.0	117.0	0	2024/01/04 
2024/01/05 	117.0	117.0	116.5	116.5	545	2024/01/05 
2024/01/08 	111.0	111.5	110.5	110.5	8500	2024/01/08 
2024/01/09 	110.0	111.5	110.0	110.0	3302	2024/01/09 
2024/01/10 	113.0	120.0	113.0	114.5	41038	2024/01/10 
2024/01/11 	113.0	114.0	113.0	113.5	9203	2024/01/11 
2024/01/12 	114.5	114.5	114.5	114.5	2	2024/01/12 
2024/01/15 	114.5	114.5	114.5	114.5	0	2024/01/15 
2024/01/16 	113.5	114.0	113.5	114.0	1200	2024/01/16 
2024/01/17 	113.5	115.0	113.5	114.0	33500	2024/01/17 
2024/01/18 	116.5	118.5	116.0	118.5	4074	2024/01/18 
2024/01/19 	113.5	118.0	111.5	114.5	18456	2024/01/19 
2024/01/22 	114.0	117.0	113.5	115.0	4311	2024/01/22 
2024/01/23 	113.5	114.5	113.0	114.0	23301	2024/01/23 
2024/01/24 	117.5	117.5	117.5	117.5	10	2024/01/24 
2024/01/25 	115.5	115.5	113.0	113.0	3480	2024/01/25 
2024/01/26 	113.0	115.5	113.0	115.5	24221	2024/01/26 
2024/01/29 	114.5	115.5	114.5	115.0	21431	2024/01/29 
2024/01/30 	115.5	116.0	115.0	115.5	38600	2024/01/30 
2024/01/31 	115.0	116.0	114.5	116.0	31710	2024/01/31 
2024/02/01 	116.0	116.0	114.5	115.0	34620	2024/02/01 
2024/02/02 	116.0	116.5	115.0	115.5	111450	2024/02/02 
2024/02/05 	116.5	125.0	116.5	121.5	188139	2024/02/05 
2024/02/15 	121.5	133.0	121.5	130.5	146072	2024/02/15 
2024/02/16 	129.5	132.0	129.5	130.0	120905	2024/02/16 
2024/02/19 	131.0	134.0	129.5	130.5	166957	2024/02/19 
2024/02/20 	129.5	130.0	128.5	129.5	57121	2024/02/20 
2024/02/21 	128.5	129.5	127.5	128.0	82451	2024/02/21 
2024/02/22 	128.5	128.5	126.5	127.5	26015	2024/02/22 
2024/02/23 	128.0	133.0	126.5	127.0	37352	2024/02/23 
2024/02/26 	126.5	133.5	126.5	129.0	48003	2024/02/26 
2024/02/27 	130.5	130.5	126.5	128.0	38602	2024/02/27 
2024/02/29 	127.5	130.5	126.5	127.5	30257	2024/02/29 
2024/03/01 	130.5	131.5	128.0	129.0	61936	2024/03/01 
2024/03/04 	129.5	130.0	127.0	129.5	95363	2024/03/04 
2024/03/05 	128.5	130.0	127.5	129.5	37113	2024/03/05 
2024/03/06 	130.0	130.0	128.5	129.5	15032	2024/03/06 
2024/03/07 	129.0	130.0	126.5	127.5	80802	2024/03/07 
2024/03/08 	126.0	126.5	119.5	123.0	117719	2024/03/08 
2024/03/11 	125.0	125.5	119.5	120.0	81754	2024/03/11 
2024/03/12 	119.0	120.5	118.5	119.5	41911	2024/03/12 
2024/03/13 	118.5	121.0	117.5	119.0	12809	2024/03/13 
2024/03/14 	119.5	122.5	117.0	122.0	16008	2024/03/14 
2024/03/15 	122.5	123.0	117.5	119.0	11958	2024/03/15 
2024/03/18 	122.5	122.5	117.0	120.5	3003	2024/03/18 
2024/03/19 	120.5	120.5	117.0	117.5	6502	2024/03/19 
2024/03/20 	117.0	119.0	115.5	117.0	71012	2024/03/20 
2024/03/21 	121.0	121.0	115.5	116.5	39603	2024/03/21 
2024/03/22 	118.5	119.0	115.5	116.0	42453	2024/03/22 
2024/03/25 	116.0	116.0	116.0	116.0	0	2024/03/25 
2024/03/26 	114.5	115.5	113.5	114.5	13274	2024/03/26 
2024/03/27 	114.5	115.5	113.0	115.5	9105	2024/03/27 
2024/03/28 	115.5	120.0	115.0	116.0	8706	2024/03/28 
2024/03/29 	116.5	116.5	109.5	110.0	102842	2024/03/29 
2024/04/01 	114.0	114.0	108.5	112.5	22812	2024/04/01 
2024/04/02 	111.5	111.5	109.0	110.0	8225	2024/04/02 
2024/04/03 	112.5	112.5	110.5	111.0	3002	2024/04/03 
2024/04/08 	110.5	111.5	110.0	111.5	1310	2024/04/08 
2024/04/09 	116.0	116.5	115.5	116.5	3060	2024/04/09 
2024/04/10 	116.0	116.0	111.0	116.0	1003	2024/04/10 
2024/04/11 	116.0	116.5	111.0	111.0	2064	2024/04/11 
2024/04/12 	116.0	116.0	111.5	116.0	17806	2024/04/12 
2024/04/15 	110.0	114.5	110.0	114.0	12004	2024/04/15 
2024/04/16 	115.0	115.0	109.5	112.0	42357	2024/04/16 
2024/04/17 	112.5	115.0	110.0	112.0	26308	2024/04/17 
2024/04/18 	112.5	112.5	111.5	112.5	2502	2024/04/18 
2024/04/19 	112.5	112.5	107.5	111.0	43010	2024/04/19 
2024/04/22 	112.5	112.5	106.5	110.5	12661	2024/04/22 
2024/04/23 	110.5	112.0	105.5	110.5	32418	2024/04/23 
2024/04/24 	112.0	112.0	106.5	110.5	10283	2024/04/24 
2024/04/25 	111.5	111.5	106.5	111.5	14011	2024/04/25 
2024/04/26 	111.5	111.5	107.5	110.0	2190	2024/04/26 
2024/04/29 	111.0	111.5	107.0	110.0	21205	2024/04/29 
2024/04/30 	109.0	114.0	107.0	114.0	12006	2024/04/30 
2024/05/02 	113.5	113.5	110.0	113.5	2003	2024/05/02 
2024/05/03 	113.0	113.5	112.0	113.5	3252	2024/05/03 
2024/05/06 	114.5	114.5	110.5	113.5	4018	2024/05/06 
2024/05/07 	114.0	114.0	108.5	109.5	22608	2024/05/07 
2024/05/08 	114.0	114.0	108.5	108.5	15559	2024/05/08 
2024/05/09 	113.5	114.5	109.5	113.5	104	2024/05/09 
2024/05/10 	113.0	113.0	107.5	112.0	29711	2024/05/10 
2024/05/13 	112.0	116.0	108.0	111.5	21308	2024/05/13 
2024/05/14 	111.5	111.5	110.5	110.5	11	2024/05/14 
2024/05/15 	112.5	113.0	109.0	113.0	10047	2024/05/15 
2024/05/16 	113.0	118.5	112.5	113.5	31836	2024/05/16 
2024/05/17 	115.0	115.0	113.5	113.5	21	2024/05/17 
2024/05/20 	114.0	114.5	112.0	114.5	2113	2024/05/20 
2024/05/21 	116.5	116.5	111.0	112.5	59706	2024/05/21 
2024/05/22 	110.5	112.0	110.0	110.5	8105	2024/05/22 
2024/05/23 	109.5	114.5	107.5	109.0	33346	2024/05/23 
2024/05/24 	112.0	112.5	108.5	109.0	70517	2024/05/24 
2024/05/27 	110.0	122.5	109.5	114.0	82346	2024/05/27 
2024/05/28 	114.0	116.0	112.0	116.0	18524	2024/05/28 
2024/05/29 	116.0	116.0	110.5	113.0	6658	2024/05/29 
2024/05/30 	113.0	115.0	110.5	112.0	12367	2024/05/30 
2024/05/31 	112.0	112.0	109.5	110.5	28543	2024/05/31 
2024/06/03 	111.5	111.5	107.5	110.5	2043	2024/06/03 
2024/06/04 	110.0	112.0	108.5	112.0	11017	2024/06/04 
2024/06/05 	108.5	109.5	107.0	108.0	37889	2024/06/05 
2024/06/06 	109.0	109.0	107.0	108.5	3113	2024/06/06 
2024/06/07 	108.5	111.5	108.0	108.0	12003	2024/06/07 
2024/06/11 	112.0	112.0	112.0	112.0	1	2024/06/11 
2024/06/12 	112.0	112.0	112.0	112.0	0	2024/06/12 
2024/06/13 	107.5	111.0	106.0	108.5	18542	2024/06/13 
2024/06/14 	108.5	112.5	108.0	110.5	16102	2024/06/14 
2024/06/17 	109.5	112.5	109.0	112.0	13103	2024/06/17 
2024/06/18 	113.0	115.5	111.0	113.0	14508	2024/06/18 
2024/06/19 	112.5	112.5	109.5	111.5	5202	2024/06/19 
2024/06/20 	113.0	113.0	108.5	112.0	15308	2024/06/20 
2024/06/21 	112.5	112.5	110.0	110.5	1017	2024/06/21 
2024/06/24 	113.0	113.0	105.0	109.5	32068	2024/06/24 
2024/06/25 	111.5	111.5	106.0	108.5	19017	2024/06/25 
2024/06/26 	108.5	111.5	107.5	108.5	20108	2024/06/26 
2024/06/27 	111.5	112.0	109.0	112.0	8005	2024/06/27 
2024/06/28 	111.5	112.5	109.5	110.0	14210	2024/06/28 
2024/07/01 	112.0	112.0	109.0	111.5	8311	2024/07/01 
2024/07/02 	112.0	112.0	107.5	109.0	21206	2024/07/02 
2024/07/03 	109.0	109.0	107.0	108.5	27208	2024/07/03 
2024/07/04 	108.5	110.5	107.0	109.5	5206	2024/07/04 
2024/07/05 	109.5	109.5	107.0	108.5	36486	2024/07/05 
2024/07/08 	110.0	111.0	107.0	110.0	31008	2024/07/08 
2024/07/09 	110.0	110.0	107.0	109.5	3003	2024/07/09 
2024/07/10 	109.5	109.5	107.0	109.0	10006	2024/07/10 
2024/07/11 	110.0	110.0	107.0	108.0	15708	2024/07/11 
2024/07/12 	110.0	110.0	107.5	108.5	4005	2024/07/12 
2024/07/15 	110.0	110.0	106.0	108.5	48715	2024/07/15 
2024/07/16 	110.5	110.5	105.5	106.5	25125	2024/07/16 
2024/07/17 	107.5	111.5	107.5	111.5	48985	2024/07/17 
2024/07/18 	111.5	111.5	108.0	110.0	33680	2024/07/18 
2024/07/19 	111.5	111.5	109.0	110.0	7139	2024/07/19 
2024/07/22 	112.0	112.0	107.0	107.5	15752	2024/07/22 
2024/07/23 	109.0	109.0	106.0	106.5	21077	2024/07/23 
2024/07/26 	107.5	108.0	105.0	106.5	24878	2024/07/26 
2024/07/29 	109.5	109.5	104.5	106.5	42465	2024/07/29 
2024/07/30 	106.0	106.0	104.5	105.0	28831	2024/07/30 
2024/07/31 	104.0	104.5	101.0	102.0	39799	2024/07/31 
2024/08/01 	102.0	105.5	101.0	105.0	43075	2024/08/01 
2024/08/02 	104.0	104.0	100.0	100.0	27053	2024/08/02 
2024/08/05 	102.5	102.5	92.0	96.5999984741211	24141	2024/08/05 
2024/08/06 	96.19999694824219	96.19999694824219	89.0	92.5	35836	2024/08/06 
2024/08/07 	92.5	96.9000015258789	88.9000015258789	96.9000015258789	31019	2024/08/07 
2024/08/08 	97.0	97.0	96.5999984741211	96.5999984741211	1016	2024/08/08 
2024/08/09 	96.5	96.5	94.0	96.4000015258789	4111	2024/08/09 
2024/08/12 	96.4000015258789	96.4000015258789	92.0999984741211	96.30000305175781	3114	2024/08/12 
2024/08/13 	95.69999694824219	95.9000015258789	93.0	95.9000015258789	3402	2024/08/13 
2024/08/14 	96.0	96.30000305175781	91.5	95.80000305175781	44722	2024/08/14 
2024/08/15 	95.5999984741211	96.0	91.30000305175781	92.0	46577	2024/08/15 
2024/08/16 	92.0	92.69999694824219	90.0	91.30000305175781	41005	2024/08/16 
2024/08/19 	94.69999694824219	94.69999694824219	91.5	93.0	5033	2024/08/19 
2024/08/20 	93.0	93.0	89.9000015258789	91.30000305175781	20263	2024/08/20 
2024/08/21 	91.30000305175781	91.30000305175781	89.69999694824219	90.5999984741211	14505	2024/08/21 
2024/08/22 	90.5999984741211	90.5999984741211	89.80000305175781	90.0	26055	2024/08/22 
2024/08/23 	89.80000305175781	93.9000015258789	88.0999984741211	93.9000015258789	25114	2024/08/23 
2024/08/26 	89.5	92.30000305175781	88.30000305175781	90.19999694824219	28205	2024/08/26 
2024/08/27 	90.30000305175781	90.5999984741211	90.0	90.30000305175781	32104	2024/08/27 
2024/08/28 	89.69999694824219	90.19999694824219	88.80000305175781	90.0999984741211	21691	2024/08/28 
2024/08/29 	90.30000305175781	94.0999984741211	89.80000305175781	89.80000305175781	25755	2024/08/29 
2024/08/30 	90.30000305175781	94.19999694824219	89.69999694824219	90.0	58908	2024/08/30 
2024/09/02 	94.19999694824219	94.19999694824219	88.69999694824219	90.0	32014	2024/09/02 
2024/09/03 	89.69999694824219	90.19999694824219	88.5	90.0	29202	2024/09/03 
2024/09/04 	90.0	90.0	89.5	90.0	9003	2024/09/04 
2024/09/05 	90.0	94.4000015258789	89.69999694824219	90.0	17014	2024/09/05 
2024/09/06 	94.4000015258789	94.4000015258789	89.5999984741211	90.0	29403	2024/09/06 
2024/09/09 	90.30000305175781	90.30000305175781	85.9000015258789	90.19999694824219	12003	2024/09/09 
2024/09/10 	90.19999694824219	90.19999694824219	89.19999694824219	89.19999694824219	15003	2024/09/10 
2024/09/11 	90.19999694824219	90.19999694824219	86.0999984741211	89.19999694824219	24271	2024/09/11 
2024/09/12 	89.5	89.5	88.80000305175781	89.4000015258789	22472	2024/09/12 
2024/09/13 	89.5	89.5	88.69999694824219	89.0999984741211	7003	2024/09/13 
2024/09/16 	91.0999984741211	91.0999984741211	87.69999694824219	88.9000015258789	18525	2024/09/16 
2024/09/18 	88.19999694824219	92.69999694824219	87.5999984741211	87.9000015258789	74020	2024/09/18 
2024/09/19 	91.0	91.0	86.9000015258789	87.0	5498	2024/09/19 
2024/09/20 	88.0	88.0	86.80000305175781	87.4000015258789	16004	2024/09/20 
2024/09/23 	89.0	89.0	86.5	86.80000305175781	62502	2024/09/23 
2024/09/24 	87.0	87.0999984741211	86.4000015258789	86.80000305175781	11117	2024/09/24 
2024/09/25 	89.9000015258789	89.9000015258789	86.9000015258789	87.5999984741211	30001	2024/09/25 
2024/09/26 	91.19999694824219	91.19999694824219	87.0	87.0	10322	2024/09/26 
2024/09/27 	90.0	90.0	87.80000305175781	88.5999984741211	22503	2024/09/27 
2024/09/30 	90.0999984741211	90.69999694824219	86.9000015258789	88.5	11004	2024/09/30 
2024/10/01 	90.0	90.0	87.5999984741211	88.19999694824219	11234	2024/10/01 
2024/10/04 	87.9000015258789	87.9000015258789	86.0999984741211	87.30000305175781	32423	2024/10/04 
2024/10/07 	86.69999694824219	87.0	86.19999694824219	86.80000305175781	32171	2024/10/07 
2024/10/08 	87.0	87.0	86.19999694824219	86.5	32451	2024/10/08 
2024/10/09 	86.30000305175781	86.5999984741211	85.5999984741211	86.0	67214	2024/10/09 
2024/10/11 	86.0999984741211	86.19999694824219	85.9000015258789	85.9000015258789	2065	2024/10/11 
2024/10/14 	89.80000305175781	90.69999694824219	86.0999984741211	90.0999984741211	29733	2024/10/14 
2024/10/15 	90.30000305175781	90.30000305175781	86.69999694824219	88.0	20569	2024/10/15 
2024/10/16 	87.69999694824219	88.30000305175781	85.80000305175781	87.0	22666	2024/10/16 
2024/10/17 	87.80000305175781	87.80000305175781	86.69999694824219	87.19999694824219	18204	2024/10/17 
2024/10/18 	87.19999694824219	87.19999694824219	85.9000015258789	86.5	14402	2024/10/18 
2024/10/21 	86.0999984741211	86.4000015258789	85.5999984741211	86.0	24302	2024/10/21 
2024/10/22 	89.5999984741211	89.5999984741211	85.4000015258789	86.0999984741211	18572	2024/10/22 
2024/10/23 	86.0999984741211	86.0999984741211	85.0	85.30000305175781	32352	2024/10/23 
2024/10/24 	85.5	85.5	84.69999694824219	85.30000305175781	19715	2024/10/24 
2024/10/25 	85.30000305175781	85.4000015258789	84.9000015258789	84.9000015258789	14210	2024/10/25 
2024/10/28 	84.5999984741211	84.69999694824219	84.0	84.0	51248	2024/10/28 
2024/10/29 	84.30000305175781	84.30000305175781	83.5	83.69999694824219	38201	2024/10/29 
2024/10/30 	83.19999694824219	83.69999694824219	83.0999984741211	83.19999694824219	18900	2024/10/30 
2024/11/01 	83.0999984741211	83.5	83.0999984741211	83.5	26323	2024/11/01 
2024/11/04 	83.4000015258789	83.69999694824219	83.0	83.30000305175781	50470	2024/11/04 
2024/11/05 	83.0	83.5	82.9000015258789	82.9000015258789	18000	2024/11/05 
2024/11/06 	83.0	83.30000305175781	82.9000015258789	83.0	19010	2024/11/06 
2024/11/07 	83.19999694824219	83.4000015258789	83.0	83.0	20002	2024/11/07 
2024/11/08 	82.9000015258789	83.5999984741211	82.69999694824219	82.80000305175781	58031	2024/11/08 
2024/11/11 	83.4000015258789	95.30000305175781	83.4000015258789	94.19999694824219	39978	2024/11/11 
2024/11/12 	94.30000305175781	94.30000305175781	90.19999694824219	92.30000305175781	20404	2024/11/12 
2024/11/13 	92.30000305175781	92.5	91.19999694824219	92.19999694824219	21504	2024/11/13 
2024/11/14 	92.19999694824219	92.19999694824219	92.19999694824219	92.19999694824219	100	2024/11/14 
2024/11/15 	92.19999694824219	92.19999694824219	92.19999694824219	92.19999694824219	0	2024/11/15 
2024/11/18 	92.19999694824219	95.5999984741211	88.19999694824219	88.19999694824219	17022	2024/11/18 
2024/11/19 	91.9000015258789	91.9000015258789	91.9000015258789	91.9000015258789	1000	2024/11/19 
2024/11/20 	91.9000015258789	92.0	88.0	91.0	13116	2024/11/20 
2024/11/21 	92.0	92.0	90.19999694824219	91.30000305175781	5002	2024/11/21 
2024/11/22 	90.5999984741211	91.5	90.30000305175781	91.5	10001	2024/11/22 
2024/11/25 	91.30000305175781	94.69999694824219	90.9000015258789	93.0	39104	2024/11/25 
2024/11/26 	94.4000015258789	108.0	94.0999984741211	104.5	154559	2024/11/26 
2024/11/27 	105.5	106.0	102.0	104.5	12155	2024/11/27 
2024/11/28 	106.0	106.0	102.5	104.5	60725	2024/11/28 
2024/11/29 	105.5	106.5	103.0	105.5	16509	2024/11/29 
2024/12/02 	105.5	106.0	103.5	105.0	22806	2024/12/02 
2024/12/03 	105.5	105.5	103.5	105.5	24003	2024/12/03 
2024/12/04 	105.5	105.5	102.0	104.5	7902	2024/12/04 
2024/12/05 	105.5	110.0	105.5	108.5	43487	2024/12/05 
2024/12/06 	110.5	110.5	106.0	109.5	11132	2024/12/06 
2024/12/09 	109.5	109.5	105.0	108.0	29951	2024/12/09 
2024/12/10 	107.0	107.5	106.0	107.5	13653	2024/12/10 
2024/12/11 	107.5	109.5	107.0	108.5	32139	2024/12/11 
2024/12/12 	109.0	109.0	102.5	102.5	34605	2024/12/12 
2024/12/13 	104.5	105.0	103.5	105.0	14053	2024/12/13 
2024/12/16 	105.0	107.0	102.0	105.0	19004	2024/12/16 
2024/12/17 	105.0	105.0	102.5	103.0	23103	2024/12/17 
2024/12/18 	105.0	105.0	102.5	103.5	5002	2024/12/18 
2024/12/19 	104.0	104.0	100.0	101.5	7002	2024/12/19 
2024/12/20 	104.5	104.5	99.9000015258789	101.0	4002	2024/12/20 
2024/12/23 	104.5	104.5	101.0	103.0	12003	2024/12/23 
2024/12/24 	101.0	101.5	100.5	100.5	30233	2024/12/24 
2024/12/25 	100.5	101.0	100.0	100.5	7001	2024/12/25 
2024/12/26 	101.0	101.0	101.0	101.0	1	2024/12/26 
2024/12/27 	101.0	101.0	101.0	101.0	1000	2024/12/27 
2024/12/30 	101.0	101.0	100.0	100.0	5310	2024/12/30 
2024/12/31 	101.0	101.0	99.69999694824219	100.5	13012	2024/12/31 
2025/01/02 	95.9000015258789	100.5	95.9000015258789	100.5	7003	2025/01/02 
2025/01/03 	100.5	100.5	99.19999694824219	100.0	29242	2025/01/03 
2025/01/06 	100.5	101.5	100.0	100.0	27102	2025/01/06 
2025/01/07 	101.0	101.0	100.0	101.0	8301	2025/01/07 
2025/01/08 	100.5	104.5	100.5	103.5	6712	2025/01/08 
2025/01/09 	104.5	104.5	100.5	102.0	14002	2025/01/09 
2025/01/10 	100.0	104.0	100.0	102.5	31127	2025/01/10 
2025/01/13 	104.5	104.5	102.0	102.5	18532	2025/01/13 
2025/01/14 	99.69999694824219	101.0	99.69999694824219	100.5	11051	2025/01/14 
2025/01/15 	100.5	100.5	97.69999694824219	100.5	14151	2025/01/15 
2025/01/16 	100.0	103.5	99.5	100.5	29203	2025/01/16 
2025/01/17 	100.5	101.0	99.0999984741211	100.5	12153	2025/01/17 
2025/01/20 	100.0	100.0	95.5999984741211	99.30000305175781	3252	2025/01/20 
2025/01/21 	100.0	100.0	96.69999694824219	99.9000015258789	5023	2025/01/21 
2025/01/22 	100.0	100.0	98.9000015258789	99.69999694824219	16032	2025/01/22 
2025/02/03 	99.80000305175781	99.80000305175781	96.30000305175781	97.0	4756	2025/02/03 
2025/02/04 	100.0	100.0	95.30000305175781	99.5999984741211	4412	2025/02/04 
2025/02/05 	99.80000305175781	100.0	94.80000305175781	100.0	23107	2025/02/05 
2025/02/06 	100.0	100.0	100.0	100.0	8	2025/02/06 
2025/02/07 	100.0	100.0	100.0	100.0	1	2025/02/07 
2025/02/10 	100.0	100.0	100.0	100.0	167	2025/02/10 
2025/02/11 	100.0	100.0	100.0	100.0	0	2025/02/11 
2025/02/12 	100.0	101.5	99.5	100.0	21104	2025/02/12 
2025/02/13 	100.5	100.5	100.5	100.5	15	2025/02/13 
2025/02/14 	100.0	100.5	98.0	100.5	2020	2025/02/14 
2025/02/17 	100.5	100.5	100.0	100.0	11	2025/02/17 
2025/02/18 	99.9000015258789	100.5	98.5	100.0	19024	2025/02/18 
2025/02/19 	100.5	100.5	96.9000015258789	100.0	13244	2025/02/19 
2025/02/20 	100.0	100.0	99.9000015258789	99.9000015258789	79	2025/02/20 
2025/02/21 	100.0	100.0	96.80000305175781	99.9000015258789	12422	2025/02/21 
2025/02/24 	100.0	100.0	98.5	99.9000015258789	28602	2025/02/24 
2025/02/25 	100.0	100.0	98.19999694824219	99.5	23003	2025/02/25 
2025/02/26 	99.5999984741211	99.9000015258789	95.69999694824219	99.69999694824219	10481	2025/02/26 
2025/02/27 	99.30000305175781	99.69999694824219	99.19999694824219	99.69999694824219	17002	2025/02/27 
2025/03/03 	99.69999694824219	100.5	99.69999694824219	100.5	24057	2025/03/03 
2025/03/04 	96.19999694824219	101.0	96.19999694824219	100.5	6611	2025/03/04 
2025/03/05 	100.5	100.5	99.30000305175781	99.69999694824219	5022	2025/03/05 
2025/03/06 	100.5	100.5	99.69999694824219	100.0	1108	2025/03/06 
2025/03/07 	100.0	100.0	100.0	100.0	104	2025/03/07 
2025/03/10 	100.5	102.0	96.80000305175781	101.5	12611	2025/03/10 
2025/03/11 	101.5	103.0	100.5	102.0	35126	2025/03/11 
2025/03/12 	99.69999694824219	100.5	99.0	100.5	7501	2025/03/12 
2025/03/13 	100.5	100.5	96.69999694824219	99.0999984741211	16103	2025/03/13 
2025/03/14 	100.5	100.5	97.69999694824219	99.69999694824219	21094	2025/03/14 
2025/03/17 	99.69999694824219	99.69999694824219	96.69999694824219	98.0	38267	2025/03/17 
2025/03/18 	100.0	100.0	97.0	98.30000305175781	7004	2025/03/18 
2025/03/19 	100.5	100.5	98.0	100.0	9254	2025/03/19 
2025/03/20 	100.5	100.5	98.69999694824219	99.19999694824219	15222	2025/03/20 
2025/03/21 	100.5	101.0	98.69999694824219	101.0	18003	2025/03/21 
2025/03/24 	100.5	101.5	98.0999984741211	101.5	23005	2025/03/24 
2025/03/25 	100.0	100.0	98.19999694824219	99.30000305175781	15104	2025/03/25 
2025/03/26 	99.30000305175781	100.5	98.0	100.0	9054	2025/03/26 
2025/03/27 	101.0	101.0	97.80000305175781	99.69999694824219	3003	2025/03/27 
2025/03/28 	100.5	100.5	97.5999984741211	100.5	2002	2025/03/28 
2025/03/31 	100.0	100.0	96.69999694824219	96.69999694824219	31216	2025/03/31 
2025/04/01 	99.0	99.0	97.0	99.0	3052	2025/04/01 
2025/04/02 	99.19999694824219	99.19999694824219	99.19999694824219	99.19999694824219	1	2025/04/02 
2025/04/07 	90.0999984741211	99.0	80.69999694824219	85.9000015258789	55639	2025/04/07 
2025/04/08 	87.0	87.0	81.80000305175781	85.5	15131	2025/04/08 
2025/04/09 	82.69999694824219	82.69999694824219	70.0999984741211	74.0	105142	2025/04/09 
2025/04/10 	76.80000305175781	83.9000015258789	76.80000305175781	83.5	27546	2025/04/10 
2025/04/11 	83.5	83.5	80.30000305175781	82.80000305175781	18007	2025/04/11 
2025/04/14 	80.19999694824219	84.30000305175781	80.19999694824219	83.80000305175781	4011	2025/04/14 
2025/04/15 	83.30000305175781	84.4000015258789	80.30000305175781	82.4000015258789	17015	2025/04/15 
2025/04/16 	84.4000015258789	84.9000015258789	80.69999694824219	82.5999984741211	9036	2025/04/16 
2025/04/17 	82.5999984741211	82.5999984741211	80.19999694824219	81.4000015258789	17008	2025/04/17 
2025/04/18 	82.80000305175781	82.80000305175781	80.19999694824219	81.80000305175781	18005	2025/04/18 
2025/04/21 	81.9000015258789	81.9000015258789	76.5999984741211	80.4000015258789	16016	2025/04/21 
2025/04/22 	80.30000305175781	80.30000305175781	75.9000015258789	79.5999984741211	7004	2025/04/22 
2025/04/23 	79.30000305175781	79.5	78.0999984741211	78.5	23005	2025/04/23 
2025/04/24 	79.69999694824219	79.69999694824219	75.69999694824219	78.0999984741211	55117	2025/04/24 
2025/04/25 	79.5999984741211	81.69999694824219	78.5	81.69999694824219	16002	2025/04/25 
2025/04/28 	78.80000305175781	78.80000305175781	76.19999694824219	77.69999694824219	13007	2025/04/28 
2025/04/29 	77.0	80.19999694824219	77.0	78.30000305175781	12010	2025/04/29 
2025/04/30 	80.30000305175781	80.30000305175781	77.30000305175781	78.30000305175781	34039	2025/04/30 
2025/05/02 	80.19999694824219	80.19999694824219	79.80000305175781	79.80000305175781	1003	2025/05/02 
2025/05/05 	79.80000305175781	80.0	79.0	80.0	116003	2025/05/05 
2025/05/06 	81.5	81.5	81.5	81.5	2	2025/05/06 
2025/05/07 	81.4000015258789	81.4000015258789	78.19999694824219	81.4000015258789	13	2025/05/07 
2025/05/08 	81.4000015258789	82.19999694824219	78.30000305175781	81.69999694824219	15027	2025/05/08 
2025/05/09 	81.80000305175781	86.0999984741211	81.5999984741211	86.0	31011	2025/05/09 
2025/05/12 	86.0999984741211	90.69999694824219	85.0	90.5	23470	2025/05/12 
2025/05/13 	90.4000015258789	90.4000015258789	88.0	90.30000305175781	6014	2025/05/13 
2025/05/14 	90.19999694824219	90.19999694824219	85.5999984741211	89.80000305175781	32057	2025/05/14 
2025/05/15 	89.69999694824219	89.69999694824219	85.0	86.69999694824219	3005	2025/05/15 
2025/05/16 	86.80000305175781	86.80000305175781	85.30000305175781	85.9000015258789	10003	2025/05/16 
2025/05/19 	85.5	85.5	85.19999694824219	85.19999694824219	1002	2025/05/19 
2025/05/20 	85.0999984741211	86.9000015258789	85.0999984741211	86.9000015258789	3003	2025/05/20 
2025/05/21 	87.0	87.0	85.0	86.9000015258789	6355	2025/05/21 
2025/05/22 	86.69999694824219	86.69999694824219	82.5	86.4000015258789	12024	2025/05/22 
2025/05/23 	86.5	90.0999984741211	83.69999694824219	90.0999984741211	18504	2025/05/23 
2025/05/26 	88.0999984741211	88.0999984741211	86.0	87.0	7004	2025/05/26 
2025/05/27 	87.0	87.0	86.0	86.9000015258789	5131	2025/05/27 
2025/05/28 	87.0999984741211	87.0999984741211	87.0999984741211	87.0999984741211	1001	2025/05/28 
2025/05/29 	87.0999984741211	87.0999984741211	85.5999984741211	86.69999694824219	103	2025/05/29 
2025/06/02 	83.0	86.30000305175781	82.0	82.5	3005	2025/06/02 
2025/06/03 	85.69999694824219	85.69999694824219	80.0	81.0999984741211	18006	2025/06/03 
2025/06/04 	81.0999984741211	81.19999694824219	81.0	81.0999984741211	3013	2025/06/04 
2025/06/05 	81.0999984741211	81.0999984741211	80.0	80.69999694824219	10004	2025/06/05 
2025/06/06 	80.30000305175781	80.30000305175781	77.19999694824219	80.30000305175781	16002	2025/06/06 
2025/06/09 	80.4000015258789	80.9000015258789	74.0999984741211	77.19999694824219	58114	2025/06/09 
2025/06/10 	80.69999694824219	80.69999694824219	76.5999984741211	80.5	5009	2025/06/10 
2025/06/11 	80.4000015258789	80.4000015258789	80.19999694824219	80.19999694824219	301	2025/06/11 
2025/06/12 	80.30000305175781	80.30000305175781	80.19999694824219	80.19999694824219	11	2025/06/12 
2025/06/13 	80.0999984741211	80.0999984741211	76.5	78.5999984741211	12003	2025/06/13 
2025/06/16 	78.5	78.5	74.69999694824219	77.69999694824219	28635	2025/06/16 
2025/06/17 	78.0	78.19999694824219	78.0	78.19999694824219	1002	2025/06/17 
2025/06/18 	78.19999694824219	78.30000305175781	72.80000305175781	75.5999984741211	48543	2025/06/18 
2025/06/19 	75.5999984741211	75.5999984741211	72.30000305175781	75.4000015258789	17306	2025/06/19 
2025/06/20 	75.4000015258789	78.69999694824219	74.0	78.5	25208	2025/06/20 
2025/06/23 	78.5	78.5	78.5	78.5	1001	2025/06/23 
2025/06/24 	78.19999694824219	78.19999694824219	74.4000015258789	77.5	16005	2025/06/24 
2025/06/25 	77.5	77.5	77.5	77.5	1	2025/06/25 
2025/06/26 	76.80000305175781	76.80000305175781	74.9000015258789	76.69999694824219	10010	2025/06/26 
2025/06/27 	76.69999694824219	79.0999984741211	74.9000015258789	79.0999984741211	20209	2025/06/27 
2025/06/30 	79.0999984741211	79.19999694824219	75.5	79.0	10006	2025/06/30 
2025/07/01 	82.30000305175781	82.30000305175781	78.5	82.19999694824219	10028	2025/07/01 
2025/07/02 	82.19999694824219	82.19999694824219	78.0	82.0	18115	2025/07/02 
2025/07/03 	82.0	82.0	80.0	81.9000015258789	2005	2025/07/03 
2025/07/04 	81.9000015258789	81.9000015258789	80.0	81.5999984741211	5004	2025/07/04 
2025/07/07 	81.5999984741211	81.5999984741211	73.69999694824219	77.30000305175781	35481	2025/07/07 
2025/07/08 	77.19999694824219	77.19999694824219	74.19999694824219	75.80000305175781	19008	2025/07/08 
2025/07/09 	72.30000305175781	75.69999694824219	72.19999694824219	75.5	2220	2025/07/09 
2025/07/10 	76.4000015258789	76.4000015258789	76.4000015258789	76.4000015258789	2	2025/07/10 
2025/07/11 	76.4000015258789	80.0999984741211	76.0	77.0	133214	2025/07/11 
2025/07/14 	78.19999694824219	78.19999694824219	76.4000015258789	77.0	18006	2025/07/14 
2025/07/15 	78.0999984741211	78.0999984741211	77.5	77.5	4001	2025/07/15 
2025/07/16 	78.0	78.0	78.0	78.0	1001	2025/07/16 
2025/07/17 	78.0999984741211	78.0999984741211	78.0999984741211	78.0999984741211	1	2025/07/17 
2025/07/18 	78.0999984741211	78.0999984741211	74.5999984741211	78.0999984741211	9054	2025/07/18 
2025/07/21 	78.0999984741211	78.0999984741211	78.0999984741211	78.0999984741211	1	2025/07/21 
2025/07/22 	74.5999984741211	78.0999984741211	73.30000305175781	76.9000015258789	32030	2025/07/22 
2025/07/23 	76.9000015258789	76.9000015258789	73.19999694824219	75.0	2002	2025/07/23 
2025/07/24 	76.5999984741211	76.5999984741211	73.19999694824219	76.5999984741211	3003	2025/07/24 
2025/07/25 	76.5	78.0999984741211	73.30000305175781	78.0999984741211	29849	2025/07/25 
2025/07/28 	78.0	78.0	75.0	78.0	5004	2025/07/28 
2025/07/29 	77.9000015258789	77.9000015258789	74.69999694824219	76.69999694824219	13005	2025/07/29 
2025/07/30 	78.4000015258789	78.4000015258789	74.69999694824219	76.4000015258789	41007	2025/07/30 
2025/07/31 	76.4000015258789	76.4000015258789	72.80000305175781	75.19999694824219	17003	2025/07/31 
2025/08/04 	78.69999694824219	78.69999694824219	74.9000015258789	78.30000305175781	7203	2025/08/04 
2025/08/05 	78.80000305175781	78.80000305175781	75.19999694824219	76.80000305175781	18222	2025/08/05 
2025/08/06 	76.19999694824219	78.0999984741211	75.5	78.0	23151	2025/08/06 
2025/08/07 	77.80000305175781	77.80000305175781	74.5999984741211	77.4000015258789	10266	2025/08/07 
2025/08/08 	75.80000305175781	78.5999984741211	75.80000305175781	76.19999694824219	9827	2025/08/08 
2025/08/11 	76.9000015258789	76.9000015258789	76.5	76.5	2100	2025/08/11 
2025/08/12 	74.19999694824219	78.19999694824219	74.19999694824219	77.80000305175781	41011	2025/08/12 
2025/08/13 	74.69999694824219	74.80000305175781	74.69999694824219	74.80000305175781	3320	2025/08/13 
2025/08/14 	76.0	78.19999694824219	74.69999694824219	75.0999984741211	23968	2025/08/14 
