Date	Open	High	Low	Close	Volume	Date
2021/11/10 	36.863797038620504	42.13913683598465	30.507971666299753	34.321468353271484	877087	2021/11/10 
2021/11/11 	34.003673417806034	34.32146400585235	31.715576061345725	32.28759765625	373540	2021/11/11 
2021/11/12 	31.96980985158425	33.68588210359857	28.60122310480362	31.77913475036621	459134	2021/11/12 
2021/11/15 	31.779134913636124	32.73251042462444	30.88931898969639	31.20711326599121	293625	2021/11/15 
2021/11/16 	32.28759565872016	34.003671314108104	30.698639157844475	32.41471481323242	226550	2021/11/16 
2021/11/17 	32.033369424342496	32.732510242187864	28.601223092335946	29.618154525756836	400060	2021/11/17 
2021/11/18 	30.12661927514892	32.41471858582671	29.522816027258184	30.69864273071289	234227	2021/11/18 
2021/11/19 	30.507969492066334	32.09692434979976	29.935944206524166	31.842693328857422	118022	2021/11/19 
2021/11/22 	31.906252776786726	31.906252776786726	27.965637209068266	30.825761795043945	261019	2021/11/22 
2021/11/23 	30.063063017298255	31.14355405653583	29.99950525895312	30.952878952026367	9601	2021/11/23 
2021/11/24 	30.952877944766723	31.079993457320434	30.063062038994744	31.016437530517578	28806	2021/11/24 
2021/11/25 	31.016437640272457	32.54183477315877	30.825762541293166	31.46134376525879	208228	2021/11/25 
2021/11/26 	32.03336906219666	32.03336906219666	31.016437640272457	31.46134376525879	24902	2021/11/26 
2021/11/29 	32.66895383485439	33.62232943331206	31.524906775653605	32.732513427734375	61120	2021/11/29 
2021/11/30 	31.52490172901372	32.41471759214591	31.334226639846264	31.906251907348633	27505	2021/11/30 
2021/12/01 	31.906251907348633	31.906251907348633	31.39778256360353	31.906251907348633	3122	2021/12/01 
2021/12/02 	32.03337163668839	32.35116227421174	31.652021408081055	31.652021408081055	31042	2021/12/02 
2021/12/03 	32.16048266242563	32.41471733225985	31.7155765639005	32.03336715698242	58965	2021/12/03 
2021/12/06 	32.03336715698242	32.09692308023013	31.27066680642757	32.03336715698242	6290	2021/12/06 
2021/12/07 	31.207112739251748	32.03336906219666	31.207112739251748	31.46134376525879	31800	2021/12/07 
2021/12/08 	31.779136953508807	31.779136953508807	29.9677270253064	31.366008758544922	60476	2021/12/08 
2021/12/09 	31.366008388688968	31.366008388688968	30.507972213314627	31.334230422973633	1611	2021/12/09 
2021/12/10 	31.334230422973633	31.334230422973633	30.507972213314627	31.334230422973633	4783	2021/12/10 
2021/12/13 	31.33422952569265	31.33422952569265	30.698644616948545	31.27066993713379	8502	2021/12/13 
2021/12/14 	31.2706696696852	31.397785186767578	30.730425977874013	31.397785186767578	17206	2021/12/14 
2021/12/15 	31.397785186767578	31.397785186767578	31.397785186767578	31.397785186767578	4628	2021/12/15 
2021/12/16 	31.39778181435167	32.28759765625	31.175328768614023	32.28759765625	65111	2021/12/16 
2021/12/17 	31.96981103790228	32.09692655711522	31.143554674595872	31.429567337036133	36227	2021/12/17 
2021/12/20 	31.779132487148207	32.351157750064345	30.857538669526292	32.03336715698242	44048	2021/12/20 
2021/12/21 	32.2875997013725	32.2875997013725	30.82576217197594	31.143552780151367	42477	2021/12/21 
2021/12/22 	31.238890702765623	31.46134376525879	31.016437640272457	31.46134376525879	10032	2021/12/22 
2021/12/23 	31.46134530210232	31.46134530210232	30.921101601236177	31.429567337036133	14220	2021/12/23 
2021/12/24 	31.42956617076517	31.77913475036621	30.95287841772007	31.77913475036621	1513	2021/12/24 
2021/12/27 	31.715579370064212	31.715579370064212	30.952878952026367	30.952878952026367	6037	2021/12/27 
2021/12/28 	30.825765018730696	31.652021408081055	30.825765018730696	31.652021408081055	1631	2021/12/28 
2021/12/29 	31.588459278262313	31.588459278262313	30.88931846832092	31.46134376525879	3184	2021/12/29 
2021/12/30 	31.461343388326792	31.461343388326792	30.6350852458071	31.143552780151367	33829	2021/12/30 
2022/01/03 	30.507970809936523	31.11177225496828	30.507970809936523	30.507970809936523	8439	2022/01/03 
2022/01/04 	30.380852649853022	31.016437530517578	30.380852649853022	31.016437530517578	2426	2022/01/04 
2022/01/05 	30.380852125341125	30.69864273071289	29.427478479751862	30.69864273071289	22196	2022/01/05 
2022/01/06 	29.872387302770285	30.19017791748047	29.872387302770285	30.19017791748047	24459	2022/01/06 
2022/01/07 	29.904166725239627	30.507969983386644	29.681711834121568	29.872386932373047	79090	2022/01/07 
2022/01/10 	30.507970358912715	30.762203216552734	30.19017791475717	30.762203216552734	15344	2022/01/10 
2022/01/11 	30.762203950426755	31.111772537231445	30.698644362394933	31.111772537231445	48545	2022/01/11 
2022/01/12 	31.079993185799896	31.079993185799896	30.5715274810791	30.5715274810791	3726	2022/01/12 
2022/01/13 	30.126619172553823	30.825761795043945	29.8723863232274	30.825761795043945	12328	2022/01/13 
2022/01/14 	29.935946407321843	30.19017927642856	29.300365149292105	29.9995059967041	63890	2022/01/14 
2022/01/17 	29.9995059967041	29.9995059967041	29.9995059967041	29.9995059967041	1	2022/01/17 
2022/01/18 	29.268583232799894	29.840606689453125	29.268583232799894	29.840606689453125	29258	2022/01/18 
2022/01/19 	29.840609546438134	31.01644002365561	29.840609546438134	30.635087966918945	78498	2022/01/19 
2022/01/20 	30.635085959177726	30.635085959177726	29.618154525756836	29.618154525756836	17320	2022/01/20 
2022/01/21 	29.618154897056613	30.317295723666568	29.618154897056613	29.649932861328125	20862	2022/01/21 
2022/01/24 	29.522816528736666	29.872386932373047	28.95079123398223	29.872386932373047	21381	2022/01/24 
2022/01/25 	29.014349614868912	29.363920003989072	28.91901206970215	28.91901206970215	36925	2022/01/25 
2022/01/26 	28.950792018343595	30.635086325898772	28.950792018343595	30.507970809936523	36925	2022/01/26 
2022/02/07 	30.603308361645233	31.143553878169918	29.999505087139426	30.507970809936523	85271	2022/02/07 
2022/02/08 	30.8257646953993	31.0482177734375	30.603309787886964	31.0482177734375	45527	2022/02/08 
2022/02/09 	31.14355351893811	31.77913475036621	30.507970458035977	31.77913475036621	116009	2022/02/09 
2022/02/10 	31.715579451804086	32.668951317860376	31.143554136801434	31.969810485839844	61674	2022/02/10 
2022/02/11 	32.096923850552585	32.73250871091819	32.033367925779544	32.668949127197266	45267	2022/02/11 
2022/02/14 	32.73251025645642	32.73251025645642	31.20711310566014	31.77913475036621	28397	2022/02/14 
2022/02/15 	31.334227876846217	31.334227876846217	29.935944444241972	31.143552780151367	54630	2022/02/15 
2022/02/16 	30.44441285720056	31.20711326599121	30.44441285720056	31.20711326599121	905	2022/02/16 
2022/02/17 	30.444413453150357	30.507971211969043	27.838523387895364	28.66478157043457	277678	2022/02/17 
2022/02/18 	29.808828633396868	29.808828633396868	25.264411639388275	27.393613815307617	331887	2022/02/18 
2022/02/21 	28.09275526007496	28.09275526007496	26.154228134067186	26.72625160217285	60387	2022/02/21 
2022/02/22 	27.838524057934677	27.838524057934677	26.72625318972927	27.711406707763672	28685	2022/02/22 
2022/02/23 	27.647848603037968	27.711406362594747	27.107603073120117	27.107603073120117	13657	2022/02/23 
2022/02/24 	27.774964728946447	27.774964728946447	25.868215560913086	25.868215560913086	32974	2022/02/24 
2022/02/25 	26.948705235939844	27.330055416518015	26.948705235939844	27.202938079833984	18864	2022/02/25 
2022/03/01 	26.75803235843614	28.28343137741948	26.75803235843614	28.092756271362305	24825	2022/03/01 
2022/03/02 	27.965637846733028	28.72833824157715	27.965637846733028	28.72833824157715	8801	2022/03/02 
2022/03/03 	28.760116577148438	28.760116577148438	28.760116577148438	28.760116577148438	3018	2022/03/03 
2022/03/04 	28.760116770915516	28.91901206970215	28.760116770915516	28.91901206970215	6036	2022/03/04 
2022/03/07 	28.283432006835938	28.283432006835938	28.283432006835938	28.283432006835938	6036	2022/03/07 
2022/03/08 	27.202938079833984	28.537661882383663	27.202938079833984	27.202938079833984	3033	2022/03/08 
2022/03/09 	28.410547256469727	28.410547256469727	28.410547256469727	28.410547256469727	1509	2022/03/09 
2022/03/10 	28.410548476539965	28.60122542268475	27.774967193603516	27.774967193603516	7696	2022/03/10 
2022/03/11 	28.60122299194336	28.60122299194336	28.60122299194336	28.60122299194336	504	2022/03/11 
2022/03/14 	28.60122299194336	28.60122299194336	28.60122299194336	28.60122299194336	132	2022/03/14 
2022/03/15 	28.283430826403276	28.537663686368536	27.20293979944539	27.33005714416504	9557	2022/03/15 
2022/03/16 	28.474106236360043	28.474106236360043	25.963553744185532	26.05889129638672	26166	2022/03/16 
2022/03/17 	26.69447382011616	27.74318504333496	26.69447382011616	27.74318504333496	9557	2022/03/17 
2022/03/18 	27.74318504333496	27.74318504333496	27.74318504333496	27.74318504333496	504	2022/03/18 
2022/03/21 	26.56735461401191	27.171157836914062	26.53557665247426	27.171157836914062	8048	2022/03/21 
2022/03/22 	27.10760180130823	27.71140506245412	26.916928531583746	27.012264251708984	18110	2022/03/22 
2022/03/23 	27.520732782664847	28.6012238306728	27.01226522335435	28.092756271362305	52822	2022/03/23 
2022/03/24 	28.63300113724694	29.10968706195935	28.283430727334892	29.046131134033203	45792	2022/03/24 
2022/03/25 	28.410544328731977	28.410544328731977	27.33005520780192	28.188091278076172	29190	2022/03/25 
2022/03/28 	28.188093814905425	28.378768920898438	28.188093814905425	28.378768920898438	1510	2022/03/28 
2022/03/29 	28.378768098242105	28.60122299194336	27.774964833083597	28.60122299194336	11547	2022/03/29 
2022/03/30 	28.60122299194336	28.60122299194336	28.60122299194336	28.60122299194336	2615	2022/03/30 
2022/03/31 	28.823674704465006	28.823674704465006	28.791894912719727	28.791894912719727	517	2022/03/31 
2022/04/01 	28.760116577148438	28.760116577148438	27.965636429620126	28.760116577148438	16752	2022/04/01 
2022/04/06 	28.7918977479877	28.7918977479877	28.283432006835938	28.283432006835938	6262	2022/04/06 
2022/04/07 	28.28342964879262	28.28342964879262	27.647846610605626	28.251649856567383	16072	2022/04/07 
2022/04/08 	28.15631125339317	28.15631125339317	27.457170486450195	27.457170486450195	2465	2022/04/08 
2022/04/11 	28.12453672371385	28.12453672371385	27.45717383689578	27.711406707763672	19010	2022/04/11 
2022/04/12 	28.09275499866063	28.09275499866063	27.457171950422236	27.997417449951172	6188	2022/04/12 
2022/04/13 	27.997418432622844	29.491037642196392	27.838523122354733	29.077909469604492	65500	2022/04/13 
2022/04/14 	29.42747988398396	29.459259677827205	28.474106192901235	29.077909469604492	92613	2022/04/14 
2022/04/15 	29.077906514651115	29.109684475790964	27.965635796857335	28.569440841674805	62767	2022/04/15 
2022/04/18 	28.855456064999228	34.194353767997704	28.855456064999228	33.81300354003906	1493967	2022/04/18 
2022/04/19 	34.13079519950668	36.10110233035358	32.160488068659774	32.732513427734375	1014532	2022/04/19 
2022/04/20 	33.177416959372586	33.68588268508178	30.50797098466231	30.952878952026367	444890	2022/04/20 
2022/04/21 	30.31729433316072	30.571527183042647	27.0758232103237	27.393613815307617	491427	2022/04/21 
2022/04/22 	27.58429022204314	33.685882568359375	27.58429022204314	33.685882568359375	948518	2022/04/22 
2022/04/25 	34.639254489701656	48.113607581073865	34.00367331552089	45.12636947631836	3331012	2022/04/25 
2022/04/26 	44.172992008566276	45.44415795695368	34.957043456442044	40.42305374145508	2266616	2022/04/26 
2022/04/27 	41.82134246826172	43.21962403491447	37.30870350947048	41.82134246826172	1113070	2022/04/27 
2022/04/28 	41.94846051402297	47.541587118980125	40.677294378637775	45.76195526123047	2550037	2022/04/28 
2022/04/29 	47.0331197152567	49.51189231001384	43.85520631987309	46.20686340332031	2056589	2022/04/29 
2022/05/03 	47.66870169985556	51.10084983218229	44.87213845222905	47.98649597167969	2060478	2022/05/03 
2022/05/04 	48.30429014589742	48.30429014589742	39.40613037564181	40.7408561706543	2077217	2022/05/04 
2022/05/05 	40.86796650853148	42.774713743409244	38.83410010810012	39.215450286865234	683745	2022/05/05 
2022/05/06 	39.215448096781074	39.53323867502159	36.22821007521448	37.62649154663086	864806	2022/05/06 
2022/05/09 	36.67312354358877	40.168827577835636	36.67312354358877	39.34257125854492	427524	2022/05/09 
2022/05/10 	38.5163115838924	38.5163115838924	34.003676096650146	34.19435119628906	759623	2022/05/10 
2022/05/11 	34.32146577336266	34.63925637777478	32.79606501786783	32.98674011230469	328411	2022/05/11 
2022/05/12 	32.41472018541871	32.92318591089474	30.44441321235653	31.524904251098633	505241	2022/05/12 
2022/05/13 	31.779136367224414	34.25790915022585	31.46134573534182	34.06723403930664	153551	2022/05/13 
2022/05/16 	34.32146670973233	36.22821404717345	33.24097569809449	34.19435119628906	273667	2022/05/16 
2022/05/17 	34.70282118965744	34.957052247903775	33.43165492158034	33.940120697021484	163320	2022/05/17 
2022/05/18 	33.113859281227874	33.68588090559051	31.969808714606753	32.98674011230469	235590	2022/05/18 
2022/05/19 	32.414720577504276	33.05030182730021	30.507971339694215	31.27066993713379	390952	2022/05/19 
2022/05/20 	31.143554787848142	32.35116137213298	31.048217233354695	31.302448272705078	187390	2022/05/20 
2022/05/23 	31.6520182336767	32.09692434979976	31.07999294813453	31.842693328857422	182701	2022/05/23 
2022/05/24 	31.84269461314446	31.84269461314446	30.571528480319984	31.079994201660156	134203	2022/05/24 
2022/05/25 	31.397784547930126	32.03336943830629	30.635085972531986	31.77913475036621	170990	2022/05/25 
2022/05/26 	32.0333707434709	32.85962710978195	30.698644980562662	31.302448272705078	152455	2022/05/26 
2022/05/27 	31.30244249862928	31.715574264526367	30.762198895452368	31.715574264526367	60475	2022/05/27 
2022/05/30 	31.588461342275597	31.588461342275597	29.872388998280567	30.317296981811523	184926	2022/05/30 
2022/05/31 	30.317294882922916	30.317294882922916	29.36392122120909	29.586374282836914	130656	2022/05/31 
2022/06/01 	29.5545954860691	29.87238608785468	28.855452869087713	29.23680305480957	172343	2022/06/01 
2022/06/02 	29.681711196899414	29.777048743978398	28.9190126497415	29.681711196899414	43017	2022/06/02 
2022/06/06 	29.681711196899414	29.681711196899414	29.268583045873125	29.681711196899414	24837	2022/06/06 
2022/06/07 	29.363921223351767	29.999504274365364	29.30036346709261	29.872386932373047	49520	2022/06/07 
2022/06/08 	30.5079702530118	30.5079702530118	29.64993230329692	29.745271682739258	45895	2022/06/08 
2022/06/09 	29.5545954860691	29.87238608785468	28.91901245302399	29.23680305480957	81907	2022/06/09 
2022/06/10 	29.522815911123107	30.507969345163797	29.522815911123107	30.25373649597168	90538	2022/06/10 
2022/06/13 	29.87238633474929	33.49520581115365	29.87238633474929	32.98674011230469	472385	2022/06/13 
2022/06/14 	32.9231872519127	33.62232811028796	30.571529974219434	31.334230422973633	154638	2022/06/14 
2022/06/15 	31.334227991005193	32.41471898989654	31.143552893615663	31.588459014892578	91615	2022/06/15 
2022/06/16 	31.71557945977727	32.92318601912104	30.507971070959435	31.68379783630371	122860	2022/06/16 
2022/06/17 	31.68379902268713	32.09692721277956	30.635087735124237	31.334230422973633	74888	2022/06/17 
2022/06/20 	31.779135396962833	32.096926019142835	31.17533211713639	31.397785186767578	100302	2022/06/20 
2022/06/21 	31.588459278262313	31.906253549193142	30.825762541293166	31.46134376525879	65817	2022/06/21 
2022/06/22 	31.429566443239825	31.71557909754644	30.76220358319106	31.079994201660156	49740	2022/06/22 
2022/06/23 	30.952878774752495	30.952878774752495	30.1901783610828	30.507970809936523	54230	2022/06/23 
2022/06/24 	30.666868084998086	30.666868084998086	29.93594741821289	29.93594741821289	53724	2022/06/24 
2022/06/27 	30.50796952982266	30.63508504045114	29.999503828360773	30.126619338989258	29779	2022/06/27 
2022/06/28 	30.476189699711558	33.11385941041292	30.476189699711558	31.842693328857422	135799	2022/06/28 
2022/06/29 	31.779132741938444	32.73250818777573	31.52490172901372	31.906251907348633	123758	2022/06/29 
2022/06/30 	32.41471964074237	32.41471964074237	31.175331482825097	31.77913475036621	87968	2022/06/30 
2022/07/01 	31.779134847216305	35.40195812245196	31.779134847216305	32.79606628417969	395035	2022/07/01 
2022/07/04 	33.43165492158034	35.27484655913441	33.368095327544516	33.940120697021484	230089	2022/07/04 
2022/07/05 	34.194350263387406	34.32146577336266	31.906252789093088	32.98674011230469	156596	2022/07/05 
2022/07/06 	31.652021408081055	32.73251250281908	30.825765018730696	31.652021408081055	101320	2022/07/06 
2022/07/07 	31.39778231187078	32.03336715698242	30.507968285346617	32.03336715698242	67862	2022/07/07 
2022/07/08 	30.82576228428244	31.77913411228211	30.82576228428244	31.588459014892578	21129	2022/07/08 
2022/07/11 	30.507970809936523	30.793981635588608	30.1901783610828	30.507970809936523	65601	2022/07/11 
2022/07/12 	30.76220310976931	30.79398107344274	29.681712096444368	29.745271682739258	35467	2022/07/12 
2022/07/13 	30.79398080128986	30.79398080128986	29.872386932373047	29.872386932373047	12830	2022/07/13 
2022/07/14 	30.698645728304648	30.698645728304648	30.412634887331908	30.635087966918945	22938	2022/07/14 
2022/07/15 	30.476191016208933	30.507970809936523	29.872387741703125	30.507970809936523	33446	2022/07/15 
2022/07/18 	29.87238965615849	30.31729764948763	29.55459901641232	29.93594741821289	24224	2022/07/18 
2022/07/19 	30.317296788819668	30.507971899044026	29.71349349275862	30.444414138793945	19923	2022/07/19 
2022/07/20 	30.44441108374159	30.79397964477539	29.74527030272612	30.79397964477539	45107	2022/07/20 
2022/07/21 	29.904167535430712	30.825763258790246	29.904167535430712	30.507970809936523	30936	2022/07/21 
2022/07/22 	30.507970458035977	32.287600467298304	30.507970458035977	31.77913475036621	50614	2022/07/22 
2022/07/25 	31.90625487291981	33.495207998756364	31.71557976602979	33.4316520690918	108225	2022/07/25 
2022/07/26 	33.431650797418776	33.68588182430292	32.09692509995893	33.05030059814453	48758	2022/07/26 
2022/07/27 	33.622326271918645	33.622326271918645	32.09692545781465	33.36809158325195	186901	2022/07/27 
2022/07/28 	33.368094720740544	33.43165431362053	31.620244335499372	32.732513427734375	158948	2022/07/28 
2022/07/29 	32.986736935634795	33.36808708778394	30.380849107879087	31.747352600097656	267577	2022/07/29 
2022/08/01 	32.033364667590654	32.41471481323242	31.77913001751364	32.41471481323242	53154	2022/08/01 
2022/08/02 	32.35116042718153	32.35116042718153	29.808829983722003	30.507970809936523	124971	2022/08/02 
2022/08/03 	30.793980549894815	31.143552780151367	30.444411978586235	31.143552780151367	10403	2022/08/03 
2022/08/04 	30.571527490066813	31.143552780151367	30.571527490066813	31.143552780151367	50756	2022/08/04 
2022/08/05 	31.14354904308197	31.715574264526367	31.14354904308197	31.715574264526367	41863	2022/08/05 
2022/08/08 	31.33423077055771	31.842696522384724	31.33423077055771	31.652021408081055	32446	2022/08/08 
2022/08/09 	32.351160315327434	32.351160315327434	31.334228873249284	32.22404479980469	17117	2022/08/09 
2022/08/10 	32.16048305214056	32.351158142089844	31.652017365258434	32.351158142089844	52366	2022/08/10 
2022/08/11 	32.98673637274756	33.11385552725982	32.28759565872016	32.41471481323242	90924	2022/08/11 
2022/08/12 	32.73250947997648	32.73250947997648	30.82576217197594	31.143552780151367	109195	2022/08/12 
2022/08/15 	31.397784709240796	32.60539490947536	31.20711326599121	31.20711326599121	60364	2022/08/15 
2022/08/16 	31.842691564774704	32.28759765625	31.207110388682075	32.28759765625	52642	2022/08/16 
2022/08/17 	31.77913475036621	32.03336943830629	31.46134413465216	31.77913475036621	38512	2022/08/17 
2022/08/18 	32.09692847577979	32.732513427734375	31.49312514973941	32.732513427734375	123915	2022/08/18 
2022/08/19 	32.73250961958506	33.87655654568571	32.35115942456884	33.304534912109375	109758	2022/08/19 
2022/08/22 	34.00367276015321	36.4824451532898	33.6858785193055	35.084163665771484	281186	2022/08/22 
2022/08/23 	36.10110291321154	36.10110291321154	33.94012062778371	34.51214599609375	188760	2022/08/23 
2022/08/24 	35.46551312319316	36.10109799888931	34.512141298070894	35.59263229370117	202854	2022/08/24 
2022/08/25 	38.377979784627854	41.699830146629516	36.681715219087245	40.8516960144043	279637	2022/08/25 
2022/08/26 	39.08475091683219	40.78101524532994	38.165938143926034	39.226104736328125	122825	2022/08/26 
2022/08/29 	39.0140729983054	39.22610558157284	37.67119873797518	38.51932907104492	91004	2022/08/29 
2022/08/30 	39.1554237459376	39.1554237459376	37.74187083588931	37.81254959106445	44656	2022/08/30 
2022/08/31 	38.51932793991642	41.275755140359394	37.671197631752214	39.50881576538086	101868	2022/08/31 
2022/09/01 	38.94339117932126	39.43813506772907	37.45915951409783	37.81254959106445	74071	2022/09/01 
2022/09/02 	38.307293479472264	38.802037367880075	37.600517024448116	37.81254959106445	56516	2022/09/02 
2022/09/05 	37.52984200456022	38.165939767719046	37.45916324235053	37.88323211669922	37876	2022/09/05 
2022/09/06 	37.52983994669529	37.52983994669529	35.7629005796149	36.32831954956055	51596	2022/09/06 
2022/09/07 	36.11629048890937	36.54035568237305	35.09146318894746	36.54035568237305	16611	2022/09/07 
2022/09/08 	36.54035529891233	37.45916444141137	36.3283227044056	36.89374542236328	43116	2022/09/08 
2022/09/12 	37.812554961673705	37.812554961673705	36.54035568237305	36.54035568237305	44136	2022/09/12 
2022/09/13 	36.54035529891233	37.035099252397906	36.186968874370976	36.89374542236328	35955	2022/09/13 
2022/09/14 	36.96442413330078	37.105777963130684	36.25764758633208	36.96442413330078	13169	2022/09/14 
2022/09/15 	37.67120045422451	37.67120045422451	36.25764736876909	37.105777740478516	24230	2022/09/15 
2022/09/16 	36.25764398112507	37.03509551624958	36.25764398112507	36.752384185791016	11400	2022/09/16 
2022/09/19 	36.752384185791016	36.752384185791016	36.752384185791016	36.752384185791016	0	2022/09/19 
2022/09/20 	36.752384185791016	36.752384185791016	36.752384185791016	36.752384185791016	0	2022/09/20 
2022/09/21 	36.752384185791016	36.752384185791016	36.752384185791016	36.752384185791016	0	2022/09/21 
2022/09/22 	36.752384185791016	36.752384185791016	36.752384185791016	36.752384185791016	0	2022/09/22 
2022/09/23 	36.752384185791016	36.752384185791016	36.752384185791016	36.752384185791016	0	2022/09/23 
2022/09/26 	36.186967713731235	36.186967713731235	34.63205713867371	34.702735900878906	75055	2022/09/26 
2022/09/27 	34.27867075081308	34.98544727665925	33.925280638435254	34.667396545410156	67647	2022/09/27 
2022/09/28 	34.42002612523135	34.42002612523135	33.35986313821222	33.395198822021484	17835	2022/09/28 
2022/09/29 	33.46587728253052	34.52604395879945	33.35986283424939	33.64257049560547	65535	2022/09/29 
2022/09/30 	33.64256738315313	33.925278717263694	33.11248779296875	33.11248779296875	25462	2022/09/30 
2022/10/03 	33.112491131098565	33.85460707086186	32.90045483495793	33.430538177490234	41336	2022/10/03 
2022/10/04 	33.006469125527104	33.64256684287867	32.82977593163654	33.57189178466797	26480	2022/10/04 
2022/10/05 	33.571892371884005	33.67790681050899	33.00646970285317	33.04180908203125	4704	2022/10/05 
2022/10/06 	33.67791038470794	33.67791038470794	32.90045505700739	33.2891845703125	19040	2022/10/06 
2022/10/07 	32.971134185791016	33.607231988778885	32.971134185791016	32.971134185791016	24657	2022/10/07 
2022/10/11 	32.97113484570866	32.97113484570866	31.133516467690622	32.4410514831543	77963	2022/10/11 
2022/10/12 	31.52224125746789	32.0169852197266	31.52224125746789	31.80495262145996	51613	2022/10/12 
2022/10/13 	31.628258671347552	32.01698447598821	27.917680890056914	29.331233978271484	120843	2022/10/13 
2022/10/14 	29.331233705020793	31.80495158635106	29.331233705020793	31.098175048828125	46645	2022/10/14 
2022/10/17 	30.74478616698376	30.886141841560523	29.86131458797005	30.038009643554688	33350	2022/10/17 
2022/10/18 	31.02749703380321	31.02749703380321	30.144027265317153	30.49741554260254	18836	2022/10/18 
2022/10/19 	31.02749550213427	31.062834882954725	30.179365158081055	30.179365158081055	2893	2022/10/19 
2022/10/20 	30.108688186786043	30.320720785407392	29.684622989543346	30.250043869018555	21539	2022/10/20 
2022/10/21 	30.532752990722656	30.532752990722656	30.532752990722656	30.532752990722656	149	2022/10/21 
2022/10/24 	30.603431263681056	31.098175212440996	30.39139867119959	30.956819534301758	36701	2022/10/24 
2022/10/25 	30.921480277785484	30.921480277785484	29.331233978271484	29.331233978271484	44724	2022/10/25 
2022/10/26 	29.1898768208815	29.684620746585214	28.271065880522595	28.97784423828125	31926	2022/10/26 
2022/10/27 	29.61394293840452	29.755298614501953	29.3312334356644	29.755298614501953	16600	2022/10/27 
2022/10/28 	30.03801052237877	30.03801052237877	29.048522620846654	29.331233978271484	14859	2022/10/28 
2022/10/31 	29.684622250325127	29.684622250325127	29.119201384930257	29.331233978271484	15502	2022/10/31 
2022/11/01 	29.154537200927734	29.507925452174234	29.154537200927734	29.154537200927734	4129	2022/11/01 
2022/11/02 	29.154537440629895	29.33123249243323	28.97784423828125	28.97784423828125	11387	2022/11/02 
2022/11/03 	28.62445716749786	29.54326629638672	28.62445716749786	29.54326629638672	11249	2022/11/03 
2022/11/04 	28.624455984129266	28.97784423828125	28.059033297922344	28.97784423828125	58238	2022/11/04 
2022/11/07 	28.55377954673471	29.543267478645944	28.55377954673471	28.62445831298828	17155	2022/11/07 
2022/11/08 	29.54326529016458	30.39139747619629	29.54326529016458	30.39139747619629	13995	2022/11/08 
2022/11/09 	30.391399052769685	30.674110412597656	29.543266822740573	30.674110412597656	6861	2022/11/09 
2022/11/10 	30.56809403064877	30.709447860717773	30.56809403064877	30.709447860717773	8245	2022/11/10 
2022/11/11 	30.709447860717773	30.709447860717773	29.578606123436952	30.709447860717773	4272	2022/11/11 
2022/11/14 	30.709446352412662	31.098173989646927	30.03800921947097	30.39139747619629	13595	2022/11/14 
2022/11/15 	29.684621540755437	30.038009804361824	28.34174539926927	29.89665412902832	77390	2022/11/15 
2022/11/16 	30.144025802612305	30.144025802612305	30.144025802612305	30.144025802612305	1098	2022/11/16 
2022/11/17 	30.144027265317153	30.49741554260254	30.144027265317153	30.49741554260254	6612	2022/11/17 
2022/11/18 	30.49741361039665	30.532752990722656	29.82597648093069	30.532752990722656	5364	2022/11/18 
2022/11/21 	30.53275385524347	30.53275385524347	29.825977325439453	29.825977325439453	2758	2022/11/21 
2022/11/22 	30.850802652291886	30.850802652291886	29.86131477355957	29.86131477355957	4678	2022/11/22 
2022/11/23 	30.85080262571104	30.85080262571104	29.861314747831262	29.89665412902832	4815	2022/11/23 
2022/11/24 	30.81546287344925	31.769611358642578	30.391397702009865	31.769611358642578	24571	2022/11/24 
2022/11/25 	31.769613293446188	32.01698527500262	31.73427391052246	31.73427391052246	8396	2022/11/25 
2022/11/28 	31.946304321289062	31.946304321289062	31.946304321289062	31.946304321289062	2757	2022/11/28 
2022/11/29 	32.0169852197266	32.72376178025195	31.20419420952276	31.80495262145996	97718	2022/11/29 
2022/11/30 	32.0169852197266	32.158339052267806	31.80495262145996	31.80495262145996	43922	2022/11/30 
2022/12/01 	32.22901787363532	32.44105047226803	31.73427391052246	31.73427391052246	61750	2022/12/01 
2022/12/02 	32.15833231329289	32.865112424617806	31.80494595653931	32.653076171875	82178	2022/12/02 
2022/12/05 	33.35986250855663	33.9252815246582	32.51172843603991	33.9252815246582	112200	2022/12/05 
2022/12/06 	33.64257105740016	34.1373150213994	32.93579449438834	33.218505859375	132886	2022/12/06 
2022/12/07 	33.92528242238682	33.92528242238682	33.218505859375	33.218505859375	30182	2022/12/07 
2022/12/08 	33.9252815246582	34.20799288216378	33.57189510195842	33.9252815246582	42680	2022/12/08 
2022/12/09 	34.13731411805999	34.420025475565566	33.43053757375085	33.9252815246582	32193	2022/12/09 
2022/12/12 	33.571895322684625	33.78392791748047	33.253844581036056	33.78392791748047	50898	2022/12/12 
2022/12/13 	33.35986339132317	33.57189599033575	33.112491409323546	33.218505859375	52270	2022/12/13 
2022/12/14 	33.07715177537057	33.71324956758205	33.04181239265166	33.395198822021484	37467	2022/12/14 
2022/12/15 	33.359862727888775	33.78392791748047	33.359862727888775	33.78392791748047	6859	2022/12/15 
2022/12/16 	33.21850169797763	33.57189178466797	32.90045098984724	33.57189178466797	25449	2022/12/16 
2022/12/19 	33.57189599033575	33.88994303939978	33.218505859375	33.218505859375	17217	2022/12/19 
2022/12/20 	33.21850258875882	33.359860106789256	32.759098052978516	32.759098052978516	20304	2022/12/20 
2022/12/21 	32.75909777104747	33.46587425838908	32.75909777104747	33.0064697265625	8396	2022/12/21 
2022/12/22 	33.00647270918988	33.925281855871155	33.00647270918988	33.64257049560547	21539	2022/12/22 
2022/12/23 	33.28918451550913	34.52604442142613	33.28918451550913	33.35986328125	8293	2022/12/23 
2022/12/26 	33.359862675041555	33.85460662841797	33.324523292813296	33.85460662841797	13033	2022/12/26 
2022/12/27 	33.85460638012862	34.5613829227815	33.57189502328556	34.03129959106445	43092	2022/12/27 
2022/12/28 	34.06663969586152	34.95010946819574	33.21850560733657	33.395198822021484	47592	2022/12/28 
2022/12/29 	34.1373150213994	34.1373150213994	32.93579449438834	33.218505859375	12827	2022/12/29 
2022/12/30 	33.04180908203125	33.88993938666824	33.04180908203125	33.04180908203125	14269	2022/12/30 
2023/01/03 	32.90045511140129	33.88994303939978	32.865119427323926	33.218505859375	20716	2023/01/03 
2023/01/04 	33.00647326036242	33.218505859375	32.865119427323926	33.218505859375	26347	2023/01/04 
2023/01/05 	33.28918254492997	35.69222344877322	33.21850378337298	34.98544692993164	172926	2023/01/05 
2023/01/06 	34.985449832434135	36.25764915145839	34.49070585830858	35.69222640991211	112566	2023/01/06 
2023/01/09 	36.39899871042898	42.4066007625404	36.39899871042898	39.296783447265625	382954	2023/01/09 
2023/01/10 	39.01407113055024	39.08474988789219	35.692221320207956	36.752384185791016	182554	2023/01/10 
2023/01/11 	36.96442045781685	37.03509551624958	36.32831903955779	36.752384185791016	41168	2023/01/11 
2023/01/12 	36.75238845048715	37.459165009192304	36.39900202058941	36.46968078613281	15229	2023/01/12 
2023/01/13 	36.752384139475645	37.317806799680206	36.611030323879106	36.823062896728516	113181	2023/01/13 
2023/01/16 	36.823062896728516	36.823062896728516	36.823062896728516	36.823062896728516	0	2023/01/16 
2023/01/17 	36.89374514755116	37.45916416238759	36.752387619659885	37.105777740478516	28944	2023/01/17 
2023/01/30 	36.82306294313296	37.105774273591514	36.186965223783126	36.752384185791016	40784	2023/01/30 
2023/01/31 	36.39899974272785	36.39899974272785	34.91476795265786	35.126800537109375	92424	2023/01/31 
2023/02/01 	35.48018954577199	36.39899861626334	35.12679945001647	36.04560852050781	20384	2023/02/01 
2023/02/02 	36.399001796893046	36.61103439331055	36.04561167025747	36.61103439331055	11618	2023/02/02 
2023/02/03 	35.69222212366159	36.18696603837375	35.40951078683903	36.04560852050781	20716	2023/02/03 
2023/02/06 	36.2576492666707	36.2576492666707	35.55086898803711	35.55086898803711	2745	2023/02/06 
2023/02/07 	35.55086887507067	35.69222640991211	34.632059694240276	35.69222640991211	20043	2023/02/07 
2023/02/08 	34.66739572637031	35.550865438078105	34.632056346076496	35.33883285522461	63794	2023/02/08 
2023/02/09 	35.76290088259456	36.39899861626334	35.197478208949434	36.04560852050781	21838	2023/02/09 
2023/02/10 	35.692225242531514	36.61103439331055	35.55086771231343	36.61103439331055	15733	2023/02/10 
2023/02/13 	36.61103439331055	36.61103439331055	35.692225242531514	36.61103439331055	301	2023/02/13 
2023/02/14 	36.61103194878977	36.61103194878977	35.19747893444973	35.48019027709961	43561	2023/02/14 
2023/02/15 	35.338835990972996	35.97493749488656	34.98544955449632	35.904258728027344	13332	2023/02/15 
2023/02/16 	35.338831728519075	36.32831954956055	35.338831728519075	36.32831954956055	19138	2023/02/16 
2023/02/17 	36.32831985733037	36.32831985733037	35.40951078683903	36.04560852050781	8178	2023/02/17 
2023/02/20 	36.18696594238281	36.18696594238281	35.55086451149207	36.18696594238281	5021	2023/02/20 
2023/02/21 	36.18696594238281	36.18696594238281	35.69222202898304	36.18696594238281	13174	2023/02/21 
2023/02/22 	36.18696688554798	36.18696688554798	34.91476768951762	35.33883285522461	21952	2023/02/22 
2023/02/23 	35.90425895655805	36.18697032688468	35.33883621590479	35.76290512084961	13723	2023/02/23 
2023/02/24 	34.70273429423728	36.04560852050781	34.63205553530432	36.04560852050781	35875	2023/02/24 
2023/03/01 	34.63205799147676	37.812554283206225	34.38468601657659	37.105777740478516	125801	2023/03/01 
2023/03/02 	36.75238845048715	37.459165009192304	36.46968078613281	36.46968078613281	8917	2023/03/02 
2023/03/03 	36.82306795902428	37.10577932799265	35.833580017089844	35.833580017089844	23020	2023/03/03 
2023/03/06 	36.89374580953253	37.45916483451422	36.46968061606885	36.54035568237305	43019	2023/03/06 
2023/03/07 	37.31781061137674	37.31781061137674	36.46968023334981	36.89374542236328	27925	2023/03/07 
2023/03/08 	36.82306790155836	37.38849063861271	35.904258728027344	35.904258728027344	56937	2023/03/08 
2023/03/09 	36.823063939687245	36.823063939687245	35.76290104541266	35.97493362426758	13036	2023/03/09 
2023/03/10 	35.409515039138974	36.045612849196225	35.33883627171825	35.69222640991211	36218	2023/03/10 
2023/03/13 	36.54035161267441	37.17645303093346	35.33883123240746	36.752384185791016	104748	2023/03/13 
2023/03/14 	36.398997796899735	36.752384185791016	36.04560770909924	36.752384185791016	24694	2023/03/14 
2023/03/15 	35.90425435062154	36.39899826049805	35.90425435062154	36.39899826049805	6996	2023/03/15 
2023/03/16 	35.90425460631018	36.39899851970996	35.69222202898304	36.18696594238281	24969	2023/03/16 
2023/03/17 	36.54035568237305	36.54035568237305	36.54035568237305	36.54035568237305	367	2023/03/17 
2023/03/20 	36.54035207807308	36.75238465389026	35.76290053304651	36.39899826049805	32651	2023/03/20 
2023/03/21 	36.11629048890937	36.61103444758687	35.904257892177526	36.54035568237305	18123	2023/03/21 
2023/03/22 	36.75238465389026	36.75238465389026	35.83357559237939	36.39899826049805	10701	2023/03/22 
2023/03/23 	35.83357902092095	37.17645706146144	35.83357902092095	36.68171310424805	38481	2023/03/23 
2023/03/24 	36.540352435219965	36.540352435219965	35.62154336472862	36.04560852050781	30949	2023/03/24 
2023/03/27 	36.399002987390084	36.54035682332178	35.69222640991211	35.69222640991211	20647	2023/03/27 
2023/03/28 	36.18696594238281	36.18696594238281	36.18696594238281	36.18696594238281	264	2023/03/28 
2023/03/29 	35.48018940487303	36.25764465332031	35.48018940487303	36.25764465332031	30216	2023/03/29 
2023/03/30 	35.833575800315884	36.25764465332031	35.76290074057289	36.25764465332031	7090	2023/03/30 
2023/03/31 	35.409511615812235	35.974934302694486	34.98544645010524	35.33883285522461	46162	2023/03/31 
2023/04/06 	35.02078578129399	35.40951156616211	35.02078578129399	35.40951156616211	15708	2023/04/06 
2023/04/07 	36.04560852050781	36.04560852050781	36.04560852050781	36.04560852050781	2974	2023/04/07 
2023/04/10 	36.257648863413735	36.469681465081685	35.904258728027344	35.904258728027344	35959	2023/04/10 
2023/04/11 	35.69222177480436	36.39899826049805	35.338831682502885	36.39899826049805	41706	2023/04/11 
2023/04/12 	36.39899826049805	36.39899826049805	35.83357559237939	36.39899826049805	13170	2023/04/12 
2023/04/13 	36.54035233829163	36.752384915618784	36.18696594238281	36.18696594238281	17574	2023/04/13 
2023/04/14 	36.75238501310956	36.75238501310956	36.04560852050781	36.04560852050781	79324	2023/04/14 
2023/04/17 	36.5403556282015	37.03509958614554	36.04561167025747	36.61103439331055	24694	2023/04/17 
2023/04/18 	37.10577829645678	37.10577829645678	36.186969147034645	36.68171310424805	49938	2023/04/18 
2023/04/19 	36.32831954956055	36.7523847017471	36.25764449013563	36.32831954956055	22088	2023/04/19 
2023/04/20 	36.89374514755116	37.105777740478516	36.46967996169645	37.105777740478516	6269	2023/04/20 
2023/04/21 	37.03509603617456	37.03509603617456	35.69222182128072	36.32831954956055	115158	2023/04/21 
2023/04/24 	35.69222618206052	36.399002755026586	35.55086864812147	35.833580017089844	21373	2023/04/24 
2023/04/25 	36.04561256283607	36.39900269822246	35.338835990972996	35.904258728027344	44674	2023/04/25 
2023/04/26 	35.409515039138974	36.045612849196225	35.197482435786554	35.69222640991211	43723	2023/04/26 
2023/04/27 	36.045612849196225	36.11629161661695	35.26816120320727	35.69222640991211	34660	2023/04/27 
2023/04/28 	36.68171282785655	36.89374542236328	36.11629010989887	36.89374542236328	22750	2023/04/28 
2023/05/02 	36.11629043536651	36.61103439331055	36.04561167025747	36.61103439331055	15233	2023/05/02 
2023/05/03 	36.68170980741545	36.68170980741545	36.25764465332031	36.25764465332031	4252	2023/05/03 
2023/05/04 	36.681714066749635	36.75238913469914	35.83357996116812	35.904258728027344	26445	2023/05/04 
2023/05/05 	35.90425435062154	36.39899826049805	35.69222177480436	36.39899826049805	23432	2023/05/05 
2023/05/08 	35.69222212366159	36.39899861626334	35.55086460579566	36.04560852050781	68659	2023/05/08 
2023/05/09 	36.39899861626334	36.39899861626334	35.90425470155118	36.04560852050781	22705	2023/05/09 
2023/05/10 	36.116287279440776	36.540352435219965	35.76290088259456	36.04560852050781	62902	2023/05/10 
2023/05/11 	36.0456127922665	36.681714300228855	35.48019375052298	35.76290512084961	64343	2023/05/11 
2023/05/12 	36.04560868461301	36.04560868461301	35.692222286157914	35.97493362426758	12705	2023/05/12 
2023/05/15 	35.97493315570817	36.46967706622891	35.83357563903981	36.32831954956055	34366	2023/05/15 
2023/05/16 	36.25764479730671	36.25764479730671	36.04560852050781	36.04560852050781	9397	2023/05/16 
2023/05/17 	36.32831954956055	36.32831954956055	35.83357563903981	36.32831954956055	10975	2023/05/17 
2023/05/18 	36.328323931363244	36.328323931363244	35.904258728027344	35.904258728027344	3417	2023/05/18 
2023/05/19 	35.90425439737399	36.32831954956055	35.83357563903981	36.32831954956055	15638	2023/05/19 
2023/05/22 	35.90425455896817	36.25764465332031	35.6922219819206	36.25764465332031	28069	2023/05/22 
2023/05/23 	35.83358018924896	36.18697032688468	35.69222635354052	35.76290512084961	53985	2023/05/23 
2023/05/24 	35.69222212366159	36.04560852050781	35.69222212366159	36.04560852050781	15228	2023/05/24 
2023/05/25 	36.25764920895024	36.25764920895024	35.55086893144182	35.62154769897461	75730	2023/05/25 
2023/05/26 	35.69222646650741	36.04561290635186	35.62154769897461	35.62154769897461	4829	2023/05/26 
2023/05/29 	35.62154735950017	35.904258728027344	35.338835990972996	35.904258728027344	57552	2023/05/29 
2023/05/30 	36.045608215133086	36.32831954956055	36.045608215133086	36.32831954956055	19154	2023/05/30 
2023/05/31 	35.76290078772852	36.18696594238281	35.76290078772852	36.18696594238281	4801	2023/05/31 
2023/06/01 	35.55086887507067	36.045612849196225	35.55086887507067	35.69222640991211	6859	2023/06/01 
2023/06/02 	35.55086776501805	36.752388279104885	35.55086776501805	36.54035568237305	53241	2023/06/02 
2023/06/05 	36.04561161702532	36.68171310424805	36.04561161702532	36.68171310424805	14281	2023/06/05 
2023/06/06 	35.974935797667946	37.24713134765625	35.974935797667946	37.24713134765625	56022	2023/06/06 
2023/06/07 	37.2471296650412	39.50881670547716	36.752385740536745	38.660682678222656	245764	2023/06/07 
2023/06/08 	38.02458519302342	38.80204046528369	37.88323137029855	38.44865036010742	89043	2023/06/08 
2023/06/09 	38.095263643712535	38.731361389160156	37.600519719839035	38.731361389160156	48236	2023/06/09 
2023/06/12 	38.02458550716203	38.731362024444174	37.459162813772544	38.16593933105469	64634	2023/06/12 
2023/06/13 	37.67120208130862	40.63966220941407	37.247133178228076	38.87272262573242	150191	2023/06/13 
2023/06/14 	39.72084761978618	40.28627028088186	39.014071142871195	40.07423400878906	188575	2023/06/14 
2023/06/15 	40.074237664861435	40.56898161372957	39.65017247980577	40.28627395629883	61764	2023/06/15 
2023/06/16 	40.00355999082903	41.27575546302035	37.95390556522749	39.226104736328125	224683	2023/06/16 
2023/06/19 	39.57949724948937	41.1344041544983	39.57949724948937	40.35694885253906	107243	2023/06/19 
2023/06/20 	41.13440243477401	41.982532765882624	40.639658508657526	41.77050018310547	141876	2023/06/20 
2023/06/21 	41.346435597491045	41.487793120598134	40.498305254486255	41.2757568359375	92944	2023/06/21 
2023/06/26 	41.346432187690176	41.346432187690176	40.003558022375	40.993045806884766	15099	2023/06/26 
2023/06/27 	40.99305305236803	45.3750664025448	40.99305305236803	44.173545837402344	265946	2023/06/27 
2023/06/28 	43.82015609741211	44.88031904636099	43.39609091783256	43.82015609741211	173773	2023/06/28 
2023/06/29 	43.82015346152832	44.456251192634895	42.1945679049831	42.759986877441406	125819	2023/06/29 
2023/06/30 	42.68931154511206	43.254734261861465	42.26524635700479	43.113380432128906	48169	2023/06/30 
2023/07/03 	43.254731688772935	43.254731688772935	41.699824858572974	41.9825325012207	85462	2023/07/03 
2023/07/04 	42.54795572352468	42.54795572352468	40.28627236022544	41.558467864990234	121600	2023/07/04 
2023/07/05 	41.55846755103894	42.05321147656864	40.49830463841056	41.84117889404297	20256	2023/07/05 
2023/07/06 	41.84117921012999	41.98253303324516	40.993048873620126	41.558467864990234	38066	2023/07/06 
2023/07/07 	41.55846928373135	41.55846928373135	39.367460907737396	40.42762756347656	82210	2023/07/07 
2023/07/10 	40.49830354202507	40.49830354202507	39.57949447631836	39.57949447631836	30991	2023/07/10 
2023/07/11 	39.57949447631836	40.07423468954489	38.8727179873971	39.57949447631836	107107	2023/07/11 
2023/07/12 	39.862202112759434	39.862202112759434	39.226104382403086	39.57949447631836	4420	2023/07/12 
2023/07/13 	38.94339304705273	39.7208482945389	38.94339304705273	39.57949447631836	19850	2023/07/13 
2023/07/14 	39.57949447631836	39.57949447631836	38.8727179873971	39.57949447631836	4855	2023/07/14 
2023/07/17 	38.943396361465936	40.21559562936286	38.943396361465936	39.862205505371094	12348	2023/07/17 
2023/07/18 	39.93288087132434	39.93288087132434	39.01407180561764	39.57949447631836	16929	2023/07/18 
2023/07/19 	39.57949447631836	39.791527053103806	39.367458200623624	39.57949447631836	57099	2023/07/19 
2023/07/20 	39.93288383614607	40.56898161372957	39.720851243618235	40.28627395629883	34683	2023/07/20 
2023/07/21 	40.42762816988671	40.42762816988671	39.43814026273048	39.932884216308594	15886	2023/07/21 
2023/07/24 	39.65017291053987	40.6396608190253	39.579497844869195	39.862205505371094	46771	2023/07/24 
2023/07/25 	39.226109119578425	39.438141721970176	38.80204391479492	38.80204391479492	42118	2023/07/25 
2023/07/26 	38.59000778198242	38.59000778198242	38.59000778198242	38.59000778198242	4458	2023/07/26 
2023/07/27 	38.66068604384819	39.084754943847656	38.66068604384819	39.084754943847656	13733	2023/07/27 
2023/07/28 	38.66068695333516	38.872723257777864	36.82306857277664	38.37797927856445	122263	2023/07/28 
2023/07/31 	38.73136577932612	39.7208537392307	38.23662179937383	38.30730056762695	74097	2023/07/31 
2023/08/01 	38.87271895921832	38.87271895921832	38.660682678222656	38.660682678222656	7236	2023/08/01 
2023/08/02 	38.73136165431236	39.084751759031015	38.165938966326266	38.51932907104492	68733	2023/08/02 
2023/08/04 	38.872720946752565	39.08475353967992	36.752387619659885	37.105777740478516	303827	2023/08/04 
2023/08/07 	37.81255653120347	39.22610970069614	37.81255653120347	38.37797927856445	26354	2023/08/07 
2023/08/08 	38.37797244274319	38.73135882271687	37.24712714944553	37.67119598388672	30456	2023/08/08 
2023/08/09 	38.448650096136376	38.660682678222656	37.883231110209415	38.660682678222656	8462	2023/08/09 
2023/08/10 	37.883231949950314	38.16593959972577	37.529841839366824	37.95390701293945	19711	2023/08/10 
2023/08/11 	37.8832283462396	38.02458215768078	37.45915951409783	37.81254959106445	15096	2023/08/11 
2023/08/14 	36.964423964403785	37.81255433732713	36.752387672263374	37.035099029541016	22088	2023/08/14 
2023/08/15 	37.105781027257194	37.45916748046875	37.105781027257194	37.45916748046875	15102	2023/08/15 
2023/08/16 	38.66068326304313	38.66068326304313	38.16593933105469	38.16593933105469	13949	2023/08/16 
2023/08/17 	38.16593870504491	38.731361389160156	37.81255230165491	38.731361389160156	17267	2023/08/17 
2023/08/18 	37.81255780963185	38.519334418274035	35.76290675424247	37.388492584228516	134920	2023/08/18 
2023/08/21 	37.81255490561612	37.81255490561612	36.61103439331055	36.61103439331055	7597	2023/08/21 
2023/08/22 	36.68170804580266	37.74187088012695	36.68170804580266	37.74187088012695	7124	2023/08/22 
2023/08/23 	38.09526734051917	38.80204391479492	37.812555971026924	38.80204391479492	63436	2023/08/23 
2023/08/24 	42.444235477949015	42.444235477949015	39.50883811649706	40.619529724121094	219010	2023/08/24 
2023/08/25 	40.30219059010292	40.857538299445785	39.90551689017592	40.14352035522461	22122	2023/08/25 
2023/08/28 	40.77820167880013	40.857538684255275	40.30219096968197	40.46086120605469	64917	2023/08/28 
2023/08/29 	40.69886701940582	40.69886701940582	39.270834942173394	40.064186096191406	126463	2023/08/29 
2023/08/30 	38.91382879229755	39.66751335017992	38.87416217728731	39.270835876464844	49361	2023/08/30 
2023/08/31 	38.87416314027987	39.58817732630204	38.080811947734325	38.47748565673828	70926	2023/08/31 
2023/09/01 	38.71549335873393	39.984851507251534	37.96180877328544	39.66751480102539	56543	2023/09/01 
2023/09/04 	39.27083971597969	40.857542216897	38.39815522774412	38.83449935913086	81403	2023/09/04 
2023/09/05 	39.231169705069306	40.46086120605469	39.03283285323781	40.46086120605469	11853	2023/09/05 
2023/09/06 	40.46085949446052	40.619529724121094	39.270834659274904	40.619529724121094	12891	2023/09/06 
2023/09/07 	39.90551662865916	40.69886779785156	39.74684639482067	40.69886779785156	23906	2023/09/07 
2023/09/08 	40.69886779785156	40.69886779785156	40.69886779785156	40.69886779785156	0	2023/09/08 
2023/09/11 	41.09554399916668	42.04756546020508	39.905519060137564	42.04756546020508	51594	2023/09/11 
2023/09/12 	40.460862638372234	40.857540130615234	40.14352215439292	40.857540130615234	33674	2023/09/12 
2023/09/13 	40.778200371398405	48.7117043866008	40.30218967754177	44.11027145385742	270625	2023/09/13 
2023/09/14 	43.63425984977883	45.69697281346221	42.999582712413634	44.903621673583984	50535	2023/09/14 
2023/09/15 	44.98296009415228	45.69697808975374	43.47559464160803	44.427616119384766	166640	2023/09/15 
2023/09/18 	44.82428914027578	45.77631060302424	44.665618896484375	44.665618896484375	103243	2023/09/18 
2023/09/19 	44.82428720351694	46.2523193359375	44.82428720351694	46.2523193359375	65041	2023/09/19 
2023/09/20 	45.77631103086539	45.93498127613979	45.3003002950422	45.855648040771484	41488	2023/09/20 
2023/09/21 	45.53830402017788	45.85564448612703	45.141626550472694	45.300296783447266	20329	2023/09/21 
2023/09/22 	45.062296481112824	47.12500587988612	44.98295947179352	46.41099166870117	73480	2023/09/22 
2023/09/25 	44.98295875910622	45.776309967041016	44.744955283994635	45.776309967041016	32939	2023/09/25 
2023/09/26 	44.82428984785616	45.22096735086537	44.03094239091337	44.427616119384766	36605	2023/09/26 
2023/09/27 	44.82428741455078	44.82428741455078	44.82428741455078	44.82428741455078	311	2023/09/27 
2023/09/28 	43.63426306354477	44.82428797374154	41.6508869550376	42.840911865234375	76697	2023/09/28 
2023/10/02 	42.04756349846262	43.63426208496094	42.04756349846262	43.63426208496094	27039	2023/10/02 
2023/10/03 	42.761578353358665	43.39625930786133	42.602908114733	43.39625930786133	6610	2023/10/03 
2023/10/04 	42.60290447201222	42.84090792233164	41.09553922122305	41.968223571777344	27700	2023/10/04 
2023/10/05 	41.888892563795466	42.99958419799805	41.888892563795466	42.99958419799805	10901	2023/10/05 
2023/10/06 	42.04756343213021	44.0309394930274	42.04756343213021	42.76157760620117	71664	2023/10/06 
2023/10/11 	42.52357657483538	43.634264514875156	41.96822883027771	43.23759078979492	29598	2023/10/11 
2023/10/12 	42.60290698980708	43.07891769311506	42.12689628649911	42.444236755371094	48890	2023/10/12 
2023/10/13 	42.840911865234375	42.840911865234375	42.840911865234375	42.840911865234375	1247	2023/10/13 
2023/10/16 	42.04756617701978	42.682247161865234	42.04756617701978	42.682247161865234	9011	2023/10/16 
2023/10/17 	42.04756512752512	42.602909088134766	42.04756512752512	42.602909088134766	8293	2023/10/17 
2023/10/18 	42.68224643423068	42.68224643423068	42.04756546020508	42.04756546020508	4302	2023/10/18 
2023/10/19 	42.04756476325892	42.84091219310328	42.04756476325892	42.28556823730469	56872	2023/10/19 
2023/10/20 	42.28556549377829	42.36490249633789	41.730221574010926	42.36490249633789	21389	2023/10/20 
2023/10/23 	42.04756203517441	42.36490249633789	41.730221574010926	42.36490249633789	18333	2023/10/23 
2023/10/24 	42.364903834219014	42.364903834219014	41.33354541559874	41.888893127441406	28324	2023/10/24 
2023/10/25 	42.12689971923828	42.12689971923828	41.254215245997806	42.12689971923828	6547	2023/10/25 
2023/10/26 	41.254215245997806	42.12689971923828	41.254215245997806	42.12689971923828	1683	2023/10/26 
2023/10/27 	41.25421188436992	45.53830443960417	41.25421188436992	42.444236755371094	134586	2023/10/27 
2023/10/30 	42.840912903199325	45.14162954677324	41.25421424267308	42.04756546020508	323084	2023/10/30 
2023/10/31 	41.968228050005116	43.39626022791203	39.90551867867729	40.857540130615234	91695	2023/10/31 
2023/11/01 	40.85753773136953	41.25421142578125	40.85753773136953	41.25421142578125	2957	2023/11/01 
2023/11/02 	41.25421218507126	41.888893127441406	41.25421218507126	41.888893127441406	7485	2023/11/02 
2023/11/03 	41.88889378000992	41.88889378000992	41.65088653564453	41.65088653564453	1563	2023/11/03 
2023/11/06 	40.85754016496702	42.20623533574419	40.77820315663663	41.730224609375	38179	2023/11/06 
2023/11/07 	40.698869922843954	41.730224609375	40.698869922843954	41.730224609375	562	2023/11/07 
2023/11/08 	41.73022457428949	41.73022457428949	39.66751520296166	40.857540130615234	68070	2023/11/08 
2023/11/09 	40.7782048477914	42.20623708612235	40.064190615894866	41.571556091308594	45806	2023/11/09 
2023/11/10 	41.571556091308594	41.571556091308594	41.571556091308594	41.571556091308594	250	2023/11/10 
2023/11/13 	40.46086365175727	41.57155537350332	40.06418992411688	40.93687438964844	20026	2023/11/13 
2023/11/14 	40.93687438964844	40.93687438964844	40.93687438964844	40.93687438964844	500	2023/11/14 
2023/11/15 	40.93687438964844	40.93687438964844	39.8261864424402	40.93687438964844	1499	2023/11/15 
2023/11/16 	40.93687438964844	40.93687438964844	40.93687438964844	40.93687438964844	1373	2023/11/16 
2023/11/17 	40.93687164375251	41.01620864868164	39.66751353572447	41.01620864868164	35026	2023/11/17 
2023/11/20 	41.01620864868164	41.01620864868164	41.01620864868164	41.01620864868164	188	2023/11/20 
2023/11/21 	41.01621073804197	41.17488098144531	41.01621073804197	41.17488098144531	3742	2023/11/21 
2023/11/22 	41.17487991462981	41.17487991462981	39.98485123266878	41.095542907714844	3745	2023/11/22 
2023/11/23 	41.095540413102825	41.095540413102825	39.746845348256635	40.619529724121094	16394	2023/11/23 
2023/11/24 	40.619529724121094	40.619529724121094	39.746845348256635	40.619529724121094	326	2023/11/24 
2023/11/27 	40.61953001673529	40.61953001673529	39.66751240645113	40.064186096191406	26565	2023/11/27 
2023/11/28 	41.095540413102825	41.095540413102825	39.66751212069506	40.619529724121094	9229	2023/11/28 
2023/11/29 	39.667514479390114	40.61953213942467	39.667514479390114	40.22285842895508	33536	2023/11/29 
2023/11/30 	40.22285842895508	40.61953213942467	39.74684771166898	40.22285842895508	11873	2023/11/30 
2023/12/01 	40.0641878157387	40.2228580533524	39.66751410897326	39.905517578125	35873	2023/12/01 
2023/12/04 	40.064186352194355	40.064186352194355	39.50883865356445	39.50883865356445	11474	2023/12/04 
2023/12/05 	39.5088407861058	40.064188514711326	39.35017432026157	39.66751480102539	39785	2023/12/05 
2023/12/06 	39.82618573311289	40.30219268798828	39.429508237999734	40.30219268798828	6238	2023/12/06 
2023/12/07 	40.302193750788845	40.38153076171875	39.6675165360388	40.38153076171875	2733	2023/12/07 
2023/12/08 	40.38153076171875	40.38153076171875	40.38153076171875	40.38153076171875	2868	2023/12/08 
2023/12/11 	39.66751480102539	39.66751480102539	39.66751480102539	39.66751480102539	1247	2023/12/11 
2023/12/12 	39.746846315062996	40.381527249143346	39.66751308557171	39.8261833190918	8967	2023/12/12 
2023/12/13 	40.381529631337855	40.381529631337855	38.87416421124301	38.9931640625	63083	2023/12/13 
2023/12/14 	39.667516169698736	40.06418989707135	39.191505432128906	39.191505432128906	6736	2023/12/14 
2023/12/15 	39.19150339613216	39.905517578125	39.11216639005651	39.905517578125	11723	2023/12/15 
2023/12/18 	39.270837931175116	39.667515425644964	38.9931640625	38.9931640625	18709	2023/12/18 
2023/12/19 	38.87416359911584	39.66751480102539	38.87416359911584	39.66751480102539	1510	2023/12/19 
2023/12/20 	39.66751509106453	39.66751509106453	39.11216735839844	39.11216735839844	7620	2023/12/20 
2023/12/21 	39.112167072419865	39.90551827432942	39.112167072419865	39.66751480102539	2084	2023/12/21 
2023/12/22 	39.112165380982646	39.8261833190918	38.95349514746256	39.8261833190918	5503	2023/12/22 
2023/12/25 	38.953495025634766	38.953495025634766	38.953495025634766	38.953495025634766	17	2023/12/25 
2023/12/26 	39.82618533260659	39.905518566108775	39.11216735839844	39.11216735839844	20703	2023/12/26 
2023/12/27 	39.191504403240586	39.9848518371582	39.191504403240586	39.9848518371582	1371	2023/12/27 
2023/12/28 	39.984851507251534	39.984851507251534	39.310503929262836	39.66751480102539	22449	2023/12/28 
2023/12/29 	39.90551827432942	39.984851507251534	39.66751480102539	39.66751480102539	7607	2023/12/29 
2024/01/02 	39.35017395019531	39.984851131216494	39.35017395019531	39.35017395019531	6761	2024/01/02 
2024/01/03 	39.35017395019531	39.35017395019531	39.35017395019531	39.35017395019531	3675	2024/01/03 
2024/01/04 	39.984851507251534	39.984851507251534	39.66751480102539	39.66751480102539	5071	2024/01/04 
2024/01/05 	40.0641878157387	40.14352104727674	39.905517578125	39.905517578125	12970	2024/01/05 
2024/01/08 	40.064188189859706	40.22285842895508	40.064188189859706	40.22285842895508	1385	2024/01/08 
2024/01/09 	39.66751480102539	39.66751480102539	39.42950755318369	39.66751480102539	6360	2024/01/09 
2024/01/10 	39.31050491333008	39.98485250819984	38.95349780716817	39.31050491333008	20056	2024/01/10 
2024/01/11 	39.8261833190918	39.8261833190918	39.8261833190918	39.8261833190918	1	2024/01/11 
2024/01/12 	39.8261833190918	39.8261833190918	39.8261833190918	39.8261833190918	138	2024/01/12 
2024/01/15 	39.8261833190918	39.8261833190918	39.8261833190918	39.8261833190918	0	2024/01/15 
2024/01/16 	39.8261833190918	39.8261833190918	39.8261833190918	39.8261833190918	0	2024/01/16 
2024/01/17 	39.032834124896254	39.11216735839844	38.95349711685637	39.11216735839844	5038	2024/01/17 
2024/01/18 	38.87416076660156	38.87416076660156	38.87416076660156	38.87416076660156	6511	2024/01/18 
2024/01/19 	39.50883865356445	39.50883865356445	39.1518315756095	39.50883865356445	6946	2024/01/19 
2024/01/22 	39.66751335017992	39.66751335017992	39.270835876464844	39.270835876464844	8231	2024/01/22 
2024/01/23 	39.19150164640905	39.667512337998424	39.19150164640905	39.62784194946289	961	2024/01/23 
2024/01/24 	39.66751480102539	39.66751480102539	39.66751480102539	39.66751480102539	124	2024/01/24 
2024/01/25 	39.667514380933525	39.667514380933525	38.9138298034668	38.9138298034668	399	2024/01/25 
2024/01/26 	39.66751480102539	39.66751480102539	39.66751480102539	39.66751480102539	1496	2024/01/26 
2024/01/29 	38.91382879229755	39.66751335017992	38.91382879229755	39.270835876464844	11393	2024/01/29 
2024/01/30 	38.87416255207647	39.58817672729492	38.87416255207647	39.58817672729492	10227	2024/01/30 
2024/01/31 	39.5881754037806	40.064186096191406	39.270834942173394	40.064186096191406	13146	2024/01/31 
2024/02/01 	39.11216493582738	39.46917201354992	39.0724983215332	39.0724983215332	14218	2024/02/01 
2024/02/02 	39.746845634584204	40.064186096191406	39.66751240645113	40.064186096191406	6486	2024/02/02 
2024/02/05 	40.064186096191406	40.064186096191406	39.66751240645113	40.064186096191406	8730	2024/02/05 
2024/02/15 	40.06418809041856	40.06418809041856	38.87416318742582	38.9138298034668	65041	2024/02/15 
2024/02/16 	39.50883865356445	39.82618289173688	38.794824497654545	39.50883865356445	20204	2024/02/16 
2024/02/19 	39.50884111379918	39.98485183889303	39.19150440494099	39.54851150512695	15340	2024/02/19 
2024/02/20 	39.90551827432942	39.90551827432942	39.66751480102539	39.66751480102539	4864	2024/02/20 
2024/02/21 	39.66751512831378	39.9848518371582	39.27083763681726	39.9848518371582	4672	2024/02/21 
2024/02/22 	39.270835193106976	39.98484934901688	39.1121649612895	39.50883865356445	21751	2024/02/22 
2024/02/23 	39.50883865356445	39.50883865356445	39.50883865356445	39.50883865356445	212	2024/02/23 
2024/02/26 	39.508839721971995	39.984850430296824	38.913829167469146	39.58817672729492	10639	2024/02/26 
2024/02/27 	40.06418678210317	40.06418678210317	39.072498766237004	39.8261833190918	10270	2024/02/27 
2024/02/29 	39.82618263725473	40.064186096191406	39.66751240645113	40.064186096191406	8800	2024/02/29 
2024/03/01 	39.984851507251534	40.064188514711326	39.27083731280178	39.66751480102539	5487	2024/03/01 
2024/03/04 	39.270835876464844	40.06418704935745	38.318818243531254	39.270835876464844	19593	2024/03/04 
2024/03/05 	39.072497608992975	39.66751191070463	38.87416076660156	38.87416076660156	14529	2024/03/05 
2024/03/06 	38.8741617963916	39.905516423777826	38.477484326563236	38.953495025634766	17775	2024/03/06 
2024/03/07 	39.66751480102539	39.66751480102539	39.66751480102539	39.66751480102539	2269	2024/03/07 
2024/03/08 	39.667514332825405	39.667514332825405	38.47748565673828	38.47748565673828	6697	2024/03/08 
2024/03/11 	39.66751480102539	39.66751480102539	39.66751480102539	39.66751480102539	149	2024/03/11 
2024/03/12 	39.66751480102539	39.66751480102539	39.66751480102539	39.66751480102539	149	2024/03/12 
2024/03/13 	39.66751480102539	39.66751480102539	39.66751480102539	39.66751480102539	24	2024/03/13 
2024/03/14 	38.55682275574678	40.06418813793017	38.55682275574678	39.35017395019531	32715	2024/03/14 
2024/03/15 	39.98485004479942	40.06418704935745	38.87416217728731	39.270835876464844	16652	2024/03/15 
2024/03/18 	39.270835876464844	39.270835876464844	39.270835876464844	39.270835876464844	0	2024/03/18 
2024/03/19 	39.50883790734661	39.50883790734661	38.596486922531135	38.87416076660156	8855	2024/03/19 
2024/03/20 	39.50883717945944	39.50883717945944	38.67582321166992	38.67582321166992	3891	2024/03/20 
2024/03/21 	39.50883865356445	39.50883865356445	38.874161500832024	39.50883865356445	7732	2024/03/21 
2024/03/22 	39.270835193106976	39.50883865356445	38.71549126901455	39.50883865356445	12621	2024/03/22 
2024/03/25 	39.50883865356445	39.50883865356445	39.50883865356445	39.50883865356445	0	2024/03/25 
2024/03/26 	39.270834451384395	39.46917129377581	38.477483307281325	38.87416076660156	42704	2024/03/26 
2024/03/27 	39.429508209228516	39.429508209228516	38.47748675109692	39.429508209228516	1546	2024/03/27 
2024/03/28 	39.42950649118664	39.58817672729492	38.47748507453699	39.58817672729492	21726	2024/03/28 
2024/03/29 	39.50883965315714	39.50883965315714	38.59648862802683	38.715492248535156	13744	2024/03/29 
2024/04/01 	39.270834874405224	39.62784194946289	38.556820724289885	39.62784194946289	8643	2024/04/01 
2024/04/02 	39.62784194946289	40.06418602705418	39.270834874405224	39.62784194946289	29485	2024/04/02 
2024/04/03 	39.984850360652864	39.984850360652864	38.715492248535156	38.715492248535156	13744	2024/04/03 
2024/04/08 	39.66751308557171	39.8261833190918	38.75515829919683	39.8261833190918	6136	2024/04/08 
2024/04/09 	39.90551827432942	39.90551827432942	38.75515997519499	39.66751480102539	11763	2024/04/09 
2024/04/10 	39.90551612037688	39.90551612037688	38.4774840340196	39.50883865356445	14097	2024/04/10 
2024/04/11 	39.50883998544021	39.50883998544021	38.55682233697952	38.59648895263672	11399	2024/04/11 
2024/04/12 	39.46917310657932	39.58817672729492	39.46917310657932	39.58817672729492	8032	2024/04/12 
2024/04/15 	39.66751335017992	39.66751335017992	38.794825172729276	39.270835876464844	7509	2024/04/15 
2024/04/16 	38.636156994118856	39.508841443470615	38.55682375987676	39.429508209228516	14632	2024/04/16 
2024/04/17 	38.51715471572232	38.953495025634766	38.477484326563236	38.953495025634766	13458	2024/04/17 
2024/04/18 	38.517156139658766	39.35017395019531	38.517156139658766	39.35017395019531	8867	2024/04/18 
2024/04/19 	38.59648862802683	39.15183256616973	38.47748500751851	38.715492248535156	9557	2024/04/19 
2024/04/22 	39.072497608992975	39.50883790734661	38.87416076660156	38.87416076660156	16266	2024/04/22 
2024/04/23 	38.71549194270879	39.270835876464844	37.92214076981618	39.270835876464844	55630	2024/04/23 
2024/04/24 	39.270834451384395	39.46917129377581	38.31881685299811	38.87416076660156	21410	2024/04/24 
2024/04/25 	39.42950642250997	39.50883965315714	38.715492248535156	38.715492248535156	17460	2024/04/25 
2024/04/26 	39.11216703050356	39.231170654296875	38.75515993366128	39.231170654296875	13841	2024/04/26 
2024/04/29 	38.874164245920625	39.58817845225045	38.715494002898694	39.429508209228516	46079	2024/04/29 
2024/04/30 	39.270835876464844	39.62784296063213	38.87416217728731	39.270835876464844	57957	2024/04/30 
2024/05/02 	39.42950960558635	39.42950960558635	39.07250248977837	39.38984298706055	30835	2024/05/02 
2024/05/03 	39.58817634562189	39.66751335017992	38.87416217728731	39.270835876464844	46895	2024/05/03 
2024/05/06 	39.62784296063213	39.66751335017992	39.270835876464844	39.270835876464844	6073	2024/05/06 
2024/05/07 	39.627844410026654	39.66751480102539	39.310503929262836	39.66751480102539	28774	2024/05/07 
2024/05/08 	39.27083694348163	39.35017395019531	39.27083694348163	39.35017395019531	3458	2024/05/08 
2024/05/09 	39.38983923327718	39.8261833190918	39.38983923327718	39.8261833190918	374	2024/05/09 
2024/05/10 	39.38983949603312	39.46917272605361	38.87416217728731	39.270835876464844	83438	2024/05/10 
2024/05/13 	39.54851150512695	39.54851150512695	39.54851150512695	39.54851150512695	212	2024/05/13 
2024/05/14 	39.5485118351294	39.5485118351294	38.874164245920625	39.429508209228516	31940	2024/05/14 
2024/05/15 	39.42950649118664	39.58817672729492	39.19150302429302	39.58817672729492	5038	2024/05/15 
2024/05/16 	39.58817672729492	39.58817672729492	38.79482554675354	39.58817672729492	14261	2024/05/16 
2024/05/17 	38.8741635574546	39.58817775113915	38.4774860696561	39.231170654296875	75086	2024/05/17 
2024/05/20 	39.429506111043366	39.508839341063855	38.47748470357224	39.270835876464844	38438	2024/05/20 
2024/05/21 	38.8741617963916	39.58817595773014	38.477484326563236	38.953495025634766	88802	2024/05/21 
2024/05/22 	39.11216735839844	39.11216735839844	39.11216735839844	39.11216735839844	3991	2024/05/22 
2024/05/23 	38.55682030896033	39.66751191070463	38.55682030896033	38.87416076660156	52009	2024/05/23 
2024/05/24 	38.8741635574546	39.38984089450874	38.8741635574546	39.231170654296875	64483	2024/05/24 
2024/05/27 	38.9534954073078	39.270835876464844	38.794825172729276	39.270835876464844	17462	2024/05/27 
2024/05/28 	38.75516025856321	39.11216735839844	38.47748639223016	39.11216735839844	71194	2024/05/28 
2024/05/29 	39.27083935694527	39.38984298706055	38.47748811373984	39.38984298706055	36474	2024/05/29 
2024/05/30 	39.389839875793974	39.58817672729492	38.87416255207647	39.58817672729492	35656	2024/05/30 
2024/05/31 	38.755157568817765	39.62784194946289	38.755157568817765	39.62784194946289	11224	2024/05/31 
2024/06/03 	38.794827593189595	39.746849060058594	38.7154943582194	39.746849060058594	17710	2024/06/03 
2024/06/04 	39.7468455659946	39.7468455659946	38.953494413345645	39.62784194946289	16525	2024/06/04 
2024/06/05 	38.675826285777894	39.42950708779293	38.080811947734325	38.47748565673828	83357	2024/06/05 
2024/06/06 	38.87416076660156	39.231167837813594	38.08080962249849	38.87416076660156	132705	2024/06/06 
2024/06/07 	39.548507842483104	47.839014936157696	38.874160321353536	43.15824890136719	308105	2024/06/07 
2024/06/11 	40.54019821150984	42.523574278900035	40.46086120605469	40.46086120605469	204899	2024/06/11 
2024/06/12 	41.254214146814554	41.254214146814554	39.66751548997517	40.30219268798828	96994	2024/06/12 
2024/06/13 	40.46086120605469	40.69886844788256	40.30219096968197	40.46086120605469	28936	2024/06/13 
2024/06/14 	40.3021903259866	40.69886779785156	39.90551662865916	40.69886779785156	54627	2024/06/14 
2024/06/17 	40.61953144242741	41.17487915700072	40.14352073330925	40.46086120605469	48279	2024/06/17 
2024/06/18 	40.22285680068078	41.25421142578125	40.22285680068078	41.25421142578125	27065	2024/06/18 
2024/06/19 	40.936874048600615	41.88889551645159	40.936874048600615	41.492218017578125	19531	2024/06/19 
2024/06/20 	42.04756546020508	42.20623570371148	41.25421424267308	42.04756546020508	79323	2024/06/20 
2024/06/21 	42.444236755371094	42.76157722424308	41.80955581762712	42.444236755371094	93892	2024/06/21 
2024/06/24 	42.60290905378298	42.84091252969872	41.730224609375	41.730224609375	79603	2024/06/24 
2024/06/25 	42.4442391817022	42.4442391817022	41.4922177206638	42.04756546020508	53194	2024/06/25 
2024/06/26 	41.88889521669868	42.52357619072428	41.4922177206638	42.04756546020508	45263	2024/06/26 
2024/06/27 	42.20623570371148	42.20623570371148	41.41288448617948	42.04756546020508	23689	2024/06/27 
2024/06/28 	42.04756476325892	42.28556823730469	41.65088727379904	42.28556823730469	10956	2024/06/28 
2024/07/01 	42.36490561202712	43.15825304874441	41.730224643023114	42.602909088134766	91709	2024/07/01 
2024/07/02 	42.602907953766476	46.490323123600994	42.602907953766476	45.69697570800781	339859	2024/07/02 
2024/07/03 	45.45896857271289	47.60101490393401	45.30029833430623	47.442344665527344	122500	2024/07/03 
2024/07/04 	47.52167549989055	49.505051492639396	47.36300904402658	47.83901596069336	153534	2024/07/04 
2024/07/05 	48.31502811558927	48.39436512046219	47.20434024366887	48.235694885253906	129642	2024/07/05 
2024/07/08 	47.283674844037456	49.10838071453433	47.283674844037456	48.63236999511719	44956	2024/07/08 
2024/07/09 	47.680350272117124	48.71170489905443	47.601013268370984	48.473697662353516	60928	2024/07/09 
2024/07/10 	48.39436340332031	48.39436340332031	47.75968248500711	48.39436340332031	29335	2024/07/10 
2024/07/11 	48.55303671460364	48.87037719390213	47.75968551635742	47.75968551635742	80201	2024/07/11 
2024/07/12 	48.5530398702901	48.5530398702901	47.9976921081543	47.9976921081543	14852	2024/07/12 
2024/07/15 	48.55303955078125	48.55303955078125	47.75968830619221	48.55303955078125	20844	2024/07/15 
2024/07/16 	47.83902185819234	48.39436962032814	47.75968862048032	47.9976921081543	32216	2024/07/16 
2024/07/17 	48.394366474954396	48.55303671460364	47.75968551635742	47.75968551635742	28203	2024/07/17 
2024/07/18 	47.75968690285074	48.1563606262207	47.6010166585952	48.1563606262207	40364	2024/07/18 
2024/07/19 	47.60101490393401	48.077025619153986	47.442344665527344	47.442344665527344	19961	2024/07/19 
2024/07/22 	47.9976917573116	47.9976917573116	46.49032628096016	46.80766677856445	94295	2024/07/22 
2024/07/23 	47.125003814697266	47.839017994591515	46.410989634803016	47.125003814697266	37209	2024/07/23 
2024/07/26 	47.20434082053974	47.20434082053974	46.49032286610789	47.125003814697266	17712	2024/07/26 
2024/07/29 	46.4903259234057	47.12500691373298	45.61764144897461	45.61764144897461	44364	2024/07/29 
2024/07/30 	44.82428741455078	45.617638602963986	43.872269762992545	44.82428741455078	71895	2024/07/30 
2024/07/31 	43.872269762992545	45.617638602963986	43.872269762992545	44.82428741455078	45138	2024/07/31 
2024/08/01 	44.03094000067519	45.141627889916066	44.03094000067519	44.82428741455078	14339	2024/08/01 
2024/08/02 	44.2689424534001	44.74495315551758	44.18960544911175	44.74495315551758	6434	2024/08/02 
2024/08/05 	44.824288705111066	44.824288705111066	42.206235369776124	42.602909088134766	36888	2024/08/05 
2024/08/06 	42.6029094252086	42.6029094252086	41.6508879641702	42.04756546020508	13477	2024/08/06 
2024/08/07 	42.60290883765834	44.030941009521484	42.444238596340206	44.030941009521484	27277	2024/08/07 
2024/08/08 	43.23758736121237	43.554927825927734	42.84090989304942	43.554927825927734	5738	2024/08/08 
2024/08/09 	43.55492954648699	44.34828073961532	43.316922301279675	43.39625930786133	15578	2024/08/09 
2024/08/12 	43.79293201269365	44.189605712890625	43.47559154272104	44.189605712890625	9604	2024/08/12 
2024/08/13 	42.84091090444299	45.22096444599683	42.84091090444299	43.63426208496094	32416	2024/08/13 
2024/08/14 	44.427616119384766	44.50695312980174	43.71360189832112	44.427616119384766	35670	2024/08/14 
2024/08/15 	44.50694799091357	44.903621673583984	43.71359685103535	44.903621673583984	60492	2024/08/15 
2024/08/16 	44.98295802637848	45.14162826538086	43.95160336013184	45.14162826538086	25779	2024/08/16 
2024/08/19 	45.22096338450184	46.728328704833984	44.42761222260663	46.728328704833984	27790	2024/08/19 
2024/08/20 	47.28367660537517	56.32786928758796	46.17298488536143	51.091758728027344	367114	2024/08/20 
2024/08/21 	56.89013408897854	56.89013408897854	51.47202373480031	52.01383590698242	69173	2024/08/21 
2024/08/22 	53.548963308011245	53.548963308011245	50.74960930023311	51.92353439331055	50146	2024/08/22 
2024/08/23 	51.9235366296843	52.28474349175452	50.47870539218904	52.19443893432617	19508	2024/08/23 
2024/08/26 	51.8332320363766	52.82655185368571	51.472025174556414	52.64595031738281	45301	2024/08/26 
2024/08/27 	52.8265495300293	52.8265495300293	51.47202291048092	52.8265495300293	6769	2024/08/27 
2024/08/28 	53.09745648633188	53.09745648633188	51.56232452392578	51.56232452392578	13401	2024/08/28 
2024/08/29 	53.097455714705525	53.097455714705525	51.472023010253906	51.472023010253906	7973	2024/08/29 
2024/08/30 	52.6459511738668	52.6459511738668	51.020518374625	51.83323287963867	7733	2024/08/30 
2024/09/02 	52.46534359872831	52.46534359872831	50.56900478261593	51.110816955566406	14132	2024/09/02 
2024/09/03 	50.65930946320971	51.291422403481356	49.756290435791016	49.756290435791016	8988	2024/09/03 
2024/09/04 	51.381722350881056	51.381722350881056	48.94357518382919	50.117496490478516	6773	2024/09/04 
2024/09/05 	51.110816955566406	51.110816955566406	51.110816955566406	51.110816955566406	173	2024/09/05 
2024/09/06 	51.11081620632445	51.11081620632445	49.66598881858886	51.02051544189453	4750	2024/09/06 
2024/09/09 	50.569004146729135	51.02051554824837	49.66598892211914	49.66598892211914	12725	2024/09/09 
2024/09/10 	49.395085709141625	50.93021774291992	49.395085709141625	50.93021774291992	2201	2024/09/10 
2024/09/11 	49.30478355625604	50.117498040673496	49.30478355625604	49.84659194946289	9534	2024/09/11 
2024/09/12 	49.3950850870366	50.38840491068529	49.3950850870366	49.93689727783203	5012	2024/09/12 
2024/09/13 	49.936894961400576	50.839910185218756	49.936894961400576	50.117496490478516	17710	2024/09/13 
2024/09/16 	50.930214695111175	51.02051545957238	50.38840252991548	50.56900405883789	8800	2024/09/16 
2024/09/18 	48.58236465202144	48.762969970703125	48.58236465202144	48.762969970703125	6710	2024/09/18 
2024/09/19 	48.762969970703125	48.762969970703125	48.762969970703125	48.762969970703125	1321	2024/09/19 
2024/09/20 	48.13085930918163	48.582366943359375	48.04055854018896	48.582366943359375	7920	2024/09/20 
2024/09/23 	46.956937281085516	48.762971581489865	46.956937281085516	48.040557861328125	30923	2024/09/23 
2024/09/24 	47.22783884951868	48.04055711396808	46.6860304624334	47.95025634765625	47412	2024/09/24 
2024/09/25 	48.04055722353981	49.395083878163916	46.595726013183594	46.595726013183594	67490	2024/09/25 
2024/09/26 	47.85995181926604	47.95025637484338	46.595725933326385	47.49874496459961	4301	2024/09/26 
2024/09/27 	48.311464049411605	50.29810367839969	47.13753890991211	47.13753890991211	57206	2024/09/27 
2024/09/30 	47.13753890991211	47.408445002813096	47.13753890991211	47.13753890991211	135	2024/09/30 
2024/10/01 	47.13753972224591	49.033878616018576	46.3248252187516	46.77633285522461	61358	2024/10/01 
2024/10/04 	48.40176318683751	48.40176318683751	47.5890449355119	47.85995101928711	28227	2024/10/04 
2024/10/07 	46.77633122874523	48.672670056579506	46.05391751982197	47.95025634765625	78419	2024/10/07 
2024/10/08 	46.956937470790756	47.679351193871035	45.33150469925294	46.234519958496094	128367	2024/10/08 
2024/10/09 	44.87999182724665	47.4987443305308	44.699390296931476	46.053916931152344	139155	2024/10/09 
2024/10/11 	45.24120010728508	46.8666328775772	45.15089933927285	46.686031341552734	11668	2024/10/11 
2024/10/14 	45.06059648607575	46.686029181150765	44.834842681884766	44.834842681884766	6660	2024/10/14 
2024/10/15 	44.834846330158754	45.963619232177734	44.834846330158754	45.963619232177734	1389	2024/10/15 
2024/10/16 	44.83484485097691	45.78301239013672	44.78969257226858	45.78301239013672	4856	2024/10/16 
2024/10/17 	44.69939124493028	47.8599521954044	43.390013070911365	43.88667297363281	138399	2024/10/17 
2024/10/18 	43.209410096392084	46.05391637268369	42.89335173835178	43.028804779052734	128593	2024/10/18 
2024/10/21 	44.247878238503695	44.60908508300781	42.486996292501445	44.60908508300781	3567	2024/10/21 
2024/10/22 	42.983659136510006	44.60908815407234	42.983659136510006	44.5187873840332	2334	2024/10/22 
2024/10/23 	44.69939041137695	44.69939041137695	44.69939041137695	44.69939041137695	2376	2024/10/23 
2024/10/24 	43.88667371228607	45.512106493024184	43.3448653115163	44.20273208618164	27296	2024/10/24 
2024/10/25 	42.89335238994826	45.06059728487211	42.89335238994826	44.24787902832031	12267	2024/10/25 
2024/10/28 	45.06059751487611	45.06059751487611	37.92675364643651	41.76457977294922	102479	2024/10/28 
2024/10/29 	41.08732059925506	41.80973434448242	41.08732059925506	41.80973434448242	13234	2024/10/29 
2024/10/30 	41.990337396947936	41.990337396947936	40.18429934266292	41.53882598876953	25742	2024/10/30 
2024/11/01 	41.53882598876953	41.53882598876953	41.53882598876953	41.53882598876953	22	2024/11/01 
2024/11/04 	41.49367983983981	41.99033976438802	41.08732068633276	41.132469177246094	8009	2024/11/04 
2024/11/05 	41.94518739536437	41.94518739536437	41.08732059925506	41.80973434448242	5451	2024/11/05 
2024/11/06 	41.99033737182617	41.99033737182617	41.99033737182617	41.99033737182617	110	2024/11/06 
2024/11/07 	41.990337322027045	42.44184494018555	41.08731829649574	42.44184494018555	5610	2024/11/07 
2024/11/08 	42.441846358076404	43.344865413775636	42.441846358076404	43.299713134765625	9300	2024/11/08 
2024/11/11 	43.299713134765625	43.299713134765625	42.441846358076404	43.299713134765625	661	2024/11/11 
2024/11/12 	43.2997116141772	43.34486389160156	42.8933524850008	43.34486389160156	2972	2024/11/12 
2024/11/13 	43.34486389160156	43.34486389160156	43.34486389160156	43.34486389160156	111	2024/11/13 
2024/11/14 	43.344865413775636	43.344865413775636	43.299713134765625	43.299713134765625	551	2024/11/14 
2024/11/15 	43.25455948789029	43.25455948789029	41.08731836980542	41.53882598876953	30430	2024/11/15 
2024/11/18 	41.629127502441406	41.629127502441406	41.629127502441406	41.629127502441406	111	2024/11/18 
2024/11/19 	41.629127502441406	41.629127502441406	41.629127502441406	41.629127502441406	1	2024/11/19 
2024/11/20 	41.629127502441406	41.629127502441406	41.629127502441406	41.629127502441406	0	2024/11/20 
2024/11/21 	41.629127502441406	41.629127502441406	41.629127502441406	41.629127502441406	266	2024/11/21 
2024/11/22 	39.82309187245668	40.59065784417109	39.73279110790623	40.093997955322266	21230	2024/11/22 
2024/11/25 	39.37158647740614	40.364906311035156	39.37158647740614	40.364906311035156	13508	2024/11/25 
2024/11/26 	40.455205556909995	40.8164124110597	39.73279184861059	40.18429946899414	4326	2024/11/26 
2024/11/27 	39.73279327796311	40.81641387939453	39.73279327796311	40.81641387939453	253	2024/11/27 
2024/11/28 	40.81641387939453	40.81641387939453	40.81641387939453	40.81641387939453	110	2024/11/28 
2024/11/29 	39.73279172369881	41.53882598876953	39.73279172369881	41.53882598876953	10814	2024/11/29 
2024/12/02 	41.53882598876953	41.53882598876953	41.53882598876953	41.53882598876953	121	2024/12/02 
2024/12/03 	40.635807115830666	41.7194314681995	38.01705836884414	39.95854568481445	61281	2024/12/03 
2024/12/04 	39.41673348297065	40.63580708937769	38.82977281862917	40.18429946899414	19610	2024/12/04 
2024/12/05 	41.448524475097656	41.448524475097656	40.18429861774735	41.448524475097656	3586	2024/12/05 
2024/12/06 	40.63580924036931	41.35822677612305	40.63580924036931	41.35822677612305	3411	2024/12/06 
2024/12/09 	41.35822677612305	41.35822677612305	41.35822677612305	41.35822677612305	572	2024/12/09 
2024/12/10 	41.358224533942355	41.358224533942355	40.184299417548004	40.635807037353516	4983	2024/12/10 
2024/12/11 	39.552188873291016	39.552188873291016	39.552188873291016	39.552188873291016	994	2024/12/11 
2024/12/12 	39.326432876269024	39.687639731884005	38.60401916503906	38.60401916503906	31004	2024/12/12 
2024/12/13 	39.281279706725506	40.093997955322266	39.281279706725506	40.093997955322266	17875	2024/12/13 
2024/12/16 	40.093997955322266	40.093997955322266	40.093997955322266	40.093997955322266	110	2024/12/16 
2024/12/17 	40.093998865406235	40.093998865406235	37.92675394250202	38.60401916503906	40950	2024/12/17 
2024/12/18 	38.10735845995129	39.281279768598935	37.92675314135168	39.19097900390625	33550	2024/12/18 
2024/12/19 	39.732791900634766	39.732791900634766	39.732791900634766	39.732791900634766	110	2024/12/19 
2024/12/20 	38.55886832760135	39.7327934941159	38.37826678765418	39.23613357543945	23980	2024/12/20 
2024/12/23 	39.28128046458393	39.95854568481445	39.28128046458393	39.95854568481445	3410	2024/12/23 
2024/12/24 	38.82977432353215	39.913394927978516	38.82977432353215	39.913394927978516	2200	2024/12/24 
2024/12/25 	38.82977294921875	39.91339351531222	38.82977294921875	38.82977294921875	1160	2024/12/25 
2024/12/26 	39.91339346090796	39.91339346090796	38.82977289629152	39.281280517578125	3619	2024/12/26 
2024/12/27 	39.28127908204744	39.28127908204744	37.97190475463867	37.97190475463867	381	2024/12/27 
2024/12/30 	37.97190475463867	37.97190475463867	37.97190475463867	37.97190475463867	0	2024/12/30 
2024/12/31 	37.926755258552944	39.913394927978516	37.926755258552944	39.913394927978516	7920	2024/12/31 
2025/01/02 	38.920074462890625	38.920074462890625	38.920074462890625	38.920074462890625	2908	2025/01/02 
2025/01/03 	39.28128057112078	39.28128057112078	38.37826532731672	38.82977294921875	3666	2025/01/03 
2025/01/06 	37.92675391620036	38.82977294921875	37.92675391620036	38.82977294921875	2564	2025/01/06 
2025/01/07 	37.92675543863771	38.82977450790465	37.92675543863771	38.558868408203125	14742	2025/01/07 
2025/01/08 	38.649169178365476	38.649169178365476	37.92675543863771	38.558868408203125	3312	2025/01/08 
2025/01/09 	37.38494643791073	37.92675483954082	37.11404034248847	37.33979415893555	30008	2025/01/09 
2025/01/10 	37.33979344018328	37.33979344018328	36.57222744766655	37.023738861083984	4085	2025/01/10 
2025/01/13 	37.02373894944361	37.02373894944361	36.12071990966797	36.12071990966797	7934	2025/01/13 
2025/01/14 	37.02373806631993	37.384944915771484	37.02373806631993	37.384944915771484	9130	2025/01/14 
2025/01/15 	37.384947294125894	37.384947294125894	36.75283432006836	36.75283432006836	8989	2025/01/15 
2025/01/16 	37.294640359081875	37.294640359081875	36.66252742527904	37.15918731689453	12419	2025/01/16 
2025/01/17 	37.294639587402344	37.294639587402344	37.294639587402344	37.294639587402344	331	2025/01/17 
2025/01/20 	36.662528245100056	37.023738891819605	36.03041908637671	36.572227478027344	26213	2025/01/20 
2025/01/21 	36.57222675327419	36.57222675327419	34.76619250153842	36.25617218017578	36545	2025/01/21 
2025/01/22 	36.25617218017578	36.25617218017578	35.217700117168796	36.25617218017578	12029	2025/01/22 
2025/02/03 	36.25617218017578	36.25617218017578	36.25617218017578	36.25617218017578	1100	2025/02/03 
2025/02/04 	35.98526609511185	36.25617218017578	35.037098586602355	36.25617218017578	1430	2025/02/04 
2025/02/05 	36.301321387594854	36.572227478027344	34.49528710006884	36.572227478027344	48798	2025/02/05 
2025/02/06 	37.47524642944336	37.47524642944336	37.023738805913084	37.47524642944336	10366	2025/02/06 
2025/02/07 	36.120718371366756	36.391624450683594	35.94011305541746	36.391624450683594	32026	2025/02/07 
2025/02/10 	36.39162748493648	36.52708053588867	36.12072138303209	36.52708053588867	7922	2025/02/10 
2025/02/11 	36.52707898909816	37.023738891819605	35.75951299594422	36.572227478027344	11471	2025/02/11 
2025/02/12 	37.023738861083984	37.023738861083984	37.023738861083984	37.023738861083984	332	2025/02/12 
2025/02/13 	37.023738021159744	37.83645248413086	36.211019768974374	37.83645248413086	7828	2025/02/13 
2025/02/14 	37.83645248413086	37.83645248413086	36.57222661798534	37.83645248413086	1982	2025/02/14 
2025/02/17 	37.836453231070905	37.926753997802734	37.836453231070905	37.926753997802734	3161	2025/02/17 
2025/02/18 	37.926753997802734	38.062207042507644	37.02373875205576	37.926753997802734	11496	2025/02/18 
2025/02/19 	37.023740263651085	37.92675554626612	37.023740263651085	37.88160705566406	3410	2025/02/19 
2025/02/20 	36.84313198226305	38.01705706052506	36.84313198226305	37.294639587402344	26412	2025/02/20 
2025/02/21 	36.843132767604985	37.836452551456205	36.843132767604985	36.933433532714844	5857	2025/02/21 
2025/02/24 	37.11403949071274	38.378265380859375	37.11403949071274	38.378265380859375	1509	2025/02/24 
2025/02/25 	38.378265380859375	38.378265380859375	37.9267539691131	38.378265380859375	8195	2025/02/25 
2025/02/26 	38.19766153833925	38.558868408203125	38.19766153833925	38.558868408203125	2420	2025/02/26 
2025/02/27 	38.558867662948295	38.558867662948295	38.01705926323163	38.46856689453125	3520	2025/02/27 
2025/03/03 	38.46856689453125	38.46856689453125	38.46856689453125	38.46856689453125	220	2025/03/03 
2025/03/04 	38.46856775843525	38.55886852888021	37.2043418153478	37.65584945678711	5171	2025/03/04 
2025/03/05 	38.55886541730931	38.55886541730931	36.797979695050394	37.746150970458984	23829	2025/03/05 
2025/03/06 	37.92675250812586	37.92675250812586	36.75283121907803	37.294639587402344	16832	2025/03/06 
2025/03/07 	37.294639587402344	37.294639587402344	37.294639587402344	37.294639587402344	2420	2025/03/07 
2025/03/10 	37.47524637492925	37.926753997802734	37.02373875205576	37.926753997802734	4598	2025/03/10 
2025/03/11 	37.92675490589236	37.92675490589236	36.88828659057617	36.88828659057617	4860	2025/03/11 
2025/03/12 	36.39162594388191	37.023738891819605	36.39162594388191	36.572227478027344	5183	2025/03/12 
2025/03/13 	37.565547943115234	37.565547943115234	36.5722281202298	37.565547943115234	1320	2025/03/13 
2025/03/14 	37.56554725228483	37.65584801928258	37.023738861083984	37.023738861083984	7762	2025/03/14 
2025/03/17 	37.926753184740214	38.739471435546875	37.655847101137994	38.739471435546875	12540	2025/03/17 
2025/03/18 	38.73947218268121	38.82977294921875	38.37826532731672	38.82977294921875	18700	2025/03/18 
2025/03/19 	39.01037747452088	39.37158432250587	38.82977215592127	39.19097900390625	38643	2025/03/19 
2025/03/20 	39.28128116343935	40.99701848881002	39.28128116343935	40.50035858154297	72707	2025/03/20 
2025/03/21 	41.08731818024612	44.20273058868244	40.8615643718056	43.79637145996094	133785	2025/03/21 
2025/03/24 	43.88667210877457	47.408443636566	43.344863727801155	45.15089797973633	137130	2025/03/24 
2025/03/25 	45.602407805585	46.144220002032185	45.150900168021984	45.873313903808594	73260	2025/03/25 
2025/03/26 	46.234519266053326	47.047237534257555	45.15089869766202	45.692710876464844	86484	2025/03/26 
2025/03/27 	46.86663229897518	46.95693685508693	44.69939115815142	44.78969192504883	112626	2025/03/27 
2025/03/28 	44.247880544091515	44.78969273368656	43.79637291223858	44.42848587036133	57219	2025/03/28 
2025/03/31 	43.34486404305455	44.20273079261493	41.53882598876953	41.53882598876953	51646	2025/03/31 
2025/04/01 	41.087319018973	42.53214645385742	41.087319018973	42.53214645385742	17666	2025/04/01 
2025/04/02 	42.8933524850008	43.79637150898804	42.8933524850008	43.34486389160156	27589	2025/04/02 
2025/04/07 	43.390011927294175	43.390011927294175	37.33979248702786	39.19097900390625	69121	2025/04/07 
2025/04/08 	39.28128049044572	40.635807142584234	38.82977286947098	39.732791900634766	17439	2025/04/08 
2025/04/09 	40.59065873737959	40.59065873737959	38.37826532731672	38.82977294921875	35302	2025/04/09 
2025/04/10 	39.19097894217506	40.906712414704785	38.87492437164137	40.093997955322266	56488	2025/04/10 
2025/04/11 	39.552188873291016	40.63580950002397	39.326435049706795	39.552188873291016	9402	2025/04/11 
2025/04/14 	39.32643266638896	40.635807037353516	39.281280388722685	40.635807037353516	20340	2025/04/14 
2025/04/15 	40.635807037353516	40.635807037353516	40.635807037353516	40.635807037353516	231	2025/04/15 
2025/04/16 	39.281281885154826	40.590660095214844	39.281281885154826	40.590660095214844	3300	2025/04/16 
2025/04/17 	40.59065847325919	42.26123969479782	40.18429934266292	41.53882598876953	46831	2025/04/17 
2025/04/18 	40.36490401635988	40.81641162808221	40.31975173950195	40.31975173950195	9911	2025/04/18 
2025/04/21 	39.46188668266755	39.73279277691275	38.69432067871094	38.69432067871094	24652	2025/04/21 
2025/04/22 	38.6943198253357	39.732791900634766	38.6943198253357	39.732791900634766	2728	2025/04/22 
2025/04/23 	39.732791900634766	39.732791900634766	39.732791900634766	39.732791900634766	1100	2025/04/23 
2025/04/24 	39.732791928079045	39.732791928079045	39.281280517578125	39.281280517578125	3322	2025/04/24 
2025/04/25 	39.73279177263525	41.087318420410156	39.28128036390075	41.087318420410156	7802	2025/04/25 
2025/04/28 	39.371584919176236	41.358224507807996	39.371584919176236	41.087318420410156	8941	2025/04/28 
2025/04/29 	41.40337511825704	42.44184724343493	40.6358090943616	42.2612419128418	50174	2025/04/29 
2025/04/30 	40.726111516791285	41.990337396947936	40.635806961627026	41.53882598876953	23153	2025/04/30 
2025/05/02 	41.538826039930356	41.538826039930356	40.63580701167565	41.087318420410156	15180	2025/05/02 
2025/05/05 	41.538825322523614	41.538825322523614	40.31975173950195	40.31975173950195	9581	2025/05/05 
2025/05/06 	41.53882598876953	41.53882598876953	41.53882598876953	41.53882598876953	2200	2025/05/06 
2025/05/07 	41.538826039930356	42.89335268770526	40.63580701167565	41.087318420410156	78751	2025/05/07 
2025/05/08 	41.538828330753134	41.945187484260174	40.77126230386689	41.132469177246094	47421	2025/05/08 
2025/05/09 	41.990337322027045	42.803051792555216	41.17761906228458	42.44184494018555	59021	2025/05/09 
2025/05/12 	41.17762063692984	41.809733600052525	40.680960722277334	41.71943283081055	13310	2025/05/12 
2025/05/13 	41.674279840257206	41.674279840257206	40.77126079560751	41.17761993408203	11000	2025/05/13 
2025/05/14 	41.71943136126702	41.99033744866486	40.72611156695113	41.087318420410156	39624	2025/05/14 
2025/05/15 	40.68095928931339	41.087318420410156	40.68095928931339	41.087318420410156	6600	2025/05/15 
2025/05/16 	41.80973434448242	41.80973434448242	40.635809166577076	41.80973434448242	4917	2025/05/16 
2025/05/19 	41.80973434448242	41.80973434448242	41.80973434448242	41.80973434448242	110	2025/05/19 
2025/05/20 	41.80973434448242	41.80973434448242	41.80973434448242	41.80973434448242	110	2025/05/20 
2025/05/21 	41.80973434448242	41.80973434448242	41.80973434448242	41.80973434448242	3148	2025/05/21 
2025/05/22 	40.274601544669856	41.945186614990234	40.274601544669856	41.945186614990234	1254	2025/05/22 
2025/05/23 	41.90003204345703	41.90003204345703	41.90003204345703	41.90003204345703	110	2025/05/23 
2025/05/26 	41.99033903952273	41.99033903952273	40.81641387939453	40.81641387939453	18249	2025/05/26 
2025/05/27 	41.900032816715935	41.99033737182617	40.81641225832181	41.99033737182617	8910	2025/05/27 
2025/05/28 	42.2612419128418	42.2612419128418	42.2612419128418	42.2612419128418	22	2025/05/28 
2025/05/29 	41.08732052623718	42.2612419128418	41.08732052623718	42.2612419128418	2064	2025/05/29 
2025/06/02 	41.22277215376068	42.4418457782316	41.22277215376068	41.629127502441406	30955	2025/06/02 
2025/06/03 	42.44184494018555	42.44184494018555	42.44184494018555	42.44184494018555	792	2025/06/03 
2025/06/04 	42.44184724343493	43.209413267330376	41.53882816889826	42.2612419128418	15666	2025/06/04 
2025/06/05 	42.08064044624631	42.08064044624631	40.816414497491174	41.80973434448242	15796	2025/06/05 
2025/06/06 	41.809733600052525	41.809733600052525	40.54550767380715	41.71943283081055	3829	2025/06/06 
2025/06/09 	41.17761987536755	41.71943205922767	40.72611224829368	41.629127502441406	9879	2025/06/09 
2025/06/10 	40.54550692393552	41.629127502441406	40.54550692393552	41.629127502441406	1774	2025/06/10 
2025/06/11 	41.62912746956638	43.20941174150566	41.132467564491606	42.08063888549805	23211	2025/06/11 
2025/06/12 	41.35822443212602	41.99033737182617	41.35822443212602	41.99033737182617	2728	2025/06/12 
2025/06/13 	41.22277062791482	41.90003204345703	41.087317586963536	41.90003204345703	11935	2025/06/13 
2025/06/16 	41.90003284178368	41.90003284178368	41.53882598876953	41.53882598876953	5522	2025/06/16 
2025/06/17 	41.900032816715935	42.080638137722104	41.538825963917894	41.99033737182617	13442	2025/06/17 
2025/06/18 	41.99033737182617	41.99033737182617	41.26791987701579	41.99033737182617	6601	2025/06/18 
2025/06/19 	41.26791990170535	41.62912675471949	40.81641228274125	41.53882598876953	11573	2025/06/19 
2025/06/20 	41.538828447900656	41.538828447900656	40.184301721604996	40.45520782470703	26422	2025/06/20 
2025/06/23 	40.81641228274125	41.53882598876953	40.635806961627026	41.53882598876953	4455	2025/06/23 
2025/06/24 	40.63580701167565	41.087318420410156	40.63580701167565	41.087318420410156	2794	2025/06/24 
2025/06/25 	41.08731829649574	42.44184494018555	41.08731829649574	42.44184494018555	42501	2025/06/25 
2025/06/26 	42.44184494018555	42.44184494018555	41.53882591465425	42.44184494018555	8170	2025/06/26 
2025/06/27 	42.4418441907079	42.893351800893264	41.583977457827174	42.35154342651367	23743	2025/06/27 
2025/06/30 	42.8933553142952	42.8933553142952	36.57222930786448	39.552188873291016	104806	2025/06/30 
2025/07/01 	40.2745993820683	41.448524475097656	40.18429861774735	41.448524475097656	9977	2025/07/01 
2025/07/02 	41.44852677563427	41.94518669078722	41.267921447753906	41.267921447753906	20955	2025/07/02 
2025/07/03 	41.854885072139396	42.08063888549805	41.448525934565204	42.08063888549805	10340	2025/07/03 
2025/07/04 	42.0806381628979	42.0806381628979	40.635806961627026	41.53882598876953	17886	2025/07/04 
2025/07/07 	40.18429946899414	41.087318498975556	39.73279184861059	40.18429946899414	14218	2025/07/07 
2025/07/08 	40.18429939215545	41.087318420410156	39.73279177263525	41.087318420410156	17820	2025/07/08 
2025/07/09 	39.913393381078286	40.63580708937769	39.73279184861059	40.18429946899414	15252	2025/07/09 
2025/07/10 	39.777940337120356	40.63580708937769	39.73279184861059	40.18429946899414	9240	2025/07/10 
2025/07/11 	39.868244841527016	40.635807037353516	39.868244841527016	40.635807037353516	1320	2025/07/11 
2025/07/14 	40.635806354062524	40.635806354062524	39.86824417114258	39.86824417114258	9757	2025/07/14 
2025/07/15 	40.229450936179624	40.99701690673828	39.823091812493125	40.99701690673828	22683	2025/07/15 
2025/07/16 	39.77794038920365	40.635807142584234	39.732791900634766	39.732791900634766	12760	2025/07/16 
2025/07/17 	39.73279327796311	40.81641387939453	39.73279327796311	40.81641387939453	19971	2025/07/17 
2025/07/18 	40.81641473833624	40.81641473833624	39.73279411410108	40.229454040527344	23706	2025/07/18 
2025/07/21 	40.8164124110597	40.99701773274171	39.59733880465266	40.18429946899414	37858	2025/07/21 
2025/07/22 	40.8164123588043	40.8164123588043	39.7327917977425	40.635807037353516	27544	2025/07/22 
2025/07/23 	40.635807037353516	40.8164123588043	39.552186476291716	40.635807037353516	58565	2025/07/23 
2025/07/24 	40.635807037353516	40.8164123588043	39.7327917977425	40.635807037353516	41641	2025/07/24 
2025/07/25 	40.1842995216095	40.36490484352799	39.732791900634766	39.732791900634766	14542	2025/07/25 
2025/07/28 	39.73279184861059	40.18429946899414	39.73279184861059	40.18429946899414	22044	2025/07/28 
2025/07/29 	39.46188804909617	40.003700256347656	39.28128271694082	40.003700256347656	9944	2025/07/29 
2025/07/30 	40.00369793652644	40.18429946899414	40.00369793652644	40.18429946899414	2464	2025/07/30 
2025/07/31 	40.184299417548004	42.26123977355337	39.91339332997898	40.635807037353516	304135	2025/07/31 
2025/08/04 	41.538826039930356	42.17093898078721	40.63580701167565	41.087318420410156	353036	2025/08/04 
2025/08/05 	40.81641225832181	41.99033737182617	40.81641225832181	41.99033737182617	31871	2025/08/05 
2025/08/06 	41.08732067386721	42.170941293676044	40.90671534262515	41.35822677612305	39776	2025/08/06 
2025/08/07 	41.99033713599913	45.06059726214638	41.53882573062664	44.69939041137695	114015	2025/08/07 
2025/08/08 	44.970296402485026	46.68602988734662	44.970296402485026	45.6024055480957	123088	2025/08/08 
2025/08/11 	45.42180333062418	45.87331093900615	44.24787824393114	44.834842681884766	193134	2025/08/11 
2025/08/12 	45.42180401769673	45.6024055480957	44.518784998059054	45.6024055480957	51970	2025/08/12 
2025/08/13 	44.87999208887873	45.331503495727326	42.89335250854492	42.89335250854492	147169	2025/08/13 
2025/08/14 	43.7060707433536	43.88667227462247	42.8933524850008	43.34486389160156	35943	2025/08/14 
2025/08/15 	42.893351682843395	43.93182373046875	42.893351682843395	43.93182373046875	7612	2025/08/15 
2025/08/18 	43.93182373046875	44.24787829888582	43.34486308100035	43.93182373046875	47254	2025/08/18 
2025/08/19 	44.247878238503695	45.33150256123026	44.06727671085874	44.60908508300781	46732	2025/08/19 
2025/08/20 	49.599998474121094	49.599998474121094	45.0	46.0	150143	2025/08/20 
2025/08/21 	46.900001525878906	46.900001525878906	46.400001525878906	46.849998474121094	20241	2025/08/21 
2025/08/22 	46.849998474121094	46.849998474121094	46.849998474121094	46.849998474121094	0	2025/08/22 
2025/08/25 	47.0	47.45000076293945	46.79999923706055	47.0	25460	2025/08/25 
2025/08/26 	48.150001525878906	48.150001525878906	43.20000076293945	45.400001525878906	140351	2025/08/26 
2025/08/27 	45.400001525878906	48.0	45.400001525878906	47.349998474121094	30007	2025/08/27 
2025/08/28 	47.349998474121094	47.900001525878906	47.0	47.29999923706055	27095	2025/08/28 
2025/08/29 	47.900001525878906	48.099998474121094	46.79999923706055	46.79999923706055	21944	2025/08/29 
2025/09/01 	48.0	48.20000076293945	47.29999923706055	48.150001525878906	35741	2025/09/01 
2025/09/02 	48.20000076293945	49.349998474121094	47.79999923706055	48.650001525878906	48349	2025/09/02 
2025/09/03 	49.20000076293945	51.0	48.599998474121094	50.20000076293945	57105	2025/09/03 
2025/09/04 	50.5	50.5	48.79999923706055	49.900001525878906	118638	2025/09/04 
2025/09/05 	50.0	50.0	46.54999923706055	48.5	102219	2025/09/05 
2025/09/08 	48.900001525878906	48.900001525878906	46.5	48.29999923706055	29725	2025/09/08 
2025/09/09 	48.79999923706055	49.0	47.599998474121094	49.0	14042	2025/09/09 
2025/09/10 	49.0	49.0	46.70000076293945	48.29999923706055	49901	2025/09/10 
2025/09/11 	48.29999923706055	48.5	47.25	48.5	7900	2025/09/11 
2025/09/12 	48.5	48.5	47.20000076293945	48.5	82000	2025/09/12 
2025/09/15 	48.45000076293945	50.5	48.45000076293945	48.70000076293945	57077	2025/09/15 
2025/09/16 	50.5	51.0	47.0	48.79999923706055	128074	2025/09/16 
2025/09/17 	48.79999923706055	51.70000076293945	46.650001525878906	48.0	184131	2025/09/17 
2025/09/18 	48.849998474121094	48.849998474121094	47.5	47.5	10020	2025/09/18 
2025/09/19 	48.79999923706055	48.79999923706055	48.79999923706055	48.79999923706055	100	2025/09/19 
2025/09/22 	48.79999923706055	48.79999923706055	47.0	47.54999923706055	17093	2025/09/22 
2025/09/23 	47.20000076293945	48.45000076293945	46.5	48.400001525878906	39129	2025/09/23 
2025/09/24 	48.5	48.900001525878906	47.79999923706055	48.349998474121094	10494	2025/09/24 
2025/09/25 	48.650001525878906	48.900001525878906	47.650001525878906	48.29999923706055	16061	2025/09/25 
2025/09/26 	48.0	48.79999923706055	47.5	48.79999923706055	10001	2025/09/26 
