Date	Open	High	Low	Close	Volume	Date
2022/01/07 	78.03882075291054	111.96874281939338	78.03882075291054	86.52130126953125	234117	2022/01/07 
2022/01/10 	86.097174206902	86.52129821777343	71.33765733425219	72.10108184814453	396336	2022/01/10 
2022/01/11 	70.91353485046818	74.13687999115176	67.94466671043502	72.44038391113281	162700	2022/01/11 
2022/01/12 	72.52520147063461	74.39134441690415	70.15010456482025	72.864501953125	181801	2022/01/12 
2022/01/13 	70.40458437453104	72.35555737355709	69.64115987614613	71.84660339355469	170875	2022/01/13 
2022/01/14 	72.86450446509274	72.94932797073498	71.25283197141556	71.50730895996094	85865	2022/01/14 
2022/01/17 	71.33765733425219	72.10108184814453	70.40458580465878	72.10108184814453	72666	2022/01/17 
2022/01/18 	70.91353673927135	73.71275793450829	70.8287132273349	73.11898040771484	87010	2022/01/18 
2022/01/19 	73.28863205090275	73.37345556069536	70.99835845678827	72.52520751953125	56391	2022/01/19 
2022/01/20 	72.10108416990701	82.28006075859976	72.10108416990701	80.49874114990234	200152	2022/01/20 
2022/01/21 	79.73531966284234	79.73531966284234	71.76178640223425	73.54310607910156	115751	2022/01/21 
2022/01/24 	72.94932613353531	76.257494543217	72.61002564789284	74.90029907226562	21000	2022/01/24 
2022/01/25 	72.6100293668665	74.64582591337316	70.15010880948839	72.10108184814453	92501	2022/01/25 
2022/01/26 	74.64582396089361	75.49407196044922	72.61002746763641	75.49407196044922	68350	2022/01/26 
2022/02/07 	78.03882044011895	79.65049302614088	74.64582824707031	74.64582824707031	63660	2022/02/07 
2022/02/08 	73.4582795887313	74.56100463867188	72.18590751800863	74.56100463867188	32660	2022/02/08 
2022/02/09 	72.18590710677167	73.03415514908771	71.08318853473219	72.61003112792969	86512	2022/02/09 
2022/02/10 	72.10108017780371	73.37345218094143	71.67695617675781	71.67695617675781	25250	2022/02/10 
2022/02/11 	72.10107904211584	73.20380401611328	72.10107904211584	73.20380401611328	6437	2022/02/11 
2022/02/14 	73.2038068650578	73.2038068650578	71.33765733425219	72.10108184814453	13205	2022/02/14 
2022/02/15 	71.33765733425219	72.10108184814453	71.33765733425219	72.10108184814453	30700	2022/02/15 
2022/02/16 	72.10108184814453	72.9493298698874	72.10108184814453	72.10108184814453	11200	2022/02/16 
2022/02/17 	72.1010733214652	73.7127456665039	71.50730236511211	73.7127456665039	36020	2022/02/17 
2022/02/18 	71.50731245878191	72.52520751953125	71.50731245878191	72.52520751953125	11100	2022/02/18 
2022/02/21 	72.10108184814453	72.10108184814453	72.10108184814453	72.10108184814453	14305	2022/02/21 
2022/02/22 	72.0162582397461	72.0162582397461	72.0162582397461	72.0162582397461	1000	2022/02/22 
2022/02/23 	72.10108513055846	73.20381019767346	72.10108513055846	72.94933319091797	26006	2022/02/23 
2022/02/24 	73.20380666040485	73.71275417770397	71.93143463134766	71.93143463134766	31200	2022/02/24 
2022/02/25 	74.5610023014218	74.5610023014218	71.931434732014	72.0162582397461	30510	2022/02/25 
2022/03/01 	72.1010834989492	72.9493315401133	72.01625998915658	72.52520751953125	33090	2022/03/01 
2022/03/02 	72.18590515418782	72.2707286618012	71.93143463134766	71.93143463134766	16000	2022/03/02 
2022/03/03 	72.1010802808014	72.1010802808014	71.76177978515625	71.76177978515625	30891	2022/03/03 
2022/03/04 	71.84661074216416	72.18591127299717	71.5921401977539	71.5921401977539	38000	2022/03/04 
2022/03/07 	71.6769544964745	71.84660150426845	71.2528305053711	71.2528305053711	37000	2022/03/07 
2022/03/08 	71.25283649010572	71.25283649010572	70.8287124633789	70.8287124633789	39120	2022/03/08 
2022/03/09 	70.8287124633789	70.8287124633789	70.8287124633789	70.8287124633789	0	2022/03/09 
2022/03/10 	70.40459460128618	70.5742416381836	70.40459460128618	70.5742416381836	15000	2022/03/10 
2022/03/11 	71.5921401977539	72.01626424339034	71.25283966692089	71.5921401977539	324000	2022/03/11 
2022/03/14 	72.0162582397461	72.86450626030467	71.08318671145544	72.0162582397461	17105	2022/03/14 
2022/03/15 	70.99835968017578	70.99835968017578	70.99835968017578	70.99835968017578	3000	2022/03/15 
2022/03/16 	72.864501953125	72.864501953125	72.864501953125	72.864501953125	1001	2022/03/16 
2022/03/17 	71.25283649010572	71.25283649010572	70.8287124633789	70.8287124633789	25334	2022/03/17 
2022/03/18 	70.8287124633789	70.8287124633789	70.48941194767364	70.8287124633789	13100	2022/03/18 
2022/03/21 	70.23493831630081	72.01625785564941	70.15010833740234	70.15010833740234	18002	2022/03/21 
2022/03/22 	70.40458679199219	70.40458679199219	70.40458679199219	70.40458679199219	3000	2022/03/22 
2022/03/23 	70.15010833740234	70.15010833740234	70.15010833740234	70.15010833740234	3000	2022/03/23 
2022/03/24 	72.10108901515152	72.10108901515152	69.98046875	69.98046875	14138	2022/03/24 
2022/03/25 	70.23494322343872	71.4224853515625	69.9804662122012	71.4224853515625	11028	2022/03/25 
2022/03/28 	71.42247751316505	71.42247751316505	71.2528305053711	71.2528305053711	9000	2022/03/28 
2022/03/29 	71.2528305053711	72.9493264697847	70.4045825231643	71.2528305053711	16513	2022/03/29 
2022/03/30 	72.77968387482744	72.77968387482744	69.98046277517297	70.40458679199219	19678	2022/03/30 
2022/03/31 	73.45826870142798	73.7127456665039	72.18589681928448	73.7127456665039	4001	2022/03/31 
2022/04/01 	72.1010733214652	73.7127456665039	72.1010733214652	73.7127456665039	45173	2022/04/01 
2022/04/06 	72.18589681928448	73.7127456665039	72.1010733214652	73.7127456665039	65221	2022/04/06 
2022/04/07 	73.7127456665039	73.7127456665039	73.7127456665039	73.7127456665039	0	2022/04/07 
2022/04/08 	72.52520585901597	72.52520585901597	71.25283382640166	72.10108184814453	25000	2022/04/08 
2022/04/11 	71.67696410756743	73.62793731689453	71.25284005959365	73.62793731689453	19001	2022/04/11 
2022/04/12 	71.25284005959365	73.62793731689453	70.82871601161987	73.62793731689453	5001	2022/04/12 
2022/04/13 	72.01625498368092	72.77967946199074	71.2528305053711	71.2528305053711	32000	2022/04/13 
2022/04/14 	71.84660329116286	72.94932828410495	71.76177978515625	71.76177978515625	46000	2022/04/14 
2022/04/15 	72.1010784875779	72.1010784875779	71.2528305053711	71.2528305053711	4000	2022/04/15 
2022/04/18 	72.94933319091797	72.94933319091797	72.94933319091797	72.94933319091797	1	2022/04/18 
2022/04/19 	71.84660812380297	72.94933319091797	71.25283707019895	72.94933319091797	46001	2022/04/19 
2022/04/20 	72.94933319091797	72.94933319091797	72.94933319091797	72.94933319091797	1012	2022/04/20 
2022/04/21 	71.25283105338507	73.20380401611328	71.25283105338507	73.20380401611328	14301	2022/04/21 
2022/04/22 	71.25283105338507	73.20380401611328	71.25283105338507	73.20380401611328	2039	2022/04/22 
2022/04/25 	73.20380345309414	73.20380345309414	71.2528305053711	71.2528305053711	4001	2022/04/25 
2022/04/26 	72.10107904211584	73.20380401611328	70.99835406811842	73.20380401611328	47001	2022/04/26 
2022/04/27 	70.82870961751723	71.93143463134766	70.82870961751723	71.93143463134766	7000	2022/04/27 
2022/04/28 	70.8287065142677	72.1010784875779	70.74388301037072	71.2528305053711	8001	2022/04/28 
2022/04/29 	70.82870143932169	73.7127456665039	70.82870143932169	73.7127456665039	7002	2022/04/29 
2022/05/03 	73.62793362842355	73.7127571394451	70.8287124633789	70.8287124633789	36000	2022/05/03 
2022/05/04 	70.40458505629041	73.96722412109375	70.40458505629041	73.96722412109375	4001	2022/05/04 
2022/05/05 	71.67696051683255	72.10108454355937	70.8287124633789	70.8287124633789	49000	2022/05/05 
2022/05/06 	70.8287124633789	70.8287124633789	70.8287124633789	70.8287124633789	0	2022/05/06 
2022/05/09 	73.54310309912233	74.56100463867188	72.01626049722655	74.56100463867188	10001	2022/05/09 
2022/05/10 	71.25283017694147	74.90029907226562	71.25283017694147	74.90029907226562	3013	2022/05/10 
2022/05/11 	71.2528305053711	72.1010784875779	71.16800700147412	71.2528305053711	57000	2022/05/11 
2022/05/12 	71.2528305053711	71.2528305053711	71.2528305053711	71.2528305053711	0	2022/05/12 
2022/05/13 	71.2528305053711	71.2528305053711	71.2528305053711	71.2528305053711	0	2022/05/13 
2022/05/16 	71.2528305053711	71.2528305053711	71.2528305053711	71.2528305053711	0	2022/05/16 
2022/05/17 	70.82871265766732	70.99835968017578	70.4045886297771	70.99835968017578	9002	2022/05/17 
2022/05/18 	73.79757690429688	73.79757690429688	73.79757690429688	73.79757690429688	1	2022/05/18 
2022/05/19 	73.79757690429688	73.79757690429688	73.79757690429688	73.79757690429688	0	2022/05/19 
2022/05/20 	73.79757690429688	73.79757690429688	73.79757690429688	73.79757690429688	0	2022/05/20 
2022/05/23 	73.79757690429688	73.79757690429688	73.79757690429688	73.79757690429688	0	2022/05/23 
2022/05/24 	73.79757690429688	73.79757690429688	73.79757690429688	73.79757690429688	0	2022/05/24 
2022/05/25 	73.79757690429688	73.79757690429688	73.79757690429688	73.79757690429688	0	2022/05/25 
2022/05/26 	73.79757690429688	73.79757690429688	73.79757690429688	73.79757690429688	0	2022/05/26 
2022/05/27 	73.79757690429688	73.79757690429688	73.79757690429688	73.79757690429688	0	2022/05/27 
2022/05/30 	73.79757690429688	73.79757690429688	73.79757690429688	73.79757690429688	0	2022/05/30 
2022/05/31 	73.79757690429688	73.79757690429688	73.79757690429688	73.79757690429688	0	2022/05/31 
2022/06/01 	73.79757690429688	73.79757690429688	73.79757690429688	73.79757690429688	0	2022/06/01 
2022/06/02 	73.79757690429688	73.79757690429688	73.79757690429688	73.79757690429688	0	2022/06/02 
2022/06/06 	73.79757690429688	73.79757690429688	73.79757690429688	73.79757690429688	0	2022/06/06 
2022/06/07 	70.40458580465878	72.10108184814453	70.40458580465878	72.10108184814453	1002	2022/06/07 
2022/06/08 	72.10108184814453	72.10108184814453	72.10108184814453	72.10108184814453	2000	2022/06/08 
2022/06/09 	72.10108184814453	72.10108184814453	72.10108184814453	72.10108184814453	0	2022/06/09 
2022/06/10 	72.10108184814453	72.10108184814453	72.10108184814453	72.10108184814453	0	2022/06/10 
2022/06/13 	70.40458679199219	70.40458679199219	70.40458679199219	70.40458679199219	3000	2022/06/13 
2022/06/14 	70.40458679199219	70.40458679199219	70.40458679199219	70.40458679199219	0	2022/06/14 
2022/06/15 	70.40458679199219	70.40458679199219	70.40458679199219	70.40458679199219	0	2022/06/15 
2022/06/16 	72.10108184814453	72.10108184814453	72.10108184814453	72.10108184814453	1	2022/06/16 
2022/06/17 	69.5563377829159	72.10108184814453	69.5563377829159	72.10108184814453	11	2022/06/17 
2022/06/20 	72.10108184814453	72.10108184814453	72.10108184814453	72.10108184814453	0	2022/06/20 
2022/06/21 	72.1010784875779	72.1010784875779	71.2528305053711	71.2528305053711	1020	2022/06/21 
2022/06/22 	72.10108184814453	72.10108184814453	71.25283382640166	72.10108184814453	23000	2022/06/22 
2022/06/23 	72.10108184814453	72.10108184814453	72.10108184814453	72.10108184814453	43000	2022/06/23 
2022/06/24 	72.10108184814453	72.10108184814453	72.10108184814453	72.10108184814453	0	2022/06/24 
2022/06/27 	72.10108184814453	72.10108184814453	72.10108184814453	72.10108184814453	0	2022/06/27 
2022/06/28 	70.40458679199219	70.40458679199219	70.40458679199219	70.40458679199219	3000	2022/06/28 
2022/06/29 	70.23493878895773	72.10108184814453	70.23493878895773	72.10108184814453	21	2022/06/29 
2022/06/30 	68.96256656354754	71.93143463134766	68.87773658431534	71.93143463134766	5001	2022/06/30 
2022/07/01 	71.84660339355469	71.84660339355469	71.84660339355469	71.84660339355469	1	2022/07/01 
2022/07/04 	68.53844264977974	72.0162582397461	68.53844264977974	72.0162582397461	2001	2022/07/04 
2022/07/05 	72.0162582397461	72.0162582397461	72.0162582397461	72.0162582397461	1	2022/07/05 
2022/07/06 	72.0162582397461	72.0162582397461	72.0162582397461	72.0162582397461	0	2022/07/06 
2022/07/07 	72.0162582397461	72.0162582397461	72.0162582397461	72.0162582397461	0	2022/07/07 
2022/07/08 	72.0162582397461	72.0162582397461	72.0162582397461	72.0162582397461	0	2022/07/08 
2022/07/11 	72.0162582397461	72.0162582397461	72.0162582397461	72.0162582397461	0	2022/07/11 
2022/07/12 	68.53844264977974	72.0162582397461	68.53844264977974	72.0162582397461	1001	2022/07/12 
2022/07/13 	72.0162582397461	72.0162582397461	72.0162582397461	72.0162582397461	3	2022/07/13 
2022/07/14 	68.53843710470635	69.47150855750725	68.53843710470635	68.70808410644531	6031	2022/07/14 
2022/07/15 	66.84194800844506	68.6232675945981	66.16334698913964	66.58747100830078	19001	2022/07/15 
2022/07/18 	65.31509136053803	66.58746327015889	63.279295010820995	66.50263977050781	8031	2022/07/18 
2022/07/19 	66.5026418411562	66.5026418411562	63.36412048339844	63.36412048339844	1001	2022/07/19 
2022/07/20 	67.02834223242598	67.02834223242598	64.16846902456604	66.93897247314453	5059	2022/07/20 
2022/07/21 	66.93897322148977	66.93897322148977	62.29167068366831	62.47041702270508	9099	2022/07/21 
2022/07/22 	62.470415054599925	62.91727066040039	60.77236238886307	62.91727066040039	1025	2022/07/22 
2022/07/25 	62.91727066040039	62.91727066040039	62.91727066040039	62.91727066040039	1	2022/07/25 
2022/07/26 	62.91727066040039	62.91727066040039	62.91727066040039	62.91727066040039	0	2022/07/26 
2022/07/27 	64.43658517616696	65.06218719482422	64.25784563853706	65.06218719482422	4001	2022/07/27 
2022/07/28 	64.43658262897898	68.54765319824219	64.43658262897898	68.54765319824219	3204	2022/07/28 
2022/07/29 	66.93897573803832	69.62010955810547	66.93897573803832	69.62010955810547	3042	2022/07/29 
2022/08/01 	68.36891500138356	70.42445373535156	68.36891500138356	70.42445373535156	2001	2022/08/01 
2022/08/02 	68.36891206077391	71.40753173828125	68.36891206077391	71.40753173828125	4001	2022/08/02 
2022/08/03 	71.40753173828125	71.40753173828125	71.40753173828125	71.40753173828125	0	2022/08/03 
2022/08/04 	70.60318756103516	70.60318756103516	70.60318756103516	70.60318756103516	3000	2022/08/04 
2022/08/05 	71.22878715426563	74.35677667228065	67.02834681460732	67.92205810546875	22078	2022/08/05 
2022/08/08 	70.60318955342481	70.60318955342481	69.70947829325488	70.15633392333984	20600	2022/08/08 
2022/08/09 	71.49690405722777	75.87609079442818	69.70948145579706	72.83747100830078	64100	2022/08/09 
2022/08/10 	72.3906133698254	73.2843246459961	71.49690209365473	73.2843246459961	3103	2022/08/10 
2022/08/11 	72.83746900791074	73.2843246459961	72.83746900791074	73.2843246459961	3001	2022/08/11 
2022/08/12 	72.83746900791074	73.2843246459961	72.83746900791074	73.2843246459961	3001	2022/08/12 
2022/08/15 	72.3906133698254	73.2843246459961	72.3906133698254	73.2843246459961	2101	2022/08/15 
2022/08/16 	72.39060974121094	72.39060974121094	72.39060974121094	72.39060974121094	5000	2022/08/16 
2022/08/17 	73.2843246459961	73.2843246459961	73.2843246459961	73.2843246459961	2000	2022/08/17 
2022/08/18 	72.39060974121094	72.39060974121094	72.39060974121094	72.39060974121094	2000	2022/08/18 
2022/08/19 	72.3906133698254	73.2843246459961	72.3906133698254	73.2843246459961	2001	2022/08/19 
2022/08/22 	72.39060974121094	72.39060974121094	72.39060974121094	72.39060974121094	2000	2022/08/22 
2022/08/23 	72.39061374664307	72.39061374664307	71.49690246582031	71.49690246582031	6100	2022/08/23 
2022/08/24 	71.49690209365473	73.2843246459961	71.49690209365473	73.2843246459961	3001	2022/08/24 
2022/08/25 	73.2843246459961	73.2843246459961	73.2843246459961	73.2843246459961	1	2022/08/25 
2022/08/26 	71.49690246582031	71.5862722302074	71.49690246582031	71.49690246582031	4029	2022/08/26 
2022/08/29 	72.39060974121094	72.39060974121094	72.39060974121094	72.39060974121094	3000	2022/08/29 
2022/08/30 	71.94375773174006	73.2843246459961	71.94375773174006	73.2843246459961	5106	2022/08/30 
2022/08/31 	73.2843246459961	73.2843246459961	73.2843246459961	73.2843246459961	1	2022/08/31 
2022/09/01 	73.2843246459961	73.2843246459961	73.2843246459961	73.2843246459961	0	2022/09/01 
2022/09/02 	73.2843246459961	73.2843246459961	73.2843246459961	73.2843246459961	4	2022/09/02 
2022/09/05 	71.49690246582031	71.49690246582031	71.49690246582031	71.49690246582031	1000	2022/09/05 
2022/09/06 	72.3906133698254	73.2843246459961	72.3906133698254	73.2843246459961	13	2022/09/06 
2022/09/07 	73.2843246459961	73.2843246459961	73.2843246459961	73.2843246459961	1000	2022/09/07 
2022/09/08 	73.2843246459961	73.2843246459961	73.2843246459961	73.2843246459961	1	2022/09/08 
2022/09/12 	72.3906133698254	73.2843246459961	72.21187384198164	73.2843246459961	3001	2022/09/12 
2022/09/13 	72.03312749566194	73.2843246459961	72.03312749566194	73.2843246459961	1001	2022/09/13 
2022/09/14 	73.2843246459961	73.2843246459961	73.2843246459961	73.2843246459961	1	2022/09/14 
2022/09/15 	72.3906133698254	73.2843246459961	71.94375773174006	73.2843246459961	1301	2022/09/15 
2022/09/16 	73.2843246459961	73.2843246459961	73.2843246459961	73.2843246459961	0	2022/09/16 
2022/09/19 	73.2843246459961	73.2843246459961	73.2843246459961	73.2843246459961	0	2022/09/19 
2022/09/20 	73.2843246459961	73.2843246459961	73.2843246459961	73.2843246459961	0	2022/09/20 
2022/09/21 	73.2843246459961	73.2843246459961	73.2843246459961	73.2843246459961	0	2022/09/21 
2022/09/22 	73.2843246459961	73.2843246459961	73.2843246459961	73.2843246459961	0	2022/09/22 
2022/09/23 	73.2843246459961	73.2843246459961	72.3906133698254	73.2843246459961	3001	2022/09/23 
2022/09/26 	72.3906133698254	73.2843246459961	72.3906133698254	73.2843246459961	3001	2022/09/26 
2022/09/27 	73.2843246459961	73.2843246459961	73.2843246459961	73.2843246459961	1	2022/09/27 
2022/09/28 	71.94375610351562	71.94375610351562	71.94375610351562	71.94375610351562	3000	2022/09/28 
2022/09/29 	71.49690209365473	73.2843246459961	71.49690209365473	73.2843246459961	23	2022/09/29 
2022/09/30 	71.5862718575766	73.2843246459961	71.5862718575766	73.2843246459961	2	2022/09/30 
2022/10/03 	71.5862718575766	73.2843246459961	71.5862718575766	73.2843246459961	11211	2022/10/03 
2022/10/04 	72.83746900791074	73.2843246459961	71.67564162149849	73.2843246459961	10001	2022/10/04 
2022/10/05 	72.83746900791074	73.2843246459961	72.83746900791074	73.2843246459961	3001	2022/10/05 
2022/10/06 	72.83747100830078	72.83747100830078	71.49690405722777	72.83747100830078	6000	2022/10/06 
2022/10/07 	72.83747100830078	72.83747100830078	72.83747100830078	72.83747100830078	3176	2022/10/07 
2022/10/11 	72.83747100830078	72.92684077467709	72.83747100830078	72.83747100830078	17015	2022/10/11 
2022/10/12 	72.83747100830078	72.83747100830078	72.83747100830078	72.83747100830078	10000	2022/10/12 
2022/10/13 	72.83747100830078	72.83747100830078	72.83747100830078	72.83747100830078	12000	2022/10/13 
2022/10/14 	72.83747100830078	72.83747100830078	72.83747100830078	72.83747100830078	0	2022/10/14 
2022/10/17 	72.83747100830078	72.83747100830078	72.83747100830078	72.83747100830078	0	2022/10/17 
2022/10/18 	72.83747100830078	72.83747100830078	72.83747100830078	72.83747100830078	0	2022/10/18 
2022/10/19 	72.83747100830078	72.83747100830078	72.83747100830078	72.83747100830078	0	2022/10/19 
2022/10/20 	72.39060974121094	72.39060974121094	72.39060974121094	72.39060974121094	2000	2022/10/20 
2022/10/21 	72.21186828613281	72.21186828613281	72.21186828613281	72.21186828613281	2000	2022/10/21 
2022/10/24 	72.21187220768923	72.21187220768923	71.94375610351562	71.94375610351562	15000	2022/10/24 
2022/10/25 	71.94375610351562	71.94375610351562	71.94375610351562	71.94375610351562	0	2022/10/25 
2022/10/26 	71.94375610351562	71.94375610351562	71.94375610351562	71.94375610351562	0	2022/10/26 
2022/10/27 	71.94375610351562	71.94375610351562	71.94375610351562	71.94375610351562	0	2022/10/27 
2022/10/28 	71.49690246582031	71.49690246582031	71.49690246582031	71.49690246582031	1000	2022/10/28 
2022/10/31 	71.49690246582031	71.49690246582031	71.49690246582031	71.49690246582031	1000	2022/10/31 
2022/11/01 	71.49690246582031	71.49690246582031	71.49690246582031	71.49690246582031	6000	2022/11/01 
2022/11/02 	71.58627382360407	72.83747100830078	71.58627382360407	72.83747100830078	16002	2022/11/02 
2022/11/03 	72.39060974121094	74.62488781964338	72.39060974121094	72.39060974121094	60107	2022/11/03 
2022/11/04 	71.94375610351562	71.94375610351562	71.49690047554347	71.94375610351562	9106	2022/11/04 
2022/11/07 	71.94375610351562	71.94375610351562	71.94375610351562	71.94375610351562	0	2022/11/07 
2022/11/08 	71.94375610351562	71.94375610351562	71.94375610351562	71.94375610351562	0	2022/11/08 
2022/11/09 	71.94375610351562	71.94375610351562	71.94375610351562	71.94375610351562	0	2022/11/09 
2022/11/10 	71.94375610351562	71.94375610351562	71.94375610351562	71.94375610351562	0	2022/11/10 
2022/11/11 	71.050048828125	71.050048828125	71.050048828125	71.050048828125	163	2022/11/11 
2022/11/14 	71.050048828125	71.050048828125	71.050048828125	71.050048828125	0	2022/11/14 
2022/11/15 	71.050048828125	71.050048828125	71.050048828125	71.050048828125	0	2022/11/15 
2022/11/16 	71.050048828125	71.050048828125	71.050048828125	71.050048828125	0	2022/11/16 
2022/11/17 	71.050048828125	71.050048828125	71.050048828125	71.050048828125	0	2022/11/17 
2022/11/18 	71.050048828125	71.050048828125	71.050048828125	71.050048828125	0	2022/11/18 
2022/11/21 	71.050048828125	71.050048828125	71.050048828125	71.050048828125	0	2022/11/21 
2022/11/22 	71.050048828125	71.050048828125	71.050048828125	71.050048828125	0	2022/11/22 
2022/11/23 	71.050048828125	71.050048828125	71.050048828125	71.050048828125	0	2022/11/23 
2022/11/24 	72.83747100830078	72.83747100830078	72.83747100830078	72.83747100830078	10	2022/11/24 
2022/11/25 	72.83746735945992	72.83746735945992	71.94375610351562	71.94375610351562	10000	2022/11/25 
2022/11/28 	72.47998046875	72.47998046875	72.47998046875	72.47998046875	1000	2022/11/28 
2022/11/29 	71.94375610351562	71.94375610351562	71.94375610351562	71.94375610351562	1000	2022/11/29 
2022/11/30 	71.94375610351562	71.94375610351562	71.94375610351562	71.94375610351562	0	2022/11/30 
2022/12/01 	71.94375610351562	71.94375610351562	71.94375610351562	71.94375610351562	1000	2022/12/01 
2022/12/02 	71.94375610351562	71.94375610351562	71.94375610351562	71.94375610351562	0	2022/12/02 
2022/12/05 	71.94375610351562	71.94375610351562	71.94375610351562	71.94375610351562	1000	2022/12/05 
2022/12/06 	71.49690246582031	71.49690246582031	71.49690246582031	71.49690246582031	400	2022/12/06 
2022/12/07 	71.49690246582031	71.49690246582031	71.49690246582031	71.49690246582031	0	2022/12/07 
2022/12/08 	71.49690246582031	71.49690246582031	71.49690246582031	71.49690246582031	0	2022/12/08 
2022/12/09 	71.49690246582031	71.49690246582031	71.49690246582031	71.49690246582031	104	2022/12/09 
2022/12/12 	71.94375610351562	71.94375610351562	71.94375610351562	71.94375610351562	2000	2022/12/12 
2022/12/13 	71.94375610351562	71.94375610351562	71.94375610351562	71.94375610351562	1000	2022/12/13 
2022/12/14 	71.94375610351562	71.94375610351562	71.94375610351562	71.94375610351562	1000	2022/12/14 
2022/12/15 	71.94375610351562	71.94375610351562	71.94375610351562	71.94375610351562	0	2022/12/15 
2022/12/16 	71.94375610351562	71.94375610351562	71.94375610351562	71.94375610351562	1000	2022/12/16 
2022/12/19 	71.94375610351562	71.94375610351562	71.94375610351562	71.94375610351562	0	2022/12/19 
2022/12/20 	71.94375610351562	71.94375610351562	71.94375610351562	71.94375610351562	0	2022/12/20 
2022/12/21 	71.94375610351562	71.94375610351562	71.94375610351562	71.94375610351562	0	2022/12/21 
2022/12/22 	71.94375610351562	71.94375610351562	71.94375610351562	71.94375610351562	2000	2022/12/22 
2022/12/23 	71.94375610351562	71.94375610351562	71.94375610351562	71.94375610351562	0	2022/12/23 
2022/12/26 	71.94375610351562	71.94375610351562	71.94375610351562	71.94375610351562	0	2022/12/26 
2022/12/27 	71.94375610351562	71.94375610351562	71.94375610351562	71.94375610351562	0	2022/12/27 
2022/12/28 	70.15633392333984	70.15633392333984	70.15633392333984	70.15633392333984	2000	2022/12/28 
2022/12/29 	71.6756362915039	71.6756362915039	71.6756362915039	71.6756362915039	1000	2022/12/29 
2022/12/30 	69.7094849785808	73.1055908203125	69.7094849785808	73.1055908203125	4000	2022/12/30 
2023/01/03 	69.70948028564453	69.70948028564453	69.70948028564453	69.70948028564453	30	2023/01/03 
2023/01/04 	69.70948028564453	69.70948028564453	69.70948028564453	69.70948028564453	0	2023/01/04 
2023/01/05 	69.70948028564453	69.70948028564453	69.70948028564453	69.70948028564453	3	2023/01/05 
2023/01/06 	71.49690246582031	71.49690246582031	71.49690246582031	71.49690246582031	10000	2023/01/06 
2023/01/09 	71.49690246582031	71.49690246582031	71.49690246582031	71.49690246582031	0	2023/01/09 
2023/01/10 	71.49690246582031	71.49690246582031	71.49690246582031	71.49690246582031	0	2023/01/10 
2023/01/11 	71.49690246582031	71.49690246582031	71.49690246582031	71.49690246582031	0	2023/01/11 
2023/01/12 	71.49690246582031	71.49690246582031	71.49690246582031	71.49690246582031	0	2023/01/12 
2023/01/13 	71.49690246582031	71.49690246582031	71.49690246582031	71.49690246582031	0	2023/01/13 
2023/01/16 	71.49690246582031	71.49690246582031	71.49690246582031	71.49690246582031	0	2023/01/16 
2023/01/17 	71.49690246582031	71.49690246582031	71.49690246582031	71.49690246582031	0	2023/01/17 
2023/01/30 	69.70948028564453	69.70948028564453	69.70948028564453	69.70948028564453	2	2023/01/30 
2023/01/31 	69.70948028564453	69.70948028564453	69.70948028564453	69.70948028564453	0	2023/01/31 
2023/02/01 	69.70948028564453	69.70948028564453	69.70948028564453	69.70948028564453	0	2023/02/01 
2023/02/02 	69.70948028564453	69.70948028564453	69.70948028564453	69.70948028564453	0	2023/02/02 
2023/02/03 	69.70948028564453	69.70948028564453	69.70948028564453	69.70948028564453	0	2023/02/03 
2023/02/06 	69.70948028564453	69.70948028564453	69.70948028564453	69.70948028564453	0	2023/02/06 
2023/02/07 	69.70948028564453	69.70948028564453	69.70948028564453	69.70948028564453	0	2023/02/07 
2023/02/08 	69.70948028564453	69.70948028564453	69.70948028564453	69.70948028564453	0	2023/02/08 
2023/02/09 	69.70948028564453	69.70948028564453	69.70948028564453	69.70948028564453	0	2023/02/09 
2023/02/10 	69.70948028564453	69.70948028564453	69.70948028564453	69.70948028564453	0	2023/02/10 
2023/02/13 	69.70948028564453	69.70948028564453	69.70948028564453	69.70948028564453	0	2023/02/13 
2023/02/14 	69.70948028564453	69.70948028564453	69.70948028564453	69.70948028564453	2000	2023/02/14 
2023/02/15 	69.70948028564453	69.70948028564453	69.70948028564453	69.70948028564453	0	2023/02/15 
2023/02/16 	69.88822174072266	69.88822174072266	69.88822174072266	69.88822174072266	1000	2023/02/16 
2023/02/17 	69.88822174072266	69.88822174072266	69.88822174072266	69.88822174072266	0	2023/02/17 
2023/02/20 	69.88822174072266	69.88822174072266	69.88822174072266	69.88822174072266	0	2023/02/20 
2023/02/21 	69.70948028564453	69.70948028564453	69.70948028564453	69.70948028564453	1000	2023/02/21 
2023/02/22 	69.70948028564453	69.70948028564453	69.70948028564453	69.70948028564453	0	2023/02/22 
2023/02/23 	69.70948028564453	69.70948028564453	69.70948028564453	69.70948028564453	0	2023/02/23 
2023/02/24 	69.70948028564453	69.70948028564453	69.70948028564453	69.70948028564453	0	2023/02/24 
2023/03/01 	69.70948028564453	69.70948028564453	69.70948028564453	69.70948028564453	0	2023/03/01 
2023/03/02 	69.70948028564453	69.70948028564453	69.70948028564453	69.70948028564453	0	2023/03/02 
2023/03/03 	73.19496154785156	73.19496154785156	73.19496154785156	73.19496154785156	10000	2023/03/03 
2023/03/06 	73.19496154785156	73.19496154785156	73.19496154785156	73.19496154785156	1024	2023/03/06 
2023/03/07 	73.19496154785156	73.19496154785156	73.19496154785156	73.19496154785156	2	2023/03/07 
2023/03/08 	73.19496154785156	73.19496154785156	73.19496154785156	73.19496154785156	52	2023/03/08 
2023/03/09 	73.19496154785156	73.19496154785156	73.19496154785156	73.19496154785156	2	2023/03/09 
2023/03/10 	69.7094799041748	71.49690246582031	69.7094799041748	71.49690246582031	2000	2023/03/10 
2023/03/13 	73.19496154785156	73.19496154785156	73.19496154785156	73.19496154785156	1	2023/03/13 
2023/03/14 	73.19496154785156	73.19496154785156	73.19496154785156	73.19496154785156	0	2023/03/14 
2023/03/15 	73.19496154785156	73.19496154785156	73.19496154785156	73.19496154785156	0	2023/03/15 
2023/03/16 	73.19496154785156	73.19496154785156	73.19496154785156	73.19496154785156	0	2023/03/16 
2023/03/17 	73.19496154785156	73.19496154785156	73.19496154785156	73.19496154785156	0	2023/03/17 
2023/03/20 	73.19496154785156	73.19496154785156	73.19496154785156	73.19496154785156	0	2023/03/20 
2023/03/21 	69.70948028564453	69.70948028564453	69.70948028564453	69.70948028564453	2001	2023/03/21 
2023/03/22 	69.70948028564453	69.70948028564453	69.70948028564453	69.70948028564453	0	2023/03/22 
2023/03/23 	69.70948028564453	69.70948028564453	69.70948028564453	69.70948028564453	0	2023/03/23 
2023/03/24 	69.70948028564453	69.70948028564453	69.70948028564453	69.70948028564453	0	2023/03/24 
2023/03/27 	69.70948028564453	69.70948028564453	69.70948028564453	69.70948028564453	0	2023/03/27 
2023/03/28 	69.70948028564453	69.70948028564453	69.70948028564453	69.70948028564453	0	2023/03/28 
2023/03/29 	69.70948028564453	69.70948028564453	69.70948028564453	69.70948028564453	0	2023/03/29 
2023/03/30 	69.62010955810547	69.62010955810547	69.62010955810547	69.62010955810547	1	2023/03/30 
2023/03/31 	72.39060974121094	72.39060974121094	72.39060974121094	72.39060974121094	2000	2023/03/31 
2023/04/06 	72.39060974121094	72.39060974121094	72.39060974121094	72.39060974121094	0	2023/04/06 
2023/04/07 	72.39060974121094	72.39060974121094	72.39060974121094	72.39060974121094	0	2023/04/07 
2023/04/10 	73.19496154785156	73.19496154785156	73.19496154785156	73.19496154785156	1000	2023/04/10 
2023/04/11 	73.19496154785156	73.19496154785156	73.19496154785156	73.19496154785156	2003	2023/04/11 
2023/04/12 	73.19496154785156	73.19496154785156	73.19496154785156	73.19496154785156	1000	2023/04/12 
2023/04/13 	73.19496154785156	73.19496154785156	73.19496154785156	73.19496154785156	2000	2023/04/13 
2023/04/14 	73.19496154785156	73.19496154785156	73.19496154785156	73.19496154785156	1000	2023/04/14 
2023/04/17 	73.19496154785156	73.19496154785156	73.19496154785156	73.19496154785156	6000	2023/04/17 
2023/04/18 	73.19496154785156	73.19496154785156	73.19496154785156	73.19496154785156	3000	2023/04/18 
2023/04/19 	73.19496154785156	73.19496154785156	72.5693595064737	73.19496154785156	8000	2023/04/19 
2023/04/20 	73.19496154785156	73.19496154785156	73.19496154785156	73.19496154785156	3000	2023/04/20 
2023/04/21 	73.19496154785156	73.19496154785156	73.19496154785156	73.19496154785156	1000	2023/04/21 
2023/04/24 	73.19496154785156	73.19496154785156	73.19496154785156	73.19496154785156	1010	2023/04/24 
2023/04/25 	73.19496154785156	73.19496154785156	73.19496154785156	73.19496154785156	0	2023/04/25 
2023/04/26 	73.19496154785156	73.19496154785156	73.19496154785156	73.19496154785156	1000	2023/04/26 
2023/04/27 	73.19496154785156	73.19496154785156	73.19496154785156	73.19496154785156	0	2023/04/27 
2023/04/28 	73.19496154785156	73.19496154785156	73.19496154785156	73.19496154785156	0	2023/04/28 
2023/05/02 	73.19496154785156	73.19496154785156	73.19496154785156	73.19496154785156	6000	2023/05/02 
2023/05/03 	73.2843246459961	73.2843246459961	73.2843246459961	73.2843246459961	100	2023/05/03 
2023/05/04 	73.2843246459961	73.2843246459961	73.2843246459961	73.2843246459961	0	2023/05/04 
2023/05/05 	73.2843246459961	73.2843246459961	73.2843246459961	73.2843246459961	0	2023/05/05 
2023/05/08 	73.2843246459961	73.2843246459961	73.2843246459961	73.2843246459961	0	2023/05/08 
2023/05/09 	73.2843246459961	73.2843246459961	73.2843246459961	73.2843246459961	0	2023/05/09 
2023/05/10 	73.2843246459961	73.2843246459961	73.2843246459961	73.2843246459961	74	2023/05/10 
2023/05/11 	73.2843246459961	73.2843246459961	73.2843246459961	73.2843246459961	0	2023/05/11 
2023/05/12 	73.2843246459961	73.2843246459961	73.2843246459961	73.2843246459961	0	2023/05/12 
2023/05/15 	73.2843246459961	73.2843246459961	73.2843246459961	73.2843246459961	10	2023/05/15 
2023/05/16 	73.2843246459961	73.2843246459961	73.2843246459961	73.2843246459961	0	2023/05/16 
2023/05/17 	73.2843246459961	73.2843246459961	73.2843246459961	73.2843246459961	0	2023/05/17 
2023/05/18 	73.2843246459961	73.2843246459961	73.2843246459961	73.2843246459961	0	2023/05/18 
2023/05/19 	73.2843246459961	73.2843246459961	73.2843246459961	73.2843246459961	0	2023/05/19 
2023/05/22 	69.70948588967262	73.19496154785156	69.70948588967262	73.19496154785156	6529	2023/05/22 
2023/05/23 	69.79885005052067	73.10558589874582	69.70948028564453	69.70948028564453	26200	2023/05/23 
2023/05/24 	69.70948028564453	69.70948028564453	69.70948028564453	69.70948028564453	0	2023/05/24 
2023/05/25 	69.70948028564453	69.70948028564453	69.70948028564453	69.70948028564453	0	2023/05/25 
2023/05/26 	69.26262464278784	69.70948028564453	67.92205771421774	69.70948028564453	10000	2023/05/26 
2023/05/29 	71.49690087730188	71.49690087730188	69.2626227248862	69.5307388305664	25000	2023/05/29 
2023/05/30 	69.5307388305664	69.5307388305664	68.63702756960012	69.5307388305664	13030	2023/05/30 
2023/05/31 	69.5307388305664	69.5307388305664	69.5307388305664	69.5307388305664	0	2023/05/31 
2023/06/01 	72.03312683105469	72.03312683105469	71.4969014339949	72.03312683105469	1177	2023/06/01 
2023/06/02 	72.21186925542634	72.30123901367188	72.21186925542634	72.30123901367188	1121	2023/06/02 
2023/06/05 	72.30123901367188	72.30123901367188	72.30123901367188	72.30123901367188	0	2023/06/05 
2023/06/06 	72.30123901367188	72.30123901367188	72.30123901367188	72.30123901367188	0	2023/06/06 
2023/06/07 	72.30123901367188	72.30123901367188	72.30123901367188	72.30123901367188	0	2023/06/07 
2023/06/08 	72.30123901367188	72.30123901367188	72.30123901367188	72.30123901367188	0	2023/06/08 
2023/06/09 	72.30123901367188	72.30123901367188	72.30123901367188	72.30123901367188	0	2023/06/09 
2023/06/12 	72.30123901367188	72.30123901367188	72.30123901367188	72.30123901367188	0	2023/06/12 
2023/06/13 	72.30123901367188	72.30123901367188	72.30123901367188	72.30123901367188	0	2023/06/13 
2023/06/14 	69.35199737548828	69.35199737548828	69.35199737548828	69.35199737548828	20	2023/06/14 
2023/06/15 	72.74809753841807	72.74809753841807	71.94375604502696	72.56935119628906	4001	2023/06/15 
2023/06/16 	69.35199440766398	71.05004721421462	69.26262464278784	69.70948028564453	17250	2023/06/16 
2023/06/19 	69.70948028564453	69.70948028564453	69.70948028564453	69.70948028564453	0	2023/06/19 
2023/06/20 	69.70948028564453	69.70948028564453	69.70948028564453	69.70948028564453	0	2023/06/20 
2023/06/21 	69.70948028564453	69.70948028564453	69.70948028564453	69.70948028564453	0	2023/06/21 
2023/06/26 	69.70948028564453	69.70948028564453	69.70948028564453	69.70948028564453	0	2023/06/26 
2023/06/27 	70.60318756103516	70.60318756103516	70.60318756103516	70.60318756103516	65	2023/06/27 
2023/06/28 	70.60318756103516	70.60318756103516	70.60318756103516	70.60318756103516	0	2023/06/28 
2023/06/29 	71.49689879598496	71.49689879598496	70.60318756103516	70.60318756103516	8715	2023/06/29 
2023/06/30 	72.39061578714623	72.39061578714623	70.60319317511792	71.050048828125	10000	2023/06/30 
2023/07/03 	70.60318756103516	71.05004317851007	70.60318756103516	70.60318756103516	4910	2023/07/03 
2023/07/04 	70.60319326940262	70.60319326940262	69.709481962195	70.42445373535156	14205	2023/07/04 
2023/07/05 	70.60318955342481	70.60318955342481	68.63702750844128	70.15633392333984	5300	2023/07/05 
2023/07/06 	70.06696319580078	70.06696319580078	70.06696319580078	70.06696319580078	3000	2023/07/06 
2023/07/07 	70.06696319580078	70.06696319580078	70.06696319580078	70.06696319580078	2000	2023/07/07 
2023/07/10 	70.06696616362508	70.06696616362508	68.63702947017886	69.70948028564453	3020	2023/07/10 
2023/07/11 	69.70948028564453	69.70948028564453	69.70948028564453	69.70948028564453	0	2023/07/11 
2023/07/12 	69.70948028564453	69.70948028564453	69.70948028564453	69.70948028564453	0	2023/07/12 
2023/07/13 	70.60318756103516	70.87130365891034	70.60318756103516	70.60318756103516	5000	2023/07/13 
2023/07/14 	70.60319126112059	70.87130737304688	70.60319126112059	70.87130737304688	6120	2023/07/14 
2023/07/17 	72.47997979073463	72.47997979073463	69.70947632608534	70.60318756103516	8196	2023/07/17 
2023/07/18 	70.60319118499756	71.76501857745752	70.60319118499756	71.49690246582031	9000	2023/07/18 
2023/07/19 	72.21187348399378	75.07174682617188	71.58627150269015	75.07174682617188	19118	2023/07/19 
2023/07/20 	74.624895550539	74.624895550539	69.35199737548828	69.35199737548828	16451	2023/07/20 
2023/07/21 	70.60319157135793	71.94375849992801	69.35199440766398	69.70948028564453	17086	2023/07/21 
2023/07/24 	72.62973997697958	72.62973997697958	69.05006831806773	72.06452941894531	10673	2023/07/24 
2023/07/25 	72.06452941894531	72.06452941894531	72.06452941894531	72.06452941894531	0	2023/07/25 
2023/07/26 	70.65149688720703	70.83989800408948	70.65149688720703	70.65149688720703	5576	2023/07/26 
2023/07/27 	70.65149688720703	70.65149688720703	68.86165752865607	70.65149688720703	27100	2023/07/27 
2023/07/28 	70.65149688720703	70.65149688720703	70.65149688720703	70.65149688720703	4000	2023/07/28 
2023/07/31 	70.65149646360794	70.74569702148438	70.65149646360794	70.74569702148438	8009	2023/07/31 
2023/08/01 	68.86165752865607	70.65149688720703	68.86165752865607	70.65149688720703	7000	2023/08/01 
2023/08/02 	68.86166253665282	69.70948199836575	68.7674619713608	69.23847198486328	51210	2023/08/02 
2023/08/04 	68.76746281972845	69.70948285835487	68.76746281972845	68.95586395263672	11000	2023/08/04 
2023/08/07 	68.955861832379	69.70948071492484	68.955861832379	69.61528015136719	23000	2023/08/07 
2023/08/08 	69.33266750790412	70.65149688720703	69.33266750790412	70.65149688720703	18000	2023/08/08 
2023/08/09 	69.52108001708984	70.65150116084644	69.42687226590816	69.52108001708984	17000	2023/08/09 
2023/08/10 	70.65149772067998	71.59351769028906	69.70947775107092	70.36888885498047	27000	2023/08/10 
2023/08/11 	69.99208579107653	71.40511572882068	69.99208579107653	70.65149688720703	22000	2023/08/11 
2023/08/14 	71.1225132500016	72.44134274767504	70.18049320695522	71.02831268310547	19010	2023/08/14 
2023/08/15 	71.12251153832815	71.49932098388672	70.46310039888247	71.49932098388672	21031	2023/08/15 
2023/08/16 	70.4631025244323	71.49932314069459	70.4631025244323	70.93411254882812	49000	2023/08/16 
2023/08/17 	70.83990393137091	71.12251281738281	70.55730223240153	71.12251281738281	46995	2023/08/17 
2023/08/18 	70.46309577032459	71.12250686645508	70.36888802484144	70.65149688720703	20000	2023/08/18 
2023/08/21 	70.3688897078141	70.6514985769387	69.8978797173012	70.18048858642578	57189	2023/08/21 
2023/08/22 	69.89788141159964	70.18049028757456	69.2384702837145	69.70948028564453	60500	2023/08/22 
2023/08/23 	69.23846860539993	70.18048858642578	68.39064918506824	70.18048858642578	47000	2023/08/23 
2023/08/24 	69.42686806634535	70.65149688720703	69.42686806634535	70.65149688720703	17000	2023/08/24 
2023/08/25 	69.8036812784825	70.18049071975541	68.7674607052637	69.61528015136719	72664	2023/08/25 
2023/08/28 	68.86166084476203	69.70948028564453	68.76746028178447	69.70948028564453	27000	2023/08/28 
2023/08/29 	69.70947692871094	70.65149688720703	69.70947692871094	70.65149688720703	4000	2023/08/29 
2023/08/30 	70.83990265739864	71.49932098388672	70.83990265739864	71.49932098388672	4050	2023/08/30 
2023/08/31 	71.59352111816406	71.59352111816406	71.59352111816406	71.59352111816406	4000	2023/08/31 
2023/09/01 	71.59352264404296	75.36160278320312	71.59352264404296	75.36160278320312	21254	2023/09/01 
2023/09/04 	73.28915538037802	75.83260638428897	73.00654651903596	74.98478698730469	17800	2023/09/04 
2023/09/05 	74.98479324474611	78.09346223075796	74.98479324474611	77.52825164794922	40789	2023/09/05 
2023/09/06 	77.99925737395176	77.99925737395176	75.45579911066775	76.49201965332031	21405	2023/09/06 
2023/09/07 	75.36159772814418	77.24563767134778	75.36159772814418	76.77462768554688	7000	2023/09/07 
2023/09/08 	76.77462768554688	76.77462768554688	76.77462768554688	76.77462768554688	0	2023/09/08 
2023/09/11 	76.77462685453506	77.05723571777344	76.77462685453506	77.05723571777344	5000	2023/09/11 
2023/09/12 	77.15143585205078	77.15143585205078	77.15143585205078	77.15143585205078	3028	2023/09/12 
2023/09/13 	80.73111490405408	81.01372379209937	77.24564361572266	77.24564361572266	25469	2023/09/13 
2023/09/14 	80.73111391324584	80.91952223197788	79.12968273275703	79.60069274902344	30000	2023/09/14 
2023/09/15 	78.18766343662504	81.95574360224553	78.18766343662504	81.48473358154297	108308	2023/09/15 
2023/09/18 	80.54271148856493	81.20212262593508	79.12968146244977	79.97750091552734	30992	2023/09/18 
2023/09/19 	87.23104812448732	88.54987752503453	85.2528076171875	85.2528076171875	101322	2023/09/19 
2023/09/20 	85.62961873930993	85.72381930113352	82.61515045166016	82.61515045166016	44200	2023/09/20 
2023/09/21 	82.42674849250099	84.7817984494296	82.42674849250099	82.89775848388672	31848	2023/09/21 
2023/09/22 	82.89775933159721	84.78179931640625	82.89775933159721	84.78179931640625	27041	2023/09/22 
2023/09/25 	84.59339776661112	86.0064277480999	82.89775891400775	84.8759994506836	28300	2023/09/25 
2023/09/26 	85.06440989952014	85.06440989952014	82.89776099860335	84.310791015625	26210	2023/09/26 
2023/09/27 	82.89776190396013	84.97020307674218	81.95574188232422	81.95574188232422	54195	2023/09/27 
2023/09/28 	81.76734169866592	82.04994339620028	79.12968273275703	79.60069274902344	64949	2023/09/28 
2023/10/02 	79.12967766992837	81.2963264809456	77.99925657803192	78.94127655029297	22859	2023/10/02 
2023/10/03 	77.99926130908422	77.99926130908422	75.45580291748047	75.45580291748047	50431	2023/10/03 
2023/10/04 	77.99926175543223	77.99926175543223	75.36160278320312	75.36160278320312	20205	2023/10/04 
2023/10/05 	77.52824954431637	79.03548011992369	75.92681121826172	75.92681121826172	17400	2023/10/05 
2023/10/06 	75.64420827243902	75.64420827243902	73.94856941112502	74.2311782836914	18628	2023/10/06 
2023/10/11 	73.6659577018015	77.24563641026468	71.12250669481686	77.15143585205078	63583	2023/10/11 
2023/10/12 	77.90505400231923	77.90505400231923	74.51378331448359	75.36160278320312	148108	2023/10/12 
2023/10/13 	74.41958284000835	75.36160287595783	72.25293388250756	73.19495391845703	172727	2023/10/13 
2023/10/16 	73.76016612407209	73.76016612407209	72.6297378540039	72.6297378540039	1396000	2023/10/16 
2023/10/17 	73.4775619506836	73.4775619506836	73.194953068364	73.4775619506836	388066	2023/10/17 
2023/10/18 	73.00655026599755	73.00655026599755	71.1225102591331	71.78192138671875	12309	2023/10/18 
2023/10/19 	69.70947943055513	70.46309829921584	69.70947943055513	69.89788055419922	9867	2023/10/19 
2023/10/20 	70.46309788916679	72.53553898536023	70.46309788916679	72.15872955322266	13007	2023/10/20 
2023/10/23 	71.12250900512593	74.3253783977321	71.12250900512593	72.15872955322266	11259	2023/10/23 
2023/10/24 	70.74569913763287	70.74569913763287	68.86165917558117	70.18048858642578	16450	2023/10/24 
2023/10/25 	69.70948028564453	71.12251029143462	68.76746028178447	69.70948028564453	34200	2023/10/25 
2023/10/26 	68.95586481935835	69.70948373454891	68.48485479412491	68.76746368408203	40119	2023/10/26 
2023/10/27 	64.5283694797092	67.825439453125	63.30374061476646	67.825439453125	1314000	2023/10/27 
2023/10/30 	69.52107789750251	73.38335840579884	68.29644903990122	70.08628845214844	1509000	2023/10/30 
2023/10/31 	70.46309619392215	71.59351727609638	68.20224684253178	70.55729675292969	521000	2023/10/31 
2023/11/01 	71.40512092179162	71.49932148708363	69.23847198486328	69.23847198486328	137000	2023/11/01 
2023/11/02 	70.55729801624453	70.55729801624453	69.23846860539993	70.18048858642578	92000	2023/11/02 
2023/11/03 	70.4630961193661	70.4630961193661	68.20224677036789	68.3906478881836	87000	2023/11/03 
2023/11/06 	67.82543776939656	70.36888881093212	67.82543776939656	68.29644775390625	65000	2023/11/06 
2023/11/07 	68.29644988044983	69.05006875394754	66.88341988292328	67.73123931884766	52000	2023/11/07 
2023/11/08 	69.70948373454891	69.70948373454891	66.506614125553	68.76746368408203	59000	2023/11/08 
2023/11/09 	68.57905747574253	68.76745859708208	67.16602750456961	68.10804748535156	16000	2023/11/09 
2023/11/10 	68.29644944932726	68.29644944932726	66.60081058818226	67.825439453125	11000	2023/11/10 
2023/11/13 	67.82544289172536	67.82544289172536	65.94140281139966	66.8834228515625	28000	2023/11/13 
2023/11/14 	66.88341732711321	67.35442730829007	66.22400622828239	66.31820678710938	20000	2023/11/14 
2023/11/15 	66.88341988292328	67.73123931884766	66.88341988292328	67.73123931884766	32000	2023/11/15 
2023/11/16 	67.825439453125	68.10804832566322	67.07182058438451	67.825439453125	26000	2023/11/16 
2023/11/17 	67.91964001495701	67.91964001495701	66.2240083408542	67.825439453125	25000	2023/11/17 
2023/11/20 	66.60081141677409	67.54283142089844	65.65879141264975	67.54283142089844	37000	2023/11/20 
2023/11/21 	66.88341946738696	66.88341946738696	66.03560003672996	74.2311782836914	25000	2023/11/21 
2023/11/22 	66.78922315083685	66.88342371866588	65.65879477576057	66.69502258300781	25000	2023/11/22 
2023/11/23 	66.12979890635916	66.22400665283203	65.8471972280665	66.22400665283203	23000	2023/11/23 
2023/11/24 	65.37619307227348	66.69502258300781	65.37619307227348	66.69502258300781	16000	2023/11/24 
2023/11/27 	66.6008080378363	66.695015783103	65.94139694322085	66.41240692138672	17000	2023/11/27 
2023/11/28 	65.94139862060547	66.03559918122649	65.47038863045829	65.94139862060547	33000	2023/11/28 
2023/11/29 	65.84719889906388	65.94139946088528	65.6587905883789	65.6587905883789	16000	2023/11/29 
2023/11/30 	65.94139862060547	66.22400748951061	65.65878975170033	65.94139862060547	25000	2023/11/30 
2023/12/01 	65.9413998908865	65.9413998908865	65.47038989166589	65.56459045410156	8000	2023/12/01 
2023/12/04 	65.56459347170079	65.56459347170079	64.52837286313199	64.81098175048828	38000	2023/12/04 
2023/12/05 	64.71676762708921	64.71676762708921	64.43416595458984	64.43416595458984	29000	2023/12/05 
2023/12/06 	64.7167739868164	64.7167739868164	64.7167739868164	64.7167739868164	8000	2023/12/06 
2023/12/07 	64.43417301138398	66.60081481933594	64.43417301138398	66.60081481933594	108000	2023/12/07 
2023/12/08 	65.94139862060547	65.94139862060547	64.99937864031111	65.94139862060547	64000	2023/12/08 
2023/12/11 	64.7167748543009	65.0935843134219	64.33997258222254	64.52837371826172	18000	2023/12/11 
2023/12/12 	64.52836948697025	65.56459004132337	64.52836948697025	65.75299835205078	31000	2023/12/12 
2023/12/13 	65.56459045410156	66.03560045332217	65.56459045410156	65.56459045410156	16000	2023/12/13 
2023/12/14 	65.56459134905	65.94140079097835	65.4703907853285	63.20954132080078	32000	2023/12/14 
2023/12/15 	65.47039031982422	65.47039031982422	64.99938031752333	65.47039031982422	10000	2023/12/15 
2023/12/18 	65.18778315007829	65.2819909026384	64.99938201904297	64.99938201904297	8000	2023/12/18 
2023/12/19 	64.6225742862813	64.6225742862813	64.15156425914071	64.52837371826172	31000	2023/12/19 
2023/12/20 	64.4341667855491	64.4341667855491	64.15155792236328	64.15155792236328	12000	2023/12/20 
2023/12/21 	63.680550908057775	63.680550908057775	63.11534034239996	63.39794921875	34000	2023/12/21 
2023/12/22 	63.209538783090224	63.209538783090224	62.36171936954994	62.926937103271484	77000	2023/12/22 
2023/12/25 	62.64432907104492	63.02113850286565	62.64432907104492	62.64432907104492	10000	2023/12/25 
2023/12/26 	62.26752350658954	62.92694184999207	62.26752350658954	68.86166381835938	6000	2023/12/26 
2023/12/27 	62.92694082948467	63.586351975150734	62.92694082948467	64.99938201904297	9000	2023/12/27 
2023/12/28 	63.20954132080078	63.39794963528611	63.20954132080078	63.20954132080078	7000	2023/12/28 
2023/12/29 	63.209540478586035	63.492149353027344	63.209540478586035	63.492149353027344	5000	2023/12/29 
2024/01/02 	63.11534118652344	63.11534118652344	63.11534118652344	63.11534118652344	2000	2024/01/02 
2024/01/03 	63.115338223150644	63.115338223150644	62.73852879635029	62.926937103271484	4000	2024/01/03 
2024/01/04 	63.021137663211064	63.021137663211064	62.926937103271484	62.926937103271484	7000	2024/01/04 
2024/01/05 	62.83272976587591	62.83272976587591	62.64432864476863	62.738529205322266	7000	2024/01/05 
2024/01/08 	62.92693794167099	62.92693794167099	62.64432907104492	62.64432907104492	3000	2024/01/08 
2024/01/09 	62.45592794865562	62.64432907104492	62.45592794865562	62.64432907104492	4000	2024/01/09 
2024/01/10 	62.64432991324387	62.64432991324387	62.36172103881836	62.36172103881836	6000	2024/01/10 
2024/01/11 	62.36172103881836	62.36172103881836	62.17331991389617	62.36172103881836	9000	2024/01/11 
2024/01/12 	62.36172229753904	63.11534118652344	62.36172229753904	63.11534118652344	9000	2024/01/12 
2024/01/15 	63.11534118652344	63.11534118652344	63.11534118652344	63.11534118652344	0	2024/01/15 
2024/01/16 	63.115338223150644	63.115338223150644	62.926937103271484	62.926937103271484	12000	2024/01/16 
2024/01/17 	62.92693922038763	62.92693922038763	62.644330344018755	62.267520904541016	10000	2024/01/17 
2024/01/18 	62.45592878832168	62.45592878832168	62.36172103881836	62.36172103881836	12000	2024/01/18 
2024/01/19 	62.17332077026367	62.17332077026367	62.17332077026367	62.17332077026367	2000	2024/01/19 
2024/01/22 	62.17332077026367	62.17332077026367	62.17332077026367	62.17332077026367	16000	2024/01/22 
2024/01/23 	61.79651217299072	61.89071273803711	61.79651217299072	61.89071273803711	4000	2024/01/23 
2024/01/24 	61.890712320123335	62.07912063598633	61.41970231102942	62.07912063598633	23000	2024/01/24 
2024/01/25 	62.17332032400405	62.36172145016897	62.17332032400405	63.303741455078125	3000	2024/01/25 
2024/01/26 	62.361720200418844	62.64432907104492	62.361720200418844	62.64432907104492	8000	2024/01/26 
2024/01/29 	62.64432907104492	62.832730193434216	62.64432907104492	62.64432907104492	7000	2024/01/29 
2024/01/30 	62.64432821977049	62.83272933959961	62.64432821977049	62.83272933959961	11000	2024/01/30 
2024/01/31 	62.83273273519303	63.021141052246094	62.83273273519303	63.021141052246094	15000	2024/01/31 
2024/02/01 	62.83273273519303	63.021141052246094	62.64433160518237	63.021141052246094	15000	2024/02/01 
2024/02/02 	62.738531742031235	63.11534118652344	62.738531742031235	63.11534118652344	15000	2024/02/02 
2024/02/05 	62.926939897423345	63.39794990507759	62.926939897423345	69.42687225341797	21000	2024/02/05 
2024/02/15 	63.20953754354162	64.24575805664062	63.02113642735704	64.24575805664062	36000	2024/02/15 
2024/02/16 	64.05736198978148	64.99938201904297	63.77475310618605	64.99938201904297	22000	2024/02/16 
2024/02/19 	64.05735866001675	64.52836865016393	64.05735866001675	65.94139862060547	7000	2024/02/19 
2024/02/20 	64.05736369112113	64.52837371826172	64.05736369112113	64.52837371826172	12000	2024/02/20 
2024/02/21 	64.05736369112113	64.6225742862813	64.05736369112113	64.52837371826172	17000	2024/02/21 
2024/02/22 	64.15156425914071	64.52837371826172	64.15156425914071	64.52837371826172	6000	2024/02/22 
2024/02/23 	64.15156425914071	64.52837371826172	63.86896255508194	64.52837371826172	17000	2024/02/23 
2024/02/26 	64.52836691795939	64.52836691795939	64.24575805664062	64.24575805664062	5000	2024/02/26 
2024/02/27 	64.15155834742473	64.52836777182186	63.96315722874715	64.05735778808594	11000	2024/02/27 
2024/02/29 	64.05735778808594	64.15155834742473	64.05735778808594	64.05735778808594	13000	2024/02/29 
2024/03/01 	64.15155792236328	64.15155792236328	64.15155792236328	64.15155792236328	6000	2024/03/01 
2024/03/04 	64.15155749854833	64.24575805664062	64.15155749854833	64.24575805664062	12000	2024/03/04 
2024/03/05 	64.52836693655136	64.99937691419042	64.3399658203125	64.3399658203125	5000	2024/03/05 
2024/03/06 	64.05735695891231	64.71676805279023	64.05735695891231	64.3399658203125	14000	2024/03/06 
2024/03/07 	64.52836691795939	64.52836691795939	64.24575805664062	64.24575805664062	11000	2024/03/07 
2024/03/08 	64.3399658203125	64.43416637843193	64.05735695891231	64.3399658203125	26000	2024/03/08 
2024/03/11 	64.24575890676351	64.24575890676351	64.05735778808594	64.05735778808594	18000	2024/03/11 
2024/03/12 	64.24575807515117	64.3399658203125	64.24575807515117	64.3399658203125	3000	2024/03/12 
2024/03/13 	64.05735694045603	64.24575805664062	64.05735694045603	64.24575805664062	22000	2024/03/13 
2024/03/14 	64.24575848107791	64.24575848107791	64.15155792236328	64.15155792236328	23000	2024/03/14 
2024/03/15 	64.15155792236328	64.24575848107791	64.15155792236328	64.15155792236328	28000	2024/03/15 
2024/03/18 	64.15155834742473	64.43416721248308	64.05735778808594	64.05735778808594	48000	2024/03/18 
2024/03/19 	64.05735694045603	64.24575805664062	63.58634696295268	64.24575805664062	48000	2024/03/19 
2024/03/20 	64.05735736364866	64.15155792236328	63.5863473830336	64.15155792236328	70000	2024/03/20 
2024/03/21 	63.86896255508194	64.52837371826172	63.7747548000197	64.52837371826172	42000	2024/03/21 
2024/03/22 	64.90517633737045	65.4703868729661	64.24575805664062	64.24575805664062	18000	2024/03/22 
2024/03/25 	64.3399658203125	64.43416637843193	64.24575807515117	64.3399658203125	16000	2024/03/25 
2024/03/26 	63.96315640079287	64.3399658203125	63.68054753939268	64.3399658203125	35000	2024/03/26 
2024/03/27 	64.33997130086188	64.99938245090917	64.33997130086188	64.90518188476562	18000	2024/03/27 
2024/03/28 	64.24575890676351	64.24575890676351	64.05735778808594	64.05735778808594	6000	2024/03/28 
2024/03/29 	63.86895751953125	64.05735864071653	63.86895751953125	63.86895751953125	10000	2024/03/29 
2024/04/01 	63.86895666940836	64.05735778808594	63.6805483636888	64.05735778808594	22000	2024/04/01 
2024/04/02 	64.05735864071653	64.05735864071653	63.77474977189653	63.86895751953125	9000	2024/04/02 
2024/04/03 	63.86895666940836	64.05735778808594	63.6805483636888	64.05735778808594	18000	2024/04/03 
2024/04/08 	63.6805483636888	64.05735778808594	63.58634780435001	64.05735778808594	16000	2024/04/08 
2024/04/09 	64.05735948350694	64.05735948350694	63.58634948730469	63.58634948730469	13000	2024/04/09 
2024/04/10 	63.77475061096872	63.77475061096872	63.58634948730469	63.58634948730469	24000	2024/04/10 
2024/04/11 	63.586348226907404	63.963157653808594	63.586348226907404	63.963157653808594	9000	2024/04/11 
2024/04/12 	64.05735864071653	64.05735864071653	63.86895751953125	63.86895751953125	17000	2024/04/12 
2024/04/15 	64.05735905342235	64.05735905342235	63.68054962158203	63.68054962158203	16000	2024/04/15 
2024/04/16 	63.49214849588102	63.49214849588102	63.115339064060294	62.64432907104492	44000	2024/04/16 
2024/04/17 	63.20954090550255	63.39794921875	63.20954090550255	63.39794921875	17000	2024/04/17 
2024/04/18 	63.303741455078125	63.303741455078125	63.303741455078125	63.303741455078125	8000	2024/04/18 
2024/04/19 	63.11534034239996	63.39794921875	62.832731466049914	63.39794921875	32000	2024/04/19 
2024/04/22 	62.36172103881836	62.64432991324387	62.36172103881836	62.36172103881836	11000	2024/04/22 
2024/04/23 	62.26752047635727	62.36172103881836	62.26752047635727	62.36172103881836	8000	2024/04/23 
2024/04/24 	62.26752047635727	62.36172103881836	62.26752047635727	62.36172103881836	9000	2024/04/24 
2024/04/25 	62.36172062605023	62.55012893676758	62.26752006421264	62.55012893676758	8000	2024/04/25 
2024/04/26 	62.26752133402228	62.26752133402228	62.17332077026367	62.17332077026367	20000	2024/04/26 
2024/04/29 	62.26752047635727	62.36172103881836	62.17331991389617	62.36172103881836	14000	2024/04/29 
2024/04/30 	62.17331991389617	62.36172103881836	62.17331991389617	62.36172103881836	15000	2024/04/30 
2024/05/02 	62.07912063598633	62.26752176480694	62.07912063598633	62.07912063598633	9000	2024/05/02 
2024/05/03 	61.7965087890625	61.89070934895054	61.702308229174456	61.7965087890625	8000	2024/05/03 
2024/05/06 	61.98491709588061	61.98491709588061	61.7965087890625	61.7965087890625	9000	2024/05/06 
2024/05/07 	61.79651217299072	61.98492049012592	61.702311607944324	61.89071273803711	13000	2024/05/07 
2024/05/08 	61.7965087890625	61.7965087890625	61.51390710939837	61.7965087890625	12000	2024/05/08 
2024/05/09 	61.702308229174456	61.89070934895054	61.702308229174456	61.7965087890625	16000	2024/05/09 
2024/05/10 	61.7023090816974	61.7023090816974	61.513907959318225	61.60810852050781	7000	2024/05/10 
2024/05/13 	61.702308654785156	61.79650921532298	61.608108094247335	61.702308654785156	11000	2024/05/13 
2024/05/14 	61.702308654785156	61.702308654785156	61.702308654785156	61.702308654785156	9000	2024/05/14 
2024/05/15 	61.702308229174456	61.7965087890625	61.702308229174456	61.7965087890625	19000	2024/05/15 
2024/05/16 	61.796512184538564	61.984920501708984	61.796512184538564	61.984920501708984	9000	2024/05/16 
2024/05/17 	61.890712749602564	61.984920501708984	61.890712749602564	61.984920501708984	7000	2024/05/17 
2024/05/20 	61.89071273803711	61.89071273803711	61.79651217299072	61.89071273803711	9000	2024/05/20 
2024/05/21 	61.89070934895054	61.89070934895054	61.702308229174456	61.7965087890625	6000	2024/05/21 
2024/05/22 	61.70231119130272	62.07912063598633	61.60811062689241	62.07912063598633	16000	2024/05/22 
2024/05/23 	62.079120206505074	62.26752133402228	62.079120206505074	62.17332077026367	11000	2024/05/23 
2024/05/24 	62.17332077026367	62.17332077026367	62.17332077026367	62.17332077026367	2000	2024/05/24 
2024/05/27 	62.267520068019415	62.267520068019415	61.51390838623047	61.51390838623047	14000	2024/05/27 
2024/05/28 	61.60810852050781	61.98491795230828	61.325499649896926	61.60810852050781	24000	2024/05/28 
2024/05/29 	61.60810894807381	61.60810894807381	61.41970063734494	61.51390838623047	10000	2024/05/29 
2024/05/30 	61.51390923045468	61.51390923045468	61.231300354003906	61.231300354003906	22000	2024/05/30 
2024/05/31 	61.23129949891726	61.419700622558594	61.23129949891726	61.419700622558594	15000	2024/05/31 
2024/06/03 	61.41970105075866	61.41970105075866	61.32550048828126	61.32550048828125	10000	2024/06/03 
2024/06/04 	61.32550048828126	61.41970105075866	61.231299925803846	61.32550048828125	20000	2024/06/04 
2024/06/05 	61.23129949891726	61.60810893324211	61.23129949891726	61.419700622558594	24000	2024/06/05 
2024/06/06 	61.419700622558594	61.70230949506278	61.419700622558594	61.419700622558594	18000	2024/06/06 
2024/06/07 	61.41970063734494	61.51390838623047	61.41970063734494	61.51390838623047	11000	2024/06/07 
2024/06/11 	61.51390923045468	61.51390923045468	61.231300354003906	61.231300354003906	20000	2024/06/11 
2024/06/12 	61.231299925803846	61.32550048828126	61.231299925803846	61.32550048828125	12000	2024/06/12 
2024/06/13 	61.231299925803846	61.32550048828126	61.231299925803846	61.32550048828125	16000	2024/06/13 
2024/06/14 	61.32550006073792	61.419700622558594	61.32550006073792	61.419700622558594	13000	2024/06/14 
2024/06/17 	61.41969978612961	61.79650921532298	61.32549922559179	61.702308654785156	87000	2024/06/17 
2024/06/18 	61.70231119130272	62.07912063598633	61.60811062689241	62.07912063598633	45000	2024/06/18 
2024/06/19 	62.079121055172315	62.079121055172315	61.89071273803711	61.89071273803711	15000	2024/06/19 
2024/06/20 	61.890712320123335	62.173321200396636	61.890712320123335	62.07912063598633	24000	2024/06/20 
2024/06/21 	61.98491964274647	62.17332077026367	61.70231076442835	62.17332077026367	38000	2024/06/21 
2024/06/24 	62.17331864451634	62.17331864451634	61.513907533709514	61.702308654785156	42000	2024/06/24 
2024/06/25 	61.79651217299072	61.89071273803711	61.702311607944324	61.89071273803711	28000	2024/06/25 
2024/06/26 	61.890712749602564	62.07912106677298	61.325502172176165	61.984920501708984	97000	2024/06/26 
2024/06/27 	62.0	62.400001525878906	61.70000076293945	62.400001525878906	35000	2024/06/27 
2024/06/28 	61.79999923706055	62.79999923706055	61.79999923706055	62.5	52000	2024/06/28 
2024/07/01 	62.5	62.900001525878906	62.29999923706055	62.900001525878906	17000	2024/07/01 
2024/07/02 	62.5	62.900001525878906	62.099998474121094	62.900001525878906	11000	2024/07/02 
2024/07/03 	62.20000076293945	63.79999923706055	61.5	63.79999923706055	48000	2024/07/03 
2024/07/04 	63.5	63.79999923706055	63.20000076293945	62.79999923706055	12000	2024/07/04 
2024/07/05 	62.70000076293945	63.0	62.70000076293945	63.0	5000	2024/07/05 
2024/07/08 	63.0	63.0	63.0	63.0	1000	2024/07/08 
2024/07/09 	63.0	63.0	62.29999923706055	62.29999923706055	10000	2024/07/09 
2024/07/10 	62.29999923706055	62.29999923706055	62.099998474121094	62.099998474121094	5000	2024/07/10 
2024/07/11 	64.0999984741211	65.80000305175781	63.70000076293945	63.70000076293945	44000	2024/07/11 
2024/07/12 	63.29999923706055	64.80000305175781	62.29999923706055	64.80000305175781	20000	2024/07/12 
2024/07/15 	64.5999984741211	66.19999694824219	63.70000076293945	65.9000015258789	70000	2024/07/15 
2024/07/16 	64.9000015258789	66.0	64.9000015258789	65.80000305175781	26000	2024/07/16 
2024/07/17 	65.80000305175781	65.80000305175781	65.30000305175781	66.0	23000	2024/07/17 
2024/07/18 	65.0	65.5999984741211	65.0	65.5	14000	2024/07/18 
2024/07/19 	65.0999984741211	65.5	64.5	65.5	12000	2024/07/19 
2024/07/22 	64.5999984741211	65.5	64.19999694824219	65.5	11000	2024/07/22 
2024/07/23 	65.4000015258789	65.5	64.5999984741211	65.5	8000	2024/07/23 
2024/07/26 	64.69999694824219	65.5999984741211	64.69999694824219	64.80000305175781	5000	2024/07/26 
2024/07/29 	64.9000015258789	65.30000305175781	64.5	65.30000305175781	14000	2024/07/29 
2024/07/30 	65.4000015258789	65.4000015258789	65.0	70.0	25000	2024/07/30 
2024/07/31 	65.0	65.80000305175781	64.5	65.80000305175781	10000	2024/07/31 
2024/08/01 	64.80000305175781	65.5999984741211	64.80000305175781	65.5999984741211	6000	2024/08/01 
2024/08/02 	64.69999694824219	65.30000305175781	64.69999694824219	64.80000305175781	5000	2024/08/02 
2024/08/05 	64.30000305175781	64.30000305175781	60.599998474121094	61.400001525878906	34000	2024/08/05 
2024/08/06 	61.20000076293945	62.70000076293945	58.400001525878906	62.0	21000	2024/08/06 
2024/08/07 	63.599998474121094	63.599998474121094	62.400001525878906	62.400001525878906	11000	2024/08/07 
2024/08/08 	62.400001525878906	62.400001525878906	62.400001525878906	62.400001525878906	0	2024/08/08 
2024/08/09 	63.5	63.5	63.5	69.0	4000	2024/08/09 
2024/08/12 	65.19999694824219	65.30000305175781	64.69999694824219	69.0	21000	2024/08/12 
2024/08/13 	64.69999694824219	64.69999694824219	63.20000076293945	64.69999694824219	5000	2024/08/13 
2024/08/14 	63.79999923706055	64.0999984741211	63.70000076293945	63.79999923706055	8000	2024/08/14 
2024/08/15 	64.0	64.19999694824219	63.79999923706055	64.19999694824219	12000	2024/08/15 
2024/08/16 	65.19999694824219	65.19999694824219	63.70000076293945	65.0999984741211	20000	2024/08/16 
2024/08/19 	65.0999984741211	65.19999694824219	64.0999984741211	65.19999694824219	14000	2024/08/19 
2024/08/20 	65.30000305175781	65.5999984741211	64.0	65.30000305175781	23000	2024/08/20 
2024/08/21 	64.30000305175781	64.30000305175781	64.19999694824219	64.19999694824219	10000	2024/08/21 
2024/08/22 	63.5	64.0	63.400001525878906	63.79999923706055	28000	2024/08/22 
2024/08/23 	63.29999923706055	63.599998474121094	63.0	63.599998474121094	15000	2024/08/23 
2024/08/26 	63.79999923706055	64.0	63.29999923706055	63.79999923706055	11000	2024/08/26 
2024/08/27 	63.79999923706055	63.900001525878906	63.099998474121094	63.900001525878906	4000	2024/08/27 
2024/08/28 	63.900001525878906	64.19999694824219	63.900001525878906	70.0	6000	2024/08/28 
2024/08/29 	64.19999694824219	64.19999694824219	64.19999694824219	64.19999694824219	1000	2024/08/29 
2024/08/30 	63.29999923706055	64.19999694824219	63.20000076293945	64.19999694824219	3000	2024/08/30 
2024/09/02 	63.599998474121094	64.19999694824219	63.599998474121094	64.19999694824219	3000	2024/09/02 
2024/09/03 	63.900001525878906	64.9000015258789	63.900001525878906	64.9000015258789	3000	2024/09/03 
2024/09/04 	63.79999923706055	64.5	63.29999923706055	63.29999923706055	5000	2024/09/04 
2024/09/05 	64.30000305175781	64.4000015258789	64.30000305175781	64.4000015258789	4000	2024/09/05 
2024/09/06 	64.5999984741211	64.5999984741211	63.900001525878906	64.4000015258789	4000	2024/09/06 
2024/09/09 	63.5	64.4000015258789	63.5	70.80000305175781	3000	2024/09/09 
2024/09/10 	65.30000305175781	68.19999694824219	65.30000305175781	66.19999694824219	61000	2024/09/10 
2024/09/11 	66.19999694824219	68.80000305175781	65.4000015258789	68.80000305175781	167000	2024/09/11 
2024/09/12 	68.9000015258789	70.0	68.80000305175781	69.5	133000	2024/09/12 
2024/09/13 	69.5	69.5999984741211	68.19999694824219	69.0999984741211	30000	2024/09/13 
2024/09/16 	68.69999694824219	69.30000305175781	68.5	69.0999984741211	19000	2024/09/16 
2024/09/18 	69.30000305175781	74.0	69.30000305175781	72.0	90000	2024/09/18 
2024/09/19 	72.0	72.19999694824219	70.5	71.19999694824219	84000	2024/09/19 
2024/09/20 	71.19999694824219	71.19999694824219	66.80000305175781	68.5	77000	2024/09/20 
2024/09/23 	68.5	68.5	67.5	68.0	51000	2024/09/23 
2024/09/24 	68.0	68.80000305175781	68.0	68.5999984741211	11000	2024/09/24 
2024/09/25 	68.30000305175781	68.5	66.69999694824219	67.4000015258789	44000	2024/09/25 
2024/09/26 	67.0	67.5	66.0	66.69999694824219	60000	2024/09/26 
2024/09/27 	66.69999694824219	66.69999694824219	66.5	66.5999984741211	5000	2024/09/27 
2024/09/30 	66.0	67.4000015258789	65.69999694824219	66.80000305175781	18000	2024/09/30 
2024/10/01 	66.69999694824219	66.9000015258789	66.5	66.69999694824219	23000	2024/10/01 
2024/10/04 	67.5999984741211	67.5999984741211	67.5999984741211	67.5999984741211	3000	2024/10/04 
2024/10/07 	67.69999694824219	67.69999694824219	67.4000015258789	67.69999694824219	9000	2024/10/07 
2024/10/08 	66.9000015258789	67.69999694824219	66.69999694824219	67.69999694824219	11000	2024/10/08 
2024/10/09 	67.69999694824219	67.69999694824219	66.5999984741211	67.0	13000	2024/10/09 
2024/10/11 	68.9000015258789	68.9000015258789	67.0	67.5	18000	2024/10/11 
2024/10/14 	67.5	67.5	67.0	67.0	33000	2024/10/14 
2024/10/15 	67.0	67.0999984741211	66.80000305175781	66.80000305175781	10000	2024/10/15 
2024/10/16 	66.9000015258789	67.0	66.0	66.69999694824219	33000	2024/10/16 
2024/10/17 	66.0999984741211	66.0999984741211	65.80000305175781	66.0	36000	2024/10/17 
2024/10/18 	66.0	66.30000305175781	65.0999984741211	66.30000305175781	24000	2024/10/18 
2024/10/21 	65.5999984741211	65.5999984741211	65.5999984741211	65.5999984741211	4000	2024/10/21 
2024/10/22 	65.5999984741211	65.80000305175781	65.5	65.5	11000	2024/10/22 
2024/10/23 	65.5	65.5	65.0	65.4000015258789	9000	2024/10/23 
2024/10/24 	65.30000305175781	65.30000305175781	65.30000305175781	65.30000305175781	1000	2024/10/24 
2024/10/25 	65.4000015258789	65.5	65.4000015258789	65.5	5000	2024/10/25 
2024/10/28 	65.5	66.30000305175781	65.5	66.0	18000	2024/10/28 
2024/10/29 	66.0	66.4000015258789	65.5999984741211	66.4000015258789	22000	2024/10/29 
2024/10/30 	66.4000015258789	66.4000015258789	64.9000015258789	64.9000015258789	46000	2024/10/30 
2024/11/01 	64.4000015258789	64.4000015258789	63.29999923706055	63.29999923706055	85000	2024/11/01 
2024/11/04 	63.5	63.5	61.70000076293945	62.79999923706055	82000	2024/11/04 
2024/11/05 	62.5	62.5	61.900001525878906	62.29999923706055	45000	2024/11/05 
2024/11/06 	62.099998474121094	62.099998474121094	60.900001525878906	61.0	68000	2024/11/06 
2024/11/07 	61.0	61.0	60.599998474121094	61.0	12000	2024/11/07 
2024/11/08 	67.0999984741211	67.0999984741211	66.5	67.0999984741211	299000	2024/11/08 
2024/11/11 	67.0	67.19999694824219	66.19999694824219	67.19999694824219	121000	2024/11/11 
2024/11/12 	67.30000305175781	67.30000305175781	66.0	66.0	57000	2024/11/12 
2024/11/13 	66.0	66.0	64.0	66.0	33000	2024/11/13 
2024/11/14 	64.0999984741211	64.0999984741211	63.099998474121094	63.20000076293945	6000	2024/11/14 
2024/11/15 	63.20000076293945	65.4000015258789	62.79999923706055	66.19999694824219	10000	2024/11/15 
2024/11/18 	63.29999923706055	64.30000305175781	63.0	64.30000305175781	17000	2024/11/18 
2024/11/19 	64.0999984741211	64.0999984741211	63.900001525878906	64.0	10000	2024/11/19 
2024/11/20 	63.20000076293945	63.29999923706055	63.0	63.0	7802	2024/11/20 
2024/11/21 	63.0	63.0	62.5	62.5	21000	2024/11/21 
2024/11/22 	62.5	63.0	62.5	62.79999923706055	13000	2024/11/22 
2024/11/25 	62.79999923706055	63.599998474121094	62.5	62.79999923706055	22000	2024/11/25 
2024/11/26 	62.79999923706055	62.79999923706055	62.79999923706055	62.79999923706055	1000	2024/11/26 
2024/11/27 	62.70000076293945	62.79999923706055	62.0	62.0	24000	2024/11/27 
2024/11/28 	61.5	62.0	61.20000076293945	62.0	9000	2024/11/28 
2024/11/29 	62.099998474121094	64.0	62.099998474121094	64.0	20000	2024/11/29 
2024/12/02 	64.19999694824219	64.19999694824219	64.0	64.0	13000	2024/12/02 
2024/12/03 	62.900001525878906	64.0	62.79999923706055	68.9000015258789	7000	2024/12/03 
2024/12/04 	64.5	64.5	64.0	64.0	7000	2024/12/04 
2024/12/05 	64.0	64.0	63.20000076293945	64.0	7000	2024/12/05 
2024/12/06 	64.0	65.5999984741211	63.5	64.0999984741211	21000	2024/12/06 
2024/12/09 	63.29999923706055	64.4000015258789	63.20000076293945	64.4000015258789	12000	2024/12/09 
2024/12/10 	64.5	64.5	63.79999923706055	63.900001525878906	32000	2024/12/10 
2024/12/11 	62.79999923706055	63.599998474121094	62.70000076293945	63.599998474121094	10000	2024/12/11 
2024/12/12 	63.599998474121094	64.30000305175781	63.400001525878906	63.400001525878906	14000	2024/12/12 
2024/12/13 	63.70000076293945	64.0	63.20000076293945	63.20000076293945	11000	2024/12/13 
2024/12/16 	63.29999923706055	64.0	63.20000076293945	64.0	3000	2024/12/16 
2024/12/17 	64.0	64.0	64.0	64.0	3000	2024/12/17 
2024/12/18 	63.29999923706055	64.5	63.29999923706055	64.5	2000	2024/12/18 
2024/12/19 	63.0	64.0	63.0	64.0	5000	2024/12/19 
2024/12/20 	63.099998474121094	63.099998474121094	63.099998474121094	67.0	1000	2024/12/20 
2024/12/23 	63.70000076293945	63.79999923706055	63.599998474121094	63.599998474121094	4000	2024/12/23 
2024/12/24 	63.599998474121094	63.70000076293945	62.900001525878906	62.900001525878906	10000	2024/12/24 
2024/12/25 	63.0	63.0	62.599998474121094	62.70000076293945	5000	2024/12/25 
2024/12/26 	62.599998474121094	62.599998474121094	62.5	68.4000015258789	11000	2024/12/26 
2024/12/27 	62.29999923706055	63.400001525878906	61.70000076293945	62.900001525878906	25000	2024/12/27 
2024/12/30 	62.900001525878906	62.900001525878906	62.0	62.099998474121094	7000	2024/12/30 
2024/12/31 	61.79999923706055	62.70000076293945	61.5	62.70000076293945	15000	2024/12/31 
2025/01/02 	62.70000076293945	62.70000076293945	61.400001525878906	62.599998474121094	15000	2025/01/02 
2025/01/03 	61.70000076293945	62.599998474121094	61.70000076293945	62.599998474121094	4000	2025/01/03 
2025/01/06 	62.599998474121094	62.599998474121094	62.599998474121094	62.599998474121094	0	2025/01/06 
2025/01/07 	62.599998474121094	63.0	62.599998474121094	63.0	3000	2025/01/07 
2025/01/08 	63.20000076293945	63.20000076293945	61.900001525878906	63.0	7000	2025/01/08 
2025/01/09 	64.69999694824219	65.0	63.20000076293945	63.20000076293945	30000	2025/01/09 
2025/01/10 	63.20000076293945	63.70000076293945	62.400001525878906	62.400001525878906	13000	2025/01/10 
2025/01/13 	62.5	62.5	61.099998474121094	62.29999923706055	18000	2025/01/13 
2025/01/14 	61.599998474121094	62.20000076293945	61.599998474121094	62.20000076293945	7000	2025/01/14 
2025/01/15 	62.20000076293945	62.20000076293945	61.79999923706055	62.20000076293945	3000	2025/01/15 
2025/01/16 	62.099998474121094	62.099998474121094	62.0	62.0	2000	2025/01/16 
2025/01/17 	62.0	62.0	62.0	62.0	2000	2025/01/17 
2025/01/20 	62.29999923706055	62.29999923706055	62.29999923706055	62.29999923706055	2000	2025/01/20 
2025/01/21 	62.599998474121094	62.599998474121094	62.29999923706055	62.29999923706055	2000	2025/01/21 
2025/01/22 	62.5	68.5	62.5	68.5	45000	2025/01/22 
2025/02/03 	65.5999984741211	65.5999984741211	61.70000076293945	63.29999923706055	174010	2025/02/03 
2025/02/04 	62.400001525878906	62.79999923706055	61.70000076293945	62.29999923706055	26000	2025/02/04 
2025/02/05 	62.29999923706055	63.20000076293945	62.29999923706055	63.20000076293945	12000	2025/02/05 
2025/02/06 	62.79999923706055	63.099998474121094	62.79999923706055	63.099998474121094	2000	2025/02/06 
2025/02/07 	62.5	63.099998474121094	62.5	63.099998474121094	2000	2025/02/07 
2025/02/10 	63.099998474121094	63.5	62.79999923706055	63.099998474121094	24033	2025/02/10 
2025/02/11 	62.900001525878906	63.0	62.70000076293945	62.70000076293945	9040	2025/02/11 
2025/02/12 	63.0	63.0	62.5	62.5	16000	2025/02/12 
2025/02/13 	63.0	63.5	63.0	63.400001525878906	12408	2025/02/13 
2025/02/14 	63.400001525878906	63.5	63.0	63.5	10066	2025/02/14 
2025/02/17 	63.5	63.900001525878906	63.5	63.900001525878906	5000	2025/02/17 
2025/02/18 	64.0	64.69999694824219	63.900001525878906	64.19999694824219	12002	2025/02/18 
2025/02/19 	62.900001525878906	64.19999694824219	62.900001525878906	64.19999694824219	5000	2025/02/19 
2025/02/20 	64.0	64.30000305175781	63.900001525878906	64.30000305175781	21050	2025/02/20 
2025/02/21 	64.0	64.0	64.0	64.0	3000	2025/02/21 
2025/02/24 	64.5	64.5999984741211	64.0999984741211	64.19999694824219	19002	2025/02/24 
2025/02/25 	64.0999984741211	64.0999984741211	63.900001525878906	63.900001525878906	36000	2025/02/25 
2025/02/26 	64.0	64.0	63.900001525878906	63.900001525878906	9000	2025/02/26 
2025/02/27 	63.79999923706055	64.0	63.5	64.0	15002	2025/02/27 
2025/03/03 	64.0	64.0	63.099998474121094	63.099998474121094	4000	2025/03/03 
2025/03/04 	63.20000076293945	63.20000076293945	62.70000076293945	63.20000076293945	8000	2025/03/04 
2025/03/05 	63.20000076293945	63.20000076293945	63.20000076293945	63.20000076293945	4000	2025/03/05 
2025/03/06 	63.29999923706055	63.900001525878906	63.29999923706055	63.70000076293945	8000	2025/03/06 
2025/03/07 	63.70000076293945	63.900001525878906	63.599998474121094	63.900001525878906	7033	2025/03/07 
2025/03/10 	64.0999984741211	64.80000305175781	64.0	64.80000305175781	19150	2025/03/10 
2025/03/11 	62.900001525878906	63.0	61.5	63.0	39151	2025/03/11 
2025/03/12 	62.599998474121094	62.79999923706055	62.20000076293945	62.70000076293945	39000	2025/03/12 
2025/03/13 	62.400001525878906	62.400001525878906	61.900001525878906	61.900001525878906	21000	2025/03/13 
2025/03/14 	61.79999923706055	62.0	61.79999923706055	62.0	4000	2025/03/14 
2025/03/17 	62.0	62.20000076293945	62.0	62.099998474121094	3000	2025/03/17 
2025/03/18 	62.0	62.0	61.79999923706055	61.900001525878906	22000	2025/03/18 
2025/03/19 	61.79999923706055	61.79999923706055	61.400001525878906	61.400001525878906	14000	2025/03/19 
2025/03/20 	61.599998474121094	61.79999923706055	61.599998474121094	61.79999923706055	6000	2025/03/20 
2025/03/21 	61.5	61.900001525878906	60.79999923706055	61.900001525878906	15000	2025/03/21 
2025/03/24 	62.0	62.0	61.20000076293945	61.20000076293945	16000	2025/03/24 
2025/03/25 	61.29999923706055	61.5	61.20000076293945	61.5	14000	2025/03/25 
2025/03/26 	61.099998474121094	61.5	61.099998474121094	61.20000076293945	6000	2025/03/26 
2025/03/27 	61.20000076293945	61.20000076293945	61.20000076293945	61.20000076293945	0	2025/03/27 
2025/03/28 	60.900001525878906	61.5	60.5	60.5	14000	2025/03/28 
2025/03/31 	60.5	60.5	60.0	60.099998474121094	11000	2025/03/31 
2025/04/01 	61.0	61.0	61.0	61.0	1000	2025/04/01 
2025/04/02 	61.0	61.0	61.0	61.0	0	2025/04/02 
2025/04/07 	55.0	55.29999923706055	54.900001525878906	55.29999923706055	55008	2025/04/07 
2025/04/08 	55.0	55.29999923706055	54.79999923706055	55.29999923706055	4000	2025/04/08 
2025/04/09 	52.0	55.0	52.0	55.0	5000	2025/04/09 
2025/04/10 	58.79999923706055	58.79999923706055	56.599998474121094	56.900001525878906	7000	2025/04/10 
2025/04/11 	55.900001525878906	56.79999923706055	55.900001525878906	56.79999923706055	3000	2025/04/11 
2025/04/14 	56.79999923706055	56.79999923706055	56.79999923706055	56.79999923706055	0	2025/04/14 
2025/04/15 	56.79999923706055	57.0	56.79999923706055	57.0	3000	2025/04/15 
2025/04/16 	57.0	57.0	57.0	57.0	0	2025/04/16 
2025/04/17 	57.0	57.0	57.0	57.0	0	2025/04/17 
2025/04/18 	57.0	57.0	57.0	57.0	0	2025/04/18 
2025/04/21 	56.70000076293945	56.79999923706055	56.70000076293945	56.79999923706055	3000	2025/04/21 
2025/04/22 	56.79999923706055	56.79999923706055	56.79999923706055	56.79999923706055	0	2025/04/22 
2025/04/23 	56.79999923706055	56.79999923706055	56.79999923706055	56.79999923706055	2000	2025/04/23 
2025/04/24 	56.79999923706055	56.79999923706055	56.79999923706055	56.79999923706055	0	2025/04/24 
2025/04/25 	56.0	56.0	56.0	56.0	1100	2025/04/25 
2025/04/28 	56.0	56.0	56.0	56.0	0	2025/04/28 
2025/04/29 	56.099998474121094	56.099998474121094	56.099998474121094	56.099998474121094	1000	2025/04/29 
2025/04/30 	56.099998474121094	56.099998474121094	56.099998474121094	56.099998474121094	0	2025/04/30 
2025/05/02 	57.0	57.5	57.0	57.5	3000	2025/05/02 
2025/05/05 	57.5	57.5	57.5	57.5	1000	2025/05/05 
2025/05/06 	55.599998474121094	57.0	54.099998474121094	56.5	12001	2025/05/06 
2025/05/07 	56.400001525878906	56.400001525878906	56.0	56.0	3000	2025/05/07 
2025/05/08 	56.0	56.0	56.0	56.0	2000	2025/05/08 
2025/05/09 	57.5	57.5	57.0	57.0	2000	2025/05/09 
2025/05/12 	57.0	57.0	57.0	57.0	2000	2025/05/12 
2025/05/13 	57.0	58.0	57.0	57.0	4000	2025/05/13 
2025/05/14 	57.20000076293945	57.20000076293945	56.20000076293945	56.20000076293945	7000	2025/05/14 
2025/05/15 	56.400001525878906	56.400001525878906	56.400001525878906	56.400001525878906	2150	2025/05/15 
2025/05/16 	56.400001525878906	56.400001525878906	56.400001525878906	56.400001525878906	0	2025/05/16 
2025/05/19 	56.400001525878906	61.5	56.400001525878906	57.0	15000	2025/05/19 
2025/05/20 	58.599998474121094	60.900001525878906	58.099998474121094	58.099998474121094	4000	2025/05/20 
2025/05/21 	58.599998474121094	59.599998474121094	58.599998474121094	59.5	5000	2025/05/21 
2025/05/22 	58.0	59.599998474121094	58.0	59.599998474121094	3000	2025/05/22 
2025/05/23 	59.599998474121094	59.599998474121094	59.599998474121094	59.599998474121094	0	2025/05/23 
2025/05/26 	56.900001525878906	57.20000076293945	56.900001525878906	57.20000076293945	2000	2025/05/26 
2025/05/27 	58.5	59.599998474121094	58.5	59.29999923706055	7000	2025/05/27 
2025/05/28 	59.29999923706055	59.29999923706055	59.29999923706055	59.29999923706055	0	2025/05/28 
2025/05/29 	58.20000076293945	58.20000076293945	58.0	58.20000076293945	5000	2025/05/29 
2025/06/02 	58.20000076293945	58.20000076293945	58.20000076293945	58.20000076293945	0	2025/06/02 
2025/06/03 	61.599998474121094	61.599998474121094	61.599998474121094	61.599998474121094	1059	2025/06/03 
2025/06/04 	61.599998474121094	61.599998474121094	61.599998474121094	61.599998474121094	0	2025/06/04 
2025/06/05 	61.599998474121094	61.599998474121094	61.599998474121094	61.599998474121094	0	2025/06/05 
2025/06/06 	57.20000076293945	57.29999923706055	57.20000076293945	57.29999923706055	2000	2025/06/06 
2025/06/09 	59.20000076293945	59.20000076293945	59.20000076293945	59.20000076293945	1000	2025/06/09 
2025/06/10 	59.0	59.0	57.599998474121094	57.599998474121094	4000	2025/06/10 
2025/06/11 	59.29999923706055	59.29999923706055	58.29999923706055	58.29999923706055	2000	2025/06/11 
2025/06/12 	58.29999923706055	58.29999923706055	58.29999923706055	58.29999923706055	1000	2025/06/12 
2025/06/13 	56.29999923706055	56.5	56.29999923706055	56.5	7000	2025/06/13 
2025/06/16 	57.0	57.0	56.0	56.0	3000	2025/06/16 
2025/06/17 	56.099998474121094	56.099998474121094	56.099998474121094	56.099998474121094	2000	2025/06/17 
2025/06/18 	58.0	58.0	57.0	57.0	3002	2025/06/18 
2025/06/19 	55.400001525878906	55.5	55.400001525878906	55.5	4000	2025/06/19 
2025/06/20 	55.599998474121094	55.900001525878906	55.5	55.900001525878906	6000	2025/06/20 
2025/06/23 	55.900001525878906	55.900001525878906	55.900001525878906	55.900001525878906	0	2025/06/23 
2025/06/24 	57.20000076293945	57.20000076293945	57.20000076293945	57.20000076293945	1000	2025/06/24 
2025/06/25 	56.20000076293945	56.20000076293945	56.20000076293945	56.20000076293945	3000	2025/06/25 
2025/06/26 	56.099998474121094	56.099998474121094	56.099998474121094	56.099998474121094	1102	2025/06/26 
2025/06/27 	56.20000076293945	56.20000076293945	56.20000076293945	56.20000076293945	1000	2025/06/27 
