Date	Open	High	Low	Close	Volume	Date
2022/03/04 	104.46369934082031	122.27548217773438	104.46369934082031	119.86848449707031	64683	2022/03/04 
2022/03/07 	118.90568542480469	125.16387939453125	104.46369934082031	106.38929748535156	30170	2022/03/07 
2022/03/08 	105.90789794921875	105.90789794921875	96.08734893798828	100.61250305175781	20412	2022/03/08 
2022/03/09 	97.24270629882812	97.24270629882812	94.35430908203125	97.24270629882812	14717	2022/03/09 
2022/03/10 	98.20550537109375	102.05670166015625	98.20550537109375	102.05670166015625	9536	2022/03/10 
2022/03/11 	102.05670166015625	102.05670166015625	94.25802612304688	94.35430908203125	8518	2022/03/11 
2022/03/14 	93.87290954589844	96.2799072265625	93.39151000976562	93.39151000976562	2612	2022/03/14 
2022/03/15 	93.39151000976562	93.39151000976562	92.4287109375	93.39151000976562	4159	2022/03/15 
2022/03/16 	91.46591186523438	91.94731140136719	90.50311279296875	91.46591186523438	5245	2022/03/16 
2022/03/17 	89.63658905029297	89.63658905029297	86.65191650390625	88.8663558959961	8773	2022/03/17 
2022/03/18 	85.97795867919922	85.97795867919922	85.97795867919922	85.97795867919922	1039	2022/03/18 
2022/03/21 	85.97795867919922	85.97795867919922	85.97795867919922	85.97795867919922	0	2022/03/21 
2022/03/22 	85.68911743164062	85.68911743164062	85.68911743164062	85.68911743164062	1	2022/03/22 
2022/03/23 	85.20771789550781	89.05891418457031	85.11143493652344	85.11143493652344	1373	2022/03/23 
2022/03/24 	84.726318359375	85.20771789550781	84.726318359375	85.20771789550781	8	2022/03/24 
2022/03/25 	84.63003540039062	84.63003540039062	84.63003540039062	84.63003540039062	2077	2022/03/25 
2022/03/28 	87.61471557617188	87.61471557617188	83.76351928710938	86.65191650390625	4314	2022/03/28 
2022/03/29 	86.65191650390625	86.65191650390625	86.65191650390625	86.65191650390625	35	2022/03/29 
2022/03/30 	86.65191650390625	86.65191650390625	86.65191650390625	86.65191650390625	1	2022/03/30 
2022/03/31 	86.65191650390625	87.61471557617188	84.53376007080078	87.61471557617188	2091	2022/03/31 
2022/04/01 	84.34119415283203	87.61471557617188	84.34119415283203	87.61471557617188	2	2022/04/01 
2022/04/06 	87.61471557617188	87.61471557617188	87.61471557617188	87.61471557617188	1039	2022/04/06 
2022/04/07 	88.5775146484375	88.5775146484375	84.34119415283203	88.5775146484375	317	2022/04/07 
2022/04/08 	88.5775146484375	88.5775146484375	88.5775146484375	88.5775146484375	1043	2022/04/08 
2022/04/11 	88.5775146484375	88.5775146484375	88.5775146484375	88.5775146484375	2286	2022/04/11 
2022/04/12 	88.5775146484375	88.5775146484375	88.5775146484375	88.5775146484375	1627	2022/04/12 
2022/04/13 	88.5775146484375	88.5775146484375	84.726318359375	88.5775146484375	220	2022/04/13 
2022/04/14 	88.5775146484375	88.5775146484375	88.5775146484375	88.5775146484375	0	2022/04/14 
2022/04/15 	88.5775146484375	88.5775146484375	88.5775146484375	88.5775146484375	10	2022/04/15 
2022/04/18 	88.5775146484375	88.5775146484375	88.5775146484375	88.5775146484375	0	2022/04/18 
2022/04/19 	88.5775146484375	88.5775146484375	88.5775146484375	88.5775146484375	6	2022/04/19 
2022/04/20 	88.5775146484375	88.5775146484375	88.5775146484375	88.5775146484375	0	2022/04/20 
2022/04/21 	88.5775146484375	88.5775146484375	88.5775146484375	88.5775146484375	103	2022/04/21 
2022/04/22 	88.5775146484375	88.5775146484375	88.5775146484375	88.5775146484375	0	2022/04/22 
2022/04/25 	84.726318359375	89.05891418457031	84.726318359375	89.05891418457031	32	2022/04/25 
2022/04/26 	84.726318359375	88.5775146484375	84.726318359375	88.5775146484375	1039	2022/04/26 
2022/04/27 	84.726318359375	84.726318359375	84.726318359375	84.726318359375	3219	2022/04/27 
2022/04/28 	86.65191650390625	86.65191650390625	84.14863586425781	84.726318359375	3458	2022/04/28 
2022/04/29 	84.91887664794922	84.91887664794922	84.91887664794922	84.91887664794922	1038	2022/04/29 
2022/05/03 	86.07423400878906	86.07423400878906	86.07423400878906	86.07423400878906	5	2022/05/03 
2022/05/04 	86.07423400878906	86.07423400878906	86.07423400878906	86.07423400878906	0	2022/05/04 
2022/05/05 	86.65191650390625	86.65191650390625	86.65191650390625	86.65191650390625	6	2022/05/05 
2022/05/06 	86.65191650390625	86.65191650390625	86.65191650390625	86.65191650390625	0	2022/05/06 
2022/05/09 	86.65191650390625	86.65191650390625	86.65191650390625	86.65191650390625	0	2022/05/09 
2022/05/10 	82.80072021484375	86.65191650390625	82.80072021484375	86.65191650390625	1040	2022/05/10 
2022/05/11 	86.65191650390625	86.65191650390625	86.65191650390625	86.65191650390625	0	2022/05/11 
2022/05/12 	86.65191650390625	86.65191650390625	86.65191650390625	86.65191650390625	0	2022/05/12 
2022/05/13 	86.65191650390625	86.65191650390625	86.65191650390625	86.65191650390625	2082	2022/05/13 
2022/05/16 	86.94075775146484	86.94075775146484	86.94075775146484	86.94075775146484	5	2022/05/16 
2022/05/17 	86.94075775146484	86.94075775146484	86.94075775146484	86.94075775146484	0	2022/05/17 
2022/05/18 	86.94075775146484	86.94075775146484	86.94075775146484	86.94075775146484	0	2022/05/18 
2022/05/19 	86.94075775146484	86.94075775146484	86.94075775146484	86.94075775146484	0	2022/05/19 
2022/05/20 	86.94075775146484	86.94075775146484	86.94075775146484	86.94075775146484	20	2022/05/20 
2022/05/23 	83.76351928710938	86.94075775146484	83.76351928710938	86.94075775146484	62	2022/05/23 
2022/05/24 	86.94075775146484	86.94075775146484	86.94075775146484	86.94075775146484	0	2022/05/24 
2022/05/25 	86.94075775146484	86.94075775146484	86.94075775146484	86.94075775146484	57	2022/05/25 
2022/05/26 	86.94075775146484	86.94075775146484	86.94075775146484	86.94075775146484	0	2022/05/26 
2022/05/27 	83.76351928710938	86.94075775146484	83.76351928710938	86.94075775146484	109	2022/05/27 
2022/05/30 	86.94075775146484	86.94075775146484	86.94075775146484	86.94075775146484	0	2022/05/30 
2022/05/31 	86.94075775146484	86.94075775146484	86.94075775146484	86.94075775146484	5	2022/05/31 
2022/06/01 	86.94075775146484	86.94075775146484	86.94075775146484	86.94075775146484	0	2022/06/01 
2022/06/02 	86.94075775146484	86.94075775146484	86.94075775146484	86.94075775146484	5	2022/06/02 
2022/06/06 	86.94075775146484	86.94075775146484	86.94075775146484	86.94075775146484	0	2022/06/06 
2022/06/07 	86.94075775146484	86.94075775146484	86.94075775146484	86.94075775146484	0	2022/06/07 
2022/06/08 	86.94075775146484	86.94075775146484	86.94075775146484	86.94075775146484	21	2022/06/08 
2022/06/09 	86.94075775146484	86.94075775146484	86.94075775146484	86.94075775146484	0	2022/06/09 
2022/06/10 	87.03703308105469	87.03703308105469	87.03703308105469	87.03703308105469	5	2022/06/10 
2022/06/13 	87.03703308105469	87.03703308105469	87.03703308105469	87.03703308105469	0	2022/06/13 
2022/06/14 	87.03703308105469	87.03703308105469	87.03703308105469	87.03703308105469	0	2022/06/14 
2022/06/15 	86.26679229736328	86.26679229736328	85.20771789550781	85.20771789550781	6231	2022/06/15 
2022/06/16 	87.03703308105469	87.03703308105469	87.03703308105469	87.03703308105469	1	2022/06/16 
2022/06/17 	83.28211975097656	86.65191650390625	82.80072021484375	86.65191650390625	4991	2022/06/17 
2022/06/20 	82.80072021484375	83.08956146240234	81.83792114257812	81.83792114257812	4299	2022/06/20 
2022/06/21 	85.68911743164062	85.68911743164062	85.68911743164062	85.68911743164062	1	2022/06/21 
2022/06/22 	81.83792114257812	84.726318359375	81.83792114257812	83.76351928710938	3334	2022/06/22 
2022/06/23 	81.45279693603516	83.76351928710938	81.45279693603516	83.76351928710938	2078	2022/06/23 
2022/06/24 	83.76351928710938	83.76351928710938	83.76351928710938	83.76351928710938	51	2022/06/24 
2022/06/27 	83.76351928710938	83.76351928710938	83.76351928710938	83.76351928710938	0	2022/06/27 
2022/06/28 	83.76351928710938	83.76351928710938	83.76351928710938	83.76351928710938	0	2022/06/28 
2022/06/29 	83.76351928710938	83.76351928710938	83.76351928710938	83.76351928710938	0	2022/06/29 
2022/06/30 	80.8751220703125	81.35652160644531	80.8751220703125	81.1639633178711	3740	2022/06/30 
2022/07/01 	79.91232299804688	80.8751220703125	79.91232299804688	80.48999786376953	2285	2022/07/01 
2022/07/04 	80.48999786376953	80.48999786376953	80.48999786376953	80.48999786376953	0	2022/07/04 
2022/07/05 	80.48999786376953	80.48999786376953	80.48999786376953	80.48999786376953	0	2022/07/05 
2022/07/06 	80.48999786376953	80.48999786376953	80.48999786376953	80.48999786376953	0	2022/07/06 
2022/07/07 	80.48999786376953	80.48999786376953	80.48999786376953	80.48999786376953	0	2022/07/07 
2022/07/08 	80.8751220703125	80.8751220703125	80.8751220703125	80.8751220703125	166	2022/07/08 
2022/07/11 	80.8751220703125	80.8751220703125	80.8751220703125	80.8751220703125	1038	2022/07/11 
2022/07/12 	80.8751220703125	81.1639633178711	80.8751220703125	81.1639633178711	4154	2022/07/12 
2022/07/13 	78.94952392578125	81.83792114257812	78.94952392578125	81.83792114257812	104	2022/07/13 
2022/07/14 	81.83792114257812	81.83792114257812	81.83792114257812	81.83792114257812	0	2022/07/14 
2022/07/15 	81.83792114257812	81.83792114257812	81.83792114257812	81.83792114257812	1	2022/07/15 
2022/07/18 	81.83792114257812	81.83792114257812	81.83792114257812	81.83792114257812	0	2022/07/18 
2022/07/19 	78.94952392578125	79.91232299804688	78.27556610107422	79.33464050292969	4518	2022/07/19 
2022/07/20 	79.33464050292969	79.33464050292969	78.94952392578125	78.94952392578125	4155	2022/07/20 
2022/07/21 	78.94952392578125	78.94952392578125	78.94952392578125	78.94952392578125	0	2022/07/21 
2022/07/22 	78.27556610107422	78.27556610107422	77.98672485351562	77.98672485351562	5193	2022/07/22 
2022/07/25 	77.98672485351562	77.98672485351562	77.98672485351562	77.98672485351562	0	2022/07/25 
2022/07/26 	78.46812438964844	78.46812438964844	78.46812438964844	78.46812438964844	31	2022/07/26 
2022/07/27 	78.46812438964844	78.46812438964844	78.46812438964844	78.46812438964844	0	2022/07/27 
2022/07/28 	78.46812438964844	78.46812438964844	78.46812438964844	78.46812438964844	21	2022/07/28 
2022/07/29 	74.71320343017578	78.46812438964844	74.71320343017578	78.46812438964844	1039	2022/07/29 
2022/08/01 	78.46812438964844	78.46812438964844	78.46812438964844	78.46812438964844	0	2022/08/01 
2022/08/02 	78.46812438964844	78.46812438964844	78.46812438964844	78.46812438964844	0	2022/08/02 
2022/08/03 	78.46812438964844	78.46812438964844	78.46812438964844	78.46812438964844	0	2022/08/03 
2022/08/04 	78.46812438964844	78.46812438964844	78.46812438964844	78.46812438964844	1	2022/08/04 
2022/08/05 	78.46812438964844	78.46812438964844	78.46812438964844	78.46812438964844	0	2022/08/05 
2022/08/08 	78.46812438964844	78.46812438964844	78.46812438964844	78.46812438964844	1038	2022/08/08 
2022/08/09 	78.46812438964844	78.46812438964844	78.46812438964844	78.46812438964844	0	2022/08/09 
2022/08/10 	74.61692810058594	75.09832763671875	73.1727294921875	74.03924560546875	2557	2022/08/10 
2022/08/11 	75.00204467773438	75.00204467773438	75.00204467773438	75.00204467773438	1	2022/08/11 
2022/08/12 	75.00204467773438	75.00204467773438	75.00204467773438	75.00204467773438	0	2022/08/12 
2022/08/15 	75.00204467773438	75.00204467773438	75.00204467773438	75.00204467773438	0	2022/08/15 
2022/08/16 	72.20993041992188	75.00204467773438	72.20993041992188	75.00204467773438	260	2022/08/16 
2022/08/17 	75.00204467773438	75.00204467773438	75.00204467773438	75.00204467773438	1	2022/08/17 
2022/08/18 	75.00204467773438	75.00204467773438	75.00204467773438	75.00204467773438	20	2022/08/18 
2022/08/19 	74.61692810058594	74.61692810058594	74.61692810058594	74.61692810058594	103	2022/08/19 
2022/08/22 	74.61692810058594	74.61692810058594	74.61692810058594	74.61692810058594	51	2022/08/22 
2022/08/23 	74.61692810058594	74.61692810058594	74.61692810058594	74.61692810058594	0	2022/08/23 
2022/08/24 	74.61692810058594	74.61692810058594	74.61692810058594	74.61692810058594	1	2022/08/24 
2022/08/25 	74.61692810058594	74.61692810058594	74.61692810058594	74.61692810058594	0	2022/08/25 
2022/08/26 	74.61692810058594	74.61692810058594	74.61692810058594	74.61692810058594	0	2022/08/26 
2022/08/29 	74.61692810058594	74.61692810058594	74.61692810058594	74.61692810058594	0	2022/08/29 
2022/08/30 	74.61692810058594	74.61692810058594	74.61692810058594	74.61692810058594	0	2022/08/30 
2022/08/31 	74.61692810058594	74.61692810058594	74.61692810058594	74.61692810058594	1038	2022/08/31 
2022/09/01 	74.61692810058594	74.61692810058594	74.61692810058594	74.61692810058594	6243	2022/09/01 
2022/09/02 	74.61692810058594	74.61692810058594	74.61692810058594	74.61692810058594	0	2022/09/02 
2022/09/05 	74.61692810058594	74.61692810058594	74.61692810058594	74.61692810058594	235	2022/09/05 
2022/09/06 	74.61692810058594	74.61692810058594	74.61692810058594	74.61692810058594	0	2022/09/06 
2022/09/07 	74.61692810058594	74.61692810058594	74.61692810058594	74.61692810058594	0	2022/09/07 
2022/09/08 	74.61692810058594	74.61692810058594	74.61692810058594	74.61692810058594	5193	2022/09/08 
2022/09/12 	74.61692810058594	74.61692810058594	74.61692810058594	74.61692810058594	0	2022/09/12 
2022/09/13 	74.61692810058594	74.61692810058594	74.61692810058594	74.61692810058594	0	2022/09/13 
2022/09/14 	74.61692810058594	74.61692810058594	74.61692810058594	74.61692810058594	0	2022/09/14 
2022/09/15 	74.61692810058594	74.61692810058594	74.61692810058594	74.61692810058594	10	2022/09/15 
2022/09/16 	74.61692810058594	74.61692810058594	74.61692810058594	74.61692810058594	0	2022/09/16 
2022/09/19 	74.61692810058594	74.61692810058594	74.61692810058594	74.61692810058594	0	2022/09/19 
2022/09/20 	74.61692810058594	74.61692810058594	74.61692810058594	74.61692810058594	0	2022/09/20 
2022/09/21 	74.61692810058594	74.61692810058594	74.61692810058594	74.61692810058594	0	2022/09/21 
2022/09/22 	74.61692810058594	74.61692810058594	74.61692810058594	74.61692810058594	0	2022/09/22 
2022/09/23 	74.61692810058594	74.61692810058594	74.61692810058594	74.61692810058594	0	2022/09/23 
2022/09/26 	76.19999694824219	80.0	76.19999694824219	80.0	1001	2022/09/26 
2022/09/27 	80.0	80.0	80.0	80.0	0	2022/09/27 
2022/09/28 	80.0	80.0	80.0	80.0	1	2022/09/28 
2022/09/29 	76.0999984741211	80.0	76.0999984741211	80.0	11	2022/09/29 
2022/09/30 	80.0	80.0	80.0	80.0	0	2022/09/30 
2022/10/03 	79.9000015258789	79.9000015258789	79.9000015258789	79.9000015258789	100	2022/10/03 
2022/10/04 	79.9000015258789	79.9000015258789	79.9000015258789	79.9000015258789	0	2022/10/04 
2022/10/05 	79.9000015258789	79.9000015258789	79.9000015258789	79.9000015258789	0	2022/10/05 
2022/10/06 	79.9000015258789	79.9000015258789	79.9000015258789	79.9000015258789	0	2022/10/06 
2022/10/07 	79.9000015258789	79.9000015258789	79.9000015258789	79.9000015258789	0	2022/10/07 
2022/10/11 	79.9000015258789	79.9000015258789	79.9000015258789	79.9000015258789	0	2022/10/11 
2022/10/12 	79.9000015258789	79.9000015258789	79.9000015258789	79.9000015258789	0	2022/10/12 
2022/10/13 	76.0	79.9000015258789	76.0	79.9000015258789	7	2022/10/13 
2022/10/14 	79.9000015258789	79.9000015258789	76.0	79.9000015258789	1003	2022/10/14 
2022/10/17 	79.9000015258789	79.9000015258789	79.9000015258789	79.9000015258789	0	2022/10/17 
2022/10/18 	79.9000015258789	79.9000015258789	79.9000015258789	79.9000015258789	0	2022/10/18 
2022/10/19 	79.9000015258789	79.9000015258789	79.9000015258789	79.9000015258789	0	2022/10/19 
2022/10/20 	79.80000305175781	79.80000305175781	79.80000305175781	79.80000305175781	11	2022/10/20 
2022/10/21 	79.80000305175781	79.80000305175781	79.80000305175781	79.80000305175781	10	2022/10/21 
2022/10/24 	79.80000305175781	79.80000305175781	79.80000305175781	79.80000305175781	0	2022/10/24 
2022/10/25 	76.0	76.30000305175781	72.69999694824219	72.69999694824219	6266	2022/10/25 
2022/10/26 	72.69999694824219	72.69999694824219	72.69999694824219	72.69999694824219	1021	2022/10/26 
2022/10/27 	72.5	72.5	72.5	72.5	200	2022/10/27 
2022/10/28 	72.5	72.5	72.5	72.5	5	2022/10/28 
2022/10/31 	72.5	72.5	72.5	72.5	0	2022/10/31 
2022/11/01 	72.5	72.5	72.5	72.5	0	2022/11/01 
2022/11/02 	72.5	72.5	72.5	72.5	0	2022/11/02 
2022/11/03 	72.5	72.5	72.5	72.5	0	2022/11/03 
2022/11/04 	72.5	72.5	72.5	72.5	0	2022/11/04 
2022/11/07 	72.5	72.5	72.5	72.5	0	2022/11/07 
2022/11/08 	72.5	72.5	72.5	72.5	0	2022/11/08 
2022/11/09 	72.5	72.5	72.5	72.5	0	2022/11/09 
2022/11/10 	72.5	72.5	72.5	72.5	3000	2022/11/10 
2022/11/11 	72.9000015258789	72.9000015258789	72.9000015258789	72.9000015258789	2001	2022/11/11 
2022/11/14 	72.9000015258789	72.9000015258789	72.9000015258789	72.9000015258789	0	2022/11/14 
2022/11/15 	72.9000015258789	72.9000015258789	72.9000015258789	72.9000015258789	0	2022/11/15 
2022/11/16 	72.9000015258789	72.9000015258789	72.9000015258789	72.9000015258789	0	2022/11/16 
2022/11/17 	72.9000015258789	72.9000015258789	72.9000015258789	72.9000015258789	0	2022/11/17 
2022/11/18 	72.9000015258789	72.9000015258789	72.9000015258789	72.9000015258789	0	2022/11/18 
2022/11/21 	72.9000015258789	72.9000015258789	72.9000015258789	72.9000015258789	1000	2022/11/21 
2022/11/22 	72.9000015258789	72.9000015258789	72.9000015258789	72.9000015258789	0	2022/11/22 
2022/11/23 	72.9000015258789	72.9000015258789	72.9000015258789	72.9000015258789	0	2022/11/23 
2022/11/24 	72.9000015258789	72.9000015258789	72.9000015258789	72.9000015258789	0	2022/11/24 
2022/11/25 	72.9000015258789	72.9000015258789	72.9000015258789	72.9000015258789	0	2022/11/25 
2022/11/28 	72.9000015258789	72.9000015258789	72.9000015258789	72.9000015258789	0	2022/11/28 
2022/11/29 	72.9000015258789	72.9000015258789	72.9000015258789	72.9000015258789	0	2022/11/29 
2022/11/30 	72.9000015258789	72.9000015258789	72.9000015258789	72.9000015258789	0	2022/11/30 
2022/12/01 	72.9000015258789	72.9000015258789	72.9000015258789	72.9000015258789	0	2022/12/01 
2022/12/02 	72.9000015258789	72.9000015258789	71.80000305175781	71.80000305175781	3287	2022/12/02 
2022/12/05 	70.0	70.5	70.0	70.5	1191	2022/12/05 
2022/12/06 	70.0	70.0	69.80000305175781	69.80000305175781	1300	2022/12/06 
2022/12/07 	69.80000305175781	69.80000305175781	69.80000305175781	69.80000305175781	0	2022/12/07 
2022/12/08 	69.80000305175781	69.80000305175781	69.80000305175781	69.80000305175781	0	2022/12/08 
2022/12/09 	73.0	73.0	73.0	73.0	16	2022/12/09 
2022/12/12 	73.0	73.0	73.0	73.0	0	2022/12/12 
2022/12/13 	73.0	73.0	73.0	73.0	0	2022/12/13 
2022/12/14 	73.0	73.0	73.0	73.0	0	2022/12/14 
2022/12/15 	73.0	73.0	73.0	73.0	0	2022/12/15 
2022/12/16 	73.0	73.0	73.0	73.0	32	2022/12/16 
2022/12/19 	73.0	73.0	73.0	73.0	0	2022/12/19 
2022/12/20 	69.69999694824219	69.69999694824219	69.69999694824219	69.69999694824219	90	2022/12/20 
2022/12/21 	69.69999694824219	69.69999694824219	69.69999694824219	69.69999694824219	0	2022/12/21 
2022/12/22 	69.69999694824219	69.69999694824219	69.69999694824219	69.69999694824219	0	2022/12/22 
2022/12/23 	69.69999694824219	69.69999694824219	69.69999694824219	69.69999694824219	0	2022/12/23 
2022/12/26 	73.0	73.30000305175781	73.0	73.30000305175781	4025	2022/12/26 
2022/12/27 	72.0	72.0	72.0	72.0	228	2022/12/27 
2022/12/28 	71.5	72.0	71.5	72.0	238	2022/12/28 
2022/12/29 	71.0	71.0	71.0	71.0	914	2022/12/29 
2022/12/30 	73.0	73.0	73.0	73.0	24	2022/12/30 
2023/01/03 	73.0	73.0	73.0	73.0	0	2023/01/03 
2023/01/04 	73.0	73.0	73.0	73.0	0	2023/01/04 
2023/01/05 	73.0	73.0	73.0	73.0	100	2023/01/05 
2023/01/06 	73.0	73.0	73.0	73.0	0	2023/01/06 
2023/01/09 	71.0	71.0	70.0	70.0	8496	2023/01/09 
2023/01/10 	70.9000015258789	70.9000015258789	69.0	69.5	2026	2023/01/10 
2023/01/11 	70.0	70.0	68.5	70.0	3082	2023/01/11 
2023/01/12 	70.0	70.0	70.0	70.0	2020	2023/01/12 
2023/01/13 	70.19999694824219	70.19999694824219	70.19999694824219	70.19999694824219	40	2023/01/13 
2023/01/16 	70.19999694824219	70.19999694824219	70.19999694824219	70.19999694824219	136	2023/01/16 
2023/01/17 	70.19999694824219	70.19999694824219	70.19999694824219	70.19999694824219	16	2023/01/17 
2023/01/30 	70.19999694824219	70.30000305175781	70.19999694824219	70.30000305175781	6300	2023/01/30 
2023/01/31 	70.30000305175781	70.30000305175781	70.30000305175781	70.30000305175781	0	2023/01/31 
2023/02/01 	69.69999694824219	70.0	69.69999694824219	70.0	30	2023/02/01 
2023/02/02 	70.0	70.0	70.0	70.0	20	2023/02/02 
2023/02/03 	70.0	70.0	70.0	70.0	0	2023/02/03 
2023/02/06 	69.69999694824219	69.69999694824219	69.69999694824219	69.69999694824219	400	2023/02/06 
2023/02/07 	71.0	72.0	71.0	72.0	6001	2023/02/07 
2023/02/08 	73.0	80.30000305175781	72.0	80.0	41540	2023/02/08 
2023/02/09 	76.69999694824219	77.0	72.5999984741211	74.5	18080	2023/02/09 
2023/02/10 	75.5	75.5	74.0	74.0	2011	2023/02/10 
2023/02/13 	77.0	77.0	77.0	77.0	1001	2023/02/13 
2023/02/14 	77.0	77.19999694824219	73.19999694824219	73.5	6051	2023/02/14 
2023/02/15 	73.19999694824219	73.5	69.4000015258789	69.4000015258789	14020	2023/02/15 
2023/02/16 	73.0	73.0	73.0	73.0	4	2023/02/16 
2023/02/17 	73.0	75.0	73.0	73.19999694824219	7261	2023/02/17 
2023/02/20 	77.0999984741211	83.0	77.0	80.0	30358	2023/02/20 
2023/02/21 	83.30000305175781	84.0	80.69999694824219	82.0	13514	2023/02/21 
2023/02/22 	80.0	80.5	76.69999694824219	77.0	19614	2023/02/22 
2023/02/23 	77.0	77.0	77.0	77.0	0	2023/02/23 
2023/02/24 	77.0	77.0	77.0	77.0	0	2023/02/24 
2023/03/01 	76.5	77.0	76.0	77.0	11017	2023/03/01 
2023/03/02 	78.9000015258789	78.9000015258789	76.5	77.0	4008	2023/03/02 
2023/03/03 	80.0	98.0	80.0	97.5	45957	2023/03/03 
2023/03/06 	98.0999984741211	112.5	96.0	105.5	61537	2023/03/06 
2023/03/07 	105.5	105.5	94.69999694824219	99.30000305175781	27462	2023/03/07 
2023/03/08 	99.0	101.5	93.5	101.5	39153	2023/03/08 
2023/03/09 	101.5	103.0	95.0999984741211	100.5	34698	2023/03/09 
2023/03/10 	96.19999694824219	96.5	93.19999694824219	96.0	29305	2023/03/10 
2023/03/13 	96.30000305175781	96.30000305175781	90.0	93.0	16949	2023/03/13 
2023/03/14 	93.5999984741211	93.5999984741211	88.0	88.0	17591	2023/03/14 
2023/03/15 	91.4000015258789	95.19999694824219	91.0	91.0999984741211	9150	2023/03/15 
2023/03/16 	95.69999694824219	100.0	94.19999694824219	99.80000305175781	17100	2023/03/16 
2023/03/17 	99.80000305175781	103.5	99.5	103.0	32723	2023/03/17 
2023/03/20 	103.0	105.5	101.5	105.5	15381	2023/03/20 
2023/03/21 	106.0	106.0	99.0	103.0	17240	2023/03/21 
2023/03/22 	104.0	105.0	101.5	104.5	30891	2023/03/22 
2023/03/23 	105.0	105.0	99.80000305175781	104.0	7084	2023/03/23 
2023/03/24 	103.0	103.0	99.19999694824219	102.0	9566	2023/03/24 
2023/03/27 	98.0	98.4000015258789	95.0	95.0	15517	2023/03/27 
2023/03/28 	92.69999694824219	95.5	89.19999694824219	89.19999694824219	24212	2023/03/28 
2023/03/29 	89.19999694824219	90.0	88.5	88.5	3235	2023/03/29 
2023/03/30 	89.5	94.0	88.0	92.4000015258789	10081	2023/03/30 
2023/03/31 	92.30000305175781	92.30000305175781	87.0	89.30000305175781	11028	2023/03/31 
2023/04/06 	89.0	90.0999984741211	89.0	90.0999984741211	1002	2023/04/06 
2023/04/07 	90.19999694824219	90.19999694824219	86.0	86.0	6018	2023/04/07 
2023/04/10 	85.80000305175781	90.0	85.69999694824219	90.0	1734	2023/04/10 
2023/04/11 	88.0	91.0	87.69999694824219	91.0	4505	2023/04/11 
2023/04/12 	89.0	91.5	89.0	91.5	3004	2023/04/12 
2023/04/13 	92.0	93.0	92.0	93.0	4159	2023/04/13 
2023/04/14 	94.0	94.0	90.0	90.0	505	2023/04/14 
2023/04/17 	89.69999694824219	89.69999694824219	89.5	89.5	2	2023/04/17 
2023/04/18 	89.5	89.5	89.30000305175781	89.30000305175781	5040	2023/04/18 
2023/04/19 	89.9000015258789	89.9000015258789	89.9000015258789	89.9000015258789	1531	2023/04/19 
2023/04/20 	90.0	90.0	89.5999984741211	89.5999984741211	3700	2023/04/20 
2023/04/21 	89.0	89.5	89.0	89.5	5025	2023/04/21 
2023/04/24 	90.0	90.0	89.0999984741211	90.0	2060	2023/04/24 
2023/04/25 	88.80000305175781	88.80000305175781	88.5	88.5	3501	2023/04/25 
2023/04/26 	88.0	88.0	87.0	88.0	5319	2023/04/26 
2023/04/27 	88.0	88.0	88.0	88.0	4	2023/04/27 
2023/04/28 	86.0	87.0	86.0	87.0	3525	2023/04/28 
2023/05/02 	88.0	88.0	88.0	88.0	205	2023/05/02 
2023/05/03 	86.0	88.0	86.0	87.0	4263	2023/05/03 
2023/05/04 	88.0	88.0	88.0	88.0	1000	2023/05/04 
2023/05/05 	88.0	88.0	88.0	88.0	1001	2023/05/05 
2023/05/08 	85.5	88.0	85.0999984741211	85.69999694824219	1383	2023/05/08 
2023/05/09 	84.80000305175781	85.19999694824219	84.69999694824219	85.19999694824219	4000	2023/05/09 
2023/05/10 	87.0	87.0	87.0	87.0	9	2023/05/10 
2023/05/11 	84.19999694824219	86.0	84.19999694824219	84.19999694824219	2002	2023/05/11 
2023/05/12 	84.0	85.5	83.69999694824219	84.0	7287	2023/05/12 
2023/05/15 	84.0	84.0	84.0	84.0	1810	2023/05/15 
2023/05/16 	81.0	82.0	80.30000305175781	81.0	8448	2023/05/16 
2023/05/17 	80.0	80.5	77.69999694824219	79.5	7656	2023/05/17 
2023/05/18 	79.5	80.0	79.0	79.69999694824219	9321	2023/05/18 
2023/05/19 	81.0	82.5	80.69999694824219	82.4000015258789	5014	2023/05/19 
2023/05/22 	82.4000015258789	82.4000015258789	80.0	81.0	5703	2023/05/22 
2023/05/23 	79.69999694824219	80.0	79.5999984741211	80.0	6003	2023/05/23 
2023/05/24 	82.0	82.0	79.5	82.0	3466	2023/05/24 
2023/05/25 	82.0	82.0	82.0	82.0	0	2023/05/25 
2023/05/26 	80.0	82.5	80.0	82.5	5500	2023/05/26 
2023/05/29 	85.0	85.0	85.0	85.0	1	2023/05/29 
2023/05/30 	81.30000305175781	82.0	81.19999694824219	81.5	8600	2023/05/30 
2023/05/31 	81.4000015258789	81.5	81.4000015258789	81.5	2350	2023/05/31 
2023/06/01 	82.0	82.0	82.0	82.0	1000	2023/06/01 
2023/06/02 	82.0	82.0	82.0	82.0	0	2023/06/02 
2023/06/05 	82.5	83.0	82.19999694824219	82.30000305175781	14742	2023/06/05 
2023/06/06 	82.19999694824219	83.0	82.19999694824219	83.0	4001	2023/06/06 
2023/06/07 	84.0	84.30000305175781	83.5	84.0	8340	2023/06/07 
2023/06/08 	84.30000305175781	84.4000015258789	84.0	84.30000305175781	9336	2023/06/08 
2023/06/09 	83.80000305175781	84.19999694824219	83.0	84.19999694824219	9470	2023/06/09 
2023/06/12 	84.5	84.5	84.5	84.5	6000	2023/06/12 
2023/06/13 	84.0999984741211	84.0999984741211	84.0999984741211	84.0999984741211	1030	2023/06/13 
2023/06/14 	83.80000305175781	83.80000305175781	81.0	81.0	12000	2023/06/14 
2023/06/15 	83.0	83.0	82.0	82.0	13100	2023/06/15 
2023/06/16 	82.0	82.0	82.0	82.0	0	2023/06/16 
2023/06/19 	82.0	82.0	82.0	82.0	0	2023/06/19 
2023/06/20 	84.0	84.0	80.30000305175781	81.0	4207	2023/06/20 
2023/06/21 	81.0	81.0	81.0	81.0	0	2023/06/21 
2023/06/26 	80.0	83.0	80.0	81.5	6550	2023/06/26 
2023/06/27 	82.5	82.5	82.0	82.0	5700	2023/06/27 
2023/06/28 	84.0	84.0	84.0	84.0	25	2023/06/28 
2023/06/29 	84.0	84.0	84.0	84.0	0	2023/06/29 
2023/06/30 	84.0	84.0	84.0	84.0	20	2023/06/30 
2023/07/03 	84.0	84.0	84.0	84.0	1000	2023/07/03 
2023/07/04 	84.0	84.0	84.0	84.0	100	2023/07/04 
2023/07/05 	84.0	84.0	84.0	84.0	0	2023/07/05 
2023/07/06 	84.0	84.0	84.0	84.0	0	2023/07/06 
2023/07/07 	84.0	84.0	79.0	80.0	11468	2023/07/07 
2023/07/10 	78.0	78.0	78.0	78.0	14	2023/07/10 
2023/07/11 	78.0	78.0	78.0	78.0	0	2023/07/11 
2023/07/12 	78.0	78.0	78.0	78.0	0	2023/07/12 
2023/07/13 	78.0	78.30000305175781	77.5	78.0	2147	2023/07/13 
2023/07/14 	79.0	92.0999984741211	79.0	87.5999984741211	26386	2023/07/14 
2023/07/17 	91.5	176.5	91.5	148.0	79047	2023/07/17 
2023/07/18 	148.0	198.0	146.5	193.0	146714	2023/07/18 
2023/07/19 	190.0	292.0	183.0	279.0	228308	2023/07/19 
2023/07/20 	285.0	298.5	211.0	281.0	219877	2023/07/20 
2023/07/21 	271.0	271.0	232.0	243.0	69715	2023/07/21 
2023/07/24 	237.5	249.0	196.0	202.5	75243	2023/07/24 
2023/07/25 	206.0	250.0	186.5	235.0	104702	2023/07/25 
2023/07/26 	232.0	237.0	191.0	205.0	89727	2023/07/26 
2023/07/27 	214.0	214.0	185.5	198.0	67399	2023/07/27 
2023/07/28 	191.0	201.0	191.0	198.0	15176	2023/07/28 
2023/07/31 	197.0	231.0	197.0	229.0	70784	2023/07/31 
2023/08/01 	229.0	239.0	218.5	230.0	30155	2023/08/01 
2023/08/02 	231.0	241.0	219.0	229.0	39520	2023/08/02 
2023/08/04 	230.0	230.0	204.5	213.0	16628	2023/08/04 
2023/08/07 	213.0	220.0	213.0	214.0	8941	2023/08/07 
2023/08/08 	215.0	215.0	203.0	210.0	10498	2023/08/08 
2023/08/09 	200.0	207.0	194.0	200.0	12832	2023/08/09 
2023/08/10 	195.0	202.0	185.0	191.0	12851	2023/08/10 
2023/08/11 	192.0	192.0	168.0	177.0	20262	2023/08/11 
2023/08/14 	168.5	169.0	160.5	162.5	10403	2023/08/14 
2023/08/15 	165.0	165.0	161.0	161.0	153	2023/08/15 
2023/08/16 	160.0	164.0	155.0	158.0	13353	2023/08/16 
2023/08/17 	152.0	162.0	140.5	152.5	22543	2023/08/17 
2023/08/18 	152.5	181.0	152.5	181.0	33685	2023/08/18 
2023/08/21 	182.0	216.0	180.0	216.0	77056	2023/08/21 
2023/08/22 	220.0	235.0	197.0	210.0	64928	2023/08/22 
2023/08/23 	212.5	219.0	187.0	188.0	28387	2023/08/23 
2023/08/24 	189.0	196.5	180.0	180.0	21481	2023/08/24 
2023/08/25 	181.0	181.0	167.0	170.5	22787	2023/08/25 
2023/08/28 	170.0	200.0	170.0	200.0	32101	2023/08/28 
2023/08/29 	193.5	203.0	193.5	201.0	11949	2023/08/29 
2023/08/30 	202.0	203.0	181.0	181.5	35817	2023/08/30 
2023/08/31 	181.0	190.0	181.0	182.0	8665	2023/08/31 
2023/09/01 	181.0	198.0	181.0	193.0	22694	2023/09/01 
2023/09/04 	192.0	193.0	183.0	189.5	13520	2023/09/04 
2023/09/05 	192.0	201.0	192.0	192.0	16365	2023/09/05 
2023/09/06 	198.0	198.0	192.0	197.0	6465	2023/09/06 
2023/09/07 	190.0	192.5	186.5	186.5	11130	2023/09/07 
2023/09/08 	186.5	186.5	186.5	186.5	0	2023/09/08 
2023/09/11 	186.0	192.0	186.0	190.0	12202	2023/09/11 
2023/09/12 	197.0	202.0	193.0	196.0	10143	2023/09/12 
2023/09/13 	196.0	196.0	184.0	184.0	3515	2023/09/13 
2023/09/14 	183.0	190.0	178.0	184.0	21317	2023/09/14 
2023/09/15 	182.0	190.0	181.0	190.0	4433	2023/09/15 
2023/09/18 	190.5	200.0	190.0	190.5	31396	2023/09/18 
2023/09/19 	190.5	190.5	184.0	185.0	6617	2023/09/19 
2023/09/20 	190.0	190.0	190.0	190.0	1	2023/09/20 
2023/09/21 	182.5	186.0	182.5	183.5	2027	2023/09/21 
2023/09/22 	186.0	189.0	186.0	189.0	1081	2023/09/22 
2023/09/25 	189.0	189.0	189.0	189.0	2	2023/09/25 
2023/09/26 	189.0	189.0	189.0	189.0	20	2023/09/26 
2023/09/27 	189.0	189.0	182.5	189.0	12	2023/09/27 
2023/09/28 	189.0	189.0	180.0	188.0	3016	2023/09/28 
2023/10/02 	180.0	188.0	179.5	181.0	9033	2023/10/02 
2023/10/03 	175.0	179.0	173.0	174.0	19760	2023/10/03 
2023/10/04 	166.5	174.0	166.5	172.0	1165	2023/10/04 
2023/10/05 	174.0	174.0	174.0	174.0	43	2023/10/05 
2023/10/06 	174.0	178.0	166.5	178.0	6731	2023/10/06 
2023/10/11 	178.0	178.0	170.0	170.0	80	2023/10/11 
2023/10/12 	170.0	171.0	170.0	171.0	2048	2023/10/12 
2023/10/13 	171.0	171.0	167.0	171.0	1114	2023/10/13 
2023/10/16 	172.0	180.0	171.5	173.0	12202	2023/10/16 
2023/10/17 	179.0	179.0	171.0	173.0	1497	2023/10/17 
2023/10/18 	175.0	175.0	170.0	170.0	31	2023/10/18 
2023/10/19 	175.0	175.0	175.0	175.0	7	2023/10/19 
2023/10/20 	175.0	175.0	168.0	175.0	269	2023/10/20 
2023/10/23 	175.0	175.0	167.0	170.0	1047	2023/10/23 
2023/10/24 	172.0	172.0	165.0	167.5	2049	2023/10/24 
2023/10/25 	161.0	168.0	161.0	165.0	87	2023/10/25 
2023/10/26 	160.0	163.0	160.0	161.0	2467	2023/10/26 
2023/10/27 	163.0	163.0	151.0	156.0	7089	2023/10/27 
2023/10/30 	155.0	155.0	150.0	152.0	3369	2023/10/30 
2023/10/31 	153.0	153.0	153.0	153.0	404	2023/10/31 
2023/11/01 	153.0	153.0	153.0	153.0	9	2023/11/01 
2023/11/02 	153.0	153.0	153.0	153.0	65	2023/11/02 
2023/11/03 	153.0	153.0	153.0	153.0	60	2023/11/03 
2023/11/06 	152.5	153.0	146.0	152.0	4958	2023/11/06 
2023/11/07 	152.0	152.0	152.0	152.0	145	2023/11/07 
2023/11/08 	145.0	150.0	144.5	147.0	7352	2023/11/08 
2023/11/09 	150.0	193.0	148.0	192.5	76311	2023/11/09 
2023/11/10 	185.0	202.0	180.0	195.5	69558	2023/11/10 
2023/11/13 	197.0	204.0	171.0	179.0	42096	2023/11/13 
2023/11/14 	171.0	177.0	170.0	171.0	7233	2023/11/14 
2023/11/15 	170.0	171.0	160.0	163.0	23054	2023/11/15 
2023/11/16 	165.0	165.0	157.5	162.0	6612	2023/11/16 
2023/11/17 	164.0	183.0	164.0	179.0	29392	2023/11/17 
2023/11/20 	177.0	194.0	176.0	185.0	29101	2023/11/20 
2023/11/21 	183.0	185.0	169.5	178.0	12374	2023/11/21 
2023/11/22 	170.0	178.0	170.0	175.0	3245	2023/11/22 
2023/11/23 	173.0	174.0	173.0	174.0	1523	2023/11/23 
2023/11/24 	172.0	183.0	172.0	180.5	5938	2023/11/24 
2023/11/27 	176.0	184.0	175.0	179.0	5721	2023/11/27 
2023/11/28 	172.0	176.0	167.0	176.0	10453	2023/11/28 
2023/11/29 	178.0	179.0	172.0	179.0	5791	2023/11/29 
2023/11/30 	186.0	195.0	180.0	186.0	19844	2023/11/30 
2023/12/01 	186.5	221.0	186.5	214.0	93395	2023/12/01 
2023/12/04 	214.0	235.0	213.0	220.0	65898	2023/12/04 
2023/12/05 	221.0	221.0	208.5	215.0	13083	2023/12/05 
2023/12/06 	203.5	212.0	195.0	204.0	17620	2023/12/06 
2023/12/07 	200.0	216.0	196.0	206.0	33961	2023/12/07 
2023/12/08 	210.0	212.0	195.0	197.0	22526	2023/12/08 
2023/12/11 	201.0	201.0	186.0	191.0	6480	2023/12/11 
2023/12/12 	189.0	197.0	188.0	195.0	13052	2023/12/12 
2023/12/13 	187.5	203.0	187.5	202.0	22245	2023/12/13 
2023/12/14 	204.0	204.0	194.0	204.0	7658	2023/12/14 
2023/12/15 	195.0	205.0	195.0	202.0	16578	2023/12/15 
2023/12/18 	207.0	211.0	196.0	196.0	21529	2023/12/18 
2023/12/19 	191.5	197.0	191.0	197.0	3049	2023/12/19 
2023/12/20 	190.5	200.0	190.5	200.0	171	2023/12/20 
2023/12/21 	200.0	200.0	200.0	200.0	1	2023/12/21 
2023/12/22 	200.0	200.0	200.0	200.0	6	2023/12/22 
2023/12/25 	191.0	191.0	176.0	184.0	27389	2023/12/25 
2023/12/26 	184.0	191.0	184.0	188.0	5395	2023/12/26 
2023/12/27 	192.5	192.5	185.0	192.5	22	2023/12/27 
2023/12/28 	183.0	185.0	182.0	185.0	3053	2023/12/28 
2023/12/29 	185.0	185.0	185.0	185.0	1067	2023/12/29 
2024/01/02 	187.0	187.0	179.0	187.0	227	2024/01/02 
2024/01/03 	179.0	188.0	179.0	188.0	1210	2024/01/03 
2024/01/04 	189.0	189.0	189.0	189.0	103	2024/01/04 
2024/01/05 	189.0	189.0	188.0	188.0	302	2024/01/05 
2024/01/08 	189.0	189.0	187.0	188.0	2130	2024/01/08 
2024/01/09 	189.5	200.0	188.0	198.0	23295	2024/01/09 
2024/01/10 	192.0	194.5	190.0	194.0	5326	2024/01/10 
2024/01/11 	194.0	195.0	186.0	194.0	2066	2024/01/11 
2024/01/12 	194.0	194.5	190.0	190.0	8360	2024/01/12 
2024/01/15 	190.0	190.0	190.0	190.0	0	2024/01/15 
2024/01/16 	196.0	196.0	191.0	195.5	1122	2024/01/16 
2024/01/17 	195.5	195.5	187.0	190.0	2017	2024/01/17 
2024/01/18 	192.0	195.5	188.0	195.5	1241	2024/01/18 
2024/01/19 	195.5	196.0	191.0	193.0	2223	2024/01/19 
2024/01/22 	195.0	195.0	195.0	195.0	102	2024/01/22 
2024/01/23 	195.0	195.0	186.5	193.0	1138	2024/01/23 
2024/01/24 	194.0	194.0	185.0	186.5	3218	2024/01/24 
2024/01/25 	194.0	194.0	185.0	192.5	4334	2024/01/25 
2024/01/26 	185.0	193.0	185.0	193.0	1004	2024/01/26 
2024/01/29 	185.0	190.0	185.0	190.0	1126	2024/01/29 
2024/01/30 	193.0	193.0	184.0	186.0	3220	2024/01/30 
2024/01/31 	190.0	190.0	190.0	190.0	48	2024/01/31 
2024/02/01 	190.0	190.0	184.5	190.0	208	2024/02/01 
2024/02/02 	188.0	188.0	184.0	188.0	3191	2024/02/02 
2024/02/05 	189.0	189.0	183.5	186.0	2123	2024/02/05 
2024/02/15 	188.0	188.0	183.0	183.0	146	2024/02/15 
2024/02/16 	188.0	189.0	182.0	189.0	3277	2024/02/16 
2024/02/19 	184.0	189.0	184.0	189.0	10096	2024/02/19 
2024/02/20 	191.0	207.0	189.0	207.0	28397	2024/02/20 
2024/02/21 	207.0	207.0	195.0	195.0	13669	2024/02/21 
2024/02/22 	200.0	200.0	181.0	186.0	19853	2024/02/22 
2024/02/23 	184.0	187.5	184.0	186.0	4261	2024/02/23 
2024/02/26 	189.0	190.5	182.0	188.0	12226	2024/02/26 
2024/02/27 	190.0	190.0	190.0	190.0	15	2024/02/27 
2024/02/29 	181.5	190.0	181.5	190.0	3006	2024/02/29 
2024/03/01 	190.0	190.0	190.0	190.0	105	2024/03/01 
2024/03/04 	190.0	190.0	181.0	182.5	8236	2024/03/04 
2024/03/05 	192.0	215.0	190.0	203.0	51616	2024/03/05 
2024/03/06 	196.0	203.0	181.5	190.0	24146	2024/03/06 
2024/03/07 	190.0	191.5	187.0	187.0	7503	2024/03/07 
2024/03/08 	187.0	187.0	187.0	187.0	0	2024/03/08 
2024/03/11 	191.5	193.0	191.5	192.0	5243	2024/03/11 
2024/03/12 	196.0	196.0	189.0	189.0	2001	2024/03/12 
2024/03/13 	195.0	198.5	192.0	193.0	7507	2024/03/13 
2024/03/14 	198.0	198.0	190.0	190.0	2284	2024/03/14 
2024/03/15 	190.0	190.0	190.0	190.0	0	2024/03/15 
2024/03/18 	190.0	190.0	190.0	190.0	0	2024/03/18 
2024/03/19 	196.0	196.0	190.0	190.0	1060	2024/03/19 
2024/03/20 	194.0	194.0	194.0	194.0	1002	2024/03/20 
2024/03/21 	195.0	195.0	191.0	191.0	3	2024/03/21 
2024/03/22 	190.0	190.0	189.0	189.0	4597	2024/03/22 
2024/03/25 	189.0	190.0	187.0	190.0	1232	2024/03/25 
2024/03/26 	190.0	190.0	190.0	190.0	0	2024/03/26 
2024/03/27 	191.0	191.0	182.0	184.5	5562	2024/03/27 
2024/03/28 	181.0	185.0	180.0	180.0	9386	2024/03/28 
2024/03/29 	185.0	185.0	181.0	182.0	2153	2024/03/29 
2024/04/01 	180.0	183.0	176.5	178.0	13115	2024/04/01 
2024/04/02 	175.0	179.0	175.0	179.0	10507	2024/04/02 
2024/04/03 	174.0	188.0	174.0	182.0	7102	2024/04/03 
2024/04/08 	181.0	182.0	181.0	182.0	1076	2024/04/08 
2024/04/09 	180.5	181.5	172.0	179.0	9828	2024/04/09 
2024/04/10 	180.0	180.0	180.0	180.0	11	2024/04/10 
2024/04/11 	180.0	180.0	176.0	176.0	110	2024/04/11 
2024/04/12 	180.0	180.0	175.0	178.0	4035	2024/04/12 
2024/04/15 	175.0	179.0	174.0	179.0	2224	2024/04/15 
2024/04/16 	180.0	180.0	177.0	179.0	2120	2024/04/16 
2024/04/17 	174.0	179.0	164.5	172.5	11264	2024/04/17 
2024/04/18 	165.0	173.0	164.5	173.0	4059	2024/04/18 
2024/04/19 	174.0	174.0	165.5	170.0	1398	2024/04/19 
2024/04/22 	170.0	170.0	164.0	170.0	1133	2024/04/22 
2024/04/23 	170.0	170.0	167.0	167.0	170	2024/04/23 
2024/04/24 	167.0	170.0	166.0	169.0	1228	2024/04/24 
2024/04/25 	171.0	171.0	171.0	171.0	11	2024/04/25 
2024/04/26 	171.0	171.0	171.0	171.0	41	2024/04/26 
2024/04/29 	171.0	171.0	164.0	164.0	3315	2024/04/29 
2024/04/30 	169.0	169.0	169.0	169.0	65	2024/04/30 
2024/05/02 	169.0	170.0	167.0	170.0	1123	2024/05/02 
2024/05/03 	170.0	170.0	170.0	170.0	31	2024/05/03 
2024/05/06 	167.0	170.0	165.0	170.0	3096	2024/05/06 
2024/05/07 	168.0	168.0	168.0	168.0	61	2024/05/07 
2024/05/08 	168.0	169.0	168.0	169.0	1051	2024/05/08 
2024/05/09 	169.0	169.0	166.0	168.5	3244	2024/05/09 
2024/05/10 	168.5	168.5	166.0	167.0	2010	2024/05/10 
2024/05/13 	168.5	168.5	165.0	168.5	2546	2024/05/13 
2024/05/14 	168.5	169.0	165.0	168.0	417	2024/05/14 
2024/05/15 	165.0	169.0	165.0	167.0	2009	2024/05/15 
2024/05/16 	167.0	170.0	167.0	170.0	1079	2024/05/16 
2024/05/17 	170.0	170.0	167.0	169.0	1041	2024/05/17 
2024/05/20 	169.0	169.0	169.0	169.0	110	2024/05/20 
2024/05/21 	165.0	168.0	165.0	168.0	1111	2024/05/21 
2024/05/22 	166.0	170.0	166.0	170.0	2061	2024/05/22 
2024/05/23 	167.0	167.0	164.0	167.0	2090	2024/05/23 
2024/05/24 	165.0	165.0	162.0	165.0	345	2024/05/24 
2024/05/27 	165.0	165.0	161.0	164.0	9260	2024/05/27 
2024/05/28 	164.0	166.0	164.0	166.0	1053	2024/05/28 
2024/05/29 	165.0	165.0	165.0	165.0	131	2024/05/29 
2024/05/30 	166.0	167.0	165.0	167.0	3159	2024/05/30 
2024/05/31 	166.5	166.5	166.5	166.5	1020	2024/05/31 
2024/06/03 	167.5	170.0	167.5	170.0	6394	2024/06/03 
2024/06/04 	170.0	196.0	170.0	192.0	40114	2024/06/04 
2024/06/05 	193.0	193.5	176.0	184.0	22056	2024/06/05 
2024/06/06 	176.0	176.0	170.0	170.0	11898	2024/06/06 
2024/06/07 	167.0	170.0	166.5	168.0	9850	2024/06/07 
2024/06/11 	172.0	173.5	172.0	173.5	9607	2024/06/11 
2024/06/12 	173.5	173.5	166.0	166.0	9368	2024/06/12 
2024/06/13 	166.0	166.5	165.0	166.5	6127	2024/06/13 
2024/06/14 	166.5	166.5	161.0	165.0	3072	2024/06/14 
2024/06/17 	164.0	166.5	164.0	166.5	2112	2024/06/17 
2024/06/18 	166.5	173.0	166.0	173.0	3822	2024/06/18 
2024/06/19 	166.5	167.0	165.0	167.0	2611	2024/06/19 
2024/06/20 	167.0	167.0	162.0	166.5	2251	2024/06/20 
2024/06/21 	166.5	174.5	166.5	174.5	6324	2024/06/21 
2024/06/24 	173.0	174.0	168.0	170.0	2607	2024/06/24 
2024/06/25 	174.0	174.0	174.0	174.0	1	2024/06/25 
2024/06/26 	174.0	175.0	170.0	173.0	6788	2024/06/26 
2024/06/27 	174.5	174.5	174.5	174.5	84	2024/06/27 
2024/06/28 	174.5	174.5	174.5	174.5	0	2024/06/28 
2024/07/01 	167.0	175.0	167.0	172.0	1929	2024/07/01 
2024/07/02 	171.0	171.0	170.0	170.0	1100	2024/07/02 
2024/07/03 	174.0	174.0	168.0	173.0	2600	2024/07/03 
2024/07/04 	174.0	174.0	169.0	169.0	13	2024/07/04 
2024/07/05 	174.5	198.0	174.0	190.0	33503	2024/07/05 
2024/07/08 	192.0	195.0	187.0	187.0	11317	2024/07/08 
2024/07/09 	183.0	185.0	181.0	181.0	9132	2024/07/09 
2024/07/10 	175.0	180.0	170.0	175.0	4741	2024/07/10 
2024/07/11 	175.0	175.0	175.0	175.0	1031	2024/07/11 
2024/07/12 	175.0	178.0	173.0	178.0	2216	2024/07/12 
2024/07/15 	179.0	185.0	179.0	182.0	10151	2024/07/15 
2024/07/16 	180.5	181.5	180.0	180.0	2350	2024/07/16 
2024/07/17 	187.0	187.0	182.0	182.0	3221	2024/07/17 
2024/07/18 	180.0	181.0	180.0	181.0	3118	2024/07/18 
2024/07/19 	182.0	182.0	175.0	176.0	5288	2024/07/19 
2024/07/22 	177.0	177.0	161.5	164.0	10416	2024/07/22 
2024/07/23 	164.0	171.0	163.0	164.0	10439	2024/07/23 
2024/07/26 	166.0	167.0	164.5	167.0	2056	2024/07/26 
2024/07/29 	167.0	167.0	167.0	167.0	6	2024/07/29 
2024/07/30 	167.0	167.0	167.0	167.0	203	2024/07/30 
2024/07/31 	163.0	164.0	163.0	164.0	1360	2024/07/31 
2024/08/01 	169.0	169.0	169.0	169.0	140	2024/08/01 
2024/08/02 	166.0	166.0	166.0	166.0	200	2024/08/02 
2024/08/05 	162.0	162.0	152.0	154.5	11052	2024/08/05 
2024/08/06 	154.5	155.0	154.5	155.0	1010	2024/08/06 
2024/08/07 	155.5	160.0	154.0	160.0	2278	2024/08/07 
2024/08/08 	155.0	158.0	155.0	158.0	602	2024/08/08 
2024/08/09 	158.0	158.0	158.0	158.0	3	2024/08/09 
2024/08/12 	158.0	158.0	158.0	158.0	122	2024/08/12 
2024/08/13 	158.0	158.0	158.0	158.0	0	2024/08/13 
2024/08/14 	158.0	158.0	157.0	158.0	1203	2024/08/14 
2024/08/15 	156.0	156.0	154.5	154.5	1060	2024/08/15 
2024/08/16 	156.0	157.0	154.5	157.0	302	2024/08/16 
2024/08/19 	157.0	157.0	157.0	157.0	1001	2024/08/19 
2024/08/20 	159.0	159.0	159.0	159.0	1000	2024/08/20 
2024/08/21 	160.0	160.0	160.0	160.0	20	2024/08/21 
2024/08/22 	161.0	161.0	160.0	160.0	2000	2024/08/22 
2024/08/23 	160.0	160.0	160.0	160.0	0	2024/08/23 
2024/08/26 	158.0	158.0	157.0	158.0	1220	2024/08/26 
2024/08/27 	158.0	158.0	158.0	158.0	0	2024/08/27 
2024/08/28 	156.0	157.0	156.0	157.0	1037	2024/08/28 
2024/08/29 	157.0	157.0	157.0	157.0	158	2024/08/29 
2024/08/30 	154.0	157.0	154.0	157.0	57	2024/08/30 
2024/09/02 	157.0	157.0	157.0	157.0	0	2024/09/02 
2024/09/03 	154.0	154.0	154.0	154.0	50	2024/09/03 
2024/09/04 	156.0	156.0	156.0	156.0	1004	2024/09/04 
2024/09/05 	155.0	155.0	155.0	155.0	5	2024/09/05 
2024/09/06 	155.0	155.0	155.0	155.0	0	2024/09/06 
2024/09/09 	155.0	155.0	155.0	155.0	0	2024/09/09 
2024/09/10 	155.0	155.0	155.0	155.0	20	2024/09/10 
2024/09/11 	155.0	157.0	155.0	157.0	24	2024/09/11 
2024/09/12 	157.0	157.0	157.0	157.0	0	2024/09/12 
2024/09/13 	156.0	156.0	156.0	156.0	2000	2024/09/13 
2024/09/16 	156.0	156.0	156.0	156.0	0	2024/09/16 
2024/09/18 	156.0	156.0	156.0	156.0	104	2024/09/18 
2024/09/19 	156.0	160.0	155.0	160.0	1065	2024/09/19 
2024/09/20 	160.0	160.0	160.0	160.0	0	2024/09/20 
2024/09/23 	160.0	160.0	160.0	160.0	0	2024/09/23 
2024/09/24 	160.0	160.0	160.0	160.0	100	2024/09/24 
2024/09/25 	160.0	160.0	160.0	160.0	0	2024/09/25 
2024/09/26 	160.0	160.0	160.0	160.0	0	2024/09/26 
2024/09/27 	156.0	159.0	156.0	159.0	1043	2024/09/27 
2024/09/30 	156.0	158.0	156.0	158.0	302	2024/09/30 
2024/10/01 	158.0	158.0	158.0	158.0	104	2024/10/01 
2024/10/04 	158.0	158.0	158.0	158.0	0	2024/10/04 
2024/10/07 	158.0	158.0	158.0	158.0	0	2024/10/07 
2024/10/08 	155.0	158.0	155.0	158.0	259	2024/10/08 
2024/10/09 	155.0	157.0	155.0	157.0	104	2024/10/09 
2024/10/11 	157.0	157.0	157.0	157.0	0	2024/10/11 
2024/10/14 	155.0	157.0	155.0	155.0	24	2024/10/14 
2024/10/15 	155.0	155.0	155.0	155.0	3	2024/10/15 
2024/10/16 	155.0	155.0	155.0	155.0	100	2024/10/16 
2024/10/17 	155.0	155.0	155.0	155.0	111	2024/10/17 
2024/10/18 	155.0	157.0	155.0	155.0	812	2024/10/18 
2024/10/21 	157.0	157.0	157.0	157.0	7	2024/10/21 
2024/10/22 	157.0	157.0	157.0	157.0	3	2024/10/22 
2024/10/23 	157.0	157.0	157.0	157.0	0	2024/10/23 
2024/10/24 	155.0	155.0	155.0	155.0	200	2024/10/24 
2024/10/25 	155.0	155.0	155.0	155.0	1	2024/10/25 
2024/10/28 	155.0	155.5	155.0	155.5	1011	2024/10/28 
2024/10/29 	154.0	154.0	154.0	154.0	1000	2024/10/29 
2024/10/30 	154.0	154.0	154.0	154.0	0	2024/10/30 
2024/11/01 	153.0	153.0	153.0	153.0	2000	2024/11/01 
2024/11/04 	152.0	153.0	150.0	150.0	1618	2024/11/04 
2024/11/05 	149.0	150.0	147.0	147.0	1332	2024/11/05 
2024/11/06 	148.0	148.0	148.0	148.0	340	2024/11/06 
2024/11/07 	148.0	148.0	146.0	148.0	66	2024/11/07 
2024/11/08 	148.0	148.0	147.0	147.0	3103	2024/11/08 
2024/11/11 	147.0	147.0	147.0	147.0	1000	2024/11/11 
2024/11/12 	146.0	146.0	146.0	146.0	1000	2024/11/12 
2024/11/13 	144.0	145.0	143.5	143.5	310	2024/11/13 
2024/11/14 	143.0	144.0	142.0	142.0	1923	2024/11/14 
2024/11/15 	142.0	142.0	142.0	142.0	0	2024/11/15 
2024/11/18 	143.0	143.0	143.0	143.0	3	2024/11/18 
2024/11/19 	140.0	143.0	140.0	143.0	1204	2024/11/19 
2024/11/20 	142.0	142.0	142.0	142.0	100	2024/11/20 
2024/11/21 	142.0	142.0	140.0	140.5	2908	2024/11/21 
2024/11/22 	138.0	140.0	138.0	140.0	210	2024/11/22 
2024/11/25 	139.5	139.5	139.5	139.5	2	2024/11/25 
2024/11/26 	139.0	139.0	139.0	139.0	6	2024/11/26 
2024/11/27 	139.0	139.0	139.0	139.0	3	2024/11/27 
2024/11/28 	139.0	139.0	136.0	136.0	106	2024/11/28 
2024/11/29 	138.0	138.0	136.0	136.0	1380	2024/11/29 
2024/12/02 	136.0	137.0	136.0	137.0	1201	2024/12/02 
2024/12/03 	135.5	137.0	135.0	135.5	1009	2024/12/03 
2024/12/04 	135.5	135.5	135.5	135.5	0	2024/12/04 
2024/12/05 	135.5	135.5	135.5	135.5	0	2024/12/05 
2024/12/06 	138.0	140.0	138.0	140.0	3014	2024/12/06 
2024/12/09 	144.0	144.0	143.5	143.5	2049	2024/12/09 
2024/12/10 	143.0	143.0	139.0	139.0	2750	2024/12/10 
2024/12/11 	139.0	139.0	139.0	139.0	0	2024/12/11 
2024/12/12 	139.0	142.0	139.0	142.0	28	2024/12/12 
2024/12/13 	139.0	139.0	139.0	139.0	2	2024/12/13 
2024/12/16 	142.0	142.0	142.0	142.0	91	2024/12/16 
2024/12/17 	142.0	142.0	142.0	142.0	1	2024/12/17 
2024/12/18 	142.0	142.0	142.0	142.0	1	2024/12/18 
2024/12/19 	142.0	142.0	142.0	142.0	2	2024/12/19 
2024/12/20 	139.0	139.0	139.0	139.0	110	2024/12/20 
2024/12/23 	139.0	139.0	139.0	139.0	0	2024/12/23 
2024/12/24 	139.0	139.0	139.0	139.0	0	2024/12/24 
2024/12/25 	139.0	142.0	139.0	139.0	6	2024/12/25 
2024/12/26 	139.0	142.0	139.0	142.0	52	2024/12/26 
2024/12/27 	142.0	142.0	142.0	142.0	0	2024/12/27 
2024/12/30 	142.0	142.0	142.0	142.0	1	2024/12/30 
2024/12/31 	142.0	142.0	142.0	142.0	0	2024/12/31 
2025/01/02 	142.0	142.0	142.0	142.0	0	2025/01/02 
2025/01/03 	142.0	142.0	142.0	142.0	0	2025/01/03 
2025/01/06 	142.0	142.0	142.0	142.0	1	2025/01/06 
2025/01/07 	139.0	139.0	139.0	139.0	200	2025/01/07 
2025/01/08 	141.0	141.0	137.0	137.0	1039	2025/01/08 
2025/01/09 	137.0	137.0	137.0	137.0	1000	2025/01/09 
2025/01/10 	137.5	137.5	137.5	137.5	20	2025/01/10 
2025/01/13 	137.0	137.0	135.0	137.0	13	2025/01/13 
2025/01/14 	135.0	135.0	131.5	135.0	2101	2025/01/14 
2025/01/15 	135.0	135.0	130.5	130.5	2212	2025/01/15 
2025/01/16 	130.5	130.5	130.5	130.5	1138	2025/01/16 
2025/01/17 	130.5	130.5	130.5	130.5	1	2025/01/17 
2025/01/20 	130.5	130.5	129.0	129.5	2154	2025/01/20 
2025/01/21 	125.0	127.0	125.0	127.0	879	2025/01/21 
2025/01/22 	125.5	125.5	125.5	125.5	3	2025/01/22 
2025/02/03 	125.0	126.0	125.0	126.0	1220	2025/02/03 
2025/02/04 	126.0	129.0	125.5	129.0	6010	2025/02/04 
2025/02/05 	129.0	131.0	129.0	131.0	5030	2025/02/05 
2025/02/06 	130.0	131.0	129.5	130.0	2910	2025/02/06 
2025/02/07 	128.0	128.0	127.0	128.0	4277	2025/02/07 
2025/02/10 	127.0	127.0	127.0	127.0	10	2025/02/10 
2025/02/11 	127.0	127.0	124.0	125.5	254	2025/02/11 
2025/02/12 	124.0	124.0	124.0	124.0	1000	2025/02/12 
2025/02/13 	124.0	124.0	124.0	124.0	0	2025/02/13 
2025/02/14 	124.5	124.5	124.5	124.5	2000	2025/02/14 
2025/02/17 	124.0	124.0	122.0	124.0	260	2025/02/17 
2025/02/18 	124.0	124.0	124.0	124.0	32	2025/02/18 
2025/02/19 	123.0	124.0	122.5	124.0	7161	2025/02/19 
2025/02/20 	122.5	123.0	122.5	123.0	2000	2025/02/20 
2025/02/21 	123.0	123.0	123.0	123.0	0	2025/02/21 
2025/02/24 	124.0	125.0	123.0	125.0	4454	2025/02/24 
2025/02/25 	125.0	147.0	125.0	147.0	16107	2025/02/25 
2025/02/26 	148.0	192.0	148.0	180.5	46677	2025/02/26 
2025/02/27 	181.5	181.5	159.0	170.0	25003	2025/02/27 
2025/03/03 	163.0	171.0	158.0	170.0	8957	2025/03/03 
2025/03/04 	163.0	163.0	154.5	154.5	10743	2025/03/04 
2025/03/05 	158.0	166.5	154.0	166.5	5739	2025/03/05 
2025/03/06 	168.0	186.0	168.0	185.0	40054	2025/03/06 
2025/03/07 	187.0	187.0	170.0	173.5	20518	2025/03/07 
2025/03/10 	175.5	177.0	164.5	171.0	1691	2025/03/10 
2025/03/11 	171.0	171.0	163.0	168.0	604	2025/03/11 
2025/03/12 	168.0	170.0	162.5	166.0	4651	2025/03/12 
2025/03/13 	166.5	166.5	154.0	154.0	16445	2025/03/13 
2025/03/14 	152.0	160.0	152.0	159.0	4354	2025/03/14 
2025/03/17 	160.0	160.0	160.0	160.0	1	2025/03/17 
2025/03/18 	160.0	160.0	150.0	150.0	5504	2025/03/18 
2025/03/19 	155.5	156.5	150.0	156.5	1458	2025/03/19 
2025/03/20 	157.0	157.0	157.0	157.0	1	2025/03/20 
2025/03/21 	157.0	157.0	150.0	154.0	703	2025/03/21 
2025/03/24 	154.0	154.0	154.0	154.0	1	2025/03/24 
2025/03/25 	154.0	154.0	150.0	154.0	203	2025/03/25 
2025/03/26 	154.0	154.0	150.0	152.5	4106	2025/03/26 
2025/03/27 	152.5	152.5	148.0	152.0	210	2025/03/27 
2025/03/28 	152.0	152.0	147.0	150.0	2103	2025/03/28 
2025/03/31 	150.0	150.0	140.0	144.5	4561	2025/03/31 
2025/04/01 	144.5	157.0	143.5	151.5	10706	2025/04/01 
2025/04/02 	151.5	151.5	150.0	151.0	211	2025/04/02 
2025/04/07 	142.5	142.5	131.0	131.5	9205	2025/04/07 
2025/04/08 	125.5	130.0	125.5	126.0	3335	2025/04/08 
2025/04/09 	124.0	128.0	122.0	122.0	9845	2025/04/09 
2025/04/10 	125.0	141.0	125.0	137.0	12583	2025/04/10 
2025/04/11 	133.0	133.5	127.5	133.0	1617	2025/04/11 
2025/04/14 	133.0	133.0	126.5	130.5	282	2025/04/14 
2025/04/15 	128.0	130.5	128.0	130.5	1103	2025/04/15 
2025/04/16 	131.5	131.5	125.5	125.5	121	2025/04/16 
2025/04/17 	129.0	129.0	129.0	129.0	1	2025/04/17 
2025/04/18 	123.5	124.0	123.0	124.0	2340	2025/04/18 
2025/04/21 	120.0	120.0	113.0	114.0	9695	2025/04/21 
2025/04/22 	116.0	120.0	116.0	117.5	2208	2025/04/22 
2025/04/23 	121.5	122.5	118.0	122.5	3234	2025/04/23 
2025/04/24 	122.5	122.5	118.0	121.0	1001	2025/04/24 
2025/04/25 	122.5	122.5	121.5	121.5	13	2025/04/25 
2025/04/28 	122.0	122.0	117.0	118.5	1272	2025/04/28 
2025/04/29 	118.0	118.5	117.0	118.5	2004	2025/04/29 
2025/04/30 	119.0	119.0	119.0	119.0	1	2025/04/30 
2025/05/02 	119.5	119.5	119.5	119.5	1	2025/05/02 
2025/05/05 	119.5	119.5	119.5	119.5	71	2025/05/05 
2025/05/06 	115.0	118.0	115.0	118.0	3620	2025/05/06 
2025/05/07 	119.5	119.5	119.5	119.5	1	2025/05/07 
2025/05/08 	119.0	119.0	114.5	115.0	4426	2025/05/08 
2025/05/09 	118.0	118.5	115.0	118.5	3171	2025/05/09 
2025/05/12 	115.0	116.0	115.0	116.0	535	2025/05/12 
2025/05/13 	119.0	119.0	114.5	117.0	2223	2025/05/13 
2025/05/14 	117.0	118.0	117.0	118.0	1050	2025/05/14 
2025/05/15 	119.0	129.0	118.0	129.0	8950	2025/05/15 
2025/05/16 	129.0	129.0	124.0	126.5	8990	2025/05/16 
2025/05/19 	126.5	126.5	123.0	123.5	4470	2025/05/19 
2025/05/20 	125.5	125.5	125.5	125.5	59	2025/05/20 
2025/05/21 	126.0	126.0	126.0	126.0	192	2025/05/21 
2025/05/22 	123.5	123.5	123.0	123.0	4000	2025/05/22 
2025/05/23 	122.0	123.0	122.0	122.0	4002	2025/05/23 
2025/05/26 	118.0	120.0	118.0	120.0	40	2025/05/26 
2025/05/27 	120.0	120.0	120.0	120.0	0	2025/05/27 
2025/05/28 	121.0	121.0	121.0	121.0	1000	2025/05/28 
2025/05/29 	121.0	121.0	121.0	121.0	0	2025/05/29 
2025/06/02 	121.0	121.0	121.0	121.0	0	2025/06/02 
2025/06/03 	121.0	121.0	121.0	121.0	0	2025/06/03 
2025/06/04 	122.0	122.0	122.0	122.0	2000	2025/06/04 
2025/06/05 	121.0	121.0	121.0	121.0	2000	2025/06/05 
2025/06/06 	118.0	118.0	118.0	118.0	1000	2025/06/06 
2025/06/09 	118.0	118.0	118.0	118.0	0	2025/06/09 
2025/06/10 	121.0	121.0	121.0	121.0	1	2025/06/10 
2025/06/11 	120.5	120.5	120.5	120.5	55	2025/06/11 
2025/06/12 	120.5	120.5	120.5	120.5	0	2025/06/12 
2025/06/13 	118.0	120.5	118.0	120.5	201	2025/06/13 
2025/06/16 	120.5	120.5	120.5	120.5	0	2025/06/16 
2025/06/17 	117.0	117.0	117.0	117.0	30	2025/06/17 
2025/06/18 	117.0	117.0	117.0	117.0	0	2025/06/18 
2025/06/19 	117.0	120.0	117.0	118.5	1114	2025/06/19 
2025/06/20 	118.5	118.5	118.5	118.5	1020	2025/06/20 
2025/06/23 	121.0	121.0	116.0	116.0	11	2025/06/23 
2025/06/24 	116.0	116.0	116.0	116.0	0	2025/06/24 
2025/06/25 	116.0	116.0	116.0	116.0	0	2025/06/25 
2025/06/26 	120.0	121.0	120.0	125.5	3003	2025/06/26 
