Date	Open	High	Low	Close	Volume	Date
2022/07/25 	60.33454853779561	69.47614680109797	60.33454853779561	67.6478271484375	75763	2022/07/25 
2022/07/26 	66.91649549798763	70.11605484234879	66.91649549798763	69.0190658569336	41607	2022/07/26 
2022/07/27 	67.92207683082589	68.0134914171414	66.82508087158203	66.82508087158203	17743	2022/07/27 
2022/07/28 	66.733671801032	67.37358093261719	66.733671801032	67.37358093261719	5901	2022/07/28 
2022/07/29 	65.54525615902074	66.9164958859834	65.54525615902074	66.09375762939453	19727	2022/07/29 
2022/08/01 	66.18517282120632	67.6478271484375	66.18517282120632	67.6478271484375	5394	2022/08/01 
2022/08/02 	67.64782692530176	67.64782692530176	66.91649627685547	66.91649627685547	2050	2022/08/02 
2022/08/03 	67.00792236123935	67.00792236123935	64.35685729980469	64.35685729980469	25700	2022/08/03 
2022/08/04 	64.35685729980469	64.35685729980469	64.35685729980469	64.35685729980469	0	2022/08/04 
2022/08/05 	66.91649627685547	66.91649627685547	66.91649627685547	66.91649627685547	1000	2022/08/05 
2022/08/08 	66.73367309570312	66.73367309570312	66.73367309570312	66.73367309570312	2782	2022/08/08 
2022/08/09 	66.73366342904596	67.28215789794922	66.73366342904596	67.28215789794922	10400	2022/08/09 
2022/08/10 	67.37358093261719	67.37358093261719	67.37358093261719	67.37358093261719	1	2022/08/10 
2022/08/11 	67.37358093261719	67.37358093261719	66.733671801032	67.37358093261719	6967	2022/08/11 
2022/08/12 	67.6478271484375	67.6478271484375	67.28216182300821	67.6478271484375	3400	2022/08/12 
2022/08/15 	67.6478271484375	67.6478271484375	67.6478271484375	67.6478271484375	0	2022/08/15 
2022/08/16 	67.6478271484375	67.6478271484375	67.6478271484375	67.6478271484375	0	2022/08/16 
2022/08/17 	67.6478271484375	67.6478271484375	67.6478271484375	67.6478271484375	0	2022/08/17 
2022/08/18 	67.09933471679688	67.09933471679688	67.09933471679688	67.09933471679688	1090	2022/08/18 
2022/08/19 	67.6478271484375	67.6478271484375	67.6478271484375	67.6478271484375	1000	2022/08/19 
2022/08/22 	67.6478271484375	67.6478271484375	67.6478271484375	67.6478271484375	0	2022/08/22 
2022/08/23 	67.6478271484375	67.6478271484375	67.6478271484375	67.6478271484375	1000	2022/08/23 
2022/08/24 	67.6478271484375	67.6478271484375	67.6478271484375	67.6478271484375	0	2022/08/24 
2022/08/25 	67.19074249267578	67.19074249267578	67.19074249267578	67.19074249267578	46	2022/08/25 
2022/08/26 	67.19074249267578	67.19074249267578	67.19074249267578	67.19074249267578	0	2022/08/26 
2022/08/29 	68.37915802001953	68.37915802001953	68.37915802001953	68.37915802001953	1000	2022/08/29 
2022/08/30 	69.38472747802734	69.38472747802734	69.38472747802734	69.38472747802734	11	2022/08/30 
2022/08/31 	69.20189379566104	69.65897369384766	69.20189379566104	69.65897369384766	13404	2022/08/31 
2022/09/01 	69.93322182932208	70.84738159179688	69.93322182932208	70.84738159179688	21300	2022/09/01 
2022/09/02 	70.57313537597656	70.84738611201098	70.57313537597656	70.57313537597656	6000	2022/09/02 
2022/09/05 	70.39030538458137	71.30446519477073	70.39030538458137	70.48171997070312	13050	2022/09/05 
2022/09/06 	70.48171997070312	70.48171997070312	70.48171997070312	70.48171997070312	0	2022/09/06 
2022/09/07 	70.48171997070312	70.48171997070312	70.48171997070312	70.48171997070312	0	2022/09/07 
2022/09/08 	71.85296630859375	71.85296630859375	71.85296630859375	71.85296630859375	3	2022/09/08 
2022/09/12 	71.85296630859375	71.85296630859375	71.85296630859375	71.85296630859375	500	2022/09/12 
2022/09/13 	70.11605834960938	70.11605834960938	70.11605834960938	70.11605834960938	46	2022/09/13 
2022/09/14 	70.11605834960938	70.11605834960938	70.11605834960938	70.11605834960938	0	2022/09/14 
2022/09/15 	70.11605834960938	70.11605834960938	70.11605834960938	70.11605834960938	0	2022/09/15 
2022/09/16 	70.11605834960938	70.11605834960938	70.11605834960938	70.11605834960938	0	2022/09/16 
2022/09/19 	70.11605834960938	70.11605834960938	70.11605834960938	70.11605834960938	0	2022/09/19 
2022/09/20 	70.11605834960938	70.11605834960938	70.11605834960938	70.11605834960938	0	2022/09/20 
2022/09/21 	70.11605834960938	70.11605834960938	70.11605834960938	70.11605834960938	0	2022/09/21 
2022/09/22 	70.11605834960938	70.11605834960938	70.11605834960938	70.11605834960938	0	2022/09/22 
2022/09/23 	70.11605834960938	70.11605834960938	70.11605834960938	70.11605834960938	0	2022/09/23 
2022/09/26 	70.1160575799001	70.1160575799001	67.83065795898438	67.83065795898438	5093	2022/09/26 
2022/09/27 	67.83065795898438	67.83065795898438	67.83065795898438	67.83065795898438	0	2022/09/27 
2022/09/28 	68.10490706160262	68.47057238703191	67.37357641074404	67.6478271484375	10667	2022/09/28 
2022/09/29 	67.6478271484375	67.6478271484375	67.6478271484375	67.6478271484375	0	2022/09/29 
2022/09/30 	68.5619888305664	68.5619888305664	68.5619888305664	68.5619888305664	1	2022/09/30 
2022/10/03 	68.5619888305664	68.5619888305664	68.5619888305664	68.5619888305664	2400	2022/10/03 
2022/10/04 	67.83065815991256	68.5619888305664	67.83065815991256	68.5619888305664	754	2022/10/04 
2022/10/05 	68.56199011156576	68.56199011156576	67.92208099365234	67.92208099365234	1046	2022/10/05 
2022/10/06 	67.92208099365234	67.92208099365234	67.92208099365234	67.92208099365234	0	2022/10/06 
2022/10/07 	68.013491227171	68.28773498535156	67.92207664111082	68.28773498535156	6000	2022/10/07 
2022/10/11 	67.37357641074404	67.6478271484375	67.37357641074404	67.6478271484375	11000	2022/10/11 
2022/10/12 	67.64782237357834	67.64782237357834	67.19074249267578	67.19074249267578	6000	2022/10/12 
2022/10/13 	65.81951050710313	67.92208099365234	65.81951050710313	67.92208099365234	6001	2022/10/13 
2022/10/14 	67.92208099365234	67.92208099365234	67.92208099365234	67.92208099365234	0	2022/10/14 
2022/10/17 	67.92208099365234	67.92208099365234	67.92208099365234	67.92208099365234	0	2022/10/17 
2022/10/18 	67.92208099365234	67.92208099365234	67.92208099365234	67.92208099365234	0	2022/10/18 
2022/10/19 	67.92208099365234	67.92208099365234	67.92208099365234	67.92208099365234	0	2022/10/19 
2022/10/20 	67.92208099365234	67.92208099365234	67.92208099365234	67.92208099365234	0	2022/10/20 
2022/10/21 	67.73924173617333	68.10490706160262	67.6478271484375	67.6478271484375	18000	2022/10/21 
2022/10/24 	68.10490706160262	68.10490706160262	67.37357641074404	67.6478271484375	19000	2022/10/24 
2022/10/25 	67.6478271484375	67.6478271484375	67.6478271484375	67.6478271484375	4000	2022/10/25 
2022/10/26 	67.6478271484375	67.6478271484375	67.6478271484375	67.6478271484375	0	2022/10/26 
2022/10/27 	67.46499878719364	67.9220787058752	67.46499878719364	67.73924255371094	17000	2022/10/27 
2022/10/28 	67.46499633789062	67.46499633789062	67.46499633789062	67.46499633789062	6000	2022/10/28 
2022/10/31 	67.83065942724788	67.92208099365234	67.83065942724788	67.92208099365234	6000	2022/10/31 
2022/11/01 	68.37915802001953	68.37915802001953	68.37915802001953	68.37915802001953	1000	2022/11/01 
2022/11/02 	69.38472747802734	69.38472747802734	69.38472747802734	69.38472747802734	1000	2022/11/02 
2022/11/03 	67.64782428101405	68.10490417480469	67.64782428101405	68.10490417480469	5000	2022/11/03 
2022/11/04 	68.10490417480469	68.10490417480469	68.10490417480469	68.10490417480469	0	2022/11/04 
2022/11/07 	67.73923711313914	69.38472747802734	67.73923711313914	69.38472747802734	2	2022/11/07 
2022/11/08 	69.38472747802734	69.38472747802734	69.38472747802734	69.38472747802734	1000	2022/11/08 
2022/11/09 	69.38472747802734	69.38472747802734	69.38472747802734	69.38472747802734	0	2022/11/09 
2022/11/10 	69.38472747802734	69.38472747802734	69.38472747802734	69.38472747802734	1000	2022/11/10 
2022/11/11 	69.29331970214844	69.29331970214844	69.01906895623647	69.29331970214844	2250	2022/11/11 
2022/11/14 	69.29331970214844	69.29331970214844	69.29331970214844	69.29331970214844	100	2022/11/14 
2022/11/15 	69.29331970214844	69.29331970214844	69.29331970214844	69.29331970214844	1000	2022/11/15 
2022/11/16 	69.29331970214844	69.29331970214844	69.29331970214844	69.29331970214844	1000	2022/11/16 
2022/11/17 	69.29331970214844	69.29331970214844	68.56198902937398	69.29331970214844	6327	2022/11/17 
2022/11/18 	69.65897393599455	71.30446436498072	69.65897393599455	70.39030456542969	8278	2022/11/18 
2022/11/21 	71.30446312724278	71.30446312724278	71.03021240234375	71.03021240234375	4305	2022/11/21 
2022/11/22 	71.30446436498072	71.30446436498072	70.39030456542969	70.39030456542969	4000	2022/11/22 
2022/11/23 	71.3044662475586	71.3044662475586	71.3044662475586	71.3044662475586	1	2022/11/23 
2022/11/24 	70.84738633571527	71.3044662475586	70.84738633571527	71.3044662475586	4346	2022/11/24 
2022/11/25 	73.13278280408734	73.22419738769531	73.13278280408734	73.22419738769531	1002	2022/11/25 
2022/11/28 	73.1327796540373	81.63446807861328	73.1327796540373	81.63446807861328	23146	2022/11/28 
2022/11/29 	81.63447608327559	82.45721435546875	81.63447608327559	82.45721435546875	1601	2022/11/29 
2022/11/30 	82.7314656201483	88.39925384521484	82.7314656201483	88.39925384521484	19014	2022/11/30 
2022/12/01 	88.39925184391292	98.72926060434733	88.39925184391292	95.52970123291016	19271	2022/12/01 
2022/12/02 	94.61554141249952	98.72926060434733	94.61554141249952	95.52970123291016	8024	2022/12/02 
2022/12/05 	95.98678376939561	98.72926330566406	95.98678376939561	98.72926330566406	14145	2022/12/05 
2022/12/06 	95.52969452941302	95.98677440754419	94.15845489501953	94.15845489501953	17000	2022/12/06 
2022/12/07 	90.77607416486099	90.86748875322165	86.66235491825677	90.50182342529297	28238	2022/12/07 
2022/12/08 	86.8451840949781	90.59323801365363	86.8451840949781	90.50182342529297	6017	2022/12/08 
2022/12/09 	90.50182217801543	91.41598199799539	90.50182217801543	91.14173126220703	13053	2022/12/09 
2022/12/12 	91.41598222267568	92.33014204490244	91.41598222267568	91.87306213378906	7105	2022/12/12 
2022/12/13 	94.15846168935596	94.15846168935596	91.87306213378906	91.87306213378906	4002	2022/12/13 
2022/12/14 	91.87305736541748	91.87305736541748	90.59323228582798	91.41597747802734	14045	2022/12/14 
2022/12/15 	88.3078384399414	88.3078384399414	88.3078384399414	88.3078384399414	2	2022/12/15 
2022/12/16 	87.85075378417969	87.85075378417969	87.85075378417969	87.85075378417969	2	2022/12/16 
2022/12/19 	87.85075378417969	87.85075378417969	87.85075378417969	87.85075378417969	1	2022/12/19 
2022/12/20 	88.03359091972546	92.33013916015625	87.94216936077038	92.33013916015625	9002	2022/12/20 
2022/12/21 	92.33013916015625	92.33013916015625	92.33013916015625	92.33013916015625	1002	2022/12/21 
2022/12/22 	92.33013916015625	92.33013916015625	92.33013916015625	92.33013916015625	1001	2022/12/22 
2022/12/23 	92.33013916015625	92.33013916015625	92.33013916015625	92.33013916015625	1	2022/12/23 
2022/12/26 	87.94217148156089	91.41598157105535	87.94217148156089	88.12500762939453	12798	2022/12/26 
2022/12/27 	91.32456970214844	91.32456970214844	91.32456970214844	91.32456970214844	3011	2022/12/27 
2022/12/28 	91.32456970214844	91.41598429154276	89.58766460571191	91.32456970214844	3102	2022/12/28 
2022/12/29 	91.324564782022	92.33013916015625	91.324564782022	92.33013916015625	8001	2022/12/29 
2022/12/30 	92.33013725280762	94.15845680236816	90.9588975906372	91.41597747802734	6072	2022/12/30 
2023/01/03 	94.15845489501953	94.15845489501953	94.15845489501953	94.15845489501953	2	2023/01/03 
2023/01/04 	94.15845489501953	94.15845489501953	94.15845489501953	94.15845489501953	0	2023/01/04 
2023/01/05 	94.15845489501953	94.15845489501953	90.9588957481014	94.15845489501953	3121	2023/01/05 
2023/01/06 	94.15845489501953	94.15845489501953	91.05031032883053	94.15845489501953	101	2023/01/06 
2023/01/09 	94.15845489501953	94.15845489501953	94.15845489501953	94.15845489501953	0	2023/01/09 
2023/01/10 	91.05031589815775	93.24430084228516	91.05031589815775	93.24430084228516	7006	2023/01/10 
2023/01/11 	91.0503158569336	91.0503158569336	91.0503158569336	91.0503158569336	50	2023/01/11 
2023/01/12 	91.05031589815775	93.24430084228516	91.05031589815775	93.24430084228516	6024	2023/01/12 
2023/01/13 	92.33014389564251	92.78722381591797	91.4159840550916	92.78722381591797	5000	2023/01/13 
2023/01/16 	92.78722381591797	92.78722381591797	92.78722381591797	92.78722381591797	0	2023/01/16 
2023/01/17 	92.78721714019775	95.07261657714844	92.78721714019775	95.07261657714844	11010	2023/01/17 
2023/01/30 	97.3580208737314	97.3580208737314	94.61554141249952	95.52970123291016	17351	2023/01/30 
2023/01/31 	97.81510346024125	98.72926330566406	97.81510346024125	98.72926330566406	5007	2023/01/31 
2023/02/01 	98.27217926413326	107.87085723876953	98.27217926413326	107.87085723876953	22482	2023/02/01 
2023/02/02 	108.7850205206102	120.2120184744558	108.7850205206102	113.35581970214844	33119	2023/02/02 
2023/02/03 	119.75492961330885	132.09608648185593	118.84076984526833	129.35360717773438	48773	2023/02/03 
2023/02/06 	134.38148214049258	142.1518399513374	130.72484317068327	134.83856201171875	52279	2023/02/06 
2023/02/07 	132.55316734313965	132.55316734313965	131.63900756835938	131.63900756835938	6840	2023/02/07 
2023/02/08 	133.01025322015337	133.01025322015337	123.86865506069266	127.0682144165039	19107	2023/02/08 
2023/02/09 	128.89654105050224	128.89654105050224	124.78282165527344	124.78282165527344	5050	2023/02/09 
2023/02/10 	124.78281303074048	127.5252924380095	124.78281303074048	126.154052734375	9051	2023/02/10 
2023/02/13 	124.78281213964483	125.23989203759226	118.84077346632841	123.86865234375	36123	2023/02/13 
2023/02/14 	118.38369549445386	121.12617492675781	117.92661558906987	121.12617492675781	20155	2023/02/14 
2023/02/15 	123.41158294677734	123.41158294677734	119.75494345205801	123.41158294677734	9177	2023/02/15 
2023/02/16 	123.41157634606522	123.41157634606522	118.84077722213688	122.04033660888672	14192	2023/02/16 
2023/02/17 	122.95449163680686	122.95449163680686	118.38369269120066	121.583251953125	7550	2023/02/17 
2023/02/20 	122.4974136352539	122.4974136352539	118.38369452063718	122.4974136352539	1002	2023/02/20 
2023/02/21 	122.49741756554805	123.41157739812677	119.7549380678119	120.66909790039062	6003	2023/02/21 
2023/02/22 	118.38369452063718	122.4974136352539	118.38369452063718	122.4974136352539	1001	2023/02/22 
2023/02/23 	122.49741180183351	122.49741180183351	117.9266128540039	117.9266128540039	1001	2023/02/23 
2023/02/24 	122.04034205845424	124.78282165527344	122.04034205845424	124.78282165527344	11203	2023/02/24 
2023/03/01 	124.78281608324372	124.78281608324372	121.58325669649388	122.04033660888672	6040	2023/03/01 
2023/03/02 	118.84077258576129	121.583251953125	118.84077258576129	121.583251953125	6000	2023/03/02 
2023/03/03 	118.84077927161907	122.04033871354727	118.84077927161907	119.29785919189453	10050	2023/03/03 
2023/03/06 	121.12617492675781	121.12617492675781	121.12617492675781	121.12617492675781	2000	2023/03/06 
2023/03/07 	121.58325773296933	121.58325773296933	120.66909790039062	120.66909790039062	2000	2023/03/07 
2023/03/08 	121.5832548321418	121.5832548321418	118.38369549445386	121.12617492675781	3102	2023/03/08 
2023/03/09 	122.04033542880052	127.0682144165039	121.58325552082749	127.0682144165039	10262	2023/03/09 
2023/03/10 	127.98236846923828	127.98236846923828	123.41156959533691	124.32572937011719	11121	2023/03/10 
2023/03/13 	127.06822244149667	127.06822244149667	123.41158294677734	123.41158294677734	2154	2023/03/13 
2023/03/14 	123.41157343850207	123.41157343850207	118.84077442226125	122.4974136352539	7170	2023/03/14 
2023/03/15 	118.84077823523319	122.04033764925869	118.84077823523319	120.66909790039062	1330	2023/03/15 
2023/03/16 	118.84077453613281	119.29785443819486	118.84077453613281	118.84077453613281	5000	2023/03/16 
2023/03/17 	118.38369463407076	121.58325394850512	118.38369463407076	118.84077453613281	15000	2023/03/17 
2023/03/20 	118.84077453613281	121.12617404644307	118.84077453613281	118.84077453613281	6102	2023/03/20 
2023/03/21 	118.84077453613281	120.21201424231896	118.84077453613281	118.84077453613281	4033	2023/03/21 
2023/03/22 	119.29785443819486	121.58325394850512	118.84077453613281	118.84077453613281	5014	2023/03/22 
2023/03/23 	118.84077927161907	119.29785919189453	118.84077927161907	119.29785919189453	2010	2023/03/23 
2023/03/24 	118.84077453613281	118.84077453613281	118.84077453613281	118.84077453613281	1000	2023/03/24 
2023/03/27 	118.84077639980171	119.75493621826172	118.84077639980171	119.75493621826172	6000	2023/03/27 
2023/03/28 	118.84078109219047	120.21202087402344	118.84078109219047	120.21202087402344	3000	2023/03/28 
2023/03/29 	120.669094144381	120.669094144381	118.84077453613281	118.84077453613281	2000	2023/03/29 
2023/03/30 	118.84077742293074	119.75493724926098	118.38369750976562	118.38369750976562	4504	2023/03/30 
2023/03/31 	119.75493911216999	119.75493911216999	119.29785919189453	119.29785919189453	5000	2023/03/31 
2023/04/06 	118.84077453613281	118.84077453613281	118.84077453613281	118.84077453613281	4171	2023/04/06 
2023/04/07 	122.04034205845424	124.78282165527344	118.84078252883185	124.78282165527344	11513	2023/04/07 
2023/04/10 	123.86865731441613	123.86865731441613	120.21201798410127	120.66909790039062	5614	2023/04/10 
2023/04/11 	121.12617781667997	121.12617781667997	120.66909790039062	120.66909790039062	2000	2023/04/11 
2023/04/12 	120.66909216400376	121.583251953125	120.66909216400376	121.583251953125	2000	2023/04/12 
2023/04/13 	120.66909305811808	123.86865234375	120.66909305811808	123.86865234375	2048	2023/04/13 
2023/04/14 	120.66909216400376	121.583251953125	120.21201226944314	121.583251953125	2010	2023/04/14 
2023/04/17 	121.5832606558564	121.5832606558564	120.21202087402344	120.21202087402344	1020	2023/04/17 
2023/04/18 	120.21202087402344	120.6691008013011	119.75494094674579	120.21202087402344	8000	2023/04/18 
2023/04/19 	121.58325585518175	121.58325585518175	119.75493621826172	119.75493621826172	3661	2023/04/19 
2023/04/20 	121.58325394850512	121.58325394850512	118.84077453613281	118.84077453613281	2000	2023/04/20 
2023/04/21 	118.84077258576129	121.583251953125	118.84077258576129	121.583251953125	1001	2023/04/21 
2023/04/24 	119.29785919189453	119.29785919189453	119.29785919189453	119.29785919189453	1000	2023/04/24 
2023/04/25 	119.29785530522184	121.12617492675781	118.84077539983785	121.12617492675781	6122	2023/04/25 
2023/04/26 	118.84077539983785	121.12617492675781	118.84077539983785	121.12617492675781	1001	2023/04/26 
2023/04/27 	119.29785443819486	119.29785443819486	118.84077453613281	118.84077453613281	2000	2023/04/27 
2023/04/28 	120.66909790039062	120.66909790039062	117.92661840265447	120.66909790039062	2002	2023/04/28 
2023/05/02 	117.01245880126953	117.01245880126953	117.01245880126953	117.01245880126953	1000	2023/05/02 
2023/05/03 	117.01245857007575	120.66909790039062	117.01245857007575	120.66909790039062	2001	2023/05/03 
2023/05/04 	117.01245492788462	119.29785443819486	117.01245492788462	118.84077453613281	3010	2023/05/04 
2023/05/05 	117.01245880126953	117.01245880126953	117.01245880126953	117.01245880126953	1000	2023/05/05 
2023/05/08 	119.75494313518361	119.75494313518361	117.01246352140078	117.46954345703125	1258	2023/05/08 
2023/05/09 	119.75493830442429	119.75493830442429	117.01245880126953	117.01245880126953	1001	2023/05/09 
2023/05/10 	119.75493621826172	119.75493621826172	117.01245676288168	119.75493621826172	1245	2023/05/10 
2023/05/11 	117.92661863565445	117.92661863565445	117.01245880126953	117.01245880126953	1100	2023/05/11 
2023/05/12 	117.01245306443798	117.9266128540039	117.01245306443798	117.9266128540039	2000	2023/05/12 
2023/05/15 	117.01245880126953	117.01245880126953	117.01245880126953	117.01245880126953	1000	2023/05/15 
2023/05/16 	117.92661863565445	117.92661863565445	117.01245880126953	117.01245880126953	2000	2023/05/16 
2023/05/17 	117.01245676288168	119.75493621826172	117.01245676288168	119.75493621826172	2140	2023/05/17 
2023/05/18 	117.01245676288168	119.75493621826172	117.01245676288168	119.75493621826172	8000	2023/05/18 
2023/05/19 	121.58325394850512	121.58325394850512	118.84077453613281	118.84077453613281	1239	2023/05/19 
2023/05/22 	119.7549380678119	121.12617781667997	119.7549380678119	120.66909790039062	9493	2023/05/22 
2023/05/23 	118.84077442226125	122.4974136352539	118.84077442226125	122.4974136352539	1001	2023/05/23 
2023/05/24 	121.58325879327182	121.58325879327182	118.84077927161907	119.29785919189453	5030	2023/05/24 
2023/05/25 	121.58325773296933	121.58325773296933	120.66909790039062	120.66909790039062	5000	2023/05/25 
2023/05/26 	120.66909790039062	121.58325773296933	120.66909790039062	120.66909790039062	3201	2023/05/26 
2023/05/29 	122.95449748183741	122.95449748183741	120.21201798410127	120.66909790039062	5258	2023/05/29 
2023/05/30 	120.21202087402344	120.21202087402344	120.21202087402344	120.21202087402344	1000	2023/05/30 
2023/05/31 	122.04033764925869	122.49741756554805	120.66909790039062	120.66909790039062	7101	2023/05/31 
2023/06/01 	120.21201226944314	121.583251953125	120.21201226944314	121.583251953125	2000	2023/06/01 
2023/06/02 	120.21201695931538	122.49741652127955	120.21201695931538	122.04033660888672	1020	2023/06/02 
2023/06/05 	122.49741652127955	123.86865625845805	121.58325669649388	122.04033660888672	12241	2023/06/05 
2023/06/06 	126.15405678986711	138.49521451931062	126.15405678986711	137.5810546875	28904	2023/06/06 
2023/06/07 	133.46733825683594	137.5810575866699	133.46733825683594	137.1239776611328	16354	2023/06/07 
2023/06/08 	134.38148498535156	135.29564474715667	134.38148498535156	134.38148498535156	3110	2023/06/08 
2023/06/09 	138.0381359231883	138.0381359231883	132.5531768798828	132.5531768798828	11260	2023/06/09 
2023/06/12 	131.63900369993397	132.55316344785018	129.81068420410156	129.81068420410156	8030	2023/06/12 
2023/06/13 	130.26776790618896	131.63900756835938	127.52528858184814	131.63900756835938	6001	2023/06/13 
2023/06/14 	131.63900756835938	131.63900756835938	127.98236846923828	131.63900756835938	6002	2023/06/14 
2023/06/15 	130.72485064463334	131.1819305419922	127.52529136312133	131.1819305419922	5002	2023/06/15 
2023/06/16 	127.52528858184814	128.89652824401855	127.52528858184814	127.98236846923828	2056	2023/06/16 
2023/06/19 	130.724853515625	130.724853515625	127.98237407124125	130.724853515625	5024	2023/06/19 
2023/06/20 	130.26776407805966	130.26776407805966	129.81068420410156	129.81068420410156	2000	2023/06/20 
2023/06/21 	129.81069657175163	130.2677764892578	127.98237690172698	130.2677764892578	10000	2023/06/21 
2023/06/26 	127.98237690172698	130.2677764892578	127.52529698422082	130.2677764892578	8101	2023/06/26 
2023/06/27 	128.43945681923316	130.2677764892578	127.06821706671464	130.2677764892578	5001	2023/06/27 
2023/06/28 	127.06821154522639	127.5252914428711	127.06821154522639	127.5252914428711	2000	2023/06/28 
2023/06/29 	127.06821706671464	130.2677764892578	127.06821706671464	130.2677764892578	2001	2023/06/29 
2023/06/30 	130.2677669457749	130.2677669457749	127.06820775763305	129.35360717773438	2166	2023/06/30 
2023/07/03 	129.8106908499156	132.55317023406877	128.43945115783904	131.1819305419922	11409	2023/07/03 
2023/07/04 	131.18192768096924	134.3814868927002	131.18192768096924	131.63900756835938	11813	2023/07/04 
2023/07/05 	134.38150609682685	134.38150609682685	131.18194642785477	133.46734619140625	3511	2023/07/05 
2023/07/06 	130.72486006264867	132.09609985351562	130.72486006264867	132.09609985351562	1102	2023/07/06 
2023/07/07 	128.89654034149277	132.09609985351562	128.89654034149277	132.09609985351562	1001	2023/07/07 
2023/07/10 	132.09609293148216	138.0381317138672	132.09609293148216	138.0381317138672	14263	2023/07/10 
2023/07/11 	137.5810546875	138.03813460340533	136.66689485568938	137.5810546875	9507	2023/07/11 
2023/07/12 	139.5052693684896	142.39158528645834	134.69474283854166	137.10000610351562	12258	2023/07/12 
2023/07/13 	137.1000020487325	137.5810546875	135.1757914936626	137.5810546875	10100	2023/07/13 
2023/07/14 	134.69474283854166	137.10000610351562	134.69474283854166	137.10000610351562	2204	2023/07/14 
2023/07/17 	137.10000110494678	139.50526428222656	134.69473792766703	139.50526428222656	4002	2023/07/17 
2023/07/18 	139.5052673548155	140.94842529296875	136.61895147850896	140.94842529296875	6521	2023/07/18 
2023/07/19 	140.9484172239142	142.39157507944915	139.02420674986757	141.9105224609375	23076	2023/07/19 
2023/07/20 	139.9863240490221	140.46737670898438	139.02421872909756	140.46737670898438	12024	2023/07/20 
2023/07/21 	139.0242156982422	139.50526834771708	138.0621103992924	139.0242156982422	7470	2023/07/21 
2023/07/24 	135.17579650878906	139.02421776170831	134.69474385217416	135.17579650878906	9000	2023/07/24 
2023/07/25 	136.1378977349464	136.1378977349464	134.69473980842753	135.65684509277344	7000	2023/07/25 
2023/07/26 	136.13789051600864	136.13789051600864	134.69473266601562	134.69473266601562	15050	2023/07/26 
2023/07/27 	134.69473266601562	135.6568378993443	134.69473266601562	134.69473266601562	2100	2023/07/27 
2023/07/28 	136.1378936767578	136.1378936767578	135.17578842109168	136.1378936767578	4234	2023/07/28 
2023/07/31 	136.61894451547735	139.98631286621094	134.69473402934386	139.98631286621094	9491	2023/07/31 
2023/08/01 	134.21367919277137	136.6189422607422	134.21367919277137	136.6189422607422	1001	2023/08/01 
2023/08/02 	134.21368316542555	139.98631469942234	134.21368316542555	136.1378936767578	17001	2023/08/02 
2023/08/04 	135.65684319857894	139.50526428222656	135.65684319857894	139.50526428222656	1001	2023/08/04 
2023/08/07 	135.65684509277344	139.02421358798412	135.17579245060048	135.65684509277344	8903	2023/08/07 
2023/08/08 	135.17579650878906	135.17579650878906	135.17579650878906	135.17579650878906	1000	2023/08/08 
2023/08/09 	136.13788964714803	136.6189422607422	135.65683703355387	136.6189422607422	9050	2023/08/09 
2023/08/10 	136.13788964714803	136.6189422607422	135.65683703355387	136.6189422607422	9000	2023/08/10 
2023/08/11 	137.09999487433635	137.09999487433635	135.65683703355387	136.6189422607422	6031	2023/08/11 
2023/08/14 	137.1000030192923	137.1000030192923	135.65684509277344	135.65684509277344	9008	2023/08/14 
2023/08/15 	136.13790079752604	137.10000610351562	136.13790079752604	137.10000610351562	8100	2023/08/15 
2023/08/16 	136.13790079752604	137.10000610351562	136.13790079752604	137.10000610351562	4001	2023/08/16 
2023/08/17 	136.13788964714803	136.6189422607422	136.13788964714803	136.6189422607422	3001	2023/08/17 
2023/08/18 	136.1378936767578	136.61894630459088	136.1378936767578	136.1378936767578	7000	2023/08/18 
2023/08/21 	135.65684104892475	136.1378936767578	135.65684104892475	136.1378936767578	3001	2023/08/21 
2023/08/22 	136.61895037711935	136.61895037711935	135.65684509277344	135.65684509277344	2000	2023/08/22 
2023/08/23 	135.65684104892475	136.61894630459088	135.17578842109168	136.1378936767578	7017	2023/08/23 
2023/08/24 	135.17579650878906	136.13790182201888	134.69474385217416	135.17579650878906	8030	2023/08/24 
2023/08/25 	134.69473180636552	136.6189422607422	134.69473180636552	136.6189422607422	1010	2023/08/25 
2023/08/28 	134.69473980842753	135.65684509277344	134.69473980842753	135.65684509277344	1290	2023/08/28 
2023/08/29 	134.69473579325862	136.61894630459088	134.69473579325862	136.1378936767578	1151	2023/08/29 
2023/08/30 	134.69474385217416	135.65684916540397	134.69474385217416	135.17579650878906	1958	2023/08/30 
2023/08/31 	135.65684104892475	136.1378936767578	135.17578842109168	136.1378936767578	5010	2023/08/31 
2023/09/01 	135.17579245060048	135.65684509277344	135.17579245060048	135.65684509277344	3543	2023/09/01 
2023/09/04 	135.65684916540397	135.65684916540397	135.17579650878906	135.17579650878906	2050	2023/09/04 
2023/09/05 	135.6568378993443	135.6568378993443	134.2136800493513	134.69473266601562	8070	2023/09/05 
2023/09/06 	134.2136800493513	135.17578528267995	133.73262743268694	134.69473266601562	14870	2023/09/06 
2023/09/07 	135.17578934426803	135.17578934426803	133.73263145091286	134.21368408203125	4779	2023/09/07 
2023/09/08 	134.21368408203125	134.21368408203125	134.21368408203125	134.21368408203125	0	2023/09/08 
2023/09/11 	133.73263549804688	133.73263549804688	133.73263549804688	133.73263549804688	1000	2023/09/11 
2023/09/12 	134.69474078939973	134.69474078939973	132.77053020669402	133.73263549804688	12801	2023/09/12 
2023/09/13 	134.21369223474167	134.69474489508124	131.80842893304379	133.2515869140625	10241	2023/09/13 
2023/09/14 	133.2515748160226	134.69473266601562	131.32736434936524	134.69473266601562	7221	2023/09/14 
2023/09/15 	131.3273682953209	134.21368408203125	131.3273682953209	134.21368408203125	2122	2023/09/15 
2023/09/18 	131.3273692183061	132.2894744873047	131.3273692183061	132.2894744873047	2022	2023/09/18 
2023/09/19 	131.32737731933594	131.32737731933594	131.32737731933594	131.32737731933594	1000	2023/09/19 
2023/09/20 	131.32737731933594	131.32737731933594	131.32737731933594	131.32737731933594	1000	2023/09/20 
2023/09/21 	134.2136881437233	134.2136881437233	131.32737226966472	133.73263549804688	2030	2023/09/21 
2023/09/22 	134.21369330437628	134.21369330437628	131.32737731933594	131.32737731933594	1178	2023/09/22 
2023/09/25 	131.32737325403812	132.2894785526025	131.32737325403812	131.8084259033203	5044	2023/09/25 
2023/09/26 	131.32737731933594	132.28948264768272	131.32737731933594	131.32737731933594	1288	2023/09/26 
2023/09/27 	128.9221043407469	128.9221043407469	127.95999908447266	127.95999908447266	8432	2023/09/27 
2023/09/28 	128.92210793941655	128.92210793941655	127.47895001472159	128.44105529785156	7233	2023/09/28 
2023/10/02 	129.40315961661815	130.36526489257812	127.96000170267816	130.36526489257812	2203	2023/10/02 
2023/10/03 	128.4410512554112	130.36526176111022	128.4410512554112	128.92210388183594	5001	2023/10/03 
2023/10/04 	127.96000569661459	130.84632161458333	127.96000569661459	129.88421630859375	19404	2023/10/04 
2023/10/05 	129.88420507721742	131.32736291140873	129.4031524658203	129.4031524658203	6001	2023/10/05 
2023/10/06 	132.2894744873047	132.2894744873047	129.40315868030893	132.2894744873047	1703	2023/10/06 
2023/10/11 	129.40315868030893	132.2894744873047	129.40315868030893	132.2894744873047	2002	2023/10/11 
2023/10/12 	129.40315868030893	132.2894744873047	129.40315868030893	132.2894744873047	1001	2023/10/12 
2023/10/13 	129.40315868030893	132.77052712180398	129.40315868030893	132.2894744873047	4202	2023/10/13 
2023/10/16 	129.40315473252448	132.77052307128906	129.40315473252448	132.77052307128906	1021	2023/10/16 
2023/10/17 	132.77052074560004	132.77052074560004	129.4031524658203	129.4031524658203	1100	2023/10/17 
2023/10/18 	129.4031524658203	129.4031524658203	129.4031524658203	129.4031524658203	1000	2023/10/18 
2023/10/19 	129.4031524658203	129.4031524658203	129.4031524658203	129.4031524658203	1000	2023/10/19 
2023/10/20 	129.4031524658203	129.4031524658203	129.4031524658203	129.4031524658203	1000	2023/10/20 
2023/10/23 	129.88420913468548	132.28947226680927	128.92210388183594	128.92210388183594	1269	2023/10/23 
2023/10/24 	128.92210604580964	132.2894744873047	128.92210604580964	132.2894744873047	6115	2023/10/24 
2023/10/25 	132.2894744873047	132.2894744873047	132.2894744873047	132.2894744873047	0	2023/10/25 
2023/10/26 	131.8084218528054	132.2894744873047	131.3273692183061	132.2894744873047	5000	2023/10/26 
2023/10/27 	131.32737325403812	131.8084259033203	131.32737325403812	131.8084259033203	9100	2023/10/27 
2023/10/30 	130.8463165838068	132.77052712180398	130.8463165838068	132.2894744873047	9001	2023/10/30 
2023/10/31 	133.25157569111258	133.25157569111258	131.32736521181855	132.77052307128906	3202	2023/10/31 
2023/11/01 	130.8463134765625	131.8084187227137	130.8463134765625	130.8463134765625	8000	2023/11/01 
2023/11/02 	130.84632060475593	131.8084259033203	130.84632060475593	131.8084259033203	3101	2023/11/02 
2023/11/03 	132.7705312018847	132.7705312018847	131.32737325403812	131.8084259033203	6004	2023/11/03 
2023/11/06 	131.3273762727042	133.2515869140625	131.3273762727042	133.2515869140625	1001	2023/11/06 
2023/11/07 	131.3273762727042	133.2515869140625	131.3273762727042	133.2515869140625	1001	2023/11/07 
2023/11/08 	133.25158385116688	133.25158385116688	131.8084259033203	131.8084259033203	1301	2023/11/08 
2023/11/09 	131.80841783164203	132.77052307128906	131.80841783164203	132.77052307128906	9001	2023/11/09 
2023/11/10 	132.77052307128906	133.25157569111258	132.28947045146555	132.77052307128906	10000	2023/11/10 
2023/11/13 	132.28947045146555	132.77052307128906	132.28947045146555	132.77052307128906	8000	2023/11/13 
2023/11/14 	132.2894744873047	132.2894744873047	132.2894744873047	132.2894744873047	3000	2023/11/14 
2023/11/15 	132.77052307128906	132.77052307128906	131.80841783164203	132.77052307128906	6007	2023/11/15 
2023/11/16 	133.25158285237043	134.2136881437233	132.77053020669402	133.73263549804688	7202	2023/11/16 
2023/11/17 	132.7705261886761	134.21368408203125	132.7705261886761	134.21368408203125	1001	2023/11/17 
2023/11/20 	134.2136800493513	134.69473266601562	132.77052219935825	134.69473266601562	3011	2023/11/20 
2023/11/21 	135.6568419753864	135.6568419753864	132.7705261886761	134.21368408203125	5286	2023/11/21 
2023/11/22 	133.25158188190866	135.65684509277344	133.25158188190866	135.65684509277344	1001	2023/11/22 
2023/11/23 	133.25158188190866	135.65684509277344	133.25158188190866	135.65684509277344	1011	2023/11/23 
2023/11/24 	133.2515869140625	133.2515869140625	133.2515869140625	133.2515869140625	1000	2023/11/24 
2023/11/27 	133.2515869140625	133.2515869140625	133.2515869140625	133.2515869140625	1000	2023/11/27 
2023/11/28 	135.17579755542081	135.17579755542081	133.2515869140625	133.2515869140625	6200	2023/11/28 
2023/11/29 	134.69473266601562	134.69473266601562	133.2515748160226	134.69473266601562	1201	2023/11/29 
2023/11/30 	134.69473980842753	135.65684509277344	134.69473980842753	135.65684509277344	5006	2023/11/30 
2023/12/01 	135.65684509277344	135.65684509277344	134.21368716625457	135.65684509277344	2003	2023/12/01 
2023/12/04 	133.73263452408162	135.65684509277344	133.73263452408162	135.65684509277344	1001	2023/12/04 
2023/12/05 	133.73262743268694	134.69473266601562	133.73262743268694	134.69473266601562	3022	2023/12/05 
2023/12/06 	133.73263853894434	135.17579650878906	133.73263853894434	135.17579650878906	4020	2023/12/06 
2023/12/07 	133.73263853894434	135.17579650878906	133.73263853894434	135.17579650878906	1020	2023/12/07 
2023/12/08 	134.21369119555925	135.17579650878906	134.21369119555925	135.17579650878906	4020	2023/12/08 
2023/12/11 	136.13789103879768	141.9105224609375	136.13789103879768	141.9105224609375	11273	2023/12/11 
2023/12/12 	142.39157971040703	156.34210610095366	142.39157971040703	155.86105346679688	54312	2023/12/12 
2023/12/13 	156.8231648763021	156.8231648763021	151.05053304036457	151.53158569335938	19645	2023/12/13 
2023/12/14 	152.97473232002014	152.97473232002014	151.05052185058594	151.05052185058594	6116	2023/12/14 
2023/12/15 	154.89894278945437	154.89894278945437	150.56946923322738	151.05052185058594	8050	2023/12/15 
2023/12/18 	154.89895426432292	157.30421752929686	151.53158569335938	151.53158569335938	12153	2023/12/18 
2023/12/19 	155.86105539828918	155.86105539828918	150.5694763569892	152.01263427734375	2002	2023/12/19 
2023/12/20 	155.86105640117938	155.86105640117938	150.0884246826172	150.0884246826172	1035	2023/12/20 
2023/12/21 	156.82316196731657	170.2926360013192	154.89895139103047	164.52000427246094	30968	2023/12/21 
2023/12/22 	163.55789184570312	170.77368119183708	163.07683922262754	163.55789184570312	22534	2023/12/22 
2023/12/25 	163.55789589670908	164.52000116668972	162.59579062672844	163.07684326171875	7279	2023/12/25 
2023/12/26 	162.59578750247047	164.5199980054583	161.63368225097656	161.63368225097656	6011	2023/12/26 
2023/12/27 	162.11474609375	164.5200093889095	162.11474609375	162.11474609375	8192	2023/12/27 
2023/12/28 	164.5200033022489	169.33052971459537	164.5200033022489	166.4442138671875	16510	2023/12/28 
2023/12/29 	168.3684244321261	168.3684244321261	165.48210858471822	166.4442138671875	11562	2023/12/29 
2024/01/02 	167.40631508071417	177.5084203011021	166.92526245117188	166.92526245117188	10285	2024/01/02 
2024/01/03 	171.25473426496478	173.65999738666375	170.29262901628522	170.773681640625	5115	2024/01/03 
2024/01/04 	174.62210217644187	187.610522999483	173.65999693029067	179.91368103027344	13059	2024/01/04 
2024/01/05 	179.9136853562188	186.64842224121094	179.9136853562188	186.64842224121094	8291	2024/01/05 
2024/01/08 	186.648418200966	187.1294708251953	182.79999720713167	187.1294708251953	2055	2024/01/08 
2024/01/09 	187.61053259627937	187.61053259627937	183.28105876713445	184.2431640625	6511	2024/01/09 
2024/01/10 	186.1673674095334	186.1673674095334	180.39473586195095	183.2810516357422	4305	2024/01/10 
2024/01/11 	179.91368193755278	183.28105031606313	175.10315568253802	177.98947143554688	11897	2024/01/11 
2024/01/12 	179.9136901523756	181.83790074224058	177.02737426757812	177.02737426757812	3013	2024/01/12 
2024/01/15 	177.02737426757812	177.02737426757812	177.02737426757812	177.02737426757812	0	2024/01/15 
2024/01/16 	176.06526897264564	177.02737426757812	175.10316367771316	177.02737426757812	10031	2024/01/16 
2024/01/17 	175.5842173230517	178.47053322425256	173.178954072051	175.10316467285156	9382	2024/01/17 
2024/01/18 	175.5842092128399	176.0652618408203	174.62210395687916	176.0652618408203	7710	2024/01/18 
2024/01/19 	174.6221130371094	176.54632364908855	173.178955078125	173.178955078125	4279	2024/01/19 
2024/01/22 	175.10315658485953	177.02736709678106	175.10315658485953	176.0652618408203	16020	2024/01/22 
2024/01/23 	173.65999472303676	177.02736304176602	173.65999472303676	176.5463104248047	3051	2024/01/23 
2024/01/24 	174.1410473399981	176.5463104248047	173.65999472303676	176.5463104248047	3010	2024/01/24 
2024/01/25 	173.65999472303676	176.5463104248047	173.65999472303676	176.5463104248047	2010	2024/01/25 
2024/01/26 	175.10315568253802	180.87578718855573	175.10315568253802	177.98947143554688	2007	2024/01/26 
2024/01/29 	180.39473226247742	180.39473226247742	174.62210083007812	174.62210083007812	1010	2024/01/29 
2024/01/30 	180.87579249331824	182.8000030517578	174.1410555387798	182.8000030517578	20124	2024/01/30 
2024/01/31 	181.83790074224058	181.83790074224058	174.6221110302469	177.02737426757812	12172	2024/01/31 
2024/02/01 	177.02737731111017	182.318956524214	177.02737731111017	178.4705352783203	5710	2024/02/01 
2024/02/02 	182.79999720713167	187.6105234494246	177.98947096483872	187.1294708251953	11732	2024/02/02 
2024/02/05 	187.61052982981613	202.52316168808355	186.64842454863756	197.23158264160156	52533	2024/02/05 
2024/02/15 	196.2694783328202	202.0421100484914	194.8263204039024	195.307373046875	19009	2024/02/15 
2024/02/16 	199.1557868730904	199.1557868730904	193.86420799481988	194.3452606201172	20114	2024/02/16 
2024/02/19 	197.712632162858	197.712632162858	194.34526373186043	195.78842163085938	11813	2024/02/19 
2024/02/20 	197.2315836187654	197.2315836187654	194.3452677609298	195.307373046875	7079	2024/02/20 
2024/02/21 	196.75052283791936	196.75052283791936	194.34525972254136	196.26947021484375	6132	2024/02/21 
2024/02/22 	194.34527180989582	197.2315877278646	194.34527180989582	194.82632446289062	7463	2024/02/22 
2024/02/23 	198.1936889047106	198.1936889047106	195.307373046875	195.307373046875	7067	2024/02/23 
2024/02/26 	194.3452646714582	195.78842257743437	193.8642120361328	193.8642120361328	2002	2024/02/26 
2024/02/27 	195.30737403376185	195.30737403376185	192.90211080674507	193.38316345214844	14412	2024/02/27 
2024/02/29 	193.86420799481988	194.3452606201172	192.90210274422523	194.3452606201172	9019	2024/02/29 
2024/03/01 	193.38316752369565	193.86422017922723	192.90211486816406	192.90211486816406	2315	2024/03/01 
2024/03/04 	193.8642120361328	193.8642120361328	192.90210676548205	193.8642120361328	5177	2024/03/04 
2024/03/05 	193.8642120361328	193.8642120361328	192.90210676548205	193.8642120361328	6005	2024/03/05 
2024/03/06 	192.90210676548205	194.8263173067836	192.90210676548205	193.8642120361328	1241	2024/03/06 
2024/03/07 	194.8263173067836	194.8263173067836	193.38315940080741	193.8642120361328	5010	2024/03/07 
2024/03/08 	195.78841849600914	197.71262899719844	193.38315536952257	194.3452606201172	18019	2024/03/08 
2024/03/11 	193.38315536952257	194.82631324541452	193.38315536952257	194.3452606201172	8019	2024/03/11 
2024/03/12 	192.42105011892792	194.3452606201172	192.42105011892792	194.3452606201172	3174	2024/03/12 
2024/03/13 	194.82632138835848	194.82632138835848	193.38316345214844	193.38316345214844	3050	2024/03/13 
2024/03/14 	194.34527283475882	195.30737814582199	192.90211486816406	192.90211486816406	8501	2024/03/14 
2024/03/15 	193.86420890808105	193.86420890808105	191.45894577026368	192.42105102539062	21113	2024/03/15 
2024/03/18 	192.9021118010708	192.9021118010708	190.49684856165592	191.45895385742188	3005	2024/03/18 
2024/03/19 	190.49684956352118	190.49684956352118	187.61053366104358	189.5347442626953	17079	2024/03/19 
2024/03/20 	190.01579481809947	190.01579481809947	186.16737365722656	186.16737365722656	10126	2024/03/20 
2024/03/21 	187.61052751049553	188.09158014513784	186.64842224121094	186.64842224121094	2983	2024/03/21 
2024/03/22 	187.61053159255388	187.61053159255388	184.7242157218992	186.16737365722656	5221	2024/03/22 
2024/03/25 	185.205272417612	186.16737772887234	185.205272417612	185.6863250732422	4110	2024/03/25 
2024/03/26 	185.6863250732422	185.6863250732422	185.6863250732422	185.6863250732422	0	2024/03/26 
2024/03/27 	186.6484194946289	194.34526153564454	186.6484194946289	192.42105102539062	10285	2024/03/27 
2024/03/28 	191.4589466904149	191.4589466904149	189.05368354103783	190.49684143066406	13176	2024/03/28 
2024/03/29 	191.4589476293447	191.4589476293447	188.5726318359375	188.5726318359375	3175	2024/03/29 
2024/04/01 	190.97789090765644	190.97789090765644	189.05368041992188	189.05368041992188	2362	2024/04/01 
2024/04/02 	188.57263997395833	189.05369262695314	187.61053466796875	187.61053466796875	3777	2024/04/02 
2024/04/03 	190.01578566378916	190.01578566378916	188.0915751760546	189.05368041992188	5373	2024/04/03 
2024/04/08 	189.53473925291746	191.94000244140625	189.05368661521968	191.94000244140625	4110	2024/04/08 
2024/04/09 	191.4589509545303	197.23158264160156	190.49684567335174	197.23158264160156	14091	2024/04/09 
2024/04/10 	197.23158376517034	209.25789984841245	197.23158376517034	202.52316284179688	23347	2024/04/10 
2024/04/11 	210.70105071880852	212.1442086004442	203.00420868341826	208.77684020996094	8282	2024/04/11 
2024/04/12 	212.62526439256473	214.06842229568167	206.8526327800969	210.22000122070312	9029	2024/04/12 
2024/04/15 	210.70104890711167	223.6894697301528	210.21999628403609	212.62525939941406	58021	2024/04/15 
2024/04/16 	215.99264015423682	215.99264015423682	211.18211364746094	211.18211364746094	10029	2024/04/16 
2024/04/17 	211.6631622314453	211.6631622314453	208.2957937413996	211.6631622314453	1105	2024/04/17 
2024/04/18 	207.81473405393837	211.66315505493722	207.81473405393837	210.7010498046875	11150	2024/04/18 
2024/04/19 	210.70105805999688	216.95474243164062	207.81474219616132	216.95474243164062	17416	2024/04/19 
2024/04/22 	216.95473386473574	241.48841773857504	211.66315498998608	227.0568389892578	65475	2024/04/22 
2024/04/23 	228.5000081294183	235.23474521112746	225.6136922372572	227.53790283203125	21572	2024/04/23 
2024/04/24 	229.46210120706	233.31052219166475	228.4999959609088	228.98104858398438	13242	2024/04/24 
2024/04/25 	232.8294704889847	232.8294704889847	226.0947337393033	227.0568389892578	4235	2024/04/25 
2024/04/26 	224.65158687408314	227.05685011684636	210.22000741750392	220.32211303710938	23375	2024/04/26 
2024/04/29 	220.3221027298479	220.3221027298479	212.14420808703696	217.91683959960938	4624	2024/04/29 
2024/04/30 	217.91684365061533	217.91684365061533	210.70105412576052	217.435791015625	1113	2024/04/30 
2024/05/02 	217.43578943959983	217.43578943959983	203.4852631259972	204.9284210205078	23806	2024/05/02 
2024/05/03 	211.18210427927414	211.18210427927414	192.42105173510174	206.85263061523438	52144	2024/05/03 
2024/05/06 	205.89052313044843	205.89052313044843	198.19368114426345	203.48526000976562	11917	2024/05/06 
2024/05/07 	203.9663239197584	236.6779041710404	202.04211331674182	218.3979034423828	171693	2024/05/07 
2024/05/08 	228.0189495165813	235.7157916943562	226.09473897213758	231.86737060546875	102589	2024/05/08 
2024/05/09 	233.31052175194327	240.52631108447758	231.38631126326743	238.1210479736328	51022	2024/05/09 
2024/05/10 	238.12105585840456	238.12105585840456	222.72737143927537	229.9431610107422	38025	2024/05/10 
2024/05/13 	223.68948263400145	228.98106179308536	222.72737733234982	225.6136932373047	32575	2024/05/13 
2024/05/14 	224.17053525143257	224.17053525143257	214.06842958559548	218.3979034423828	7760	2024/05/14 
2024/05/15 	218.878950114899	224.1705291286658	217.91684483966867	222.7273712158203	25434	2024/05/15 
2024/05/16 	222.72737217988325	225.61368801806748	219.36000370200162	220.80316162109375	24403	2024/05/16 
2024/05/17 	221.28420568902396	221.28420568902396	211.66315326776206	214.54946899414062	31949	2024/05/17 
2024/05/20 	213.58737110113222	222.7273712158203	213.58737110113222	222.7273712158203	42423	2024/05/20 
2024/05/21 	220.3221073388064	240.0452654193546	215.5115809776971	231.86737060546875	258000	2024/05/21 
2024/05/22 	223.20842892842523	226.09474481974107	218.3979024428988	220.32211303710938	91000	2024/05/22 
2024/05/23 	220.32210877564577	221.28421405414204	212.14421390842747	213.58737182617188	56000	2024/05/23 
2024/05/24 	214.54948223634963	222.246324648416	214.54948223634963	218.3979034423828	49000	2024/05/24 
2024/05/27 	218.87895711263022	218.87895711263022	215.51158854166667	216.47369384765625	39000	2024/05/27 
2024/05/28 	215.99264119466145	216.47369384765625	214.5494832356771	216.47369384765625	20000	2024/05/28 
2024/05/29 	214.54947397660234	214.54947397660234	211.66315818319515	212.1442108154297	22000	2024/05/29 
2024/05/30 	210.22000528038095	212.62526849869195	209.73895263671875	209.73895263671875	21000	2024/05/30 
2024/05/31 	210.22000528038095	211.66316321136753	209.73895263671875	209.73895263671875	33000	2024/05/31 
2024/06/03 	210.21999540457278	214.54946899414062	210.21999540457278	214.54946899414062	22000	2024/06/03 
2024/06/04 	210.7010569485751	211.6631622314453	207.81474109996446	211.6631622314453	16000	2024/06/04 
2024/06/05 	210.70104890711167	212.62525939941406	210.70104890711167	212.62525939941406	16000	2024/06/05 
2024/06/06 	211.66315818319515	212.1442108154297	211.66315818319515	212.1442108154297	8000	2024/06/06 
2024/06/07 	213.10632225224367	217.43579606775202	213.10632225224367	215.03053283691406	21000	2024/06/07 
2024/06/11 	216.4736838962721	224.17052599036177	216.4736838962721	221.28421020507812	72000	2024/06/11 
2024/06/12 	222.72737429377347	225.1326375150885	219.3600057839324	224.1705322265625	34000	2024/06/12 
2024/06/13 	224.17052599036177	224.17052599036177	220.8031575741975	221.28421020507812	22000	2024/06/13 
2024/06/14 	218.87894797743414	222.2463164078562	218.87894797743414	219.36000061035156	32000	2024/06/14 
2024/06/17 	219.36000877656915	225.6136932373047	219.36000877656915	225.6136932373047	36000	2024/06/17 
2024/06/18 	226.0947359280198	230.42420959472656	226.0947359280198	230.42420959472656	20000	2024/06/18 
2024/06/19 	230.4242073640985	231.86736523903022	227.53789161423504	227.0568389892578	44000	2024/06/19 
2024/06/20 	227.5378907147576	229.46210120706	227.5378907147576	228.98104858398438	11000	2024/06/20 
2024/06/21 	229.94315383013557	229.94315383013557	227.05683809168198	228.98104858398438	17000	2024/06/21 
2024/06/24 	228.98105134635134	228.98105134635134	223.2084197998047	223.2084197998047	32000	2024/06/24 
2024/06/25 	221.28421236156652	224.65158081054688	221.28421236156652	224.65158081054688	9000	2024/06/25 
2024/06/26 	226.09474182128906	226.09474182128906	226.09474182128906	226.09474182128906	2000	2024/06/26 
2024/06/27 	225.13263031532023	225.13263031532023	223.2084197998047	223.2084197998047	6000	2024/06/27 
2024/06/28 	222.7273671709258	223.2084197998047	222.2463145420469	223.2084197998047	4000	2024/06/28 
2024/07/01 	223.2084197998047	223.2084197998047	221.28420928428912	223.2084197998047	16000	2024/07/01 
2024/07/02 	221.28421833421467	223.68948157697787	220.32211303710938	220.32211303710938	17000	2024/07/02 
2024/07/03 	220.3221140453994	220.3221140453994	218.3979034423828	218.3979034423828	18000	2024/07/03 
2024/07/04 	218.3979034423828	218.3979034423828	218.3979034423828	218.3979034423828	6000	2024/07/04 
2024/07/05 	226.09474182128906	226.09474182128906	226.09474182128906	226.09474182128906	3000	2024/07/05 
2024/07/08 	221.76526283595874	221.76526283595874	221.28421020507812	221.28421020507812	5000	2024/07/08 
2024/07/09 	221.28420616696042	221.7652587890625	221.28420616696042	221.7652587890625	15000	2024/07/09 
2024/07/10 	222.24632263183594	223.20842792461445	222.24632263183594	222.24632263183594	7000	2024/07/10 
2024/07/11 	220.8031575741975	223.20842072860054	220.8031575741975	221.28421020507812	8000	2024/07/11 
2024/07/12 	222.24632068390542	226.09474182128906	222.24632068390542	226.09474182128906	40000	2024/07/12 
2024/07/15 	226.09473684210525	231.86736842105262	226.09473684210525	228.5	71000	2024/07/15 
2024/07/16 	229.5	237.0	229.5	236.0	16000	2024/07/16 
2024/07/17 	236.0	236.0	230.5	235.0	34000	2024/07/17 
2024/07/18 	230.0	230.0	229.0	230.0	9000	2024/07/18 
2024/07/19 	229.0	230.0	229.0	229.0	17000	2024/07/19 
2024/07/22 	226.0	226.0	224.5	225.5	26000	2024/07/22 
2024/07/23 	227.0	227.5	227.0	227.5	2000	2024/07/23 
2024/07/26 	225.0	225.0	222.0	222.5	15000	2024/07/26 
2024/07/29 	223.0	228.0	223.0	228.0	4000	2024/07/29 
2024/07/30 	228.0	233.5	228.0	233.0	5000	2024/07/30 
2024/07/31 	230.0	233.5	230.0	233.5	8000	2024/07/31 
2024/08/01 	233.5	236.0	232.5	234.5	18000	2024/08/01 
2024/08/02 	228.0	230.5	228.0	230.0	9000	2024/08/02 
2024/08/05 	227.5	228.0	219.5	221.5	23000	2024/08/05 
2024/08/06 	219.0	219.0	218.0	218.0	3000	2024/08/06 
2024/08/07 	223.0	225.0	223.0	224.0	5000	2024/08/07 
2024/08/08 	223.0	224.0	223.0	224.0	3000	2024/08/08 
2024/08/09 	229.0	235.0	229.0	235.0	10000	2024/08/09 
2024/08/12 	235.0	235.0	235.0	235.0	2000	2024/08/12 
2024/08/13 	235.0	235.0	230.0	230.0	6000	2024/08/13 
2024/08/14 	230.0	230.0	230.0	230.0	1000	2024/08/14 
2024/08/15 	230.0	230.0	230.0	230.0	3000	2024/08/15 
2024/08/16 	230.0	231.0	225.0	230.0	10000	2024/08/16 
2024/08/19 	230.0	230.0	230.0	230.0	3000	2024/08/19 
2024/08/20 	230.0	230.0	228.5	229.0	6000	2024/08/20 
2024/08/21 	228.5	229.0	228.5	229.0	2000	2024/08/21 
2024/08/22 	229.0	229.0	229.0	229.0	3000	2024/08/22 
2024/08/23 	229.0	229.0	229.0	229.0	2000	2024/08/23 
2024/08/26 	230.0	230.0	229.0	229.0	5000	2024/08/26 
2024/08/27 	229.0	229.0	229.0	229.0	1000	2024/08/27 
2024/08/28 	229.0	229.0	229.0	229.0	5000	2024/08/28 
2024/08/29 	227.0	228.5	227.0	228.5	2000	2024/08/29 
2024/08/30 	228.5	228.5	228.5	228.5	2000	2024/08/30 
2024/09/02 	230.0	230.0	228.0	228.0	3000	2024/09/02 
2024/09/03 	227.5	227.5	227.0	227.0	2000	2024/09/03 
2024/09/04 	222.5	222.5	220.0	222.5	11000	2024/09/04 
2024/09/05 	225.0	225.0	224.0	224.0	4000	2024/09/05 
2024/09/06 	224.0	224.0	222.0	222.0	4000	2024/09/06 
2024/09/09 	223.0	223.0	223.0	223.0	5000	2024/09/09 
2024/09/10 	223.0	223.0	222.0	222.0	8000	2024/09/10 
2024/09/11 	225.0	225.0	224.0	224.0	5000	2024/09/11 
2024/09/12 	223.0	223.0	223.0	223.0	2000	2024/09/12 
2024/09/13 	223.0	223.0	222.0	222.0	3000	2024/09/13 
2024/09/16 	221.0	221.0	220.0	220.0	5000	2024/09/16 
2024/09/18 	222.0	222.0	220.0	220.0	4000	2024/09/18 
2024/09/19 	221.0	221.0	219.0	219.0	5000	2024/09/19 
2024/09/20 	219.5	219.5	212.0	215.5	21000	2024/09/20 
2024/09/23 	213.0	213.0	205.0	207.5	20000	2024/09/23 
2024/09/24 	205.0	207.0	203.0	203.5	19000	2024/09/24 
2024/09/25 	209.5	212.0	209.5	212.0	6000	2024/09/25 
2024/09/26 	212.0	214.0	212.0	213.0	14000	2024/09/26 
2024/09/27 	221.0	232.0	221.0	232.0	51000	2024/09/27 
2024/09/30 	234.5	235.5	227.0	232.0	19000	2024/09/30 
2024/10/01 	225.0	225.0	225.0	225.0	4000	2024/10/01 
2024/10/04 	220.5	221.0	220.0	221.0	5000	2024/10/04 
2024/10/07 	223.0	225.0	223.0	225.0	4000	2024/10/07 
2024/10/08 	220.0	220.0	220.0	220.0	1000	2024/10/08 
2024/10/09 	220.0	223.0	220.0	223.0	2000	2024/10/09 
2024/10/11 	222.0	222.0	222.0	222.0	1000	2024/10/11 
2024/10/14 	222.5	222.5	222.5	222.5	2000	2024/10/14 
2024/10/15 	223.0	223.5	222.5	223.5	9000	2024/10/15 
2024/10/16 	220.0	223.0	220.0	223.0	2000	2024/10/16 
2024/10/17 	222.0	223.0	222.0	223.0	2000	2024/10/17 
2024/10/18 	220.0	220.0	220.0	220.0	1000	2024/10/18 
2024/10/21 	220.5	220.5	220.0	220.0	2000	2024/10/21 
2024/10/22 	222.0	222.0	220.0	220.0	2000	2024/10/22 
2024/10/23 	220.0	220.0	218.5	218.5	2000	2024/10/23 
2024/10/24 	219.0	220.0	218.5	220.0	3000	2024/10/24 
2024/10/25 	219.0	220.0	218.5	220.0	3000	2024/10/25 
2024/10/28 	220.0	220.0	220.0	220.0	0	2024/10/28 
2024/10/29 	220.0	220.0	218.0	218.0	4000	2024/10/29 
2024/10/30 	219.0	219.0	219.0	219.0	2000	2024/10/30 
2024/11/01 	218.0	220.0	218.0	220.0	5000	2024/11/01 
2024/11/04 	219.0	219.0	219.0	219.0	1000	2024/11/04 
2024/11/05 	223.5	223.5	223.5	223.5	2000	2024/11/05 
2024/11/06 	223.5	223.5	223.5	223.5	0	2024/11/06 
2024/11/07 	223.5	223.5	223.5	223.5	0	2024/11/07 
2024/11/08 	220.0	220.5	219.0	220.5	3000	2024/11/08 
2024/11/11 	221.5	229.0	221.0	229.0	7000	2024/11/11 
2024/11/12 	230.0	230.5	229.0	229.0	7000	2024/11/12 
2024/11/13 	229.0	230.0	229.0	230.0	10000	2024/11/13 
2024/11/14 	230.0	230.0	230.0	230.0	0	2024/11/14 
2024/11/15 	222.0	224.0	222.0	224.0	2000	2024/11/15 
2024/11/18 	226.0	229.5	226.0	229.0	12000	2024/11/18 
2024/11/19 	229.0	230.0	229.0	229.5	4000	2024/11/19 
2024/11/20 	230.0	230.0	230.0	230.0	6000	2024/11/20 
2024/11/21 	230.0	232.0	230.0	232.0	10000	2024/11/21 
2024/11/22 	234.0	240.0	233.0	233.0	21000	2024/11/22 
2024/11/25 	233.0	236.0	233.0	235.0	10000	2024/11/25 
2024/11/26 	233.0	235.0	230.0	230.0	17000	2024/11/26 
2024/11/27 	230.0	230.0	228.0	228.0	6000	2024/11/27 
2024/11/28 	228.0	228.0	228.0	228.0	2000	2024/11/28 
2024/11/29 	227.0	227.0	227.0	227.0	1000	2024/11/29 
2024/12/02 	230.0	230.0	230.0	230.0	1000	2024/12/02 
2024/12/03 	232.0	235.0	232.0	235.0	2000	2024/12/03 
2024/12/04 	232.0	233.0	232.0	233.0	3000	2024/12/04 
2024/12/05 	235.0	235.0	234.0	234.0	4000	2024/12/05 
2024/12/06 	234.0	234.0	233.0	233.0	3000	2024/12/06 
2024/12/09 	233.0	234.5	233.0	234.0	5000	2024/12/09 
2024/12/10 	235.0	236.0	235.0	236.0	15000	2024/12/10 
2024/12/11 	235.0	237.0	235.0	237.0	13000	2024/12/11 
2024/12/12 	236.0	236.0	235.5	235.5	4000	2024/12/12 
2024/12/13 	235.0	235.0	235.0	235.0	2000	2024/12/13 
2024/12/16 	235.0	236.0	235.0	236.0	3000	2024/12/16 
2024/12/17 	236.0	237.0	236.0	237.0	15000	2024/12/17 
2024/12/18 	237.0	237.0	236.0	237.0	17000	2024/12/18 
2024/12/19 	235.0	235.0	234.0	234.0	3000	2024/12/19 
2024/12/20 	231.0	231.5	231.0	231.0	5000	2024/12/20 
2024/12/23 	232.0	235.0	232.0	233.0	4000	2024/12/23 
2024/12/24 	233.5	233.5	232.5	233.0	8000	2024/12/24 
2024/12/25 	233.5	233.5	233.5	233.5	1000	2024/12/25 
2024/12/26 	234.0	234.0	233.5	233.5	2000	2024/12/26 
2024/12/27 	234.0	234.0	234.0	234.0	1000	2024/12/27 
2024/12/30 	234.0	234.0	234.0	234.0	3000	2024/12/30 
2024/12/31 	235.0	235.0	234.0	234.0	4000	2024/12/31 
2025/01/02 	235.5	235.5	235.0	235.0	2000	2025/01/02 
2025/01/03 	233.0	233.5	233.0	233.5	2000	2025/01/03 
2025/01/06 	234.0	234.0	234.0	234.0	2000	2025/01/06 
2025/01/07 	234.0	234.0	233.5	234.0	4000	2025/01/07 
2025/01/08 	232.0	232.0	232.0	232.0	1000	2025/01/08 
2025/01/09 	232.0	232.0	232.0	232.0	2000	2025/01/09 
2025/01/10 	233.0	233.0	233.0	233.0	5000	2025/01/10 
2025/01/13 	232.5	235.0	231.5	235.0	6000	2025/01/13 
2025/01/14 	233.0	233.0	233.0	233.0	2000	2025/01/14 
2025/01/15 	233.0	233.0	231.5	231.5	4000	2025/01/15 
2025/01/16 	231.5	231.5	231.5	231.5	1000	2025/01/16 
2025/01/17 	231.5	232.0	231.5	232.0	2000	2025/01/17 
2025/01/20 	231.5	231.5	231.5	231.5	2000	2025/01/20 
2025/01/21 	232.0	233.0	232.0	233.0	3000	2025/01/21 
2025/01/22 	231.5	232.0	231.0	232.0	3000	2025/01/22 
2025/02/03 	232.0	232.0	230.5	231.0	6010	2025/02/03 
2025/02/04 	230.5	230.5	230.0	230.0	3010	2025/02/04 
2025/02/05 	230.0	230.0	229.0	229.5	4010	2025/02/05 
2025/02/06 	230.0	230.0	228.5	228.5	8010	2025/02/06 
2025/02/07 	228.0	228.5	228.0	228.5	3000	2025/02/07 
2025/02/10 	228.5	228.5	228.5	228.5	15000	2025/02/10 
2025/02/11 	230.0	230.0	230.0	230.0	3000	2025/02/11 
2025/02/12 	230.5	231.0	230.5	231.0	2000	2025/02/12 
2025/02/13 	233.0	233.0	233.0	233.0	1000	2025/02/13 
2025/02/14 	233.0	233.0	233.0	233.0	3000	2025/02/14 
2025/02/17 	230.5	231.5	230.5	230.5	6000	2025/02/17 
2025/02/18 	233.0	233.0	233.0	233.0	3000	2025/02/18 
2025/02/19 	233.0	233.0	233.0	233.0	2000	2025/02/19 
2025/02/20 	233.0	233.0	231.0	232.5	7000	2025/02/20 
2025/02/21 	233.0	233.0	232.0	232.0	2000	2025/02/21 
2025/02/24 	232.0	232.0	232.0	232.0	6000	2025/02/24 
2025/02/25 	230.5	231.0	230.5	231.0	2000	2025/02/25 
2025/02/26 	232.0	232.0	232.0	232.0	2008	2025/02/26 
2025/02/27 	233.0	233.0	232.0	232.0	5000	2025/02/27 
2025/03/03 	233.0	233.0	232.5	233.0	5000	2025/03/03 
2025/03/04 	232.5	233.0	232.5	233.0	9000	2025/03/04 
2025/03/05 	233.0	234.0	233.0	233.5	14000	2025/03/05 
2025/03/06 	240.0	240.0	233.5	233.5	16000	2025/03/06 
2025/03/07 	233.0	233.0	232.5	232.5	6000	2025/03/07 
2025/03/10 	232.5	232.5	232.5	232.5	0	2025/03/10 
2025/03/11 	233.5	234.0	232.5	234.0	7000	2025/03/11 
2025/03/12 	235.5	235.5	235.0	235.0	3000	2025/03/12 
2025/03/13 	238.0	242.0	235.0	235.0	38000	2025/03/13 
2025/03/14 	235.0	239.0	235.0	238.0	18000	2025/03/14 
2025/03/17 	238.0	243.0	238.0	242.0	29038	2025/03/17 
2025/03/18 	242.0	242.0	242.0	242.0	6000	2025/03/18 
2025/03/19 	242.0	242.0	238.0	239.0	9000	2025/03/19 
2025/03/20 	240.0	241.0	240.0	241.0	6000	2025/03/20 
2025/03/21 	241.0	241.0	240.5	240.5	5000	2025/03/21 
2025/03/24 	241.0	241.0	240.0	240.0	8000	2025/03/24 
2025/03/25 	240.0	241.0	240.0	241.0	9000	2025/03/25 
2025/03/26 	242.0	243.0	241.5	243.0	14000	2025/03/26 
2025/03/27 	243.0	245.0	243.0	244.0	17000	2025/03/27 
2025/03/28 	244.5	245.0	244.0	244.0	9000	2025/03/28 
2025/03/31 	240.5	241.0	236.0	238.5	14001	2025/03/31 
2025/04/01 	240.0	242.0	240.0	241.0	6000	2025/04/01 
2025/04/02 	244.0	244.0	243.0	244.0	10000	2025/04/02 
2025/04/07 	232.0	233.0	220.0	221.0	15000	2025/04/07 
2025/04/08 	220.5	224.0	220.0	224.0	6000	2025/04/08 
2025/04/09 	222.0	222.0	210.0	210.0	12120	2025/04/09 
2025/04/10 	230.0	231.0	230.0	230.0	10000	2025/04/10 
2025/04/11 	230.0	230.0	230.0	230.0	0	2025/04/11 
2025/04/14 	232.5	232.5	232.0	232.0	4000	2025/04/14 
2025/04/15 	232.5	232.5	232.0	232.0	5000	2025/04/15 
2025/04/16 	232.0	232.0	231.0	232.0	4002	2025/04/16 
2025/04/17 	232.0	232.0	232.0	232.0	0	2025/04/17 
2025/04/18 	232.0	240.0	232.0	240.0	3000	2025/04/18 
2025/04/21 	240.0	240.0	240.0	240.0	0	2025/04/21 
2025/04/22 	226.0	237.5	226.0	237.5	3001	2025/04/22 
2025/04/23 	235.0	235.0	235.0	235.0	3000	2025/04/23 
2025/04/24 	232.0	232.0	217.0	217.0	3009	2025/04/24 
2025/04/25 	228.5	229.0	228.5	229.0	3006	2025/04/25 
2025/04/28 	229.0	229.0	229.0	229.0	1000	2025/04/28 
2025/04/29 	229.0	229.0	229.0	229.0	0	2025/04/29 
2025/04/30 	229.0	229.0	229.0	229.0	0	2025/04/30 
2025/05/02 	232.0	232.0	232.0	232.0	1000	2025/05/02 
2025/05/05 	232.5	232.5	232.5	232.5	2000	2025/05/05 
2025/05/06 	235.0	235.0	230.0	230.0	8000	2025/05/06 
2025/05/07 	232.0	232.0	232.0	232.0	2000	2025/05/07 
2025/05/08 	234.0	235.0	234.0	235.0	3000	2025/05/08 
2025/05/09 	233.0	233.0	233.0	233.0	1000	2025/05/09 
2025/05/12 	234.0	240.0	234.0	240.0	4000	2025/05/12 
2025/05/13 	241.5	242.0	241.5	242.0	3000	2025/05/13 
2025/05/14 	245.0	246.0	245.0	245.0	8000	2025/05/14 
2025/05/15 	245.0	245.0	242.0	244.0	4000	2025/05/15 
2025/05/16 	241.5	243.0	241.5	243.0	2100	2025/05/16 
2025/05/19 	242.0	242.0	241.5	241.5	2013	2025/05/19 
2025/05/20 	242.0	242.0	241.0	241.0	5000	2025/05/20 
2025/05/21 	240.0	240.0	240.0	240.0	1000	2025/05/21 
2025/05/22 	240.0	240.0	240.0	240.0	1001	2025/05/22 
2025/05/23 	240.0	240.0	240.0	240.0	0	2025/05/23 
2025/05/26 	240.5	240.5	239.0	239.0	6000	2025/05/26 
2025/05/27 	238.5	240.0	238.0	240.0	3000	2025/05/27 
2025/05/28 	240.0	240.5	240.0	240.5	2000	2025/05/28 
2025/05/29 	240.0	240.0	240.0	240.0	6000	2025/05/29 
2025/06/02 	240.0	240.0	239.0	239.0	5000	2025/06/02 
2025/06/03 	240.0	240.0	239.0	239.0	4146	2025/06/03 
2025/06/04 	239.0	240.0	239.0	240.0	11010	2025/06/04 
2025/06/05 	241.0	241.0	239.5	239.5	3000	2025/06/05 
2025/06/06 	239.0	240.0	239.0	240.0	3010	2025/06/06 
