Date	Open	High	Low	Close	Volume	Date
2022/09/08 	43.304603576660156	44.699974060058594	40.75444412231445	42.67909240722656	712078	2022/09/08 
2022/09/12 	42.14981460571289	43.448951721191406	42.14981460571289	43.448951721191406	390904	2022/09/12 
2022/09/13 	43.593299865722656	43.593299865722656	41.04314041137695	42.05358123779297	216515	2022/09/13 
2022/09/14 	41.37995529174805	43.015907287597656	41.33184051513672	42.39039611816406	298801	2022/09/14 
2022/09/15 	44.21881103515625	44.21881103515625	41.283721923828125	41.5243034362793	232807	2022/09/15 
2022/09/16 	41.86111831665039	42.00546646118164	39.74400329589844	40.12893295288086	146629	2022/09/16 
2022/09/19 	40.12893295288086	40.12893295288086	40.12893295288086	40.12893295288086	0	2022/09/19 
2022/09/20 	40.12893295288086	40.12893295288086	40.12893295288086	40.12893295288086	0	2022/09/20 
2022/09/21 	40.12893295288086	40.12893295288086	40.12893295288086	40.12893295288086	0	2022/09/21 
2022/09/22 	40.12893295288086	40.12893295288086	40.12893295288086	40.12893295288086	0	2022/09/22 
2022/09/23 	37.00137710571289	37.67500686645508	35.60600662231445	37.290077209472656	134933	2022/09/23 
2022/09/26 	36.56833267211914	36.71268081665039	34.25875473022461	34.98049545288086	101402	2022/09/26 
2022/09/27 	35.557891845703125	35.557891845703125	33.58512496948242	34.78803253173828	324491	2022/09/27 
2022/09/28 	35.413543701171875	35.413543701171875	33.44077682495117	33.87382125854492	139900	2022/09/28 
2022/09/29 	34.45121765136719	35.12484359741211	33.537010192871094	33.681358337402344	48026	2022/09/29 
2022/09/30 	33.2001953125	34.01817321777344	33.2001953125	33.681358337402344	44944	2022/09/30 
2022/10/03 	33.537010192871094	34.64368438720703	33.248313903808594	34.64368438720703	79512	2022/10/03 
2022/10/04 	35.7503547668457	35.7503547668457	33.825706481933594	34.45121765136719	83699	2022/10/04 
2022/10/05 	34.64368438720703	34.64368438720703	33.58512496948242	33.58512496948242	62926	2022/10/05 
2022/10/06 	33.681358337402344	34.16252136230469	33.537010192871094	33.537010192871094	44279	2022/10/06 
2022/10/07 	33.58512496948242	34.64368438720703	33.392662048339844	34.16252136230469	62370	2022/10/07 
2022/10/11 	34.16252136230469	34.25875473022461	31.7567081451416	32.430335998535156	134006	2022/10/11 
2022/10/12 	32.045406341552734	32.719032287597656	31.7567081451416	32.23787307739258	41466	2022/10/12 
2022/10/13 	32.719032287597656	33.15208053588867	31.08308219909668	31.08308219909668	99266	2022/10/13 
2022/10/14 	31.708593368530273	31.949174880981445	31.371780395507812	31.564245223999023	26394	2022/10/14 
2022/10/17 	31.564245223999023	31.564245223999023	29.832059860229492	30.698152542114258	70820	2022/10/17 
2022/10/18 	30.601919174194336	31.997291564941406	30.601919174194336	30.698152542114258	18810	2022/10/18 
2022/10/19 	31.7567081451416	31.7567081451416	30.601919174194336	30.698152542114258	39600	2022/10/19 
2022/10/20 	30.553804397583008	30.601919174194336	28.725387573242188	28.869735717773438	80899	2022/10/20 
2022/10/21 	29.2065486907959	29.59147834777832	28.484806060791016	28.869735717773438	54282	2022/10/21 
2022/10/24 	28.677270889282227	29.35089874267578	28.581037521362305	28.965967178344727	61423	2022/10/24 
2022/10/25 	28.869735717773438	29.35089874267578	27.907411575317383	28.773502349853516	55560	2022/10/25 
2022/10/26 	28.773502349853516	28.773502349853516	27.81117820739746	28.388574600219727	55288	2022/10/26 
2022/10/27 	27.81117820739746	28.388574600219727	26.945087432861328	27.907411575317383	77015	2022/10/27 
2022/10/28 	27.42624855041504	27.42624855041504	26.271459579467773	26.752622604370117	82425	2022/10/28 
2022/10/31 	26.271459579467773	26.945087432861328	25.357250213623047	26.078994750976562	155067	2022/10/31 
2022/11/01 	26.17522621154785	26.896970748901367	25.69406509399414	26.752622604370117	50617	2022/11/01 
2022/11/02 	26.367692947387695	26.800737380981445	25.79029655456543	26.463924407958984	66301	2022/11/02 
2022/11/03 	25.934646606445312	29.15843391418457	25.934646606445312	26.848854064941406	88557	2022/11/03 
2022/11/04 	26.463924407958984	27.763063430786133	26.367692947387695	26.945087432861328	30561	2022/11/04 
2022/11/07 	26.656389236450195	28.147991180419922	26.367692947387695	27.907411575317383	46993	2022/11/07 
2022/11/08 	26.752622604370117	27.61871337890625	26.463924407958984	26.945087432861328	36651	2022/11/08 
2022/11/09 	26.945087432861328	28.292341232299805	26.848854064941406	27.52248191833496	72153	2022/11/09 
2022/11/10 	27.52248191833496	27.907411575317383	26.848854064941406	27.52248191833496	39506	2022/11/10 
2022/11/11 	27.907411575317383	27.907411575317383	26.800737380981445	27.52248191833496	28066	2022/11/11 
2022/11/14 	27.52248191833496	30.79438591003418	27.13755226135254	29.35089874267578	192948	2022/11/14 
2022/11/15 	29.44713020324707	31.41989517211914	28.773502349853516	30.601919174194336	163737	2022/11/15 
2022/11/16 	30.216989517211914	33.681358337402344	29.25466537475586	33.681358337402344	212008	2022/11/16 
2022/11/17 	31.7567081451416	32.719032287597656	31.08308219909668	31.708593368530273	216849	2022/11/17 
2022/11/18 	31.852941513061523	33.248313903808594	30.79438591003418	31.708593368530273	171790	2022/11/18 
2022/11/21 	31.7567081451416	32.334102630615234	29.880176544189453	31.27554702758789	142826	2022/11/21 
2022/11/22 	31.27554702758789	32.38222122192383	30.79438591003418	31.1793155670166	112825	2022/11/22 
2022/11/23 	31.708593368530273	33.392662048339844	30.313222885131836	31.901058197021484	177449	2022/11/23 
2022/11/24 	31.7567081451416	32.189754486083984	30.601919174194336	31.612361907958984	163073	2022/11/24 
2022/11/25 	31.660476684570312	33.248313903808594	29.880176544189453	30.601919174194336	160261	2022/11/25 
2022/11/28 	31.27554702758789	33.05584716796875	30.89061737060547	32.141639709472656	162753	2022/11/28 
2022/11/29 	31.13119888305664	31.612361907958984	30.457571029663086	31.41989517211914	131985	2022/11/29 
2022/11/30 	30.93873405456543	31.708593368530273	30.409454345703125	30.601919174194336	84790	2022/11/30 
2022/12/01 	30.409454345703125	31.22743034362793	30.313222885131836	30.79438591003418	66759	2022/12/01 
2022/12/02 	30.505687713623047	31.22743034362793	29.735828399658203	30.313222885131836	64838	2022/12/02 
2022/12/05 	30.168874740600586	31.41989517211914	30.168874740600586	30.698152542114258	46803	2022/12/05 
2022/12/06 	30.650035858154297	31.997291564941406	30.650035858154297	31.997291564941406	95152	2022/12/06 
2022/12/07 	31.08308219909668	31.852941513061523	31.08308219909668	31.564245223999023	17671	2022/12/07 
2022/12/08 	31.32366371154785	31.32366371154785	30.216989517211914	30.698152542114258	28477	2022/12/08 
2022/12/09 	30.698152542114258	33.248313903808594	30.505687713623047	31.564245223999023	132415	2022/12/09 
2022/12/12 	30.842500686645508	31.564245223999023	30.601919174194336	30.79438591003418	48276	2022/12/12 
2022/12/13 	30.650035858154297	31.27554702758789	30.168874740600586	30.313222885131836	63400	2022/12/13 
2022/12/14 	29.59147834777832	30.650035858154297	29.014083862304688	30.072641372680664	41835	2022/12/14 
2022/12/15 	29.2065486907959	30.409454345703125	28.9178524017334	30.072641372680664	47809	2022/12/15 
2022/12/16 	29.15843391418457	31.7567081451416	29.15843391418457	30.698152542114258	223117	2022/12/16 
2022/12/19 	30.601919174194336	31.08308219909668	29.928293228149414	30.265106201171875	158177	2022/12/19 
2022/12/20 	30.89061737060547	30.89061737060547	29.35089874267578	29.832059860229492	165351	2022/12/20 
2022/12/21 	29.735828399658203	31.997291564941406	29.735828399658203	31.32366371154785	112900	2022/12/21 
2022/12/22 	30.698152542114258	31.32366371154785	30.168874740600586	31.08308219909668	17894	2022/12/22 
2022/12/23 	29.735828399658203	30.79438591003418	29.735828399658203	30.79438591003418	16842	2022/12/23 
2022/12/26 	30.313222885131836	30.842500686645508	29.543363571166992	30.601919174194336	25226	2022/12/26 
2022/12/27 	29.63959503173828	30.409454345703125	29.014083862304688	30.409454345703125	75970	2022/12/27 
2022/12/28 	29.543363571166992	30.89061737060547	29.39901351928711	29.928293228149414	77496	2022/12/28 
2022/12/29 	29.543363571166992	30.409454345703125	29.543363571166992	30.313222885131836	92490	2022/12/29 
2022/12/30 	29.976409912109375	30.89061737060547	29.976409912109375	30.601919174194336	57157	2022/12/30 
2023/01/03 	29.687711715698242	30.89061737060547	29.687711715698242	30.313222885131836	58868	2023/01/03 
2023/01/04 	30.79438591003418	31.660476684570312	30.216989517211914	30.79438591003418	100305	2023/01/04 
2023/01/05 	31.7567081451416	32.189754486083984	30.313222885131836	30.409454345703125	172720	2023/01/05 
2023/01/06 	30.79438591003418	30.79438591003418	30.216989517211914	30.216989517211914	50922	2023/01/06 
2023/01/09 	30.216989517211914	30.93873405456543	30.216989517211914	30.93873405456543	17726	2023/01/09 
2023/01/10 	30.168874740600586	30.74626922607422	30.024524688720703	30.024524688720703	65577	2023/01/10 
2023/01/11 	29.832059860229492	30.601919174194336	29.832059860229492	30.457571029663086	15632	2023/01/11 
2023/01/12 	30.313222885131836	30.313222885131836	29.687711715698242	29.928293228149414	41574	2023/01/12 
2023/01/13 	30.265106201171875	31.32366371154785	29.39901351928711	29.928293228149414	49119	2023/01/13 
2023/01/16 	30.072641372680664	30.265106201171875	29.35089874267578	29.543363571166992	43776	2023/01/16 
2023/01/17 	29.35089874267578	30.313222885131836	29.35089874267578	30.024524688720703	13776	2023/01/17 
2023/01/30 	29.44713020324707	30.505687713623047	29.44713020324707	30.505687713623047	47908	2023/01/30 
2023/01/31 	30.505687713623047	34.45121765136719	30.024524688720703	33.825706481933594	216367	2023/01/31 
2023/02/01 	33.681358337402344	34.93238067626953	32.23787307739258	33.488895416259766	328858	2023/02/01 
2023/02/02 	33.537010192871094	34.354984283447266	32.719032287597656	33.825706481933594	174529	2023/02/02 
2023/02/03 	33.825706481933594	33.825706481933594	32.09352111816406	33.34454345703125	38129	2023/02/03 
2023/02/06 	33.34454345703125	33.825706481933594	32.574684143066406	33.34454345703125	72298	2023/02/06 
2023/02/07 	33.681358337402344	33.825706481933594	32.719032287597656	33.681358337402344	29687	2023/02/07 
2023/02/08 	33.681358337402344	33.825706481933594	32.86338424682617	33.825706481933594	54517	2023/02/08 
2023/02/09 	33.825706481933594	33.825706481933594	32.81526565551758	33.392662048339844	134528	2023/02/09 
2023/02/10 	33.681358337402344	33.681358337402344	32.52656936645508	32.9114990234375	106150	2023/02/10 
2023/02/13 	32.9114990234375	33.2001953125	32.430335998535156	33.05584716796875	121531	2023/02/13 
2023/02/14 	32.95961380004883	33.87382125854492	32.430335998535156	33.825706481933594	177380	2023/02/14 
2023/02/15 	33.58512496948242	38.685447692871094	33.488895416259766	38.685447692871094	906407	2023/02/15 
2023/02/16 	38.685447692871094	41.09125900268555	36.3758659362793	37.53065872192383	966500	2023/02/16 
2023/02/17 	37.049495697021484	37.723121643066406	34.499332427978516	36.905147552490234	618290	2023/02/17 
2023/02/20 	37.00137710571289	37.482540130615234	36.3758659362793	36.47209930419922	427382	2023/02/20 
2023/02/21 	36.56833267211914	37.434425354003906	35.7984733581543	35.94282150268555	225610	2023/02/21 
2023/02/22 	35.36542510986328	35.990936279296875	34.83614730834961	34.93238067626953	270113	2023/02/22 
2023/02/23 	35.1729621887207	35.7984733581543	34.64368438720703	35.7984733581543	92084	2023/02/23 
2023/02/24 	36.56833267211914	36.76079559326172	35.50977325439453	35.990936279296875	93887	2023/02/24 
2023/03/01 	36.0871696472168	41.37995529174805	35.4616584777832	40.17704772949219	1870559	2023/03/01 
2023/03/02 	40.51386260986328	41.716766357421875	38.974143981933594	40.17704772949219	754200	2023/03/02 
2023/03/03 	40.41762924194336	41.95735168457031	39.792118072509766	41.09125900268555	893008	2023/03/03 
2023/03/06 	41.62053680419922	46.81708908081055	41.37995529174805	45.42171859741211	1751869	2023/03/06 
2023/03/07 	45.42171859741211	47.49071502685547	41.86111831665039	43.304603576660156	1192470	2023/03/07 
2023/03/08 	42.34227752685547	44.266929626464844	40.995025634765625	42.53474426269531	491687	2023/03/08 
2023/03/09 	43.25648880004883	43.25648880004883	39.98458480834961	40.3213996887207	452395	2023/03/09 
2023/03/10 	40.8987922668457	41.37995529174805	38.15616989135742	38.44486618041992	1074603	2023/03/10 
2023/03/13 	39.45530700683594	39.45530700683594	36.135284423828125	37.53065872192383	407827	2023/03/13 
2023/03/14 	38.011817932128906	38.011817932128906	36.52021789550781	37.434425354003906	200111	2023/03/14 
2023/03/15 	37.723121643066406	39.936466217041016	37.53065872192383	38.87791061401367	230190	2023/03/15 
2023/03/16 	38.011817932128906	38.87791061401367	37.867469787597656	38.20428466796875	519311	2023/03/16 
2023/03/17 	38.6373291015625	38.6373291015625	37.723121643066406	38.011817932128906	222234	2023/03/17 
2023/03/20 	38.49298095703125	38.974143981933594	38.011817932128906	38.87791061401367	129820	2023/03/20 
2023/03/21 	39.45530700683594	40.75444412231445	38.926025390625	39.45530700683594	289048	2023/03/21 
2023/03/22 	39.69588851928711	39.936466217041016	38.974143981933594	39.16660690307617	310100	2023/03/22 
2023/03/23 	39.551536560058594	39.74400329589844	39.214725494384766	39.214725494384766	168664	2023/03/23 
2023/03/24 	39.45530700683594	39.647769927978516	38.54109573364258	38.974143981933594	202265	2023/03/24 
2023/03/27 	38.49298095703125	38.73356246948242	38.25239944458008	38.6373291015625	149512	2023/03/27 
2023/03/28 	38.49298095703125	38.974143981933594	38.25239944458008	38.3486328125	194060	2023/03/28 
2023/03/29 	38.3486328125	38.974143981933594	37.53065872192383	38.300514221191406	183586	2023/03/29 
2023/03/30 	38.6373291015625	39.647769927978516	38.15616989135742	39.45530700683594	345030	2023/03/30 
2023/03/31 	38.829795837402344	39.118492126464844	38.39674758911133	38.39674758911133	105421	2023/03/31 
2023/04/06 	38.58921432495117	38.6373291015625	37.338191986083984	37.53065872192383	461303	2023/04/06 
2023/04/07 	37.626888275146484	37.96370315551758	36.61644744873047	37.867469787597656	199626	2023/04/07 
2023/04/10 	37.434425354003906	37.434425354003906	36.0871696472168	36.85702896118164	281279	2023/04/10 
2023/04/11 	36.56833267211914	37.67500686645508	36.135284423828125	37.290077209472656	165967	2023/04/11 
2023/04/12 	37.338191986083984	37.96370315551758	36.42398452758789	37.53065872192383	159873	2023/04/12 
2023/04/13 	37.38630676269531	37.867469787597656	37.38630676269531	37.867469787597656	277121	2023/04/13 
2023/04/14 	37.81935501098633	38.926025390625	37.81935501098633	38.39674758911133	159509	2023/04/14 
2023/04/17 	38.39674758911133	39.262840270996094	38.3486328125	38.685447692871094	237269	2023/04/17 
2023/04/18 	39.45530700683594	39.45530700683594	38.011817932128906	38.49298095703125	217630	2023/04/18 
2023/04/19 	38.685447692871094	38.685447692871094	38.25239944458008	38.44486618041992	98689	2023/04/19 
2023/04/20 	39.407188415527344	39.88835144042969	38.39674758911133	38.6373291015625	96020	2023/04/20 
2023/04/21 	38.44486618041992	39.16660690307617	37.53065872192383	38.011817932128906	150735	2023/04/21 
2023/04/24 	38.011817932128906	38.15616989135742	37.578773498535156	37.626888275146484	148521	2023/04/24 
2023/04/25 	37.867469787597656	38.10805130004883	36.61644744873047	37.771236419677734	257982	2023/04/25 
2023/04/26 	37.434425354003906	37.96370315551758	37.049495697021484	37.626888275146484	190410	2023/04/26 
2023/04/27 	38.37337875366211	38.67238998413086	37.67567825317383	37.974693298339844	203020	2023/04/27 
2023/04/28 	38.12419891357422	38.423213958740234	37.875022888183594	38.27370834350586	177608	2023/04/28 
2023/05/02 	37.974693298339844	38.971405029296875	37.875022888183594	38.423213958740234	127532	2023/05/02 
2023/05/03 	38.174034118652344	39.12091064453125	38.074363708496094	39.12091064453125	109915	2023/05/03 
2023/05/04 	38.67238998413086	39.12091064453125	38.323543548583984	38.622554779052734	170628	2023/05/04 
2023/05/05 	39.12091064453125	39.2205810546875	38.722225189208984	38.971405029296875	113574	2023/05/05 
2023/05/08 	38.722225189208984	39.37009048461914	38.722225189208984	38.722225189208984	55698	2023/05/08 
2023/05/09 	39.12091064453125	39.270416259765625	38.722225189208984	39.2205810546875	120465	2023/05/09 
2023/05/10 	38.77206039428711	39.320255279541016	38.622554779052734	39.12091064453125	279364	2023/05/10 
2023/05/11 	39.2205810546875	39.2205810546875	37.67567825317383	38.67238998413086	80112	2023/05/11 
2023/05/12 	38.871734619140625	39.270416259765625	38.02452850341797	38.971405029296875	212464	2023/05/12 
2023/05/15 	39.021240234375	40.167457580566406	38.722225189208984	39.66910171508789	680803	2023/05/15 
2023/05/16 	40.067787170410156	40.167457580566406	38.67238998413086	39.12091064453125	279187	2023/05/16 
2023/05/17 	38.37337875366211	39.071075439453125	38.37337875366211	38.67238998413086	142680	2023/05/17 
2023/05/18 	38.67238998413086	38.971405029296875	38.37337875366211	38.8218994140625	87491	2023/05/18 
2023/05/19 	38.522884368896484	39.12091064453125	38.37337875366211	38.77206039428711	110925	2023/05/19 
2023/05/22 	38.57271957397461	39.2205810546875	38.37337875366211	38.522884368896484	137028	2023/05/22 
2023/05/23 	38.77206039428711	38.8218994140625	38.423213958740234	38.8218994140625	81799	2023/05/23 
2023/05/24 	38.47304916381836	38.722225189208984	38.423213958740234	38.67238998413086	37322	2023/05/24 
2023/05/25 	38.47304916381836	38.8218994140625	38.37337875366211	38.8218994140625	65214	2023/05/25 
2023/05/26 	38.8218994140625	38.8218994140625	38.423213958740234	38.722225189208984	75710	2023/05/26 
2023/05/29 	38.67238998413086	38.971405029296875	38.522884368896484	38.871734619140625	100151	2023/05/29 
2023/05/30 	38.522884368896484	39.021240234375	38.522884368896484	38.67238998413086	26701	2023/05/30 
2023/05/31 	38.57271957397461	38.77206039428711	38.323543548583984	38.57271957397461	86318	2023/05/31 
2023/06/01 	38.871734619140625	38.871734619140625	38.27370834350586	38.27370834350586	27349	2023/06/01 
2023/06/02 	38.871734619140625	38.871734619140625	37.72551727294922	37.875022888183594	183338	2023/06/02 
2023/06/05 	37.92485809326172	38.37337875366211	37.72551727294922	38.02452850341797	50892	2023/06/05 
2023/06/06 	37.72551727294922	37.974693298339844	37.52617263793945	37.82518768310547	122402	2023/06/06 
2023/06/07 	37.47633743286133	37.67567825317383	37.2271614074707	37.32683181762695	98197	2023/06/07 
2023/06/08 	37.2271614074707	37.62584686279297	36.72880554199219	37.02781677246094	176454	2023/06/08 
2023/06/09 	37.4265022277832	37.4265022277832	36.57929611206055	36.82847595214844	69515	2023/06/09 
2023/06/12 	36.52946090698242	37.37666702270508	36.23044967651367	37.37666702270508	109289	2023/06/12 
2023/06/13 	37.37666702270508	38.174034118652344	36.62913513183594	37.17732620239258	72722	2023/06/13 
2023/06/14 	37.52617263793945	39.021240234375	37.2271614074707	38.971405029296875	71883	2023/06/14 
2023/06/15 	37.875022888183594	39.021240234375	37.875022888183594	39.021240234375	85119	2023/06/15 
2023/06/16 	39.021240234375	39.021240234375	37.72551727294922	38.174034118652344	145622	2023/06/16 
2023/06/19 	38.174034118652344	38.722225189208984	37.92485809326172	38.27370834350586	32109	2023/06/19 
2023/06/20 	38.47304916381836	38.47304916381836	37.37666702270508	37.775352478027344	35108	2023/06/20 
2023/06/21 	38.02452850341797	38.8218994140625	37.37666702270508	38.12419891357422	66631	2023/06/21 
2023/06/26 	38.174034118652344	38.174034118652344	37.02781677246094	37.32683181762695	74982	2023/06/26 
2023/06/27 	37.52617263793945	37.52617263793945	36.72880554199219	37.02781677246094	118514	2023/06/27 
2023/06/28 	37.12748718261719	37.974693298339844	36.82847595214844	37.974693298339844	80776	2023/06/28 
2023/06/29 	37.4265022277832	38.522884368896484	37.4265022277832	37.92485809326172	136129	2023/06/29 
2023/06/30 	38.47304916381836	38.47304916381836	37.32683181762695	37.82518768310547	136026	2023/06/30 
2023/07/03 	37.82518768310547	38.02452850341797	37.2271614074707	38.02452850341797	50377	2023/07/03 
2023/07/04 	37.82518768310547	38.22386932373047	37.52617263793945	37.62584686279297	43954	2023/07/04 
2023/07/05 	38.02452850341797	38.871734619140625	37.2271614074707	37.974693298339844	44811	2023/07/05 
2023/07/06 	37.82518768310547	38.323543548583984	37.2271614074707	37.875022888183594	60322	2023/07/06 
2023/07/07 	37.875022888183594	37.875022888183594	37.07765579223633	37.72551727294922	40344	2023/07/07 
2023/07/10 	37.875022888183594	38.02452850341797	37.32683181762695	37.974693298339844	53601	2023/07/10 
2023/07/11 	38.02452850341797	38.02452850341797	37.27699661254883	37.974693298339844	9746	2023/07/11 
2023/07/12 	37.92485809326172	38.423213958740234	37.2271614074707	38.423213958740234	33339	2023/07/12 
2023/07/13 	37.974693298339844	37.974693298339844	36.62913513183594	36.97798156738281	138431	2023/07/13 
2023/07/14 	36.67897033691406	37.07765579223633	35.283573150634766	35.53274917602539	421302	2023/07/14 
2023/07/17 	34.93472671508789	35.88159942626953	34.436370849609375	34.8848876953125	248718	2023/07/17 
2023/07/18 	34.8848876953125	35.78192901611328	33.68883514404297	34.38653564453125	218201	2023/07/18 
2023/07/19 	34.4862060546875	34.635711669921875	34.38653564453125	34.635711669921875	34467	2023/07/19 
2023/07/20 	34.635711669921875	35.88159942626953	33.78850555419922	35.88159942626953	118554	2023/07/20 
2023/07/21 	36.03110885620117	36.03110885620117	34.13735580444336	34.8848876953125	33255	2023/07/21 
2023/07/24 	34.8848876953125	34.8848876953125	32.8914680480957	32.94130325317383	264305	2023/07/24 
2023/07/25 	33.539329528808594	33.93801498413086	33.24031448364258	33.539329528808594	41998	2023/07/25 
2023/07/26 	33.2901496887207	34.087520599365234	32.8914680480957	33.04097366333008	62590	2023/07/26 
2023/07/27 	33.339988708496094	33.339988708496094	31.595741271972656	31.844919204711914	443731	2023/07/27 
2023/07/28 	31.69541358947754	33.539329528808594	31.69541358947754	32.69212341308594	99852	2023/07/28 
2023/07/31 	33.339988708496094	36.18061447143555	33.19047927856445	35.53274917602539	326204	2023/07/31 
2023/08/01 	35.68225860595703	36.03110885620117	33.738670349121094	34.436370849609375	156511	2023/08/01 
2023/08/02 	33.78850555419922	35.68225860595703	33.78850555419922	34.8848876953125	174812	2023/08/02 
2023/08/04 	34.087520599365234	34.536041259765625	34.03768539428711	34.087520599365234	85327	2023/08/04 
2023/08/07 	33.93801498413086	34.536041259765625	33.738670349121094	34.536041259765625	22363	2023/08/07 
2023/08/08 	34.58587646484375	34.58587646484375	32.94130325317383	33.539329528808594	43432	2023/08/08 
2023/08/09 	33.24031448364258	33.638999938964844	32.74195861816406	33.339988708496094	82882	2023/08/09 
2023/08/10 	32.74195861816406	32.94130325317383	32.24360656738281	32.84163284301758	51371	2023/08/10 
2023/08/11 	32.24360656738281	32.59245300292969	31.496070861816406	31.994426727294922	79319	2023/08/11 
2023/08/14 	31.795085906982422	32.09409713745117	31.595741271972656	31.69541358947754	65513	2023/08/14 
2023/08/15 	31.894756317138672	33.04097366333008	31.396400451660156	32.54261779785156	51077	2023/08/15 
2023/08/16 	31.795085906982422	32.54261779785156	31.69541358947754	31.994426727294922	84697	2023/08/16 
2023/08/17 	32.34327697753906	32.34327697753906	31.54590606689453	31.994426727294922	23418	2023/08/17 
2023/08/18 	31.795085906982422	33.04097366333008	31.795085906982422	32.84163284301758	60103	2023/08/18 
2023/08/21 	33.04097366333008	33.04097366333008	31.795085906982422	32.29344177246094	56521	2023/08/21 
2023/08/22 	32.24360656738281	32.29344177246094	31.795085906982422	32.04426193237305	38664	2023/08/22 
2023/08/23 	32.04426193237305	32.1439323425293	31.795085906982422	32.04426193237305	29747	2023/08/23 
2023/08/24 	31.795085906982422	32.24360656738281	31.795085906982422	31.795085906982422	20518	2023/08/24 
2023/08/25 	32.09409713745117	32.8914680480957	31.795085906982422	32.04426193237305	30802	2023/08/25 
2023/08/28 	32.09409713745117	32.34327697753906	31.894756317138672	32.19376754760742	69255	2023/08/28 
2023/08/29 	32.19376754760742	32.49278259277344	31.795085906982422	32.19376754760742	26530	2023/08/29 
2023/08/30 	32.19376754760742	32.54261779785156	31.795085906982422	32.29344177246094	35517	2023/08/30 
2023/08/31 	31.795085906982422	32.59245300292969	31.795085906982422	32.44294738769531	17310	2023/08/31 
2023/09/01 	32.79179763793945	32.8914680480957	32.09409713745117	32.59245300292969	11393	2023/09/01 
2023/09/04 	32.99113845825195	34.58587646484375	32.99113845825195	33.838340759277344	90219	2023/09/04 
2023/09/05 	33.838340759277344	34.436370849609375	32.94130325317383	33.48949432373047	90295	2023/09/05 
2023/09/06 	32.44294738769531	33.539329528808594	32.44294738769531	33.38982009887695	8696	2023/09/06 
2023/09/07 	33.439659118652344	33.439659118652344	32.74195861816406	33.38982009887695	5430	2023/09/07 
2023/09/08 	33.38982009887695	33.38982009887695	33.38982009887695	33.38982009887695	0	2023/09/08 
2023/09/11 	32.04426193237305	32.34327697753906	31.69541358947754	31.894756317138672	46028	2023/09/11 
2023/09/12 	31.994426727294922	32.39311218261719	31.69541358947754	31.69541358947754	25144	2023/09/12 
2023/09/13 	31.54590606689453	31.944591522216797	31.54590606689453	31.894756317138672	42822	2023/09/13 
2023/09/14 	31.69541358947754	32.09409713745117	31.595741271972656	32.04426193237305	105841	2023/09/14 
2023/09/15 	31.944591522216797	32.24360656738281	31.69541358947754	31.69541358947754	53279	2023/09/15 
2023/09/18 	31.69541358947754	32.99113845825195	31.69541358947754	32.09409713745117	82774	2023/09/18 
2023/09/19 	32.64228820800781	32.64228820800781	32.24360656738281	32.24360656738281	77464	2023/09/19 
2023/09/20 	32.29344177246094	32.69212341308594	32.24360656738281	32.64228820800781	29034	2023/09/20 
2023/09/21 	32.54261779785156	32.54261779785156	32.1439323425293	32.1439323425293	66170	2023/09/21 
2023/09/22 	32.49278259277344	32.49278259277344	31.944591522216797	32.39311218261719	53184	2023/09/22 
2023/09/25 	32.34327697753906	32.34327697753906	31.795085906982422	31.894756317138672	47576	2023/09/25 
2023/09/26 	31.994426727294922	32.09409713745117	31.54590606689453	31.944591522216797	55536	2023/09/26 
2023/09/27 	32.04426193237305	32.04426193237305	31.496070861816406	31.944591522216797	10687	2023/09/27 
2023/09/28 	31.994426727294922	32.1439323425293	31.44623565673828	31.944591522216797	8231	2023/09/28 
2023/10/02 	31.44623565673828	31.944591522216797	31.34656524658203	31.496070861816406	43648	2023/10/02 
2023/10/03 	31.296728134155273	31.894756317138672	31.296728134155273	31.396400451660156	55333	2023/10/03 
2023/10/04 	31.894756317138672	31.894756317138672	31.296728134155273	31.795085906982422	19198	2023/10/04 
2023/10/05 	32.04426193237305	32.39311218261719	31.745248794555664	32.19376754760742	51131	2023/10/05 
2023/10/06 	31.745248794555664	31.994426727294922	31.595741271972656	31.944591522216797	85297	2023/10/06 
2023/10/11 	31.994426727294922	31.994426727294922	31.047550201416016	31.047550201416016	51475	2023/10/11 
2023/10/12 	31.894756317138672	31.894756317138672	31.296728134155273	31.894756317138672	59199	2023/10/12 
2023/10/13 	31.894756317138672	31.944591522216797	31.097387313842773	31.795085906982422	87415	2023/10/13 
2023/10/16 	31.795085906982422	31.795085906982422	30.997716903686523	31.496070861816406	33584	2023/10/16 
2023/10/17 	31.595741271972656	31.595741271972656	30.997716903686523	30.997716903686523	19410	2023/10/17 
2023/10/18 	31.595741271972656	31.69541358947754	31.047550201416016	31.595741271972656	53460	2023/10/18 
2023/10/19 	31.595741271972656	31.745248794555664	31.296728134155273	31.745248794555664	22730	2023/10/19 
2023/10/20 	31.69541358947754	31.69541358947754	31.197057723999023	31.496070861816406	17060	2023/10/20 
2023/10/23 	31.595741271972656	31.69541358947754	31.296728134155273	31.296728134155273	45155	2023/10/23 
2023/10/24 	31.795085906982422	31.795085906982422	31.296728134155273	31.44623565673828	29146	2023/10/24 
2023/10/25 	31.745248794555664	31.745248794555664	31.396400451660156	31.745248794555664	22156	2023/10/25 
2023/10/26 	31.745248794555664	31.795085906982422	31.396400451660156	31.496070861816406	26108	2023/10/26 
2023/10/27 	31.745248794555664	31.745248794555664	31.496070861816406	31.69541358947754	3371	2023/10/27 
2023/10/30 	31.595741271972656	31.795085906982422	31.496070861816406	31.795085906982422	30287	2023/10/30 
2023/10/31 	31.795085906982422	31.795085906982422	31.396400451660156	31.69541358947754	15076	2023/10/31 
2023/11/01 	31.944591522216797	31.944591522216797	31.396400451660156	31.894756317138672	6149	2023/11/01 
2023/11/02 	31.944591522216797	31.944591522216797	31.595741271972656	31.795085906982422	18718	2023/11/02 
2023/11/03 	32.29344177246094	33.987850189208984	31.994426727294922	32.84163284301758	150750	2023/11/03 
2023/11/06 	33.38982009887695	36.33012008666992	33.38982009887695	35.58258819580078	312146	2023/11/06 
2023/11/07 	36.03110885620117	36.23044967651367	35.383243560791016	35.88159942626953	210818	2023/11/07 
2023/11/08 	35.931434631347656	36.37995529174805	35.33340835571289	35.88159942626953	160247	2023/11/08 
2023/11/09 	35.98126983642578	35.98126983642578	35.58258819580078	35.98126983642578	83681	2023/11/09 
2023/11/10 	36.18061447143555	36.67897033691406	35.831764221191406	35.98126983642578	235882	2023/11/10 
2023/11/13 	35.732093811035156	36.72880554199219	35.732093811035156	35.88159942626953	141890	2023/11/13 
2023/11/14 	36.37995529174805	36.97798156738281	36.18061447143555	36.33012008666992	76744	2023/11/14 
2023/11/15 	36.13077926635742	36.13077926635742	35.23373794555664	35.383243560791016	150486	2023/11/15 
2023/11/16 	35.58258819580078	35.58258819580078	34.4862060546875	35.183902740478516	148651	2023/11/16 
2023/11/17 	35.33340835571289	35.33340835571289	34.635711669921875	35.183902740478516	7703	2023/11/17 
2023/11/20 	35.13406753540039	35.13406753540039	34.38653564453125	34.436370849609375	19369	2023/11/20 
2023/11/21 	34.38653564453125	34.8848876953125	33.888179779052734	34.38653564453125	29400	2023/11/21 
2023/11/22 	34.536041259765625	34.685546875	34.286861419677734	34.536041259765625	15154	2023/11/22 
2023/11/23 	33.93801498413086	34.635711669921875	33.888179779052734	34.38653564453125	40543	2023/11/23 
2023/11/24 	33.888179779052734	34.4862060546875	33.638999938964844	33.987850189208984	46457	2023/11/24 
2023/11/27 	33.93801498413086	33.93801498413086	32.99113845825195	33.2901496887207	58884	2023/11/27 
2023/11/28 	33.48949432373047	34.03768539428711	33.04097366333008	33.738670349121094	56336	2023/11/28 
2023/11/29 	34.03768539428711	34.33669662475586	33.738670349121094	33.987850189208984	76804	2023/11/29 
2023/11/30 	34.286861419677734	34.286861419677734	33.738670349121094	34.13735580444336	31221	2023/11/30 
2023/12/01 	34.13735580444336	34.13735580444336	33.0908088684082	33.987850189208984	27330	2023/12/01 
2023/12/04 	33.539329528808594	34.03768539428711	33.38982009887695	33.838340759277344	54978	2023/12/04 
2023/12/05 	33.838340759277344	33.987850189208984	33.48949432373047	33.987850189208984	66288	2023/12/05 
2023/12/06 	33.987850189208984	34.03768539428711	33.439659118652344	33.539329528808594	38125	2023/12/06 
2023/12/07 	34.03768539428711	34.33669662475586	33.638999938964844	34.187191009521484	34117	2023/12/07 
2023/12/08 	34.03768539428711	34.436370849609375	33.738670349121094	34.436370849609375	25187	2023/12/08 
2023/12/11 	34.4862060546875	37.82518768310547	34.187191009521484	35.48291778564453	175822	2023/12/11 
2023/12/12 	35.53274917602539	35.58258819580078	34.23702621459961	34.78521728515625	99670	2023/12/12 
2023/12/13 	35.23373794555664	35.33340835571289	34.4862060546875	35.183902740478516	30605	2023/12/13 
2023/12/14 	35.33340835571289	35.33340835571289	34.436370849609375	35.23373794555664	40791	2023/12/14 
2023/12/15 	35.283573150634766	35.43307876586914	34.58587646484375	34.735382080078125	31455	2023/12/15 
2023/12/18 	35.43307876586914	35.58258819580078	34.38653564453125	35.383243560791016	58719	2023/12/18 
2023/12/19 	35.03439712524414	35.53274917602539	34.78521728515625	35.33340835571289	18076	2023/12/19 
2023/12/20 	35.183902740478516	35.183902740478516	34.436370849609375	34.93472671508789	56705	2023/12/20 
2023/12/21 	34.98455810546875	34.98455810546875	34.38653564453125	34.835052490234375	7527	2023/12/21 
2023/12/22 	35.084232330322266	35.084232330322266	33.38982009887695	34.13735580444336	54800	2023/12/22 
2023/12/25 	34.187191009521484	35.084232330322266	33.888179779052734	33.888179779052734	17682	2023/12/25 
2023/12/26 	33.38982009887695	34.78521728515625	33.38982009887695	33.888179779052734	19363	2023/12/26 
2023/12/27 	34.03768539428711	34.685546875	33.888179779052734	34.23702621459961	22075	2023/12/27 
2023/12/28 	34.4862060546875	34.4862060546875	33.838340759277344	34.33669662475586	15316	2023/12/28 
2023/12/29 	34.03768539428711	34.33669662475586	33.838340759277344	33.888179779052734	231525	2023/12/29 
2024/01/02 	33.48949432373047	34.286861419677734	33.339988708496094	33.78850555419922	32519	2024/01/02 
2024/01/03 	34.03768539428711	34.03768539428711	33.339988708496094	33.638999938964844	17368	2024/01/03 
2024/01/04 	34.03768539428711	34.03768539428711	33.439659118652344	33.439659118652344	34699	2024/01/04 
2024/01/05 	33.888179779052734	33.888179779052734	33.48949432373047	33.68883514404297	11800	2024/01/05 
2024/01/08 	33.888179779052734	33.888179779052734	33.38982009887695	33.638999938964844	11249	2024/01/08 
2024/01/09 	33.58916473388672	33.58916473388672	32.99113845825195	32.99113845825195	30945	2024/01/09 
2024/01/10 	33.48949432373047	34.436370849609375	33.48949432373047	33.987850189208984	46268	2024/01/10 
2024/01/11 	34.03768539428711	34.13735580444336	33.68883514404297	34.13735580444336	29710	2024/01/11 
2024/01/12 	33.93801498413086	34.03768539428711	33.48949432373047	33.48949432373047	7224	2024/01/12 
2024/01/15 	33.48949432373047	33.48949432373047	33.48949432373047	33.48949432373047	0	2024/01/15 
2024/01/16 	34.087520599365234	34.13735580444336	33.638999938964844	34.03768539428711	15052	2024/01/16 
2024/01/17 	33.539329528808594	34.087520599365234	33.539329528808594	33.638999938964844	33207	2024/01/17 
2024/01/18 	33.58916473388672	34.087520599365234	33.58916473388672	33.93801498413086	45439	2024/01/18 
2024/01/19 	33.838340759277344	34.087520599365234	33.58916473388672	33.93801498413086	61242	2024/01/19 
2024/01/22 	33.987850189208984	33.987850189208984	33.638999938964844	33.68883514404297	11338	2024/01/22 
2024/01/23 	33.987850189208984	34.03768539428711	33.58916473388672	34.03768539428711	30766	2024/01/23 
2024/01/24 	33.638999938964844	34.03768539428711	33.539329528808594	33.987850189208984	48333	2024/01/24 
2024/01/25 	33.58916473388672	33.93801498413086	33.58916473388672	33.93801498413086	2007	2024/01/25 
2024/01/26 	33.838340759277344	33.93801498413086	33.58916473388672	33.58916473388672	23780	2024/01/26 
2024/01/29 	33.58916473388672	33.78850555419922	33.339988708496094	33.48949432373047	69522	2024/01/29 
2024/01/30 	33.48949432373047	33.539329528808594	33.14064407348633	33.24031448364258	26702	2024/01/30 
2024/01/31 	33.58916473388672	33.738670349121094	32.79179763793945	33.638999938964844	14146	2024/01/31 
2024/02/01 	33.400001525878906	33.849998474121094	33.400001525878906	33.599998474121094	65131	2024/02/01 
2024/02/02 	33.849998474121094	33.95000076293945	33.29999923706055	33.75	14005	2024/02/02 
2024/02/05 	33.849998474121094	33.849998474121094	33.25	33.79999923706055	54004	2024/02/05 
2024/02/15 	33.95000076293945	33.95000076293945	33.29999923706055	33.650001525878906	60082	2024/02/15 
2024/02/16 	33.599998474121094	33.650001525878906	33.20000076293945	33.599998474121094	78131	2024/02/16 
2024/02/19 	33.5	33.79999923706055	32.599998474121094	33.599998474121094	42777	2024/02/19 
2024/02/20 	33.650001525878906	34.45000076293945	33.349998474121094	34.45000076293945	170644	2024/02/20 
2024/02/21 	34.95000076293945	34.95000076293945	33.75	33.849998474121094	84773	2024/02/21 
2024/02/22 	34.0	34.150001525878906	33.54999923706055	33.54999923706055	76673	2024/02/22 
2024/02/23 	34.099998474121094	34.099998474121094	33.45000076293945	33.900001525878906	29055	2024/02/23 
2024/02/26 	33.95000076293945	34.04999923706055	33.75	33.849998474121094	56733	2024/02/26 
2024/02/27 	34.04999923706055	34.04999923706055	33.75	34.0	46252	2024/02/27 
2024/02/29 	33.849998474121094	34.099998474121094	33.79999923706055	33.849998474121094	36001	2024/02/29 
2024/03/01 	33.849998474121094	34.04999923706055	33.849998474121094	34.04999923706055	98102	2024/03/01 
2024/03/04 	33.849998474121094	34.04999923706055	33.849998474121094	33.849998474121094	68174	2024/03/04 
2024/03/05 	33.849998474121094	34.04999923706055	33.849998474121094	33.849998474121094	79708	2024/03/05 
2024/03/06 	34.04999923706055	34.04999923706055	33.849998474121094	33.849998474121094	47873	2024/03/06 
2024/03/07 	33.849998474121094	34.04999923706055	33.79999923706055	34.04999923706055	94877	2024/03/07 
2024/03/08 	34.04999923706055	34.099998474121094	33.70000076293945	34.0	129002	2024/03/08 
2024/03/11 	34.04999923706055	34.04999923706055	33.400001525878906	33.70000076293945	122726	2024/03/11 
2024/03/12 	34.04999923706055	34.099998474121094	33.79999923706055	34.099998474121094	84606	2024/03/12 
2024/03/13 	33.849998474121094	34.099998474121094	33.599998474121094	34.04999923706055	128038	2024/03/13 
2024/03/14 	34.25	34.25	33.650001525878906	34.04999923706055	92784	2024/03/14 
2024/03/15 	34.04999923706055	34.04999923706055	33.650001525878906	34.0	69201	2024/03/15 
2024/03/18 	34.0	34.099998474121094	33.650001525878906	33.900001525878906	149830	2024/03/18 
2024/03/19 	34.099998474121094	34.099998474121094	33.650001525878906	34.04999923706055	80948	2024/03/19 
2024/03/20 	33.70000076293945	34.04999923706055	33.70000076293945	33.79999923706055	130758	2024/03/20 
2024/03/21 	34.04999923706055	34.099998474121094	33.75	33.900001525878906	28049	2024/03/21 
2024/03/22 	33.75	34.099998474121094	33.75	33.849998474121094	30647	2024/03/22 
2024/03/25 	34.04999923706055	34.20000076293945	33.849998474121094	34.20000076293945	46006	2024/03/25 
2024/03/26 	34.20000076293945	34.20000076293945	34.20000076293945	34.20000076293945	0	2024/03/26 
2024/03/27 	34.0	34.25	33.900001525878906	34.20000076293945	161870	2024/03/27 
2024/03/28 	34.04999923706055	34.25	33.95000076293945	33.95000076293945	31783	2024/03/28 
2024/03/29 	34.150001525878906	34.45000076293945	34.0	34.400001525878906	93390	2024/03/29 
2024/04/01 	34.45000076293945	36.95000076293945	34.400001525878906	35.400001525878906	388158	2024/04/01 
2024/04/02 	35.400001525878906	35.650001525878906	34.900001525878906	35.29999923706055	120438	2024/04/02 
2024/04/03 	35.25	35.5	35.0	35.45000076293945	51993	2024/04/03 
2024/04/08 	35.5	36.70000076293945	35.349998474121094	36.45000076293945	306831	2024/04/08 
2024/04/09 	36.349998474121094	38.150001525878906	36.349998474121094	38.0	657736	2024/04/09 
2024/04/10 	38.150001525878906	40.150001525878906	37.849998474121094	38.349998474121094	1189611	2024/04/10 
2024/04/11 	37.650001525878906	38.45000076293945	37.04999923706055	38.25	264980	2024/04/11 
2024/04/12 	38.25	38.349998474121094	37.75	38.25	115320	2024/04/12 
2024/04/15 	38.25	38.400001525878906	38.04999923706055	38.349998474121094	118359	2024/04/15 
2024/04/16 	38.150001525878906	38.29999923706055	37.650001525878906	38.0	121876	2024/04/16 
2024/04/17 	38.0	38.20000076293945	37.849998474121094	38.099998474121094	71829	2024/04/17 
2024/04/18 	38.04999923706055	38.20000076293945	37.75	37.849998474121094	83684	2024/04/18 
2024/04/19 	37.849998474121094	38.099998474121094	35.0	36.5	264806	2024/04/19 
2024/04/22 	35.75	37.150001525878906	35.70000076293945	36.54999923706055	96252	2024/04/22 
2024/04/23 	36.45000076293945	36.95000076293945	36.45000076293945	36.95000076293945	30466	2024/04/23 
2024/04/24 	36.400001525878906	37.0	36.400001525878906	37.0	14272	2024/04/24 
2024/04/25 	37.0	37.599998474121094	36.29999923706055	37.29999923706055	146110	2024/04/25 
2024/04/26 	37.25	37.95000076293945	37.0	37.75	137257	2024/04/26 
2024/04/29 	38.0	38.650001525878906	37.650001525878906	37.650001525878906	192600	2024/04/29 
2024/04/30 	37.5	37.900001525878906	37.0	37.349998474121094	31915	2024/04/30 
2024/05/02 	37.45000076293945	37.599998474121094	37.0	37.45000076293945	39906	2024/05/02 
2024/05/03 	37.5	37.5	37.0	37.20000076293945	27516	2024/05/03 
2024/05/06 	37.150001525878906	37.150001525878906	36.650001525878906	36.79999923706055	44910	2024/05/06 
2024/05/07 	37.099998474121094	37.099998474121094	36.349998474121094	37.0	18754	2024/05/07 
2024/05/08 	37.0	37.150001525878906	36.650001525878906	37.099998474121094	19206	2024/05/08 
2024/05/09 	36.75	37.099998474121094	36.599998474121094	36.650001525878906	40549	2024/05/09 
2024/05/10 	37.150001525878906	37.29999923706055	36.79999923706055	36.79999923706055	21609	2024/05/10 
2024/05/13 	36.70000076293945	37.29999923706055	36.599998474121094	36.900001525878906	67020	2024/05/13 
2024/05/14 	36.849998474121094	37.150001525878906	36.75	37.150001525878906	39860	2024/05/14 
2024/05/15 	37.25	37.29999923706055	36.70000076293945	37.099998474121094	42325	2024/05/15 
2024/05/16 	37.0	37.150001525878906	36.75	37.099998474121094	32507	2024/05/16 
2024/05/17 	37.150001525878906	37.150001525878906	36.70000076293945	36.849998474121094	15733	2024/05/17 
2024/05/20 	36.75	37.0	36.599998474121094	37.0	18264	2024/05/20 
2024/05/21 	37.0	37.20000076293945	36.70000076293945	37.0	27488	2024/05/21 
2024/05/22 	36.70000076293945	37.20000076293945	36.650001525878906	36.95000076293945	42888	2024/05/22 
2024/05/23 	37.0	38.150001525878906	36.849998474121094	37.54999923706055	175336	2024/05/23 
2024/05/24 	38.099998474121094	39.099998474121094	37.45000076293945	38.45000076293945	304419	2024/05/24 
2024/05/27 	38.70000076293945	38.849998474121094	37.400001525878906	38.0	157770	2024/05/27 
2024/05/28 	37.849998474121094	38.45000076293945	37.54999923706055	38.150001525878906	99088	2024/05/28 
2024/05/29 	38.150001525878906	38.25	37.75	38.150001525878906	81397	2024/05/29 
2024/05/30 	38.25	38.29999923706055	37.650001525878906	37.849998474121094	144927	2024/05/30 
2024/05/31 	38.150001525878906	38.349998474121094	37.79999923706055	38.150001525878906	121147	2024/05/31 
2024/06/03 	38.0	38.79999923706055	38.0	38.29999923706055	214334	2024/06/03 
2024/06/04 	38.0	38.400001525878906	37.75	37.79999923706055	108436	2024/06/04 
2024/06/05 	38.150001525878906	38.29999923706055	37.75	37.75	51447	2024/06/05 
2024/06/06 	38.150001525878906	38.25	37.75	38.20000076293945	39467	2024/06/06 
2024/06/07 	38.099998474121094	38.099998474121094	37.599998474121094	38.0	79878	2024/06/07 
2024/06/11 	38.099998474121094	38.25	37.5	38.20000076293945	109504	2024/06/11 
2024/06/12 	38.20000076293945	38.29999923706055	37.70000076293945	38.0	107069	2024/06/12 
2024/06/13 	37.75	38.20000076293945	37.75	37.79999923706055	40433	2024/06/13 
2024/06/14 	38.0	38.25	37.75	38.25	59864	2024/06/14 
2024/06/17 	38.25	40.0	38.20000076293945	39.400001525878906	456872	2024/06/17 
2024/06/18 	39.650001525878906	39.95000076293945	38.04999923706055	38.5	372488	2024/06/18 
2024/06/19 	38.54999923706055	39.04999923706055	38.04999923706055	38.349998474121094	69719	2024/06/19 
2024/06/20 	38.650001525878906	39.45000076293945	38.599998474121094	39.349998474121094	163432	2024/06/20 
2024/06/21 	39.650001525878906	41.04999923706055	39.29999923706055	40.849998474121094	595735	2024/06/21 
2024/06/24 	41.0	41.400001525878906	40.45000076293945	40.5	577471	2024/06/24 
2024/06/25 	40.349998474121094	40.900001525878906	39.75	40.04999923706055	204206	2024/06/25 
2024/06/26 	39.849998474121094	41.349998474121094	39.5	41.349998474121094	306473	2024/06/26 
2024/06/27 	41.04999923706055	41.75	39.95000076293945	40.849998474121094	329921	2024/06/27 
2024/06/28 	40.79999923706055	41.099998474121094	40.04999923706055	41.0	92181	2024/06/28 
2024/07/01 	41.099998474121094	41.95000076293945	40.849998474121094	41.70000076293945	301101	2024/07/01 
2024/07/02 	41.900001525878906	43.650001525878906	41.650001525878906	43.54999923706055	619843	2024/07/02 
2024/07/03 	43.650001525878906	50.599998474121094	43.650001525878906	49.900001525878906	1680496	2024/07/03 
2024/07/04 	50.400001525878906	60.099998474121094	49.79999923706055	54.5	2528224	2024/07/04 
2024/07/05 	53.79999923706055	55.0	50.79999923706055	51.79999923706055	1064737	2024/07/05 
2024/07/08 	52.400001525878906	54.099998474121094	50.5	52.5	397987	2024/07/08 
2024/07/09 	51.79999923706055	53.20000076293945	51.29999923706055	51.70000076293945	459065	2024/07/09 
2024/07/10 	52.099998474121094	53.400001525878906	51.900001525878906	52.400001525878906	267743	2024/07/10 
2024/07/11 	52.70000076293945	52.70000076293945	49.70000076293945	50.0	439055	2024/07/11 
2024/07/12 	49.70000076293945	50.0	46.849998474121094	47.849998474121094	591737	2024/07/12 
2024/07/15 	48.0	55.400001525878906	48.0	54.20000076293945	1112839	2024/07/15 
2024/07/16 	54.20000076293945	58.20000076293945	54.0	57.0	1320542	2024/07/16 
2024/07/17 	57.5	58.29999923706055	54.5	55.599998474121094	758051	2024/07/17 
2024/07/18 	54.29999923706055	56.0	54.0	54.70000076293945	233728	2024/07/18 
2024/07/19 	55.0	55.29999923706055	53.29999923706055	53.70000076293945	261905	2024/07/19 
2024/07/22 	53.70000076293945	54.0	51.599998474121094	51.70000076293945	250709	2024/07/22 
2024/07/23 	51.79999923706055	52.599998474121094	51.5	52.20000076293945	137492	2024/07/23 
2024/07/26 	51.20000076293945	51.70000076293945	49.5	50.099998474121094	251335	2024/07/26 
2024/07/29 	50.099998474121094	52.20000076293945	49.900001525878906	50.20000076293945	119026	2024/07/29 
2024/07/30 	49.79999923706055	50.20000076293945	48.849998474121094	49.900001525878906	170311	2024/07/30 
2024/07/31 	49.79999923706055	50.599998474121094	49.5	50.0	83548	2024/07/31 
2024/08/01 	50.20000076293945	50.400001525878906	49.5	50.0	157448	2024/08/01 
2024/08/02 	49.900001525878906	50.20000076293945	48.900001525878906	49.20000076293945	132963	2024/08/02 
2024/08/05 	49.20000076293945	49.20000076293945	45.849998474121094	46.95000076293945	321463	2024/08/05 
2024/08/06 	47.5	47.849998474121094	45.0	46.599998474121094	353424	2024/08/06 
2024/08/07 	47.349998474121094	51.29999923706055	47.349998474121094	49.04999923706055	301950	2024/08/07 
2024/08/08 	49.04999923706055	50.0	48.79999923706055	49.650001525878906	64109	2024/08/08 
2024/08/09 	49.29999923706055	50.099998474121094	49.099998474121094	49.79999923706055	103209	2024/08/09 
2024/08/12 	49.70000076293945	50.0	49.25	49.75	57429	2024/08/12 
2024/08/13 	49.349998474121094	49.650001525878906	49.150001525878906	49.45000076293945	24860	2024/08/13 
2024/08/14 	49.5	49.95000076293945	49.20000076293945	49.54999923706055	34886	2024/08/14 
2024/08/15 	49.599998474121094	49.599998474121094	48.400001525878906	48.849998474121094	149367	2024/08/15 
2024/08/16 	48.900001525878906	49.0	48.45000076293945	49.0	69910	2024/08/16 
2024/08/19 	49.0	51.20000076293945	49.0	50.099998474121094	300565	2024/08/19 
2024/08/20 	50.0	50.400001525878906	49.0	49.349998474121094	137251	2024/08/20 
2024/08/21 	49.5	50.0	48.45000076293945	49.0	93217	2024/08/21 
2024/08/22 	48.900001525878906	49.04999923706055	47.95000076293945	48.599998474121094	162326	2024/08/22 
2024/08/23 	48.79999923706055	48.900001525878906	48.29999923706055	48.75	68914	2024/08/23 
2024/08/26 	48.650001525878906	48.95000076293945	48.349998474121094	48.70000076293945	42417	2024/08/26 
2024/08/27 	48.70000076293945	48.79999923706055	48.25	48.650001525878906	22575	2024/08/27 
2024/08/28 	48.70000076293945	48.70000076293945	47.849998474121094	48.25	61645	2024/08/28 
2024/08/29 	48.45000076293945	48.79999923706055	48.0	48.70000076293945	27324	2024/08/29 
2024/08/30 	48.70000076293945	48.70000076293945	48.0	48.29999923706055	104664	2024/08/30 
2024/09/02 	49.0	49.0	47.400001525878906	47.650001525878906	153447	2024/09/02 
2024/09/03 	47.70000076293945	47.70000076293945	45.0	45.95000076293945	345169	2024/09/03 
2024/09/04 	45.900001525878906	46.150001525878906	43.900001525878906	44.400001525878906	281694	2024/09/04 
2024/09/05 	44.45000076293945	44.650001525878906	43.349998474121094	44.099998474121094	186064	2024/09/05 
2024/09/06 	44.150001525878906	44.5	43.5	44.5	149123	2024/09/06 
2024/09/09 	46.0	46.04999923706055	44.04999923706055	45.150001525878906	200949	2024/09/09 
2024/09/10 	45.20000076293945	45.20000076293945	43.849998474121094	44.150001525878906	82346	2024/09/10 
2024/09/11 	44.400001525878906	45.150001525878906	44.150001525878906	44.54999923706055	49144	2024/09/11 
2024/09/12 	44.20000076293945	45.04999923706055	44.0	44.650001525878906	104422	2024/09/12 
2024/09/13 	44.0	44.349998474121094	43.0	44.099998474121094	61687	2024/09/13 
2024/09/16 	44.150001525878906	44.150001525878906	41.20000076293945	43.20000076293945	283477	2024/09/16 
2024/09/18 	43.650001525878906	43.650001525878906	43.0	43.150001525878906	108323	2024/09/18 
2024/09/19 	43.20000076293945	43.95000076293945	43.0	43.900001525878906	31727	2024/09/19 
2024/09/20 	44.099998474121094	44.29999923706055	43.29999923706055	44.0	64419	2024/09/20 
2024/09/23 	43.75	44.20000076293945	43.5	44.04999923706055	51654	2024/09/23 
2024/09/24 	43.5	44.099998474121094	43.099998474121094	43.5	70393	2024/09/24 
2024/09/25 	43.599998474121094	43.599998474121094	43.150001525878906	43.25	31306	2024/09/25 
2024/09/26 	43.20000076293945	43.349998474121094	42.599998474121094	43.099998474121094	143772	2024/09/26 
2024/09/27 	43.099998474121094	43.099998474121094	41.75	42.099998474121094	245106	2024/09/27 
2024/09/30 	41.985755920410156	43.62932586669922	41.38809585571289	41.78653335571289	156548	2024/09/30 
2024/10/01 	41.53750991821289	42.48380661010742	41.188873291015625	41.53750991821289	161337	2024/10/01 
2024/10/04 	41.48770523071289	42.98186111450195	41.238677978515625	41.985755920410156	114920	2024/10/04 
2024/10/07 	41.78653335571289	41.78653335571289	40.64101791381836	41.288482666015625	336955	2024/10/07 
2024/10/08 	41.38809585571289	41.48770523071289	40.84023666381836	41.338287353515625	210598	2024/10/08 
2024/10/09 	41.5	41.95000076293945	41.29999923706055	41.650001525878906	72162	2024/10/09 
2024/10/11 	41.650001525878906	41.79999923706055	41.349998474121094	41.599998474121094	65680	2024/10/11 
2024/10/14 	41.650001525878906	42.400001525878906	41.349998474121094	41.70000076293945	143647	2024/10/14 
2024/10/15 	41.70000076293945	41.75	41.349998474121094	41.650001525878906	40433	2024/10/15 
2024/10/16 	41.349998474121094	41.54999923706055	40.849998474121094	41.54999923706055	85105	2024/10/16 
2024/10/17 	41.650001525878906	42.0	41.349998474121094	41.400001525878906	70780	2024/10/17 
2024/10/18 	41.400001525878906	41.79999923706055	41.349998474121094	41.650001525878906	80751	2024/10/18 
2024/10/21 	41.70000076293945	42.099998474121094	41.5	41.75	166402	2024/10/21 
2024/10/22 	41.599998474121094	41.79999923706055	41.0	41.54999923706055	154110	2024/10/22 
2024/10/23 	41.650001525878906	41.849998474121094	41.29999923706055	41.650001525878906	286098	2024/10/23 
2024/10/24 	42.0	42.0	41.349998474121094	41.70000076293945	116710	2024/10/24 
2024/10/25 	41.54999923706055	41.849998474121094	41.45000076293945	41.70000076293945	164033	2024/10/25 
2024/10/28 	41.75	41.75	41.20000076293945	41.70000076293945	273502	2024/10/28 
2024/10/29 	41.650001525878906	42.900001525878906	41.45000076293945	41.75	398117	2024/10/29 
2024/10/30 	41.650001525878906	43.04999923706055	41.5	41.79999923706055	585228	2024/10/30 
2024/11/01 	42.099998474121094	42.099998474121094	41.349998474121094	41.5	181512	2024/11/01 
2024/11/04 	42.0	42.79999923706055	41.5	41.75	514087	2024/11/04 
2024/11/05 	41.95000076293945	41.95000076293945	41.349998474121094	41.70000076293945	212292	2024/11/05 
2024/11/06 	41.849998474121094	41.849998474121094	41.45000076293945	41.70000076293945	122978	2024/11/06 
2024/11/07 	41.75	41.95000076293945	41.400001525878906	41.400001525878906	159432	2024/11/07 
2024/11/08 	41.650001525878906	41.75	41.45000076293945	41.70000076293945	251031	2024/11/08 
2024/11/11 	41.650001525878906	41.650001525878906	41.45000076293945	41.599998474121094	34820	2024/11/11 
2024/11/12 	41.45000076293945	41.650001525878906	41.400001525878906	41.650001525878906	79530	2024/11/12 
2024/11/13 	41.650001525878906	41.849998474121094	41.5	41.75	264409	2024/11/13 
2024/11/14 	41.900001525878906	42.04999923706055	41.5	41.5	319082	2024/11/14 
2024/11/15 	41.900001525878906	41.95000076293945	41.5	41.650001525878906	127494	2024/11/15 
2024/11/18 	42.0	42.0	41.5	41.5	76317	2024/11/18 
2024/11/19 	41.75	41.79999923706055	41.45000076293945	41.75	71796	2024/11/19 
2024/11/20 	41.349998474121094	41.70000076293945	41.349998474121094	41.45000076293945	74328	2024/11/20 
2024/11/21 	41.29999923706055	41.599998474121094	41.04999923706055	41.349998474121094	112947	2024/11/21 
2024/11/22 	41.45000076293945	41.54999923706055	41.20000076293945	41.54999923706055	44494	2024/11/22 
2024/11/25 	41.54999923706055	41.599998474121094	41.25	41.54999923706055	58260	2024/11/25 
2024/11/26 	41.599998474121094	41.650001525878906	41.349998474121094	41.599998474121094	17514	2024/11/26 
2024/11/27 	41.599998474121094	41.70000076293945	41.349998474121094	41.650001525878906	44100	2024/11/27 
2024/11/28 	41.650001525878906	41.70000076293945	41.349998474121094	41.599998474121094	55428	2024/11/28 
2024/11/29 	41.650001525878906	41.70000076293945	41.349998474121094	41.70000076293945	119244	2024/11/29 
2024/12/02 	41.70000076293945	41.75	41.20000076293945	41.599998474121094	99328	2024/12/02 
2024/12/03 	41.5	41.70000076293945	41.29999923706055	41.5	48186	2024/12/03 
2024/12/04 	41.599998474121094	41.599998474121094	41.20000076293945	41.25	111310	2024/12/04 
2024/12/05 	41.5	41.54999923706055	41.150001525878906	41.400001525878906	126260	2024/12/05 
2024/12/06 	41.5	41.70000076293945	41.29999923706055	41.599998474121094	103471	2024/12/06 
2024/12/09 	41.599998474121094	41.599998474121094	41.150001525878906	41.349998474121094	72507	2024/12/09 
2024/12/10 	41.400001525878906	41.5	40.849998474121094	41.20000076293945	143156	2024/12/10 
2024/12/11 	41.25	41.25	39.54999923706055	40.599998474121094	139758	2024/12/11 
2024/12/12 	40.849998474121094	40.849998474121094	39.849998474121094	40.150001525878906	135615	2024/12/12 
2024/12/13 	40.150001525878906	40.150001525878906	39.650001525878906	39.79999923706055	95116	2024/12/13 
2024/12/16 	39.95000076293945	40.04999923706055	39.150001525878906	39.45000076293945	113389	2024/12/16 
2024/12/17 	39.5	39.5	38.5	38.849998474121094	174415	2024/12/17 
2024/12/18 	38.849998474121094	39.150001525878906	38.70000076293945	38.95000076293945	35663	2024/12/18 
2024/12/19 	39.0	39.0	38.099998474121094	38.900001525878906	39438	2024/12/19 
2024/12/20 	38.900001525878906	39.04999923706055	38.349998474121094	38.75	90697	2024/12/20 
2024/12/23 	38.75	39.150001525878906	38.54999923706055	38.599998474121094	105161	2024/12/23 
2024/12/24 	39.0	39.150001525878906	38.099998474121094	38.599998474121094	122574	2024/12/24 
2024/12/25 	38.599998474121094	38.70000076293945	37.849998474121094	38.099998474121094	238443	2024/12/25 
2024/12/26 	38.099998474121094	39.150001525878906	37.849998474121094	38.0	103267	2024/12/26 
2024/12/27 	38.0	38.400001525878906	37.70000076293945	38.29999923706055	35322	2024/12/27 
2024/12/30 	38.29999923706055	38.45000076293945	37.849998474121094	38.400001525878906	41202	2024/12/30 
2024/12/31 	38.45000076293945	41.95000076293945	38.25	41.0	387918	2024/12/31 
2025/01/02 	41.95000076293945	42.0	40.79999923706055	40.900001525878906	102142	2025/01/02 
2025/01/03 	40.95000076293945	41.650001525878906	40.349998474121094	40.599998474121094	76862	2025/01/03 
2025/01/06 	40.95000076293945	41.54999923706055	40.79999923706055	41.150001525878906	60305	2025/01/06 
2025/01/07 	40.599998474121094	40.75	39.45000076293945	40.04999923706055	98153	2025/01/07 
2025/01/08 	40.45000076293945	40.54999923706055	39.349998474121094	39.95000076293945	40945	2025/01/08 
2025/01/09 	40.150001525878906	40.150001525878906	38.400001525878906	38.95000076293945	218865	2025/01/09 
2025/01/10 	39.099998474121094	40.45000076293945	38.099998474121094	40.099998474121094	151329	2025/01/10 
2025/01/13 	38.54999923706055	39.95000076293945	38.20000076293945	39.650001525878906	67460	2025/01/13 
2025/01/14 	39.650001525878906	39.650001525878906	38.5	39.25	21453	2025/01/14 
2025/01/15 	39.650001525878906	39.650001525878906	38.599998474121094	39.0	59407	2025/01/15 
2025/01/16 	38.79999923706055	39.45000076293945	38.20000076293945	39.0	116372	2025/01/16 
2025/01/17 	39.150001525878906	39.25	38.70000076293945	39.20000076293945	11632	2025/01/17 
2025/01/20 	39.25	39.25	38.54999923706055	39.099998474121094	27130	2025/01/20 
2025/01/21 	39.150001525878906	39.150001525878906	38.849998474121094	39.099998474121094	10504	2025/01/21 
2025/01/22 	39.099998474121094	39.25	38.95000076293945	39.25	42542	2025/01/22 
2025/02/03 	39.29999923706055	40.45000076293945	38.79999923706055	39.95000076293945	70131	2025/02/03 
2025/02/04 	39.5	40.099998474121094	39.0	39.849998474121094	79658	2025/02/04 
2025/02/05 	39.900001525878906	40.70000076293945	39.70000076293945	40.150001525878906	286534	2025/02/05 
2025/02/06 	40.29999923706055	40.29999923706055	39.650001525878906	39.95000076293945	46311	2025/02/06 
2025/02/07 	40.04999923706055	40.099998474121094	39.599998474121094	40.04999923706055	22640	2025/02/07 
2025/02/10 	39.650001525878906	40.150001525878906	39.400001525878906	40.099998474121094	110021	2025/02/10 
2025/02/11 	39.650001525878906	40.099998474121094	38.79999923706055	39.150001525878906	194744	2025/02/11 
2025/02/12 	39.599998474121094	40.0	38.79999923706055	38.849998474121094	52937	2025/02/12 
2025/02/13 	39.150001525878906	39.150001525878906	38.75	39.0	97129	2025/02/13 
2025/02/14 	38.75	39.79999923706055	38.54999923706055	38.900001525878906	111473	2025/02/14 
2025/02/17 	38.75	39.150001525878906	38.54999923706055	39.099998474121094	58780	2025/02/17 
2025/02/18 	38.599998474121094	39.349998474121094	38.54999923706055	39.0	45749	2025/02/18 
2025/02/19 	39.150001525878906	39.45000076293945	38.900001525878906	39.25	25545	2025/02/19 
2025/02/20 	39.29999923706055	39.400001525878906	38.849998474121094	39.0	53054	2025/02/20 
2025/02/21 	38.849998474121094	39.349998474121094	38.54999923706055	38.75	173741	2025/02/21 
2025/02/24 	38.75	39.29999923706055	38.75	39.150001525878906	145521	2025/02/24 
2025/02/25 	39.150001525878906	39.150001525878906	38.349998474121094	38.79999923706055	221326	2025/02/25 
2025/02/26 	38.25	38.79999923706055	38.0	38.45000076293945	89011	2025/02/26 
2025/02/27 	38.75	38.75	38.150001525878906	38.5	31711	2025/02/27 
2025/03/03 	38.0	38.599998474121094	38.0	38.45000076293945	29533	2025/03/03 
2025/03/04 	37.70000076293945	38.29999923706055	37.70000076293945	38.20000076293945	37961	2025/03/04 
2025/03/05 	37.650001525878906	38.0	37.5	37.849998474121094	120065	2025/03/05 
2025/03/06 	38.0	38.150001525878906	37.650001525878906	38.099998474121094	86603	2025/03/06 
2025/03/07 	38.5	38.5	37.45000076293945	37.79999923706055	83672	2025/03/07 
2025/03/10 	38.0	38.0	37.25	37.5	135861	2025/03/10 
2025/03/11 	37.349998474121094	37.54999923706055	37.0	37.20000076293945	63276	2025/03/11 
2025/03/12 	37.400001525878906	37.400001525878906	35.849998474121094	36.099998474121094	272152	2025/03/12 
2025/03/13 	36.150001525878906	36.400001525878906	35.349998474121094	35.5	95569	2025/03/13 
2025/03/14 	35.849998474121094	35.849998474121094	35.150001525878906	35.599998474121094	58042	2025/03/14 
2025/03/17 	35.75	35.75	35.349998474121094	35.650001525878906	63559	2025/03/17 
2025/03/18 	35.650001525878906	37.0	35.400001525878906	35.900001525878906	65362	2025/03/18 
2025/03/19 	37.0	37.099998474121094	35.849998474121094	36.25	73389	2025/03/19 
2025/03/20 	36.54999923706055	39.650001525878906	36.54999923706055	38.79999923706055	167767	2025/03/20 
2025/03/21 	38.849998474121094	39.45000076293945	37.900001525878906	38.0	123348	2025/03/21 
2025/03/24 	38.0	38.150001525878906	37.29999923706055	37.79999923706055	86338	2025/03/24 
2025/03/25 	37.29999923706055	37.5	36.150001525878906	37.349998474121094	30445	2025/03/25 
2025/03/26 	37.45000076293945	37.599998474121094	36.650001525878906	37.5	41894	2025/03/26 
2025/03/27 	37.54999923706055	37.54999923706055	36.29999923706055	37.0	38132	2025/03/27 
2025/03/28 	37.349998474121094	37.349998474121094	36.0	36.0	41983	2025/03/28 
2025/03/31 	36.849998474121094	36.849998474121094	33.599998474121094	34.75	153591	2025/03/31 
2025/04/01 	34.75	36.0	34.70000076293945	35.95000076293945	19554	2025/04/01 
2025/04/02 	35.95000076293945	35.95000076293945	34.75	35.0	77598	2025/04/02 
2025/04/07 	33.25	33.25	27.450000762939453	29.0	443471	2025/04/07 
2025/04/08 	27.850000381469727	30.100000381469727	27.850000381469727	29.5	142544	2025/04/08 
2025/04/09 	29.700000762939453	29.899999618530273	27.399999618530273	28.0	112417	2025/04/09 
2025/04/10 	28.0	32.599998474121094	28.0	31.899999618530273	183829	2025/04/10 
2025/04/11 	31.299999237060547	31.75	29.950000762939453	31.350000381469727	98585	2025/04/11 
2025/04/14 	31.549999237060547	31.850000381469727	31.049999237060547	31.5	32073	2025/04/14 
2025/04/15 	31.600000381469727	31.649999618530273	30.850000381469727	31.399999618530273	58133	2025/04/15 
2025/04/16 	31.600000381469727	31.600000381469727	30.799999237060547	30.799999237060547	104359	2025/04/16 
2025/04/17 	30.799999237060547	31.450000762939453	29.450000762939453	30.950000762939453	69532	2025/04/17 
2025/04/18 	31.299999237060547	31.399999618530273	30.799999237060547	30.899999618530273	60704	2025/04/18 
2025/04/21 	30.899999618530273	31.200000762939453	30.100000381469727	30.5	64751	2025/04/21 
2025/04/22 	30.549999237060547	30.549999237060547	29.450000762939453	29.75	40257	2025/04/22 
2025/04/23 	30.0	30.899999618530273	29.899999618530273	30.5	34204	2025/04/23 
2025/04/24 	30.600000381469727	30.600000381469727	30.299999237060547	30.450000762939453	12752	2025/04/24 
2025/04/25 	30.450000762939453	31.899999618530273	30.399999618530273	31.049999237060547	62200	2025/04/25 
2025/04/28 	30.5	31.899999618530273	30.5	30.950000762939453	32006	2025/04/28 
2025/04/29 	31.899999618530273	32.599998474121094	30.899999618530273	32.20000076293945	74850	2025/04/29 
2025/04/30 	32.400001525878906	32.400001525878906	32.0	32.150001525878906	48243	2025/04/30 
2025/05/02 	32.099998474121094	32.20000076293945	31.5	32.099998474121094	66715	2025/05/02 
2025/05/05 	32.25	32.25	30.600000381469727	31.649999618530273	65266	2025/05/05 
2025/05/06 	31.600000381469727	31.600000381469727	30.700000762939453	31.399999618530273	15322	2025/05/06 
2025/05/07 	30.799999237060547	34.5	30.799999237060547	32.599998474121094	147496	2025/05/07 
2025/05/08 	32.849998474121094	32.849998474121094	31.899999618530273	32.79999923706055	24146	2025/05/08 
2025/05/09 	32.95000076293945	33.25	31.899999618530273	32.25	74909	2025/05/09 
2025/05/12 	32.45000076293945	32.79999923706055	31.5	31.799999237060547	94106	2025/05/12 
2025/05/13 	31.799999237060547	32.0	30.899999618530273	31.399999618530273	102068	2025/05/13 
2025/05/14 	31.450000762939453	31.899999618530273	31.0	31.5	50232	2025/05/14 
2025/05/15 	31.299999237060547	31.700000762939453	31.0	31.299999237060547	38688	2025/05/15 
2025/05/16 	31.549999237060547	31.549999237060547	31.0	31.25	40238	2025/05/16 
2025/05/19 	31.450000762939453	31.450000762939453	29.899999618530273	30.399999618530273	78766	2025/05/19 
2025/05/20 	30.600000381469727	30.600000381469727	27.700000762939453	29.950000762939453	88596	2025/05/20 
2025/05/21 	30.0	30.700000762939453	29.25	30.450000762939453	34113	2025/05/21 
2025/05/22 	30.450000762939453	30.450000762939453	29.299999237060547	29.5	172526	2025/05/22 
2025/05/23 	29.100000381469727	30.0	28.399999618530273	28.600000381469727	314138	2025/05/23 
2025/05/26 	28.350000381469727	28.850000381469727	28.0	28.299999237060547	187453	2025/05/26 
2025/05/27 	28.600000381469727	28.600000381469727	27.700000762939453	28.350000381469727	105355	2025/05/27 
2025/05/28 	28.399999618530273	29.0	28.200000762939453	28.600000381469727	56833	2025/05/28 
2025/05/29 	28.600000381469727	28.700000762939453	28.299999237060547	28.649999618530273	33713	2025/05/29 
2025/06/02 	28.450000762939453	28.899999618530273	28.399999618530273	28.700000762939453	29207	2025/06/02 
2025/06/03 	28.899999618530273	28.899999618530273	27.799999237060547	28.200000762939453	88752	2025/06/03 
2025/06/04 	28.399999618530273	28.950000762939453	28.100000381469727	28.899999618530273	35530	2025/06/04 
2025/06/05 	29.0	29.0	28.0	28.75	37714	2025/06/05 
2025/06/06 	28.899999618530273	31.600000381469727	28.799999237060547	31.0	218689	2025/06/06 
2025/06/09 	31.299999237060547	33.099998474121094	31.299999237060547	32.900001525878906	357036	2025/06/09 
2025/06/10 	33.0	33.0	31.850000381469727	32.5	89907	2025/06/10 
2025/06/11 	32.5	36.04999923706055	32.5	33.20000076293945	147958	2025/06/11 
2025/06/12 	33.650001525878906	33.75	32.900001525878906	33.20000076293945	47812	2025/06/12 
2025/06/13 	33.75	34.849998474121094	33.0	34.650001525878906	248730	2025/06/13 
2025/06/16 	34.650001525878906	35.04999923706055	34.099998474121094	34.75	179689	2025/06/16 
2025/06/17 	34.75	35.650001525878906	34.650001525878906	35.29999923706055	177229	2025/06/17 
2025/06/18 	35.29999923706055	35.54999923706055	34.20000076293945	35.29999923706055	127183	2025/06/18 
2025/06/19 	35.400001525878906	35.400001525878906	34.29999923706055	34.95000076293945	83622	2025/06/19 
2025/06/20 	34.79999923706055	35.099998474121094	33.54999923706055	33.95000076293945	92457	2025/06/20 
2025/06/23 	33.95000076293945	34.04999923706055	32.849998474121094	33.650001525878906	69738	2025/06/23 
2025/06/24 	33.45000076293945	33.75	32.900001525878906	33.70000076293945	80017	2025/06/24 
2025/06/25 	33.79999923706055	33.900001525878906	32.70000076293945	33.599998474121094	63494	2025/06/25 
2025/06/26 	33.599998474121094	33.70000076293945	32.900001525878906	33.25	72020	2025/06/26 
2025/06/27 	33.5	33.599998474121094	32.95000076293945	33.25	18017	2025/06/27 
2025/06/30 	33.45000076293945	33.45000076293945	33.0	33.25	69819	2025/06/30 
2025/07/01 	33.599998474121094	33.70000076293945	33.20000076293945	33.400001525878906	53006	2025/07/01 
2025/07/02 	33.54999923706055	35.0	33.400001525878906	34.70000076293945	147849	2025/07/02 
2025/07/03 	34.650001525878906	34.900001525878906	34.349998474121094	34.349998474121094	95202	2025/07/03 
2025/07/04 	34.599998474121094	35.0	33.900001525878906	34.25	35631	2025/07/04 
2025/07/07 	33.849998474121094	33.95000076293945	32.95000076293945	33.5	67394	2025/07/07 
2025/07/08 	33.5	33.599998474121094	33.20000076293945	33.599998474121094	46322	2025/07/08 
2025/07/09 	33.75	33.849998474121094	33.349998474121094	33.54999923706055	13113	2025/07/09 
2025/07/10 	33.70000076293945	33.900001525878906	33.20000076293945	33.5	44256	2025/07/10 
2025/07/11 	33.400001525878906	33.599998474121094	33.150001525878906	33.400001525878906	128245	2025/07/11 
2025/07/14 	33.5	33.5	32.900001525878906	33.099998474121094	56302	2025/07/14 
2025/07/15 	33.099998474121094	33.900001525878906	33.0	33.75	118413	2025/07/15 
2025/07/16 	33.75	33.79999923706055	33.400001525878906	33.79999923706055	26304	2025/07/16 
2025/07/17 	33.79999923706055	33.79999923706055	33.349998474121094	33.70000076293945	86291	2025/07/17 
2025/07/18 	33.70000076293945	33.70000076293945	33.29999923706055	33.650001525878906	68091	2025/07/18 
2025/07/21 	33.599998474121094	34.04999923706055	33.349998474121094	33.70000076293945	38977	2025/07/21 
2025/07/22 	33.70000076293945	33.79999923706055	33.400001525878906	33.70000076293945	33510	2025/07/22 
2025/07/23 	33.70000076293945	33.70000076293945	33.0	33.599998474121094	41381	2025/07/23 
2025/07/24 	33.599998474121094	34.20000076293945	33.349998474121094	34.0	97851	2025/07/24 
2025/07/25 	34.099998474121094	35.5	33.849998474121094	34.900001525878906	178549	2025/07/25 
2025/07/28 	34.900001525878906	34.900001525878906	33.5	33.849998474121094	94033	2025/07/28 
2025/07/29 	34.04999923706055	34.04999923706055	33.5	33.849998474121094	41170	2025/07/29 
2025/07/30 	33.54999923706055	34.0	33.54999923706055	33.54999923706055	38037	2025/07/30 
2025/07/31 	33.849998474121094	34.04999923706055	33.5	34.04999923706055	53944	2025/07/31 
2025/08/04 	33.95000076293945	34.900001525878906	33.650001525878906	34.29999923706055	94803	2025/08/04 
2025/08/05 	34.349998474121094	35.25	34.04999923706055	35.0	237772	2025/08/05 
2025/08/06 	35.150001525878906	35.900001525878906	34.70000076293945	35.150001525878906	210398	2025/08/06 
2025/08/07 	35.25	35.25	34.599998474121094	34.75	74354	2025/08/07 
2025/08/08 	34.70000076293945	35.150001525878906	34.5	34.95000076293945	66757	2025/08/08 
2025/08/11 	34.650001525878906	34.70000076293945	33.20000076293945	33.849998474121094	274270	2025/08/11 
2025/08/12 	33.849998474121094	34.04999923706055	33.5	33.95000076293945	28568	2025/08/12 
2025/08/13 	33.75	33.79999923706055	33.54999923706055	33.70000076293945	53248	2025/08/13 
2025/08/14 	33.70000076293945	33.79999923706055	33.400001525878906	33.79999923706055	39630	2025/08/14 
2025/08/15 	33.79999923706055	33.79999923706055	33.25	33.599998474121094	75515	2025/08/15 
2025/08/18 	33.599998474121094	34.650001525878906	32.900001525878906	33.95000076293945	82668	2025/08/18 
2025/08/19 	33.95000076293945	34.04999923706055	33.400001525878906	34.0	8055	2025/08/19 
2025/08/20 	33.45000076293945	33.95000076293945	33.20000076293945	33.5	8975	2025/08/20 
2025/08/21 	33.5	33.599998474121094	33.0	33.599998474121094	25452	2025/08/21 
