Date	Open	High	Low	Close	Volume
2022/08/01	163.06897481282553	165.6991195678711	157.80868530273438	157.80868530273438	32334
2022/08/02	157.80868530273438	158.68540022108292	157.80868530273438	157.80868530273438	3920
2022/08/03	158.24704612480414	161.3155484042325	158.24704612480414	159.56211853027344	2701
2022/08/04	157.80870661389227	158.2470641322642	156.93199157714844	156.93199157714844	6003
2022/08/05	158.68540022108292	160.00047259860568	157.80868530273438	157.80868530273438	2005
2022/08/08	157.80868530273438	157.80868530273438	155.1785405476888	157.80868530273438	1152
2022/08/09	155.6169221150941	159.56213985885705	155.6169221150941	158.6854248046875	2023
2022/08/10	156.05528250457235	156.49364003969754	149.9182770128195	151.6717071533203	13302
2022/08/11	155.17855834960938	156.05527336853373	155.17855834960938	155.17855834960938	872
2022/08/12	149.91827392578125	149.91827392578125	149.91827392578125	149.91827392578125	1
2022/08/15	149.91827392578125	149.91827392578125	149.91827392578125	149.91827392578125	0
2022/08/16	155.1785551234654	155.1785551234654	153.4251251220703	153.4251251220703	2000
2022/08/17	153.42513413457146	153.42513413457146	149.91827392578125	149.91827392578125	2330
2022/08/18	153.42513413457146	153.42513413457146	149.47991639968248	149.91827392578125	1140
2022/08/19	149.91826789323673	151.67169792707577	149.91826789323673	150.79498291015625	7500
2022/08/22	150.79498291015625	150.79498291015625	150.79498291015625	150.79498291015625	0
2022/08/23	149.47991338346165	150.79498593522231	149.04155586620809	150.35662841796875	5000
2022/08/24	147.2881317138672	147.2881317138672	147.2881317138672	147.2881317138672	100
2022/08/25	149.04154038288183	149.04154038288183	148.16482543945312	148.16482543945312	192
2022/08/26	146.41139555259568	148.16482543945312	146.41139555259568	148.16482543945312	105
2022/08/29	146.4113981867411	147.28811314594316	145.53468322753906	145.53468322753906	4100
2022/08/30	149.91827392578125	149.91827392578125	149.91827392578125	149.91827392578125	201
2022/08/31	149.91827392578125	149.91827392578125	149.91827392578125	149.91827392578125	1400
2022/09/01	149.91827392578125	149.91827392578125	149.91827392578125	149.91827392578125	13
2022/09/02	149.91827392578125	149.91827392578125	149.91827392578125	149.91827392578125	0
2022/09/05	149.91827392578125	149.91827392578125	149.91827392578125	149.91827392578125	0
2022/09/06	147.72647718541762	149.0415496826172	147.72647718541762	149.0415496826172	2000
2022/09/07	144.65797424316406	144.65797424316406	144.65797424316406	144.65797424316406	4
2022/09/08	149.0415496826172	149.0415496826172	149.0415496826172	149.0415496826172	81
2022/09/12	148.1648344580807	148.1648344580807	146.84976196289062	146.84976196289062	1812
2022/09/13	146.84976196289062	146.84976196289062	146.84976196289062	146.84976196289062	0
2022/09/14	149.0415680021663	149.0415680021663	148.60321044921875	148.60321044921875	1116
2022/09/15	149.0415496826172	149.0415496826172	149.0415496826172	149.0415496826172	155
2022/09/16	149.0415496826172	149.0415496826172	149.0415496826172	149.0415496826172	1005
2022/09/19	149.0415496826172	149.0415496826172	149.0415496826172	149.0415496826172	0
2022/09/20	149.0415496826172	149.0415496826172	149.0415496826172	149.0415496826172	0
2022/09/21	149.0415496826172	149.0415496826172	149.0415496826172	149.0415496826172	0
2022/09/22	149.0415496826172	149.0415496826172	149.0415496826172	149.0415496826172	0
2022/09/23	149.0415496826172	149.0415496826172	149.0415496826172	149.0415496826172	0
2022/09/26	149.0415496826172	149.0415496826172	149.0415496826172	149.0415496826172	0
2022/09/27	146.84976196289062	146.84976196289062	146.84976196289062	146.84976196289062	2000
2022/09/28	146.84976196289062	146.84976196289062	146.84976196289062	146.84976196289062	0
2022/09/29	146.84976196289062	146.84976196289062	146.84976196289062	146.84976196289062	0
2022/09/30	146.84976196289062	146.84976196289062	146.84976196289062	146.84976196289062	0
2022/10/03	146.84976196289062	146.84976196289062	146.84976196289062	146.84976196289062	0
2022/10/04	146.84976196289062	146.84976196289062	146.84976196289062	146.84976196289062	220
2022/10/05	146.84976196289062	146.84976196289062	146.84976196289062	146.84976196289062	0
2022/10/06	146.84976196289062	146.84976196289062	146.84976196289062	146.84976196289062	110
2022/10/07	146.84976196289062	146.84976196289062	146.84976196289062	146.84976196289062	0
2022/10/11	146.84976196289062	146.84976196289062	146.84976196289062	146.84976196289062	0
2022/10/12	146.84976196289062	146.84976196289062	146.84976196289062	146.84976196289062	0
2022/10/13	138.52098388671877	138.52098388671877	129.3154754638672	129.3154754638672	5400
2022/10/14	132.82232040405273	132.82232040405273	131.5072479248047	131.5072479248047	1501
2022/10/17	122.74009539926652	123.61681036640414	121.8633804321289	121.8633804321289	3210
2022/10/18	121.86339119985593	123.6168212890625	121.86339119985593	123.6168212890625	7000
2022/10/19	127.5620346069336	127.5620346069336	127.5620346069336	127.5620346069336	1000
2022/10/20	122.30175018310547	122.30175018310547	122.30175018310547	122.30175018310547	1000
2022/10/21	122.30175018310547	122.30175018310547	122.30175018310547	122.30175018310547	0
2022/10/24	122.30175018310547	122.30175018310547	122.30175018310547	122.30175018310547	0
2022/10/25	122.30175018310547	122.30175018310547	122.30175018310547	122.30175018310547	0
2022/10/26	122.30175018310547	122.30175018310547	122.30175018310547	122.30175018310547	0
2022/10/27	122.30175018310547	122.30175018310547	122.30175018310547	122.30175018310547	0
2022/10/28	122.74009704589844	122.74009704589844	122.74009704589844	122.74009704589844	1
2022/10/31	122.74009704589844	122.74009704589844	122.74009704589844	122.74009704589844	0
2022/11/01	122.30175018310547	122.30175018310547	122.30175018310547	122.30175018310547	1
2022/11/02	122.30175018310547	122.30175018310547	122.30175018310547	122.30175018310547	0
2022/11/03	122.30175018310547	122.30175018310547	122.30175018310547	122.30175018310547	0
2022/11/04	124.93188798633827	126.68531799316406	124.93188798633827	126.68531799316406	7999
2022/11/07	128.00039672851562	128.00039672851562	128.00039672851562	128.00039672851562	100
2022/11/08	128.43873596191406	128.43873596191406	128.43873596191406	128.43873596191406	1000
2022/11/09	128.87710571289062	128.87710571289062	128.87710571289062	128.87710571289062	3000
2022/11/10	128.87710571289062	128.87710571289062	128.87710571289062	128.87710571289062	0
2022/11/11	129.75381469726562	130.63052966143636	129.75381469726562	129.75381469726562	7000
2022/11/14	131.5072479248047	131.5072479248047	131.5072479248047	131.5072479248047	1
2022/11/15	131.5072479248047	131.5072479248047	131.5072479248047	131.5072479248047	3000
2022/11/16	131.5072479248047	131.5072479248047	131.5072479248047	131.5072479248047	0
2022/11/17	133.69903265261183	134.13739013671875	133.26067516850492	134.13739013671875	5000
2022/11/18	134.13739013671875	134.13739013671875	134.13739013671875	134.13739013671875	0
2022/11/21	134.13739013671875	134.13739013671875	134.13739013671875	134.13739013671875	0
2022/11/22	134.13739013671875	134.13739013671875	134.13739013671875	134.13739013671875	0
2022/11/23	134.13739013671875	134.13739013671875	134.13739013671875	134.13739013671875	0
2022/11/24	133.26067516850492	134.13739013671875	133.26067516850492	134.13739013671875	1075
2022/11/25	134.5757598876953	134.5757598876953	134.5757598876953	134.5757598876953	1000
2022/11/28	134.5757598876953	134.5757598876953	134.5757598876953	134.5757598876953	0
2022/11/29	134.5757598876953	134.5757598876953	134.5757598876953	134.5757598876953	1026
2022/11/30	134.5757598876953	134.5757598876953	134.5757598876953	134.5757598876953	1000
2022/12/01	136.76753859747024	138.08261108398438	135.4524661109561	138.08261108398438	5010
2022/12/02	138.08261108398438	138.08261108398438	138.08261108398438	138.08261108398438	0
2022/12/05	138.08261108398438	138.08261108398438	138.08261108398438	138.08261108398438	0
2022/12/06	135.01410244672726	136.7675323486328	135.01410244672726	136.7675323486328	2000
2022/12/07	136.7675323486328	136.7675323486328	136.7675323486328	136.7675323486328	0
2022/12/08	136.7675323486328	136.7675323486328	136.7675323486328	136.7675323486328	0
2022/12/09	136.7675323486328	136.7675323486328	136.7675323486328	136.7675323486328	0
2022/12/12	136.7675323486328	136.7675323486328	136.7675323486328	136.7675323486328	0
2022/12/13	136.7675323486328	136.7675323486328	136.7675323486328	136.7675323486328	0
2022/12/14	136.7675323486328	136.7675323486328	136.7675323486328	136.7675323486328	100
2022/12/15	138.08261108398438	138.08261108398438	138.08261108398438	138.08261108398438	3
2022/12/16	138.08261108398438	138.08261108398438	138.08261108398438	138.08261108398438	0
2022/12/19	131.94561767578125	131.94561767578125	131.94561767578125	131.94561767578125	4
2022/12/20	131.94561767578125	131.94561767578125	131.94561767578125	131.94561767578125	0
2022/12/21	135.0141143798828	135.0141143798828	135.0141143798828	135.0141143798828	1000
2022/12/22	135.0141143798828	135.0141143798828	135.0141143798828	135.0141143798828	0
2022/12/23	135.0141143798828	135.0141143798828	135.0141143798828	135.0141143798828	0
2022/12/26	135.0141143798828	135.0141143798828	135.0141143798828	135.0141143798828	0
2022/12/27	135.0141143798828	135.0141143798828	135.0141143798828	135.0141143798828	0
2022/12/28	135.0141143798828	135.0141143798828	135.0141143798828	135.0141143798828	0
2022/12/29	135.0141143798828	135.0141143798828	135.0141143798828	135.0141143798828	0
2022/12/30	133.26067516850492	134.5757476208257	133.26067516850492	134.13739013671875	5000
2023/01/03	135.8908233642578	135.8908233642578	135.8908233642578	135.8908233642578	10
2023/01/04	135.8908233642578	135.8908233642578	135.8908233642578	135.8908233642578	0
2023/01/05	136.7675323486328	136.7675323486328	136.7675323486328	136.7675323486328	1003
2023/01/06	136.7675323486328	136.7675323486328	136.7675323486328	136.7675323486328	0
2023/01/09	136.7675323486328	136.7675323486328	136.7675323486328	136.7675323486328	0
2023/01/10	136.7675323486328	136.7675323486328	136.7675323486328	136.7675323486328	0
2023/01/11	137.20589584842804	137.20589584842804	135.8908233642578	135.8908233642578	2000
2023/01/12	135.8908233642578	135.8908233642578	135.8908233642578	135.8908233642578	0
2023/01/13	135.8908233642578	135.8908233642578	135.8908233642578	135.8908233642578	0
2023/01/16	135.8908233642578	135.8908233642578	135.8908233642578	135.8908233642578	0
2023/01/17	135.8908233642578	135.8908233642578	135.8908233642578	135.8908233642578	0
2023/01/30	138.08261712899983	138.08261712899983	135.89082955552365	137.20590209960938	2300
2023/01/31	137.64425659179688	137.64425659179688	137.64425659179688	137.64425659179688	100
2023/02/01	137.64425659179688	137.64425659179688	137.64425659179688	137.64425659179688	0
2023/02/02	137.64425659179688	137.64425659179688	137.64425659179688	137.64425659179688	0
2023/02/03	141.15110778808594	141.15110778808594	141.15110778808594	141.15110778808594	1000
2023/02/06	141.15112915039063	141.15112915039063	140.2744140625	140.2744140625	4000
2023/02/07	140.2744140625	140.2744140625	140.2744140625	140.2744140625	0
2023/02/08	143.78126205632717	143.78126205632717	142.02783203125	142.02783203125	2300
2023/02/09	140.7127685546875	140.7127685546875	140.7127685546875	140.7127685546875	1
2023/02/10	142.02783203125	142.02783203125	142.02783203125	142.02783203125	3000
2023/02/13	142.02783203125	142.02783203125	142.02783203125	142.02783203125	2000
2023/02/14	142.02783203125	142.02783203125	142.02783203125	142.02783203125	200
2023/02/15	142.02783203125	142.02783203125	142.02783203125	142.02783203125	0
2023/02/16	142.02783203125	142.02783203125	142.02783203125	142.02783203125	0
2023/02/17	144.65797424316406	144.65797424316406	144.65797424316406	144.65797424316406	2000
2023/02/20	145.53468322753906	145.53468322753906	145.53468322753906	145.53468322753906	1002
2023/02/21	144.65797744111387	146.41140747070312	144.65797744111387	146.41140747070312	6000
2023/02/22	145.53468322753906	145.53468322753906	145.53468322753906	145.53468322753906	1000
2023/02/23	144.65798645941513	145.53470152886612	144.21962892468963	145.09634399414062	21050
2023/02/24	145.09631941311267	145.09631941311267	142.02781718987464	144.2196044921875	3982
2023/03/01	141.15112618161112	145.09634399414062	141.15112618161112	145.09634399414062	2051
2023/03/02	143.78125901442309	143.78125901442309	142.0278290264423	142.4661865234375	8000
2023/03/03	142.90455627441406	142.90455627441406	142.90455627441406	142.90455627441406	2000
2023/03/06	142.90455008586494	142.90455008586494	139.83604747665925	141.5894775390625	27621
2023/03/07	142.46619873982996	147.28813162025497	142.46619873982996	142.90455627441406	38669
2023/03/08	143.78124703172494	144.2196044921875	143.78124703172494	144.2196044921875	302
2023/03/09	144.21962887816633	144.21962887816633	142.90455627441406	142.90455627441406	11012
2023/03/10	142.02782274329144	142.02782274329144	139.8360353552777	141.15110778808594	17110
2023/03/13	141.58947452498072	142.02783203125	141.58947452498072	142.02783203125	1031
2023/03/14	140.2744110202492	140.7127685546875	140.2744110202492	140.7127685546875	3123
2023/03/15	140.7127448084869	144.2196044921875	140.7127448084869	144.2196044921875	1189
2023/03/16	140.27439856150795	140.71275605701265	137.64425358847967	138.08261108398438	11600
2023/03/17	138.5209566791977	139.83602905273438	138.5209566791977	139.83602905273438	620
2023/03/20	140.7127503104832	141.5894652656887	140.27439283288044	141.15110778808594	17664
2023/03/21	141.15110778808594	141.15110778808594	141.15110778808594	141.15110778808594	250
2023/03/22	141.1511170187114	142.02783203125	141.1511170187114	142.02783203125	510
2023/03/23	139.8360471877808	141.58947724656176	135.89082955552365	137.20590209960938	18644
2023/03/24	136.76754158165804	137.64425659179688	136.76754158165804	137.64425659179688	1100
2023/03/27	140.71275063610952	143.3428955078125	139.8360356788752	143.3428955078125	7020
2023/03/28	140.27441106690952	147.28813162025497	139.39769599774132	142.90455627441406	93107
2023/03/29	143.78126525878906	143.78126525878906	143.78126525878906	143.78126525878906	272
2023/03/30	142.90454704378857	142.90454704378857	142.02783203125	142.02783203125	19000
2023/03/31	143.78127134358223	143.78127134358223	142.90455627441406	142.90455627441406	4000
2023/04/06	143.34289582953397	148.1648281051452	142.90453834993295	145.53468322753906	26945
2023/04/07	147.28813180206828	158.68542771532356	147.28813180206828	151.6717071533203	38963
2023/04/10	153.42511582648618	153.42511582648618	151.23332845753637	152.54840087890625	5010
2023/04/11	152.9867674012115	153.42512490092844	150.7949799026268	151.23333740234375	17818
2023/04/12	151.233340418616	151.67169792707577	149.0415528763172	150.79498291015625	33771
2023/04/13	148.6031891943073	149.4799041748047	148.6031891943073	149.4799041748047	2110
2023/04/14	149.0415588735837	149.91827392578125	149.0415588735837	149.91827392578125	3500
2023/04/17	150.79498291015625	151.67169792707577	149.47991038477699	150.79498291015625	8004
2023/04/18	154.3018429778343	154.3018429778343	146.84976533401843	150.79498291015625	16010
2023/04/19	151.2333371779498	151.2333371779498	148.16483468448416	149.0415496826172	36031
2023/04/20	149.0415588735837	149.91827392578125	149.0415588735837	149.91827392578125	3000
2023/04/21	149.91827392578125	149.91827392578125	149.91827392578125	149.91827392578125	0
2023/04/24	147.2881228424782	150.79498291015625	146.41140782555868	150.79498291015625	6003
2023/04/25	148.1648378593977	152.11005543553551	148.1648378593977	150.79498291015625	9024
2023/04/26	149.04155904596502	161.75392731753263	148.16484399275348	154.30184936523438	68433
2023/04/27	150.79497967888327	151.2333371779498	149.0415496826172	149.0415496826172	23539
2023/04/28	153.86348546937452	153.86348546937452	150.79498291015625	150.79498291015625	3002
2023/05/02	152.9867708022985	164.8224235577772	152.9867708022985	155.17855834960938	49231
2023/05/03	159.12376951559997	159.12376951559997	151.67169215536526	153.8634796142578	13440
2023/05/04	154.74019459781485	154.74019459781485	152.54840713892227	153.8634796142578	7330
2023/05/05	153.4251343970205	156.49363708496094	153.4251343970205	156.49363708496094	6301
2023/05/08	152.54841012137277	153.4251251220703	150.79498011997768	153.4251251220703	23014
2023/05/09	152.54841312091466	153.42512813885094	151.23334059401023	152.9867706298828	33062
2023/05/10	154.30183710603632	154.30183710603632	152.54840713892227	153.8634796142578	14212
2023/05/11	152.1100434051163	153.42511582648618	151.23332845753637	152.54840087890625	29011
2023/05/12	152.98678283691407	161.75393371582032	151.67171020507814	160.00050354003906	145073
2023/05/15	162.192259894477	162.192259894477	157.80868530273438	157.80868530273438	2690
2023/05/16	159.17696766371137	162.82572336946978	157.80868427405196	162.36962890625	28116
2023/05/17	161.45746529715402	161.45746529715402	158.72089808872767	159.63308715820312	4220
2023/05/18	161.91354101354426	162.36963549527255	160.54525756835938	160.54525756835938	10000
2023/05/19	162.82573533724138	164.1940188274703	161.0013573502695	163.28182983398438	8024
2023/05/22	166.0184072133657	173.3159196183488	164.19402911211992	168.75497436523438	35298
2023/05/23	170.57933973051587	171.03543422177393	167.8427727829675	170.1232452392578	8019
2023/05/24	165.56230938819147	169.6671600341797	165.56230938819147	169.6671600341797	1048
2023/05/25	169.6671566886698	170.579345703125	169.6671566886698	170.579345703125	3006
2023/05/26	171.03543687374034	171.4915313720703	167.8427753854305	171.4915313720703	28370
2023/05/29	167.8427804677274	174.2281036376953	167.8427804677274	174.2281036376953	19305
2023/05/30	173.31591243407587	181.98170805577968	171.49153440845402	181.06951904296875	20192
2023/05/31	183.3499923238949	183.3499923238949	175.5963856833322	178.78904724121094	21726
2023/06/01	173.77200694048133	181.06951904296875	173.77200694048133	181.06951904296875	6131
2023/06/02	180.6134219097002	181.52561090924414	177.87685491106836	179.70123291015625	14001
2023/06/05	181.06951904296875	181.06951904296875	181.06951904296875	181.06951904296875	1000
2023/06/06	173.31591796875	175.14029605263158	173.31591796875	173.31591796875	12513
2023/06/07	174.2281086689717	174.2281086689717	166.93059626398858	168.75497436523438	7035
2023/06/08	168.75497436523438	168.75497436523438	168.75497436523438	168.75497436523438	0
2023/06/09	168.75497436523438	168.75497436523438	168.75497436523438	168.75497436523438	0
2023/06/12	168.75497436523438	168.75497436523438	168.75497436523438	168.75497436523438	0
2023/06/13	164.6501152580553	167.38668227065455	164.6501152580553	166.9305877685547	4115
2023/06/14	163.73793029785156	163.73793029785156	163.73793029785156	163.73793029785156	10
2023/06/15	163.73793029785156	163.73793029785156	163.73793029785156	163.73793029785156	0
2023/06/16	169.2110595703125	169.2110595703125	169.2110595703125	169.2110595703125	1
2023/06/19	169.21106551795876	169.6671600341797	169.21106551795876	169.6671600341797	937
2023/06/20	169.6671600341797	169.6671600341797	169.6671600341797	169.6671600341797	0
2023/06/21	163.28183175175567	168.75496577695418	163.28183175175567	166.9305877685547	5005
2023/06/26	160.5452635335517	162.36964152825115	157.8086965415025	161.00135803222656	11612
2023/06/27	158.26480355398996	159.63308715820312	158.26480355398996	159.63308715820312	2056
2023/06/28	159.17697143554688	159.17697143554688	159.17697143554688	159.17697143554688	2000
2023/06/29	160.08917236328125	160.08917236328125	160.08917236328125	160.08917236328125	26
2023/06/30	160.08917236328125	160.08917236328125	160.08917236328125	160.08917236328125	0
2023/07/03	160.08917236328125	160.08917236328125	160.08917236328125	160.08917236328125	0
2023/07/04	162.82573602692602	163.28183052560087	161.00135803222656	161.00135803222656	5000
2023/07/05	163.28182983398438	163.28182983398438	163.28182983398438	163.28182983398438	1998
2023/07/06	163.28182983398438	163.28182983398438	163.28182983398438	163.28182983398438	0
2023/07/07	163.73793029785156	163.73793029785156	163.73793029785156	163.73793029785156	1003
2023/07/10	163.73793029785156	163.73793029785156	163.73793029785156	163.73793029785156	0
2023/07/11	157.3526144845145	159.63308715820312	157.3526144845145	159.63308715820312	4504
2023/07/12	159.63308715820312	159.63308715820312	159.63308715820312	159.63308715820312	0
2023/07/13	159.63308715820312	159.63308715820312	159.63308715820312	159.63308715820312	1010
2023/07/14	160.08917236328125	160.08917236328125	160.08917236328125	160.08917236328125	1000
2023/07/17	163.2818310678487	170.57934307088107	163.2818310678487	169.2110595703125	10120
2023/07/18	169.21106551795876	169.6671600341797	169.21106551795876	169.6671600341797	2030
2023/07/19	168.75497436523438	169.66716341585726	164.19402911211992	168.75497436523438	10060
2023/07/20	169.2110548655192	169.2110548655192	163.2818265279134	164.1940155029297	4324
2023/07/21	164.1940155029297	164.1940155029297	164.1940155029297	164.1940155029297	0
2023/07/24	164.1940155029297	164.1940155029297	164.1940155029297	164.1940155029297	0
2023/07/25	164.1940155029297	164.1940155029297	164.1940155029297	164.1940155029297	0
2023/07/26	165.56230913582496	166.01840365135064	161.00136398056807	161.45745849609375	11388
2023/07/27	161.45746442767935	162.36965349224252	161.00136989539777	161.91355895996094	5250
2023/07/28	161.91355895996094	161.91355895996094	161.91355895996094	161.91355895996094	400
2023/07/31	161.91355895996094	161.91355895996094	161.91355895996094	161.91355895996094	2120
2023/08/01	161.91355039591122	161.91355039591122	154.6160382653913	160.08917236328125	16060
2023/08/02	160.54525756835938	164.19401342218572	160.0891630866311	160.54525756835938	11445
2023/08/04	157.80869526582606	157.80869526582606	150.96727784100702	155.07212829589844	13280
2023/08/07	155.07212829589844	155.07212829589844	155.07212829589844	155.07212829589844	2126
2023/08/08	155.0721296830611	155.0721296830611	147.77461769797586	150.5111846923828	4413
2023/08/09	151.42336707200832	152.33555603027344	149.5989891554781	152.33555603027344	6156
2023/08/10	147.77462411855723	147.77462411855723	139.10882825975293	140.47711181640625	32590
2023/08/11	141.38929415971805	142.30148315429688	132.26740421392978	142.30148315429688	50507
2023/08/14	140.47711181640625	141.3893008541751	140.47711181640625	140.47711181640625	5080
2023/08/15	141.84539458546013	142.75758361816406	141.84539458546013	142.75758361816406	4200
2023/08/16	144.5819549560547	144.5819549560547	144.12586046092517	144.5819549560547	6552
2023/08/17	146.40634155273438	147.31853059667665	146.40634155273438	146.40634155273438	5000
2023/08/18	149.5989990234375	149.5989990234375	149.5989990234375	149.5989990234375	1000
2023/08/21	146.8624267578125	146.8624267578125	146.8624267578125	146.8624267578125	8
2023/08/22	143.21367406845093	145.9502410888672	142.3014850616455	145.9502410888672	13102
2023/08/23	145.9502410888672	145.9502410888672	145.9502410888672	145.9502410888672	1000
2023/08/24	146.8624267578125	146.8624267578125	145.49414327870244	146.8624267578125	120
2023/08/25	144.58196090602277	145.95024444772014	144.12586639212364	145.03805541992188	7001
2023/08/28	145.95024784909018	147.3185314226754	143.21368070191974	144.12586975097656	14191
2023/08/29	146.8624267578125	146.8624267578125	146.8624267578125	146.8624267578125	1000
2023/08/30	146.86243607470553	146.86243607470553	146.40634155273438	146.40634155273438	8003
2023/08/31	145.9502410888672	145.9502410888672	145.9502410888672	145.9502410888672	1100
2023/09/01	146.86243862575955	147.77462768554688	146.86243862575955	147.77462768554688	11300
2023/09/04	147.3185331556532	147.77462768554688	147.3185331556532	147.77462768554688	2100
2023/09/05	150.05508422851562	150.9672731903911	148.23070630476468	150.05508422851562	8502
2023/09/06	149.5989990234375	149.5989990234375	149.5989990234375	149.5989990234375	2002
2023/09/07	149.59899305057817	150.5111820325939	149.1428985595703	149.1428985595703	2210
2023/09/08	149.1428985595703	149.1428985595703	149.1428985595703	149.1428985595703	0
2023/09/11	149.59899569424718	151.8794681895863	149.59899569424718	150.5111846923828	8000
2023/09/12	151.42337036132812	151.42337036132812	151.42337036132812	151.42337036132812	1000
2023/09/13	150.5111990401994	152.7916717529297	149.59900995510728	152.7916717529297	6406
2023/09/14	152.79164722987582	153.24774169921875	152.79164722987582	153.24774169921875	4000
2023/09/15	152.3355587016935	153.70384216308594	152.3355587016935	153.70384216308594	2010
2023/09/18	152.33555603027344	152.33555603027344	152.33555603027344	152.33555603027344	1000
2023/09/19	152.33555603027344	152.33555603027344	152.33555603027344	152.33555603027344	800
2023/09/20	151.42337036132812	151.42337036132812	151.42337036132812	151.42337036132812	800
2023/09/21	150.51118138324782	151.42337036132812	150.51118138324782	151.42337036132812	695
2023/09/22	151.42337036132812	151.42337036132812	151.42337036132812	151.42337036132812	55
2023/09/25	150.05508422851562	150.05508422851562	150.05508422851562	150.05508422851562	271
2023/09/26	150.5111846923828	150.5111846923828	150.5111846923828	150.5111846923828	3000
2023/09/27	150.96728515625	150.96728515625	150.96728515625	150.96728515625	30
2023/09/28	149.5989990234375	150.51118804187308	149.5989990234375	149.5989990234375	5030
2023/10/02	150.05508689420768	151.42337036132812	150.05508689420768	151.42337036132812	4120
2023/10/03	149.5990023934768	150.0550969129691	147.77462431550757	148.6868133544922	3279
2023/10/04	145.03806050618488	147.77462768554688	145.03806050618488	147.77462768554688	3413
2023/10/05	148.2307121970437	150.5111846923828	148.2307121970437	150.5111846923828	9150
2023/10/06	152.7916717529297	152.7916717529297	152.7916717529297	152.7916717529297	1050
2023/10/11	149.5989990234375	149.5989990234375	149.5989990234375	149.5989990234375	1
2023/10/12	150.5111846923828	150.5111846923828	150.5111846923828	150.5111846923828	400
2023/10/13	150.5111781137432	152.33555603027344	150.5111781137432	152.33555603027344	4130
2023/10/16	151.42337631821275	151.8794708251953	151.42337631821275	151.8794708251953	2946
2023/10/17	151.42337369051847	151.42337369051847	148.68680669611152	150.5111846923828	4050
2023/10/18	150.96728515625	150.96728515625	150.96728515625	150.96728515625	50
2023/10/19	150.51119063916164	151.87947419042672	147.77462353663142	150.96728515625	7250
2023/10/20	151.4233770603087	151.4233770603087	146.86243196813072	149.5989990234375	4205
2023/10/23	149.5990023934768	150.0550969129691	146.40634075703065	148.6868133544922	5070
2023/10/24	146.40634155273438	146.86243607470553	145.03805798682097	146.40634155273438	31253
2023/10/25	145.4941439463137	146.40633293657274	143.66976596579568	144.5819549560547	21092
2023/10/26	145.494149933821	145.494149933821	144.12586639212364	145.03805541992188	6888
2023/10/27	144.58195564074393	144.58195564074393	139.5649161705604	142.30148315429688	12923
2023/10/30	142.75758441082843	142.75758441082843	139.10882825975293	140.47711181640625	9151
2023/10/31	141.38929151022705	141.38929151022705	140.4771025327417	140.93319702148438	13106
2023/11/01	140.93320035157842	141.38929485109807	140.02101135253906	140.02101135253906	3650
2023/11/02	140.0210172975218	140.9332063352907	139.10882825975293	140.47711181640625	11210
2023/11/03	140.02101135253906	140.02101135253906	140.02101135253906	140.02101135253906	4141
2023/11/06	140.02101135253906	140.02101135253906	138.19663335446037	140.02101135253906	9463
2023/11/07	140.4771025327417	140.93319702148438	137.7405356002857	140.93319702148438	4310
2023/11/08	140.93319638975106	143.2136688232422	140.47710190305284	143.2136688232422	12916
2023/11/09	138.6527346792251	147.31853059667665	138.6527346792251	146.40634155273438	65706
2023/11/10	146.86242286195147	150.05508422851562	144.58195045726276	150.05508422851562	28605
2023/11/13	146.4063322647758	148.23071023692253	145.03804878566575	146.8624267578125	18520
2023/11/14	147.3185173428892	150.05508422851562	147.3185173428892	150.05508422851562	6362
2023/11/15	150.05507988803896	155.52821350097656	146.86241861382535	155.52821350097656	42986
2023/11/16	155.07212173107058	158.2647830608279	150.05508249859477	156.89649963378906	55188
2023/11/17	157.8087049967448	172.40372973632813	157.8087049967448	171.0354461669922	89502
2023/11/20	171.03544021035262	175.5963852826287	166.47449513807655	170.579345703125	83615
2023/11/21	170.57935164388022	171.94763521321616	166.0184064127604	171.0354461669922	67081
2023/11/22	166.4745009358724	174.22810782877605	166.4745009358724	171.0354461669922	97655
2023/11/23	171.03544437917768	172.4037279342111	165.1062156406995	167.38668823242188	88031
2023/11/24	171.4915320712601	171.4915320712601	166.9305870693649	169.2110595703125	43109
2023/11/27	171.94763107699248	175.14029266197645	167.38668595558684	174.2281036376953	123001
2023/11/28	173.77200509588639	177.42076110839844	168.29887107711832	177.42076110839844	107917
2023/11/29	176.0524785683756	180.6134236090071	159.63307642210222	164.65011596679688	1334000
2023/11/30	159.17697875078986	162.36964021570543	153.70384481093464	155.07212829589844	547000
2023/12/01	155.07211957659038	155.07211957659038	151.87945829119	153.24774169921875	359000
2023/12/04	153.2477438283521	157.35259410946867	151.87946040131325	156.89649963378906	290000
2023/12/05	155.07211957659038	155.07211957659038	152.79164722987582	153.24774169921875	205000
2023/12/06	153.247754346143	153.247754346143	151.8794708251953	151.8794708251953	130000
2023/12/07	153.2477476759551	155.52822011160922	153.2477476759551	153.70384216308594	171000
2023/12/08	153.7038400760175	153.7038400760175	147.77461182382694	150.05508422851562	226000
2023/12/11	150.0550969129691	150.0550969129691	142.3014900815999	148.6868133544922	349000
2023/12/12	149.59899829028245	152.33556533217788	146.4063367414045	151.8794708251953	201000
2023/12/13	151.87947419042672	151.87947419042672	150.51119063916164	150.96728515625	40000
2023/12/14	151.42337967333836	153.24775774169183	149.5990016049849	150.96728515625	166000
2023/12/15	150.51119143246143	150.51119143246143	148.6868133544922	148.6868133544922	71000
2023/12/18	148.68680078570242	150.51117870945336	148.68680078570242	150.05508422851562	37000
2023/12/19	150.05508754158603	150.5111820325939	149.1428985595703	149.1428985595703	43000
2023/12/20	149.1429045142197	150.0550935326553	148.2307154957841	149.5989990234375	24000
2023/12/21	148.68680739182693	149.59899639423077	146.86242938701923	148.230712890625	27000
2023/12/22	148.68681075624636	149.59899977929084	146.86243271015746	147.3185272216797	30000
2023/12/25	147.31852192683175	147.77461642196127	143.66976596579568	144.5819549560547	115000
2023/12/26	145.03805798682097	147.77462511864778	144.58196346484985	146.40634155273438	57000
2023/12/27	146.8624240791536	146.8624240791536	145.03804614028212	145.494140625	23000
2023/12/28	145.49415332456178	145.49415332456178	143.21368070191974	144.12586975097656	62000
2023/12/29	145.03804878566575	146.8624267578125	145.03804878566575	146.8624267578125	64000
2024/01/02	146.86243862575955	149.14291127522785	146.40634409586588	147.77462768554688	70000
2024/01/03	146.8624267578125	147.77461574388587	146.4063322647758	146.8624267578125	20000
2024/01/04	146.86243607470553	146.86243607470553	145.4941525087921	146.40634155273438	29000
2024/01/05	146.40634155273438	146.86243607470553	146.40634155273438	146.40634155273438	8000
2024/01/08	146.4063322647758	147.77461574388587	146.4063322647758	146.8624267578125	54000
2024/01/09	147.77462353663142	152.79166322460347	147.77462353663142	150.96728515625	188000
2024/01/10	148.2307045958763	157.8086885851483	147.77461012019668	156.89649963378906	351000
2024/01/11	156.89650822781968	161.45745323444234	155.5282247258329	158.72088623046875	334000
2024/01/12	160.0891630866311	166.01839134909892	160.0891630866311	160.54525756835938	368000
2024/01/15	160.54525756835938	160.54525756835938	160.54525756835938	160.54525756835938	0
2024/01/16	166.0183994789863	166.9305884871126	163.73792695867056	164.65011596679688	89000
2024/01/17	164.1940281972164	166.01840628829657	159.63308296951593	162.82574462890625	111000
2024/01/18	162.82573979075363	170.57934644745617	161.45745626310023	168.2988739013672	151000
2024/01/19	167.84276471819194	170.12323706490653	164.65010343279155	166.0183868408203	88000
2024/01/22	166.47449999224415	169.21106711540432	165.10621643066406	165.10621643066406	78000
2024/01/23	166.4745008110666	167.84278437937675	161.91355558336616	162.82574462890625	77000
2024/01/24	163.73791449410575	166.0183868408203	163.28182002476282	166.0183868408203	46000
2024/01/25	164.65011264601358	165.5623016357422	164.19401815114927	165.5623016357422	20000
2024/01/26	165.56230497492317	166.0183994789863	163.73792695867056	164.65011596679688	90000
2024/01/29	165.10621047086002	165.56230497492317	164.19402146273373	164.65011596679688	65000
2024/01/30	165.56231188964844	171.49154069010416	165.56231188964844	171.0354461669922	154000
2024/01/31	172.85981153054212	177.87685091533356	171.94762255148913	172.40371704101562	208000
2024/02/01	171.94762191573258	176.96466128197412	171.49152742789246	174.68418884277344	92000
2024/02/02	175.14029771959457	175.59639224490604	168.75497436523438	168.75497436523438	116000
2024/02/05	170.1232545504006	171.49153809906335	167.84278196929603	169.6671600341797	49000
2024/02/15	169.6671566886698	172.85981823926303	166.01840063084893	170.579345703125	58000
2024/02/16	170.1232478770804	171.9476258704003	169.6671533787504	171.4915313720703	41000
2024/02/19	171.49152362530046	180.61341317983772	171.49152362530046	177.87684631347656	226000
2024/02/20	180.15733930799695	191.55970255533853	180.15733930799695	188.82313537597656	413000
2024/02/21	187.4548399471542	189.73531245259403	182.89389493627453	187.9109344482422	173000
2024/02/22	186.9987434915977	188.3670269805606	181.06951503942508	184.26217651367188	160000
2024/02/23	184.26218838997076	189.73532269858376	183.806093864253	185.17437744140625	111000
2024/02/26	186.54265534962323	195.20845107491135	185.17437181405143	192.927978515625	235000
2024/02/27	196.12064519357799	196.12064519357799	182.89390400610412	187.45484924316406	146000
2024/02/29	190.19140176013508	206.1547088623047	189.73530727150165	206.1547088623047	410000
2024/03/01	225.31067562103271	225.31067562103271	188.82311681600717	189.7353057861328	704000
2024/03/04	192.9279792822149	201.13768052826657	189.7353176865281	190.6475067138672	365000
2024/03/05	193.38407261596132	205.69862440990224	186.5426549526608	203.41815185546875	652000
2024/03/06	207.06691028828524	223.48631286621094	204.3303431919643	223.48631286621094	819000
2024/03/07	229.87162449048913	242.64227029551628	221.2058291227921	230.7838134765625	1415000
2024/03/08	231.6960067107898	237.62523522897928	210.25956514502775	217.10098266601562	910000
2024/03/11	217.1009871820698	223.0302158235969	203.41815185546875	203.41815185546875	336000
2024/03/12	207.06691572587567	213.45223911830357	203.41815950163118	207.52301025390625	200000
2024/03/13	208.43518754826036	212.54003806890444	194.75235247944676	196.12063598632812	245000
2024/03/14	200.2254899283436	202.04986796869295	191.55969423668407	195.2084503173828	154000
2024/03/15	192.01579458952506	198.85721244900932	192.01579458952506	195.66455078125	102000
2024/03/18	200.22549257920127	201.5937761275785	195.66454741794382	196.5767364501953	116000
2024/03/19	199.76937757219585	199.76937757219585	190.6474881853376	191.55967712402344	201000
2024/03/20	193.8401602299697	193.8401602299697	186.5426483154297	186.5426483154297	174000
2024/03/21	187.9109344482422	191.10359595585794	186.99874544606624	187.9109344482422	61000
2024/03/22	189.73530977804094	189.73530977804094	184.26217584213592	186.5426483154297	61000
2024/03/25	189.73531227550288	203.4181472953709	189.73531227550288	198.40110778808594	279000
2024/03/26	198.40110778808594	198.40110778808594	198.40110778808594	198.40110778808594	0
2024/03/27	195.66453817155625	197.48891614984583	194.75234918241148	197.03282165527344	52000
2024/03/28	196.12063403378167	196.12063403378167	192.4718780517578	192.4718780517578	43000
2024/03/29	192.92798188633137	194.2962654458089	192.0157928466797	192.0157928466797	37000
2024/04/01	192.01578838069264	192.01578838069264	186.99874877929688	186.99874877929688	76000
2024/04/02	187.91092136928012	196.12062181745256	187.91092136928012	191.55967712402344	93000
2024/04/03	191.55969574120627	191.55969574120627	187.91093963184997	190.6475067138672	36000
2024/04/08	190.64750265682443	194.296258688534	189.73531364889706	193.8401641845703	54000
2024/04/09	197.03282870305492	209.80347500788255	196.12063968128152	203.41815185546875	248000
2024/04/10	218.0131676715353	218.0131676715353	207.97908882472825	209.803466796875	274000
2024/04/11	210.7156571451823	210.7156571451823	203.41814520941838	205.24252319335938	122000
2024/04/12	207.0669121883453	207.9791012288226	196.1206437026178	200.22549438476562	194000
2024/04/15	199.76938729264617	211.62784407257493	196.1206313603604	201.59376525878906	188000
2024/04/16	207.97908882472825	220.7497346297554	207.97908882472825	209.803466796875	906000
2024/04/17	215.73270922721701	221.66193802204538	212.08395304578417	214.3644256591797	573000
2024/04/18	213.45222529658565	223.48630426351914	209.8034693086098	221.66192626953125	418000
2024/04/19	217.10097312087004	220.749728971641	199.76938282970815	207.06689453125	512000
2024/04/22	210.25956264919705	211.62784613715277	201.59376722547742	205.24252319335938	151000
2024/04/23	208.43518536171217	209.3473743567306	201.5937678990739	202.96205139160156	70000
2024/04/24	203.87424302101135	206.1547155380249	202.50595951080322	204.33033752441406	74000
2024/04/25	204.3303442602759	206.61081685246646	200.68158811277095	202.50596618652344	80000
2024/04/26	203.41815185546875	205.69862440990224	201.59377381192195	203.41815185546875	61000
2024/04/29	204.78642737347147	212.5400337550951	204.33033288043478	209.803466796875	106000
2024/04/30	211.6278515196683	211.6278515196683	207.06690644381337	207.97909545898438	53000
2024/05/02	207.9790983380012	220.7497447271767	207.9790983380012	217.5570831298828	289000
2024/05/03	223.48630367181238	223.48630367181238	212.54003573686649	213.4522247314453	199000
2024/05/06	218.9253519349179	218.9253519349179	212.54002917014947	215.27659606933594	84000
2024/05/07	215.27659606933594	215.73269055253368	208.8912733045675	215.27659606933594	101000
2024/05/08	217.10097127885962	218.925349188766	212.99612098157024	213.90830993652344	70000
2024/05/09	216.18880114667675	216.18880114667675	212.08395049199302	212.9961395263672	64000
2024/05/10	208.89127579410518	211.17174823727228	203.4181419305042	206.1547088623047	155000
2024/05/13	206.15473345906665	208.43520617432182	205.2425443729646	205.69863891601562	31000
2024/05/14	207.97909545898438	208.43518996656985	204.33033939830042	207.97909545898438	54000
2024/05/15	208.43519930996737	211.17176647815074	203.41815950163118	207.52301025390625	64000
2024/05/16	210.71566513161252	210.71566513161252	206.15471999889365	209.34738159179688	76000
2024/05/17	211.62784020375398	215.73269055253368	208.8912733045675	215.27659606933594	179000
2024/05/20	218.92535869891825	227.1350596501277	213.4522247314453	213.4522247314453	373000
2024/05/21	213.90832046857741	226.22287196676845	213.45222596864443	219.38145446777344	385000
2024/05/22	225.31068907931635	225.31068907931635	217.10098785780278	219.83755493164062	194000
2024/05/23	219.8375530645314	221.66193109826196	211.17175740431128	216.1887969970703	286000
2024/05/24	216.64489150550293	219.8375530645314	214.8205134717724	216.1887969970703	61000
2024/05/27	220.2936453790021	227.1350629373562	216.6448893478799	223.03021240234375	308000
2024/05/28	225.76677746683544	225.76677746683544	219.38145446777344	219.38145446777344	129000
2024/05/29	219.38145446777344	221.20583246750542	217.1009819681084	219.38145446777344	101000
2024/05/30	219.38144835757998	219.38144835757998	207.9790861768326	208.4351806640625	232000
2024/05/31	209.80346412575219	212.99612553636146	207.9790861768326	208.4351806640625	108000
2024/06/03	211.17175701208282	211.17175701208282	207.97909545898438	207.97909545898438	61000
2024/06/04	208.4351925652531	211.6278541581563	207.9790980519812	209.34738159179688	102000
2024/06/05	210.75554532076404	216.3882102291141	210.75554532076404	212.16371154785156	112000
2024/06/06	213.10249372990074	213.10249372990074	205.1228849338472	209.8167724609375	95000
2024/06/07	211.6943312193218	214.98005254645096	211.6943312193218	214.04127502441406	45000
2024/06/11	212.16370540290936	212.16370540290936	207.46981811523438	207.46981811523438	97000
2024/06/12	207.46983078547888	210.75555208751135	205.12288699831282	210.28616333007812	104000
2024/06/13	211.69433172349144	211.69433172349144	208.40861038853703	210.75555419921875	24000
2024/06/14	210.75554532076404	218.7351539409266	210.75554532076404	212.16371154785156	126000
2024/06/17	210.28616333007812	210.75555208751135	208.4086083003453	210.28616333007812	34000
2024/06/18	210.28615695224718	212.6331006682321	207.93921323626228	208.87799072265625	48000
2024/06/19	208.40859557276937	208.40859557276937	206.53104065769938	207.46981811523438	31000
2024/06/20	207.9392248031196	207.9392248031196	204.65350341796875	204.65350341796875	64000
2024/06/21	203.71470856063667	204.65348601944143	202.77593110183187	204.18409729003906	55000
2024/06/24	205.1228906150176	205.1228906150176	199.49022542650454	200.8983917236328	99000
2024/06/25	199.49022542650454	201.36778048934224	199.49022542650454	200.8983917236328	25000
2024/06/26	200.42898559570312	200.8983743207516	199.95959687065462	200.42898559570312	35000
2024/06/27	200.42899705804706	200.42899705804706	196.20449829101562	196.20449829101562	93000
2024/06/28	196.20449829101562	196.20449829101562	193.85755453155372	196.20449829101562	58000
2024/07/01	196.20448889019843	207.00042966645339	196.20448889019843	204.18409729003906	113000
2024/07/02	204.18411308359876	204.18411308359876	200.4290029579234	200.8983917236328	41000
2024/07/03	200.8983917236328	202.7759467864705	200.8983917236328	200.8983917236328	43000
2024/07/04	201.36777120093777	205.59226989746094	201.36777120093777	205.59226989746094	67000
2024/07/05	205.12288856506348	216.85760759052476	205.12288856506348	214.04127502441406	175000
2024/07/08	214.9800408573474	226.2453705092608	214.9800408573474	221.55148315429688	592000
2024/07/09	221.55148861108236	222.49026610519712	211.22493617582003	212.6331024169922	203000
2024/07/10	208.40860369347578	215.44943489933644	207.46982619936102	212.6331024169922	107000
2024/07/11	213.10249372990074	216.38821499886396	209.8167724609375	209.8167724609375	68000
2024/07/12	208.4086151123047	212.63311406728383	207.93922633952923	208.4086151123047	67000
2024/07/15	208.40860878042622	209.34738629745516	207.0004425048828	207.0004425048828	21000
2024/07/16	207.00042966645339	207.00042966645339	201.8371536430271	204.18409729003906	72000
2024/07/17	203.71471744113498	203.71471744113498	201.83716244167752	202.77593994140625	45000
2024/07/18	199.95960744222003	202.77593994140625	197.61266369289822	202.77593994140625	47000
2024/07/19	200.42899705804706	200.42899705804706	196.20449829101562	196.20449829101562	90000
2024/07/22	197.14326782226564	197.14326782226564	186.81671569824218	187.7554931640625	171000
2024/07/23	189.16366536210225	193.38816409227326	189.16366536210225	192.4493865966797	32000
2024/07/26	190.57183160549258	195.26571908346037	188.22488786650868	192.4493865966797	78000
2024/07/29	194.3269354248047	194.3269354248047	186.81671569824218	187.7554931640625	35000
2024/07/30	187.7554931640625	187.7554931640625	184.4697720336914	187.7554931640625	21000
2024/07/31	190.10245127492135	190.10245127492135	179.30650959758015	180.7146759033203	86000
2024/08/01	181.65344619750977	187.75549994574652	181.65344619750977	185.87794494628906	26000
2024/08/02	181.18405615939244	184.93916613160783	178.8371124267578	178.8371124267578	39000
2024/08/05	176.95955688303167	176.95955688303167	161.00033955140546	165.22483825683594	161000
2024/08/06	165.69423657690572	170.85751307080363	150.6737958673845	160.5309600830078	127000
2024/08/07	160.53094406758458	170.8574960251485	160.53094406758458	170.3881072998047	48000
2024/08/08	169.4493382841105	173.67383702249552	169.4493382841105	172.2656707763672	22000
2024/08/09	178.36771727869748	178.36771727869748	175.081996170932	177.42893981933594	28000
2024/08/12	181.18405151367188	184.9391613896029	180.24527404468913	181.18405151367188	22000
2024/08/13	178.83710147070823	180.7146563417918	177.89832403516647	179.77587890625	22000
2024/08/14	183.06159993064622	183.06159993064622	179.30649018847913	179.77587890625	22000
2024/08/15	181.18406467190036	181.18406467190036	180.7146759033203	180.7146759033203	2000
2024/08/16	179.77589204798196	179.77589204798196	178.36772579173143	179.30650329589844	18000
2024/08/19	176.49018169202301	178.36773681640625	176.49018169202301	178.36773681640625	26000
2024/08/20	183.53099989202707	183.53099989202707	176.02077994759628	178.8371124267578	34000
2024/08/21	176.95955744065012	178.8371124267578	175.08200245454245	178.8371124267578	12000
2024/08/22	178.83711283474682	178.83711283474682	175.5513916015625	175.5513916015625	11000
2024/08/23	174.6126183043135	176.9595620987263	173.67384078654837	176.49017333984375	13000
2024/08/26	178.36772579173143	180.24528080006544	177.42894828756442	179.30650329589844	26000
2024/08/27	178.36771275293734	180.2452676240209	177.42893531739557	179.77587890625	18000
2024/08/28	183.5310032842141	190.571834612253	178.36772697698558	186.3473358154297	44000
2024/08/29	185.87795179717395	185.87795179717395	184.00039672851562	184.00039672851562	14000
2024/08/30	185.87794068622105	186.34732942532767	184.00038572979457	184.9391632080078	10000
2024/09/02	185.87794068622105	185.87794068622105	181.65344203426147	184.9391632080078	17000
2024/09/03	179.7759025238589	181.1840688621659	179.7759025238589	181.65345764160156	12000
2024/09/04	177.89832883768005	177.89832883768005	174.14321899414062	174.14321899414062	14000
2024/09/05	179.30649473805906	179.30649473805906	176.95955108965515	177.42893981933594	31000
2024/09/06	176.95955744065012	178.8371124267578	176.95955744065012	178.8371124267578	8000
2024/09/09	178.36773533974926	178.36773533974926	172.26568123602098	174.6126251220703	15000
2024/09/10	176.02078558990308	176.02078558990308	167.10239912001467	169.91873168945312	31000
2024/09/11	171.79628369140624	176.49017122395833	171.79628369140624	176.02078247070312	12000
2024/09/12	174.61261410636698	175.5513916015625	173.67383661117145	175.5513916015625	7000
2024/09/13	173.67384756765057	174.6126251220703	172.26568123602098	174.6126251220703	12000
2024/09/16	172.73504638671875	174.61260123874828	171.79626896070397	172.73504638671875	26000
2024/09/18	172.73507063356163	173.67384819135273	171.326904296875	171.326904296875	9000
2024/09/19	170.3881028216818	172.73504638671875	170.3881028216818	172.73504638671875	25000
2024/09/20	174.61260123874828	175.08198995175567	172.73504638671875	172.73504638671875	19000
2024/09/23	173.2044546178869	173.67384338378906	173.2044546178869	173.67384338378906	3000
2024/09/24	174.14323003505305	174.14323003505305	172.73506375444614	173.20445251464844	3000
2024/09/25	173.67383450669195	175.55138947433184	173.67383450669195	175.08200073242188	22000
2024/09/26	174.6126209155933	175.5513984473976	173.2044546178869	173.67384338378906	14000
2024/09/27	173.67383487889026	173.67383487889026	171.79627990722656	171.79627990722656	12000
2024/09/30	169.91873168945312	170.3881204510262	168.51056540473388	169.91873168945312	35000
2024/10/01	169.91871857446085	172.73505092652374	169.44932984911705	170.3881072998047	74000
2024/10/04	170.8574981689453	171.79627563141204	170.38810943771193	170.8574981689453	72000
2024/10/07	170.85750871363695	173.20445251464844	170.85750871363695	173.20445251464844	19000
2024/10/08	174.61261199051188	176.4901669581518	174.1432232486019	175.08200073242188	16000
2024/10/09	175.082001107638	175.082001107638	170.85750242139474	171.79627990722656	25000
2024/10/11	172.26568123602098	174.6126251220703	172.26568123602098	174.6126251220703	23000
2024/10/14	175.5513979155442	177.42895297346445	175.5513979155442	176.95956420898438	23000
2024/10/15	178.83711874485016	181.18406256039938	178.83711874485016	180.2452850341797	19000
2024/10/16	181.1840620504316	187.75550471547317	181.1840620504316	183.531005859375	60000
2024/10/17	184.0003836051805	184.93916107255387	184.0003836051805	184.4697723388672	15000
2024/10/18	184.9391632080078	185.40855194711443	184.4697744689012	184.9391632080078	55000
2024/10/21	184.93917320514547	193.38817096578666	184.93917320514547	190.57183837890625	44000
2024/10/22	188.22487759230725	188.22487759230725	186.34732270360593	186.81671142578125	9000
2024/10/23	186.8167245706323	186.8167245706323	185.40855830502448	186.3473358154297	22000
2024/10/24	186.3473358154297	186.3473358154297	185.40855830502448	186.3473358154297	16000
2024/10/25	189.63305277764042	189.63305277764042	185.40855407714844	185.40855407714844	10000
2024/10/28	185.40855407714844	185.87794282164754	184.9391653326493	185.40855407714844	12000
2024/10/29	185.87794494628906	185.87794494628906	185.87794494628906	185.87794494628906	17000
2024/10/30	187.7555063195097	187.7555063195097	185.87795125631462	187.28611755371094	8000
2024/11/01	186.81671142578125	187.75548887013193	186.81671142578125	186.81671142578125	13000
2024/11/04	187.28610014795657	187.28610014795657	184.93915653707992	186.81671142578125	12000
2024/11/05	183.06161035465288	187.755497799644	183.06161035465288	185.40855407714844	17000
2024/11/06	185.40855619642468	185.87794494628906	185.40855619642468	185.87794494628906	7000
2024/11/07	184.00038994683158	185.87794494628906	184.00038994683158	185.87794494628906	26000
2024/11/08	187.28611119588214	187.75549994574652	185.40855619642468	185.87794494628906	31000
2024/11/11	186.34732727361393	186.34732727361393	181.65343993674708	184.4697723388672	26000
2024/11/12	179.30650639727833	179.30650639727833	173.20445251464844	173.20445251464844	21000
2024/11/13	179.77589204798196	179.77589204798196	173.6738382708964	179.30650329589844	10000
2024/11/14	179.30650329589844	179.30650329589844	179.30650329589844	179.30650329589844	0
2024/11/15	181.18404505956266	181.18404505956266	177.42893531739557	179.77587890625	15000
2024/11/18	175.08199172854114	179.77587890625	175.08199172854114	179.77587890625	5000
2024/11/19	179.77587890625	179.77587890625	179.77587890625	179.77587890625	0
2024/11/20	178.8371124267578	178.8371124267578	178.8371124267578	178.8371124267578	1603
2024/11/21	178.3677236802309	178.3677236802309	178.3677236802309	178.8371124267578	1000
2024/11/22	178.36771942380236	178.36771942380236	177.89833068847656	177.89833068847656	4000
2024/11/25	178.36773206042005	183.06161974622057	178.36773206042005	180.7146759033203	13000
2024/11/26	179.7758983661602	184.00039728338066	179.7758983661602	180.7146759033203	18000
2024/11/27	180.2452676240209	180.7146563417918	179.77587890625	179.77587890625	6000
2024/11/28	176.4901578818538	179.77587890625	176.4901578818538	179.77587890625	4000
2024/11/29	177.42893531739557	179.77587890625	176.95954659962467	179.77587890625	6000
2024/12/02	179.77587890625	179.77587890625	179.77587890625	179.77587890625	0
2024/12/03	177.42894195315077	178.36771942380236	175.55138701184757	177.89833068847656	9000
2024/12/04	177.89833068847656	178.36771942380236	176.49016448249918	177.89833068847656	13000
2024/12/05	177.89833068847656	177.89833068847656	177.89833068847656	177.89833068847656	15000
2024/12/06	179.30649689445394	180.24527436510553	177.42894195315077	177.89833068847656	19000
2024/12/09	184.9391632080078	191.04121681639387	183.06160825158133	184.9391632080078	87000
2024/12/10	185.40854331774588	185.40854331774588	183.0615997314453	183.0615997314453	13000
2024/12/11	184.00039672851562	184.00039672851562	184.00039672851562	184.00039672851562	1000
2024/12/12	181.18404505956266	181.18404505956266	179.77587890625	179.77587890625	7000
2024/12/13	179.77587890625	179.77587890625	176.4901578818538	179.77587890625	7000
2024/12/16	177.42895135646913	177.42895135646913	173.20445251464844	173.20445251464844	9000
2024/12/17	173.20444995117188	176.02078247070312	173.20444995117188	176.02078247070312	5000
2024/12/18	175.55138518546792	175.55138518546792	172.73505280281336	174.14321899414062	10000
2024/12/19	172.7350573930584	172.7350573930584	169.9187249355629	171.79627990722656	12000
2024/12/20	171.32689797417234	171.32689797417234	169.44934292788005	169.91873168945312	13000
2024/12/23	170.3881072998047	172.73505092652374	169.91871857446085	170.3881072998047	12000
2024/12/24	168.5105523984294	170.8574960251485	168.5105523984294	170.3881072998047	11000
2024/12/25	168.04117245144315	168.97994995117188	168.04117245144315	168.97994995117188	10000
2024/12/26	168.97994995117188	168.97994995117188	168.97994995117188	168.97994995117188	2000
2024/12/27	169.4493491812928	171.326904296875	168.97996040239724	171.326904296875	6000
2024/12/30	171.32688690017866	171.32688690017866	168.97994324401185	170.8574981689453	7000
2024/12/31	168.97994995117188	168.97994995117188	168.97994995117188	168.97994995117188	4000
2025/01/02	173.20445251464844	173.20445251464844	173.20445251464844	173.20445251464844	2000
2025/01/03	172.73506425889155	172.73506425889155	168.97995416630695	169.91873168945312	3000
2025/01/06	171.79627347583613	172.26566220117994	170.3881072998047	170.3881072998047	9000
2025/01/07	170.3881072998047	172.73505092652374	170.3881072998047	170.3881072998047	4000
2025/01/08	172.73504638671875	172.73504638671875	172.73504638671875	172.73504638671875	6000
2025/01/09	176.49017383606454	176.49017383606454	173.20445251464844	173.20445251464844	19000
2025/01/10	173.20443509972614	173.20443509972614	172.73504638671875	172.73504638671875	12000
2025/01/13	169.4493408203125	169.4493408203125	169.4493408203125	169.4493408203125	4000
2025/01/14	173.20445251464844	173.20445251464844	169.44934243303004	173.20445251464844	3000
2025/01/15	173.20445251464844	173.20445251464844	173.20445251464844	173.20445251464844	0
2025/01/16	169.4493491812928	171.326904296875	169.4493491812928	171.326904296875	5000
2025/01/17	169.4493382841105	172.2656707763672	169.4493382841105	172.2656707763672	4000
2025/01/20	172.26565767371136	172.73504638671875	171.32688024769658	172.73504638671875	11000
2025/01/21	172.73505911597593	175.5513916015625	172.73505911597593	175.5513916015625	14000
2025/01/22	175.55139582207863	176.49017333984375	175.08200706319604	176.49017333984375	18000
2025/02/03	176.49017435147616	176.49017435147616	169.91873168945312	169.91873168945312	6099
2025/02/04	171.79626896070397	173.20443509972614	169.9187141086744	172.73504638671875	14000
2025/02/05	174.14323003505305	174.14323003505305	172.73506375444614	173.20445251464844	5000
2025/02/06	172.73506375444614	174.61261879525534	172.73506375444614	173.20445251464844	7010
2025/02/07	174.61261410636698	175.5513916015625	174.61261410636698	175.5513916015625	4015
2025/02/10	177.42894873046876	177.42894873046876	176.02078247070312	176.02078247070312	8125
2025/02/11	174.6126209155933	174.6126209155933	173.67384338378906	173.67384338378906	12020
2025/02/12	173.2044546178869	175.5513984473976	172.73506585198479	173.67384338378906	9100
2025/02/13	174.6126209155933	174.6126209155933	173.67384338378906	173.67384338378906	4150
2025/02/14	174.14323634486044	175.55140267649006	173.67384756765057	174.6126251220703	18000
2025/02/17	175.5514041298314	178.36773681640625	175.5514041298314	178.36773681640625	17000
2025/02/18	175.5514041298314	178.36773681640625	175.5514041298314	178.36773681640625	15010
2025/02/19	176.49017122395833	177.42894873046876	176.02078247070312	176.02078247070312	9000
2025/02/20	176.49017333984375	178.36772837537399	176.49017333984375	176.49017333984375	16065
2025/02/21	177.42893981933594	177.42893981933594	176.95955108965515	177.42893981933594	5000
2025/02/24	176.02077363029358	177.42893981933594	176.02077363029358	177.42893981933594	9010
2025/02/25	177.42894873046876	177.42894873046876	176.02078247070312	176.02078247070312	10020
2025/02/26	176.49017333984375	176.49017333984375	175.55139582207863	176.49017333984375	5000
2025/02/27	176.0207845809612	176.49017333984375	174.14322954543093	176.49017333984375	15016
2025/03/03	173.67383661117145	175.5513916015625	173.67383661117145	175.5513916015625	10010
2025/03/04	173.20445941245717	174.61262574914383	171.326904296875	171.326904296875	27026
2025/03/05	172.73506585198479	173.67384338378906	172.73506585198479	173.67384338378906	5002
2025/03/06	173.67384338378906	173.67384338378906	172.73506585198479	173.67384338378906	10000
2025/03/07	173.67384338378906	175.5513984473976	173.67384338378906	173.67384338378906	14030
2025/03/10	177.89833068847656	179.30649689445394	177.42894195315077	177.89833068847656	33001
2025/03/11	175.5513916015625	175.5513916015625	173.67383661117145	175.5513916015625	24000
2025/03/12	173.67384338378906	174.6126209155933	172.73506585198479	173.67384338378906	18002
2025/03/13	173.20443509972614	173.20443509972614	172.73504638671875	172.73504638671875	3074
2025/03/14	171.326904296875	172.2656818546661	171.326904296875	171.326904296875	11000
2025/03/17	171.32688690017866	171.32688690017866	170.8574981689453	170.8574981689453	12000
2025/03/18	169.9187249355629	171.79627990722656	168.97994744973104	171.79627990722656	15079
2025/03/19	171.79628245035806	171.79628245035806	168.97994995117188	168.97994995117188	9054
2025/03/20	170.8574960251485	170.8574960251485	170.3881072998047	170.3881072998047	2000
2025/03/21	168.97994112377324	170.3881072998047	168.97994112377324	170.3881072998047	3000
2025/03/24	171.79627990722656	172.2656686501425	170.85750242139474	171.79627990722656	10010
2025/03/25	172.26566407237092	174.61260772458306	171.7962753419285	174.14321899414062	18005
2025/03/26	174.1432274576823	176.49017122395833	174.1432274576823	176.02078247070312	31027
2025/03/27	176.02078034916025	176.49016909675802	173.67383661117145	175.5513916015625	11070
2025/03/28	175.55138518546792	175.55138518546792	170.3881091506012	174.14321899414062	8050
2025/03/31	169.9187370954241	170.3881258719308	157.2452401297433	164.28607177734375	53028
2025/04/01	165.22483578474163	168.51055695091546	164.28605830869196	168.04116821289062	23000
2025/04/02	168.5105612013075	168.97994995117188	168.5105612013075	168.97994995117188	4080
2025/04/07	152.0819549560547	152.0819549560547	152.0819549560547	152.0819549560547	7000
2025/04/08	138.4696885651233	143.63296508789062	138.4696885651233	143.63296508789062	34060
2025/04/09	143.63296309761378	143.63296309761378	129.55130004882812	129.55130004882812	55010
2025/04/10	142.22479248046875	142.22479248046875	140.8166262182859	142.22479248046875	48000
2025/04/11	138.00029582805462	156.30645751953125	138.00029582805462	156.30645751953125	29000
2025/04/14	156.3064489857404	156.3064489857404	154.42889404296875	154.42889404296875	9000
2025/04/15	154.89827959725028	169.44933010487074	154.89827959725028	167.10238647460938	25000
2025/04/16	163.34728152252907	163.34728152252907	157.71461664244185	161.4697265625	14000
2025/04/17	157.71461774985488	157.71461774985488	150.20439785700464	151.61256408691406	39010
2025/04/18	147.8574457437641	151.14316676029216	146.44927959382346	149.73500061035156	33010
2025/04/21	150.20439453125	150.20439453125	140.81661987304688	140.81661987304688	26000
2025/04/22	140.81662018551356	140.81662018551356	136.12273284599644	137.53089904785156	9000
2025/04/23	139.87784240722655	144.57172973632814	139.4084536743164	140.81661987304688	23000
2025/04/24	143.63295619927564	145.04112243652344	142.6941787077771	145.04112243652344	15000
2025/04/25	145.97989744156126	147.85745239257812	145.97989744156126	147.85745239257812	10000
2025/04/28	150.20440882982865	153.9595190505744	150.20440882982865	150.67379760742188	6000
2025/04/29	152.08195661062217	155.83706665039062	151.14317910068007	155.83706665039062	12028
2025/04/30	155.83707353545398	155.83707353545398	153.9595184326172	153.9595184326172	11008
2025/05/02	157.71461911173262	158.6533966064453	156.77584161701992	158.6533966064453	12000
2025/05/05	155.83707353545398	155.83707353545398	153.9595184326172	153.9595184326172	10002
2025/05/06	154.89828277866167	154.89828277866167	154.42889404296875	154.42889404296875	4000
2025/05/07	154.42889404296875	154.89828277866167	154.42889404296875	154.42889404296875	6000
2025/05/08	157.71461699624444	158.1840057373047	157.71461699624444	158.1840057373047	3000
2025/05/09	159.122787935188	159.59217669015908	155.83706665039062	155.83706665039062	3000
2025/05/12	157.71462744997257	160.5309600830078	157.71462744997257	160.5309600830078	17000
2025/05/13	158.65339872197063	160.53095373643183	157.71462121474005	159.12278747558594	14000
2025/05/14	158.18400785908895	159.12278535380165	157.71461911173262	158.6533966064453	11020
2025/05/15	157.2452392578125	157.2452392578125	157.2452392578125	157.2452392578125	1000
2025/05/16	157.2452392578125	157.2452392578125	157.2452392578125	157.2452392578125	0
2025/05/19	158.65339233761742	158.65339233761742	157.71461486816406	157.71461486816406	7000
2025/05/20	156.7758373987107	157.71461486816406	155.36767119453066	157.71461486816406	9000
2025/05/21	158.65339447836493	158.65339447836493	158.1840057373047	158.1840057373047	2000
2025/05/22	159.59218253866274	160.5309600830078	159.59218253866274	160.5309600830078	6010
2025/05/23	160.53095329152367	164.28606331003886	158.6533982822661	162.40850830078125	2005
2025/05/26	163.81668300083706	164.28607177734375	163.81668300083706	164.28607177734375	4000
2025/05/27	161.93911743164062	161.93911743164062	161.93911743164062	161.93911743164062	2010
2025/05/28	166.63300923723997	166.63300923723997	162.87789916992188	162.87789916992188	7000
2025/05/29	162.87789916992188	162.87789916992188	162.87789916992188	162.87789916992188	4000
2025/06/02	159.59218253866274	160.5309600830078	159.59218253866274	160.5309600830078	2150
2025/06/03	162.40850830078125	162.40850830078125	161.00034204383806	162.40850830078125	6000
2025/06/04	162.4085104115071	163.8166766867514	162.4085104115071	162.87789916992188	8000
2025/06/05	161.46973079615248	162.87789705309567	161.46973079615248	162.40850830078125	5100
2025/06/06	161.46973498114224	163.3472900390625	161.46973498114224	163.3472900390625	3000
2025/06/09	163.34728367017664	163.34728367017664	160.06156244692596	161.93911743164062	12036
2025/06/10	164.1869260553728	167.60748701485974	163.20962292409084	167.11883544921875	21010
2025/06/11	163.6982744897318	167.11883544921875	163.6982744897318	167.11883544921875	5020
2025/06/12	167.1188232421875	168.58477783203125	166.14152018229166	168.58477783203125	4130
2025/06/13	168.58477783203125	168.58477783203125	168.58477783203125	168.58477783203125	0
2025/06/16	168.58477783203125	168.58477783203125	168.58477783203125	168.58477783203125	0
2025/06/17	168.58477783203125	168.58477783203125	168.58477783203125	168.58477783203125	0
2025/06/18	167.1188283583697	167.1188283583697	166.1415252685547	166.1415252685547	2009
2025/06/19	165.6528666118193	165.6528666118193	165.16421508789062	165.16421508789062	7000
2025/06/20	163.69827270507812	163.69827270507812	163.69827270507812	163.69827270507812	1012
2025/06/23	158.3231055416278	163.69827270507812	156.8571508606868	163.69827270507812	4000
2025/06/24	163.6982686179025	164.18692016601562	163.6982686179025	164.18692016601562	2000
2025/06/25	164.6755776210138	167.11883544921875	164.6755776210138	167.11883544921875	2000
2025/06/26	163.20960998535156	163.20960998535156	163.20960998535156	163.20960998535156	1030
2025/06/27	166.1415252685547	166.1415252685547	164.18691908892464	166.1415252685547	9000
2025/06/30	164.18691303915605	164.18691303915605	163.20960998535156	163.20960998535156	7000
2025/07/01	163.2096140635264	163.2096140635264	162.72096252441406	162.72096252441406	8000
2025/07/02	162.23231690893482	165.6528778076172	162.23231690893482	165.6528778076172	2068
2025/07/03	165.6528778076172	165.6528778076172	165.6528778076172	165.6528778076172	1000
2025/07/04	164.18692016601562	164.18692016601562	164.18692016601562	164.18692016601562	2000
2025/07/07	164.18691714175114	164.18691714175114	162.72096252441406	162.72096252441406	5000
2025/07/08	160.27770482885228	162.72096252441406	160.27770482885228	162.72096252441406	2230
2025/07/09	161.74366136438707	166.1415252685547	161.74366136438707	166.1415252685547	6015
2025/07/10	181.778373187876	182.75567626953125	175.91455469794454	182.75567626953125	107152
2025/07/11	185.68758660393792	185.68758660393792	175.91455573004646	180.8010711669922	67000
2025/07/14	177.38050738342451	179.82376506088215	177.38050738342451	179.33511352539062	17022
2025/07/15	178.84647016133349	178.84647016133349	177.86916704569776	178.35781860351562	9011
2025/07/16	178.84646606445312	179.8237691577015	178.35781451782893	178.84646606445312	8011
2025/07/17	184.71028243284175	184.71028243284175	179.3351154837379	182.75567626953125	25011
2025/07/18	184.71028956961123	186.17624424873514	180.31242553223956	183.7329864501953	36000
2025/07/21	181.77838134765625	181.77838134765625	181.28972978489372	181.77838134765625	8000
2025/07/22	181.77837425438133	181.77837425438133	180.31241962329761	180.8010711669922	14000
2025/07/23	183.73298042915962	183.73298042915962	180.8010711669922	180.8010711669922	13025
2025/07/24	180.8010711669922	183.73298042915962	180.8010711669922	180.8010711669922	9000
2025/07/25	182.26702880859375	182.26702880859375	182.26702880859375	182.26702880859375	1000
2025/07/28	183.7329772629663	191.55140182734783	183.7329772629663	186.66488647460938	23025
2025/07/29	184.22163916146883	184.22163916146883	181.77838134765625	181.77838134765625	3035
2025/07/30	185.68758660393792	185.68758660393792	180.8010711669922	180.8010711669922	13016
2025/07/31	180.80107822213122	181.77838134765625	180.80107822213122	181.77838134765625	7000
2025/08/04	200.3471282463339	215.00667421557787	200.3471282463339	210.6088104248047	178052
2025/08/05	210.60882202441172	213.05207982051857	201.813093958427	203.7677001953125	60016
2025/08/06	200.3471293032748	201.32443237304688	196.43791702418653	201.32443237304688	54103
2025/08/07	202.30174440216283	205.72230529785156	202.30174440216283	205.72230529785156	38020
2025/08/08	206.2109519048909	206.2109519048909	200.34713336731105	200.83578491210938	45108
2025/08/11	195.9492645263672	198.39252218879074	194.97196146139777	195.9492645263672	60289
2025/08/12	196.4379190879293	197.41522216796875	194.97196446787012	197.41522216796875	25000
2025/08/13	196.43792015075684	196.9265716934204	194.9719655227661	195.4606170654297	16010
2025/08/14	194.48331988856123	198.3925323486328	194.48331988856123	198.3925323486328	22020
2025/08/15	200.34713126025505	206.21094973616496	199.8584797205959	204.7449951171875	52047
2025/08/18	205.23364754610284	212.07476913097292	204.7449960043264	210.1201629638672	59026
2025/08/19	209.14285481770833	209.14285481770833	205.233642578125	205.233642578125	32009
2025/08/20	201.32444353080547	202.3017466547414	201.32444353080547	201.81309509277344	6000
2025/08/21	203.27903851259103	203.27903851259103	200.83578083816084	201.32443237304688	26001
2025/08/22	200.34712727864584	208.1655517578125	200.34712727864584	205.233642578125	40000
2025/08/25	210.12017116368375	210.12017116368375	207.1882617986091	209.1428680419922	17005
2025/08/26	209.14285988031432	211.09746604742006	208.6542083385379	210.1201629638672	43000
2025/08/27	210.60881450564364	210.60881450564364	208.6542083385379	210.1201629638672	29000
2025/08/28	210.12016705421857	213.05207636195183	209.6315155029297	209.6315155029297	40001
2025/08/29	209.6315155029297	213.05207636195183	208.16556084906304	209.6315155029297	34001
2025/09/01	214.0293701171875	214.0293701171875	208.1655517578125	212.56341552734375	76000
2025/09/02	214.51803135526353	215.00668290732563	195.46062082484147	202.30174255371094	62015
2025/09/03	200.34712629498176	208.1655507357615	200.34712629498176	207.18824768066406	28000
2025/09/04	204.74499000605277	204.74499000605277	199.8584747314453	199.8584747314453	23079
2025/09/05	201.32444169368648	202.30174480870437	197.4152292336149	198.3925323486328	25115
2025/09/08	198.3925301372141	202.30174255371094	198.3925301372141	202.30174255371094	15000
2025/09/09	202.30174367020768	202.30174367020768	200.34713745117188	200.34713745117188	12020
2025/09/10	201.32443237304688	201.32443237304688	196.92656855907256	201.32443237304688	30003
2025/09/11	201.32443138369896	201.32443138369896	195.9492645263672	195.9492645263672	47050
2025/09/12	197.41522625717275	197.90387780731427	196.43792315688972	196.92657470703125	11011
2025/09/15	195.46061299388248	196.9265675913366	193.01735533145896	195.9492645263672	26000
2025/09/16	195.94927568578007	196.43792724609375	194.97197256515275	196.43792724609375	9012
2025/09/17	197.415223236084	197.415223236084	194.48331398010254	195.4606170654297	14028
2025/09/18	194.48331398010254	195.4606170654297	193.50601089477541	195.4606170654297	19024
2025/09/19	195.46062115738565	195.46062115738565	192.52871184002487	194.9719696044922	13000
2025/09/22	194.97197034882336	200.34713745117188	193.99466723930544	200.34713745117188	14000
2025/09/23	200.3471293032748	201.81308390793293	200.3471293032748	201.32443237304688	16030
2025/09/24	200.3471293032748	201.32443237304688	196.43791702418653	201.32443237304688	13000
2025/09/25	203.76769833448455	209.63151699159204	199.8584858964129	200.34713745117188	26010
2025/09/26	197.41522625717275	198.3925293574558	196.92657470703125	196.92657470703125	17000
2025/09/30	199.3698272705078	199.3698272705078	199.3698272705078	199.3698272705078	7000
2025/10/01	199.36982421875	200.34712727864584	197.41521809895832	197.90386962890625	6000
2025/10/02	197.90387477874756	197.90387477874756	195.4606170654297	195.4606170654297	12000
2025/10/03	199.8584858964129	203.76769833448455	197.41522812261815	200.34713745117188	11273
2025/10/07	204.2563457256976	204.2563457256976	200.34713336731105	200.83578491210938	22050
2025/10/08	199.3698302777144	200.83578491210938	199.3698302777144	200.83578491210938	3003
2025/10/09	201.32443624147226	209.14286094987895	201.32443624147226	208.16555786132812	46169
2025/10/13	210.12016465178633	228.6889233884558	205.72230074046988	220.87049865722656	252021
2025/10/14	215.4953310254594	215.4953310254594	208.16555786132812	208.16555786132812	89020
2025/10/15	214.0293772542504	215.00668034673555	210.6088164305523	213.5407257080078	35110
2025/10/16	213.54073208960418	213.54073208960418	208.65421648114642	209.1428680419922	34251
2025/10/17	206.69959716796876	208.65420328776042	205.233642578125	205.233642578125	18122
2025/10/20	207.1882606788918	211.09747314453125	204.25635132966218	211.09747314453125	18017
2025/10/21	205.23365154132975	213.05207636195183	205.23365154132975	209.6315155029297	11000
2025/10/22	209.6315155029297	211.09747015679633	205.23365154132975	209.6315155029297	16000
2025/10/23	208.16555077068355	215.00667215751352	208.16555077068355	214.5180206298828	70000
2025/10/27	217.9385863985941	219.8931925546353	211.5861163914602	219.404541015625	92000
2025/10/28	219.40453901334047	226.7343120316035	215.4953267369335	215.98397827148438	28090
2025/10/29	218.9158896169355	219.404541156259	211.0974649877592	212.07476806640625	23007
2025/10/30	210.60881860550745	210.60881860550745	208.16556084906304	209.6315155029297	21000
2025/10/31	209.63151441049905	211.58612060546875	208.65421131301423	211.58612060546875	17000
2025/11/03	214.51802066349248	221.84779357910156	214.51802066349248	221.84779357910156	62500
2025/11/04	222.33645132686314	222.33645132686314	217.44993591308594	217.44993591308594	23000
2025/11/05	217.4499318417947	217.93858337402344	213.5407195839647	217.93858337402344	36010
2025/11/06	218.4272400732754	221.84780087979203	215.49533081054688	215.49533081054688	10301
2025/11/07	213.0520782470703	213.0520782470703	212.07477513584521	213.0520782470703	9040
2025/11/10	211.0974629259757	217.93858440968785	211.0974629259757	215.98397827148438	19000
2025/11/11	215.98397827148438	215.98397827148438	214.0293721332809	215.98397827148438	19000
2025/11/12	212.56342154781836	215.49533081054688	212.07477000403026	215.49533081054688	21000
2025/11/13	212.07476806640625	212.56341960572976	211.58611652708274	212.07476806640625	12000
2025/11/14	211.58612170808522	211.58612170808522	209.6315155029297	209.6315155029297	10000
2025/11/17	205.23364153351352	205.23364153351352	196.92656556668084	199.8584747314453	52101
2025/11/18	200.34712727864584	200.83577880859374	195.46061197916666	197.90386962890625	28000
2025/11/19	193.50601677354334	198.3925323486328	179.33512160578383	198.3925323486328	24000
2025/11/20	193.50601677354334	198.3925323486328	193.50601677354334	198.3925323486328	12005
2025/11/21	193.99465535992954	194.48330688476562	191.55139773574905	194.48330688476562	9000
2025/11/24	193.50601196289062	193.50601196289062	193.50601196289062	193.50601196289062	2000
2025/11/25	195.4606170654297	195.4606170654297	195.4606170654297	195.4606170654297	3000
2025/11/26	195.4606241254664	196.43792724609375	195.4606241254664	196.43792724609375	4000
2025/11/27	197.90388079112387	198.3925323486328	196.92657767610595	198.3925323486328	5000
2025/11/28	198.39252632141114	198.39252632141114	195.4606170654297	195.4606170654297	5000
2025/12/01	192.528707628365	202.79039001464844	192.528707628365	202.79039001464844	7010
2025/12/02	207.18824977351542	207.18824977351542	194.97196146139777	195.9492645263672	22000
2025/12/03	196.4379190879293	201.81308602814627	196.4379190879293	197.41522216796875	4000
2025/12/04	197.90386962890625	198.39252115885415	197.90386962890625	197.90386962890625	8000
2025/12/05	197.90387671468298	198.8811798095703	197.90387671468298	198.8811798095703	3000
2025/12/08	201.3244353880365	203.2790415568524	201.3244353880365	202.79039001464844	5000
2025/12/09	199.3698272705078	199.3698272705078	196.92656958336923	199.3698272705078	15000
2025/12/10	200.83578710816337	200.83578710816337	196.43792315688972	196.92657470703125	19000
2025/12/11	196.92657470703125	197.41522625717275	195.4606200566067	196.92657470703125	12000
2025/12/12	196.9265675913366	196.9265675913366	193.01735533145896	195.9492645263672	21000
2025/12/15	195.46062228045886	195.46062228045886	193.01736450195312	193.01736450195312	11001
2025/12/16	193.99466460091728	193.99466460091728	191.06275531223844	191.55140686035156	10000
2025/12/17	191.55141095798035	191.55141095798035	190.5741078408478	191.06275939941406	8000
2025/12/18	191.06275939941406	192.0400625165466	191.06275939941406	191.06275939941406	7000
2025/12/19	191.55139973958333	192.04005126953126	190.08544514973957	190.5740966796875	51000
2025/12/22	191.55140796150127	191.55140796150127	186.17624090135712	189.5968017578125	23101
2025/12/23	189.59680585836566	190.08545741985628	189.108154296875	189.108154296875	10000
2025/12/24	189.10814886069707	198.8811798095703	189.10814886069707	198.8811798095703	35000
2025/12/26	203.27903645833334	215.49532470703124	202.3017333984375	205.233642578125	120001
2025/12/29	206.2109466340315	215.00667421557787	204.25634050479897	210.6088104248047	77008
2025/12/30	207.67689924305284	224.7797027101278	207.67689924305284	214.5180206298828	123120
2025/12/31	214.5180247058607	221.8477977595917	210.6088124105375	214.0293731689453	74000
2026/01/02	215.00667614126309	224.29105533827217	209.6315092377315	221.35914611816406	207050
2026/01/05	223.31376238160777	231.62083888158006	223.31376238160777	223.8024139404297	567293
2026/01/06	224.7797099330969	225.75701301976255	218.42723986977026	222.82510375976562	147017
2026/01/07	226.73431292150775	231.13217674972665	223.80240370269513	228.6889190673828	284449
2026/01/08	229.1775685804785	229.1775685804785	219.89318946954228	225.2683563232422	134006
2026/01/09	221.84780284336637	221.84780284336637	216.96128736223494	218.9158935546875	82160
2026/01/12	218.91588734772245	230.64352416992188	218.91588734772245	230.64352416992188	233603
2026/01/13	240.41655891324268	247.74633205084154	231.62083114812404	237.48464965820312	360159
2026/01/14	238.46196025824193	239.4392633740544	229.66623221592974	231.13218688964844	172230
2026/01/15	229.66622427235478	230.1548758133598	219.40454191124957	224.7797088623047	170271
2026/01/16	225.26836040330969	232.59813351838486	224.7797088623047	224.7797088623047	85019
2026/01/19	224.7797027453452	224.7797027453452	219.89318746827246	221.84779357910156	94001
2026/01/20	223.80240370269513	229.66622214032034	220.3818429474138	228.6889190673828	83000
2026/01/21	223.8024059509963	224.77970903375174	216.96128437170822	217.44993591308594	149148
2026/01/22	219.8931988802823	219.8931988802823	215.00668334960938	215.00668334960938	101130
2026/01/23	215.00668409394055	221.35915430580695	214.02938098442263	220.38185119628906	48100
2026/01/26	224.7797067756327	236.5073436508831	222.8251006297576	228.6889190673828	199000
2026/01/27	230.15487970279742	231.62083435058594	224.29106111164336	231.62083435058594	109299
2026/01/28	228.20026753091403	232.59813135913294	227.2229644579765	228.6889190673828	109027
2026/01/29	228.6889253504136	228.6889253504136	221.3591521020029	224.2910614013672	85040
2026/01/30	224.2910542895027	231.62082730549952	220.8704935487042	223.31375122070312	105056
2026/02/02	221.84780174863022	223.3137563857357	217.9385893830156	220.87049865722656	123305
2026/02/03	225.7570201757173	227.7116264110049	222.33645926396397	223.8024139404297	35000
2026/02/04	227.22296640496506	233.0867848928351	223.31375407971834	232.10948181152344	98000
2026/02/05	232.10948813115067	233.5754427930316	225.75701792966655	227.7116241455078	63003
2026/02/06	224.77971079007463	230.15487778722857	218.42724070252902	228.2002716064453	72110
2026/02/09	229.6662200799509	239.43925072165095	223.8024016949309	232.59812927246094	188050
2026/02/10	235.04139213804984	235.04139213804984	230.15487670898438	230.15487670898438	53956
2026/02/11	234.06408905223677	236.99599830967605	228.20027053735816	230.15487670898438	136000
2026/02/23	237.9733075175046	253.1215057373047	237.9733075175046	253.1215057373047	559031
2026/02/24	263.8718219945639	267.29238265004903	248.23497328377493	257.03070068359375	377219
2026/02/25	255.56475016276042	266.31508382161456	249.2122802734375	249.2122802734375	315220
2026/02/26	253.12149814870907	274.1335144042969	250.67824044457095	274.1335144042969	380000
2026/03/02	263.8718298400981	298.07743741196265	263.8718298400981	292.7022705078125	757110
2026/03/03	295.1455317329656	316.15754806494823	289.2817132217146	314.20294189453125	687156
2026/03/04	302.96397220540086	304.9185784776938	283.41790948247177	286.8384704589844	562064
2026/03/05	300.52068443495995	307.8504572260565	273.1561993481994	282.9292297363281	462652
2026/03/06	282.9292439220291	299.054744870953	277.5540769390544	284.88385009765625	251020
2026/03/09	272.6675749848608	288.3044251632041	264.84914989568915	286.8384704589844	297028
2026/03/10	302.96395700512124	303.45260854867786	287.8157591548652	292.213623046875	306020
2026/03/11	305.89588045339724	306.3845320196167	296.12284912900753	301.4980163574219	269300
2026/03/12	303.45259430211615	327.39651881226706	301.0093366990396	319.5780944824219	588084
2026/03/13	317.134854725429	341.07878058297297	312.2483392442976	328.37384033203125	528341
2026/03/16	327.88519555551034	328.37384711371527	314.2029519257722	316.6462097167969	319022
2026/03/17	322.0213800202092	334.23766909533094	319.57812220518485	330.8171081542969	270017
2026/03/18	334.726320492324	363.5567626953125	323.4873345487861	363.5567626953125	551010
2026/03/19	382.1255006675567	387.0120160213618	348.4085447263017	366.0	621084
2026/03/20	366.0000103652397	375.77304134962526	357.69293402851196	361.1134948730469	191010
2026/03/23	357.69292839560364	374.79573234894536	340.1014729007379	343.52203369140625	316396
2026/03/24	358.67022696929234	375.77303070761013	335.7036048064085	366.0	388025
2026/03/25	370.5	390.0	370.5	375.5	293111
2026/03/26	376.0	384.5	361.5	361.5	164113
2026/03/27	359.5	360.0	336.5	350.0	258113
2026/03/30	340.0	340.0	329.0	333.0	246102
2026/03/31	328.5	335.0	300.0	300.0	401152
2026/04/01	308.0	323.0	304.0	320.5	202121
2026/04/02	326.5	332.5	312.5	312.5	169105
2026/04/07	317.0	322.5	315.5	319.5	110130
2026/04/08	351.0	351.0	351.0	351.0	100945
