Date	Open	High	Low	Close	Volume	Date
2022/06/29 	83.55344796687999	92.18124965911215	80.28396660613733	85.36982727050781	107396	2022/06/29 
2022/06/30 	82.91771234589984	85.73309868936123	71.74697761633831	74.83482360839844	114665	2022/06/30 
2022/07/01 	74.01745895600055	74.47155379622141	66.38866425450259	67.84176635742188	69896	2022/07/01 
2022/07/04 	67.8417598807587	67.8417598807587	55.85366001497327	59.213958740234375	128700	2022/07/04 
2022/07/05 	59.21396079587495	62.483448989988	56.85266915596649	60.12215042114258	79923	2022/07/05 
2022/07/06 	60.031336071927534	60.031336071927534	58.03332156049228	58.39659881591797	43400	2022/07/06 
2022/07/07 	59.03232613735367	59.94051577023604	58.305771659472974	59.758880615234375	53005	2022/07/07 
2022/07/08 	60.48543216583965	67.02440211256723	60.48543216583965	64.4814682006836	106984	2022/07/08 
2022/07/11 	63.30081441268627	63.57327407314598	60.03133313185474	61.93852996826172	32220	2022/07/11 
2022/07/12 	61.66607824671721	61.66607824671721	58.850691734582945	60.39461135864258	46322	2022/07/12 
2022/07/13 	60.9395233348245	63.11917985219863	60.9395233348245	63.02836227416992	14507	2022/07/13 
2022/07/14 	62.02935921239581	62.02935921239581	60.39461498264397	61.484439849853516	11971	2022/07/14 
2022/07/15 	61.484436546173654	61.666078633573605	60.031334491659784	61.12116622924805	3133	2022/07/15 
2022/07/18 	61.030341721079495	61.12116622924805	60.12215207089119	61.12116622924805	10727	2022/07/18 
2022/07/19 	61.39362185880702	65.9345703236439	61.30280427529778	64.4814682006836	31748	2022/07/19 
2022/07/20 	63.209999122124515	64.93556086660496	63.11918154166496	64.66310119628906	34482	2022/07/20 
2022/07/21 	64.3906466132066	64.66309934679254	62.66508491808073	64.1181869506836	48749	2022/07/21 
2022/07/22 	64.48146693731054	65.2080214490242	63.66409484386703	64.2090072631836	46297	2022/07/22 
2022/07/25 	64.20900178614984	65.20801588677445	63.84573149021735	64.0273666381836	14010	2022/07/25 
2022/07/26 	63.7549136747347	64.57228578419283	63.7549136747347	64.4814682006836	17012	2022/07/26 
2022/07/27 	64.48146603536996	65.38965569783996	64.48146603536996	64.66310119628906	17516	2022/07/27 
2022/07/28 	64.2998258503859	65.20801544189453	64.2998258503859	65.20801544189453	6643	2022/07/28 
2022/07/29 	65.20802272663248	65.48047547716021	64.29983303366511	64.4814682006836	12001	2022/07/29 
2022/08/01 	64.20900547945074	65.11719512939453	64.20900547945074	65.11719512939453	1002	2022/08/01 
2022/08/02 	64.20900761805983	65.29883939165369	64.11819003582802	64.93556213378906	38264	2022/08/02 
2022/08/03 	64.93556213378906	64.93556213378906	64.93556213378906	64.93556213378906	420	2022/08/03 
2022/08/04 	64.84473419189453	65.29882895944431	64.66309212751285	64.84473419189453	7255	2022/08/04 
2022/08/05 	64.84473821950374	65.4804681619851	64.84473821950374	65.20801544189453	2100	2022/08/05 
2022/08/08 	64.84473908336246	65.2988338851662	64.75392150878906	64.75392150878906	9761	2022/08/08 
2022/08/09 	65.11719327242848	65.11719327242848	64.57228088378906	64.57228088378906	2650	2022/08/09 
2022/08/10 	64.57228176893055	64.57228176893055	64.02736937282161	64.1181869506836	15691	2022/08/10 
2022/08/11 	64.75391662417184	64.84473419189453	64.48145699206746	64.84473419189453	9510	2022/08/11 
2022/08/12 	65.02638063067651	65.02638063067651	64.4814682006836	64.4814682006836	12100	2022/08/12 
2022/08/15 	64.29982903534462	64.93555900931554	63.664092132436636	64.1181869506836	7276	2022/08/15 
2022/08/16 	64.66310119628906	64.8447432861454	64.29983087445086	64.66310119628906	23751	2022/08/16 
2022/08/17 	65.2080132967482	65.3896484375	64.93555365668402	65.3896484375	15727	2022/08/17 
2022/08/18 	66.20702908111642	66.38866424560547	65.38965698304094	66.38866424560547	9510	2022/08/18 
2022/08/19 	66.47947994372849	71.20207030491018	66.29784478438724	70.65715789794922	156812	2022/08/19 
2022/08/22 	70.65716095808604	73.29090552728672	70.47551886194074	72.9276351928711	42138	2022/08/22 
2022/08/23 	70.38469785219664	71.1112523435361	69.93060302734375	69.93060302734375	4030	2022/08/23 
2022/08/24 	70.83879089355469	71.1112505531816	69.93060126671423	70.83879089355469	18344	2022/08/24 
2022/08/25 	71.38369815848354	73.92663170262757	70.83878580729167	73.5633544921875	106534	2022/08/25 
2022/08/26 	73.5633544921875	74.74400369388361	72.74598250093145	73.5633544921875	58330	2022/08/26 
2022/08/29 	73.56336299062977	73.56336299062977	71.5653484957925	71.65616607666016	19102	2022/08/29 
2022/08/30 	71.5653402281718	73.6541720625634	71.5653402281718	73.5633544921875	37502	2022/08/30 
2022/08/31 	73.56335938549897	73.6541769619159	72.4735346106219	73.47254180908203	4301	2022/08/31 
2022/09/01 	72.65517298815156	73.83582232078392	71.83780090624741	72.3827133178711	37882	2022/09/01 
2022/09/02 	73.01844659516092	73.01844659516092	72.74598693847656	72.74598693847656	600	2022/09/02 
2022/09/05 	72.92763111737601	72.92763111737601	69.930602523371	71.11125183105469	16403	2022/09/05 
2022/09/06 	69.65813876953429	69.65813876953429	67.1152120753304	67.38766479492188	41121	2022/09/06 
2022/09/07 	67.29685609220705	67.6601333618164	66.9335788225977	67.6601333618164	1751	2022/09/07 
2022/09/08 	67.93258856956594	69.93060302734375	67.93258856956594	69.93060302734375	20000	2022/09/08 
2022/09/12 	70.56633700611795	72.01944607107374	70.56633700611795	71.74698638916016	31400	2022/09/12 
2022/09/13 	71.47452670724655	71.74698638916016	71.47452670724655	71.74698638916016	6200	2022/09/13 
2022/09/14 	70.83878956122952	72.4735336303711	70.83878956122952	72.4735336303711	18502	2022/09/14 
2022/09/15 	72.56435850596341	72.65517609028876	71.47452670724655	71.74698638916016	55900	2022/09/15 
2022/09/16 	71.74697492592733	73.74498917760643	71.74697492592733	72.83679962158203	23203	2022/09/16 
2022/09/19 	72.83679962158203	72.83679962158203	72.83679962158203	72.83679962158203	0	2022/09/19 
2022/09/20 	72.83679962158203	72.83679962158203	72.83679962158203	72.83679962158203	0	2022/09/20 
2022/09/21 	72.83679962158203	72.83679962158203	72.83679962158203	72.83679962158203	0	2022/09/21 
2022/09/22 	72.83679962158203	72.83679962158203	72.83679962158203	72.83679962158203	0	2022/09/22 
2022/09/23 	70.65715315529005	72.2010726928711	70.65715315529005	72.2010726928711	6353	2022/09/23 
2022/09/26 	70.74797876687578	72.11026331208286	70.74797876687578	71.02043151855469	3173	2022/09/26 
2022/09/27 	71.02043151855469	71.02043151855469	69.56732938945463	71.02043151855469	2301	2022/09/27 
2022/09/28 	69.56732757924902	69.8397872527758	68.11422548796001	69.02241516113281	25375	2022/09/28 
2022/09/29 	71.2020647782749	71.2020647782749	68.20503637921034	68.56831359863281	23272	2022/09/29 
2022/09/30 	68.2050402883666	68.38668237295694	66.2978434382589	67.4784927368164	15573	2022/09/30 
2022/10/03 	66.29784393310547	66.57030359755608	65.93456669015035	66.29784393310547	14190	2022/10/03 
2022/10/04 	67.20603006998698	68.38667931576414	66.7519352722168	68.11421966552734	23320	2022/10/04 
2022/10/05 	69.74897003173828	69.74897003173828	69.74897003173828	69.74897003173828	1	2022/10/05 
2022/10/06 	69.74897003173828	69.74897003173828	69.74897003173828	69.74897003173828	0	2022/10/06 
2022/10/07 	67.2968521118164	67.2968521118164	67.2968521118164	67.2968521118164	1000	2022/10/07 
2022/10/11 	69.65814099879778	69.65814099879778	67.2060317993164	67.2060317993164	5300	2022/10/11 
2022/10/12 	66.75193786621094	66.75193786621094	66.75193786621094	66.75193786621094	2435	2022/10/12 
2022/10/13 	67.20602776083796	69.02240688950926	65.38964863216667	66.8427505493164	40106	2022/10/13 
2022/10/14 	67.20603486123142	67.20603486123142	66.57030487060547	66.57030487060547	7000	2022/10/14 
2022/10/17 	66.84275544350682	67.02439752703559	66.75193786621094	66.75193786621094	7000	2022/10/17 
2022/10/18 	68.02340698242188	68.02340698242188	68.02340698242188	68.02340698242188	1	2022/10/18 
2022/10/19 	68.02340698242188	68.02340698242188	68.02340698242188	68.02340698242188	0	2022/10/19 
2022/10/20 	66.6611220754426	66.6611220754426	65.5712903318734	65.84375	20000	2022/10/20 
2022/10/21 	66.20702942966778	66.20702942966778	65.38965732728919	65.66211700439453	20150	2022/10/21 
2022/10/24 	65.5712835782518	65.5712835782518	64.48145887586806	65.3896484375	2002	2022/10/24 
2022/10/25 	63.57327651977538	64.4814661843436	63.57327651977538	63.57327651977539	8022	2022/10/25 
2022/10/26 	63.57327651977538	63.57327651977538	63.57327651977538	63.57327651977539	0	2022/10/26 
2022/10/27 	64.4814636108284	64.4814636108284	63.30081432243562	63.845733642578125	13001	2022/10/27 
2022/10/28 	64.48146603536996	64.93556086660496	64.29983087445086	64.66310119628906	18000	2022/10/28 
2022/10/31 	64.66310119628906	64.66310119628906	64.66310119628906	64.66310119628906	4	2022/10/31 
2022/11/01 	64.66310245815626	64.93556213378906	64.66310245815626	64.93556213378906	14000	2022/11/01 
2022/11/02 	65.3896484375	65.3896484375	65.2988308671241	65.3896484375	5000	2022/11/02 
2022/11/03 	65.38965128031904	69.29486933669058	65.38965128031904	68.84077453613281	64752	2022/11/03 
2022/11/04 	68.84078054905767	68.84078054905767	67.84176635742188	67.84176635742188	41113	2022/11/04 
2022/11/07 	68.11422456271805	68.11422456271805	67.38767006247417	68.02340698242188	5003	2022/11/07 
2022/11/08 	68.29586029052734	68.93159721575503	68.29586029052734	68.29586029052734	2201	2022/11/08 
2022/11/09 	68.11422192010886	69.38568878173828	68.11422192010886	69.38568878173828	37054	2022/11/09 
2022/11/10 	68.20504086684352	68.20504086684352	67.20603364440332	67.75094604492188	20201	2022/11/10 
2022/11/11 	67.29685065222607	67.56931031464305	67.20603307439943	67.4784927368164	25001	2022/11/11 
2022/11/14 	67.20602964852756	67.47848929705573	67.20602964852756	67.38766479492188	9000	2022/11/14 
2022/11/15 	67.66012660877125	67.93258626601892	66.75193698986156	67.2060317993164	48201	2022/11/15 
2022/11/16 	67.38766823005272	68.11422271053996	66.75193825632917	67.4784927368164	41149	2022/11/16 
2022/11/17 	67.29684764375367	68.11421966552734	67.29684764375367	68.11421966552734	8001	2022/11/17 
2022/11/18 	68.11421966552734	68.11421966552734	68.11421966552734	68.11421966552734	1650	2022/11/18 
2022/11/21 	67.6601333618164	68.1142282165937	67.6601333618164	67.6601333618164	3502	2022/11/21 
2022/11/22 	67.66012701105426	67.93258666992188	67.66012701105426	67.93258666992188	6000	2022/11/22 
2022/11/23 	67.38767367737499	68.1142282165937	67.20603850703911	67.6601333618164	21201	2022/11/23 
2022/11/24 	67.5693130493164	67.5693130493164	67.5693130493164	67.5693130493164	5000	2022/11/24 
2022/11/25 	67.5693130493164	67.5693130493164	67.5693130493164	67.5693130493164	0	2022/11/25 
2022/11/28 	67.93258666992188	67.93258666992188	67.93258666992188	67.93258666992188	1	2022/11/28 
2022/11/29 	67.29684937542	67.29684937542	67.2060317993164	67.2060317993164	8544	2022/11/29 
2022/11/30 	67.47848929705573	67.93258409197821	67.38766479492188	67.38766479492188	29001	2022/11/30 
2022/12/01 	67.75094244152385	68.11421966552734	67.75094244152385	68.11421966552734	2	2022/12/01 
2022/12/02 	68.11421966552734	68.11421966552734	68.11421966552734	68.11421966552734	0	2022/12/02 
2022/12/05 	67.29685609220705	67.93259304625782	67.29685609220705	67.6601333618164	10000	2022/12/05 
2022/12/06 	68.11422603312934	68.11422603312934	67.20603635268762	67.84176635742188	20302	2022/12/06 
2022/12/07 	67.93258755488667	67.93258755488667	67.02439791874615	67.4784927368164	62048	2022/12/07 
2022/12/08 	67.84176489289229	68.02340698242188	67.84176489289229	68.02340698242188	190	2022/12/08 
2022/12/09 	68.0234038421225	68.93159346103218	67.2060317993164	67.2060317993164	44862	2022/12/09 
2022/12/12 	66.93357849121094	67.56931544211419	66.93357849121094	66.93357849121094	1551	2022/12/12 
2022/12/13 	67.4784927368164	67.4784927368164	67.4784927368164	67.4784927368164	3000	2022/12/13 
2022/12/14 	67.2060317993164	67.2060317993164	67.2060317993164	67.2060317993164	1167	2022/12/14 
2022/12/15 	67.56931577664847	67.6601333618164	67.56931577664847	67.6601333618164	6000	2022/12/15 
2022/12/16 	67.20603453202004	67.47849420034635	67.20603453202004	67.2968521118164	8000	2022/12/16 
2022/12/19 	67.2968521118164	67.2968521118164	67.2968521118164	67.2968521118164	0	2022/12/19 
2022/12/20 	67.2060317993164	67.47849145656407	67.02439664710924	67.2060317993164	14000	2022/12/20 
2022/12/21 	66.75193786621094	67.02439752703559	66.4794782053863	66.75193786621094	21000	2022/12/21 
2022/12/22 	67.38766823005272	67.75094547029634	67.38766823005272	67.4784927368164	6401	2022/12/22 
2022/12/23 	67.75094604492188	68.1142232882466	67.66012846632496	67.75094604492188	20000	2022/12/23 
2022/12/26 	67.47849819148054	68.02341063142576	67.47849819148054	67.6601333618164	29000	2022/12/26 
2022/12/27 	67.93258451799396	68.11421966552734	67.93258451799396	68.11421966552734	4000	2022/12/27 
2022/12/28 	67.93258666992188	67.93258666992188	67.93258666992188	67.93258666992188	3000	2022/12/28 
2022/12/29 	67.93258666992188	67.93258666992188	67.93258666992188	67.93258666992188	3000	2022/12/29 
2022/12/30 	67.93258666992188	67.93258666992188	67.93258666992188	67.93258666992188	0	2022/12/30 
2023/01/03 	68.11421966552734	68.11421966552734	68.11421966552734	68.11421966552734	1000	2023/01/03 
2023/01/04 	68.11421966552734	68.11421966552734	68.11421966552734	68.11421966552734	0	2023/01/04 
2023/01/05 	68.11421966552734	68.11421966552734	68.11421966552734	68.11421966552734	0	2023/01/05 
2023/01/06 	67.6601333618164	67.6601333618164	67.6601333618164	67.6601333618164	2001	2023/01/06 
2023/01/09 	67.93258666992188	67.93258666992188	67.93258666992188	67.93258666992188	3000	2023/01/09 
2023/01/10 	67.4784927368164	67.4784927368164	67.4784927368164	67.4784927368164	4795	2023/01/10 
2023/01/11 	67.29685575902171	67.47849785739588	66.93357849121094	66.93357849121094	11260	2023/01/11 
2023/01/12 	66.29784305079454	66.9335730208027	66.29784305079454	66.75193786621094	10000	2023/01/12 
2023/01/13 	66.29784666336094	66.38866424560547	65.84375182320093	66.38866424560547	16596	2023/01/13 
2023/01/16 	66.38866424560547	66.38866424560547	66.38866424560547	66.38866424560547	0	2023/01/16 
2023/01/17 	66.38866424560547	66.38866424560547	66.38866424560547	66.38866424560547	0	2023/01/17 
2023/01/30 	66.38866424560547	66.38866424560547	66.38866424560547	66.38866424560547	0	2023/01/30 
2023/01/31 	66.38866424560547	66.38866424560547	66.38866424560547	66.38866424560547	0	2023/01/31 
2023/02/01 	66.29784520094451	66.57030487060547	66.20702762070326	66.57030487060547	11000	2023/02/01 
2023/02/02 	65.93456669015035	66.29784393310547	65.84374911164583	66.29784393310547	18500	2023/02/02 
2023/02/03 	66.02538299560547	66.02538299560547	66.02538299560547	66.02538299560547	3000	2023/02/03 
2023/02/06 	66.02538299560547	66.02538299560547	66.02538299560547	66.02538299560547	0	2023/02/06 
2023/02/07 	66.93357429574804	67.02439880371094	66.93357429574804	67.02439880371094	2000	2023/02/07 
2023/02/08 	67.02439880371094	67.02439880371094	67.02439880371094	67.02439880371094	0	2023/02/08 
2023/02/09 	66.75193875456509	66.75193875456509	65.93456669015035	66.29784393310547	10040	2023/02/09 
2023/02/10 	66.29784393310547	66.29784393310547	66.29784393310547	66.29784393310547	0	2023/02/10 
2023/02/13 	66.57030487060547	66.57030487060547	66.57030487060547	66.57030487060547	1000	2023/02/13 
2023/02/14 	66.57030726608355	66.57030726608355	64.4814682006836	64.4814682006836	23324	2023/02/14 
2023/02/15 	64.11819093770914	64.7539278801488	64.11819093770914	64.4814682006836	18000	2023/02/15 
2023/02/16 	64.39065279165429	64.48147037823045	63.66409824116957	64.29983520507812	32070	2023/02/16 
2023/02/17 	64.4814682006836	64.4814682006836	64.02737335419991	64.4814682006836	10580	2023/02/17 
2023/02/20 	64.29983520507812	64.48147037823045	64.20901068956425	64.29983520507812	21020	2023/02/20 
2023/02/21 	64.02737551641192	64.29983520507812	64.02737551641192	64.29983520507812	9000	2023/02/21 
2023/02/22 	64.4814682006836	64.4814682006836	64.4814682006836	64.4814682006836	4000	2023/02/22 
2023/02/23 	64.4814682006836	64.4814682006836	64.4814682006836	64.4814682006836	6100	2023/02/23 
2023/02/24 	64.7539278801488	64.7539278801488	64.4814682006836	64.4814682006836	800	2023/02/24 
2023/03/01 	64.75391851593223	65.84374321831596	64.75391851593223	65.3896484375	28300	2023/03/01 
2023/03/02 	64.93555579286726	65.20801544189453	64.93555579286726	65.20801544189453	15645	2023/03/02 
2023/03/03 	65.20802180942188	65.4804745561173	64.93556213378906	64.93556213378906	12000	2023/03/03 
2023/03/06 	64.93555365668402	65.3896484375	64.93555365668402	65.3896484375	8000	2023/03/06 
2023/03/07 	65.3896569738855	65.3896569738855	64.93556213378906	64.93556213378906	25000	2023/03/07 
2023/03/08 	65.48046788924258	66.20702233099787	65.29883274327207	65.93456268310547	30603	2023/03/08 
2023/03/09 	66.57029969999856	70.3846932053595	66.57029969999856	69.29486846923828	100710	2023/03/09 
2023/03/10 	69.20404554046338	70.83878961074768	68.11422077956509	70.56632995605469	295844	2023/03/10 
2023/03/13 	71.65616294349849	72.83680530102887	69.93060126671423	70.83879089355469	147443	2023/03/13 
2023/03/14 	70.38469147736458	70.38469147736458	69.65813705183008	70.20305633544922	40960	2023/03/14 
2023/03/15 	69.93059669363964	70.20305633544922	69.93059669363964	70.20305633544922	9000	2023/03/15 
2023/03/16 	69.93059841048621	70.02141598367353	69.20404396711427	69.29486846923828	40903	2023/03/16 
2023/03/17 	69.02241154571031	69.47650635851103	69.02241154571031	69.38568878173828	29000	2023/03/17 
2023/03/20 	69.02240926106771	69.02240926106771	68.11421966552734	68.11421966552734	25701	2023/03/20 
2023/03/21 	67.66012660877125	67.66012660877125	67.2060317993164	67.2060317993164	48000	2023/03/21 
2023/03/22 	67.47849513213606	68.29586029052734	67.47849513213606	68.29586029052734	16500	2023/03/22 
2023/03/23 	68.11422512842645	68.47750238156551	68.11422512842645	68.29586029052734	12016	2023/03/23 
2023/03/24 	68.56831145467464	68.93158866273835	68.11421667682912	68.74994659423828	14500	2023/03/24 
2023/03/27 	69.02241516113281	69.29487483465958	68.20504306948983	69.02241516113281	37100	2023/03/27 
2023/03/28 	69.02241288021033	72.65517145285298	69.02241288021033	71.11125183105469	105427	2023/03/28 
2023/03/29 	70.20305821180787	70.8387881544397	70.11223370948615	70.74797058105469	30250	2023/03/29 
2023/03/30 	70.83879177954888	71.29288659864856	70.38469696044922	70.38469696044922	20000	2023/03/30 
2023/03/31 	70.38469509755356	70.38469509755356	69.0224106763106	69.83978271484375	14000	2023/03/31 
2023/04/06 	69.02240839067673	69.29486803747776	68.56831359863281	68.56831359863281	24000	2023/04/06 
2023/04/07 	69.02241516113281	69.20405032419245	69.02241516113281	69.02241516113281	12005	2023/04/07 
2023/04/10 	69.02240668402777	69.47650146484375	69.02240668402777	69.47650146484375	4000	2023/04/10 
2023/04/11 	68.74995090493205	69.02241056029744	68.11422094766195	68.38668060302734	15000	2023/04/11 
2023/04/12 	67.84176001529055	68.11421966552734	67.66012486775716	68.11421966552734	17500	2023/04/12 
2023/04/13 	68.38667931576414	68.38667931576414	68.11421966552734	68.11421966552734	6000	2023/04/13 
2023/04/14 	68.38668514071108	68.56832030371552	67.5693130493164	67.5693130493164	23401	2023/04/14 
2023/04/17 	68.11422094766195	68.65913332945587	67.84176129229655	68.38668060302734	36000	2023/04/17 
2023/04/18 	68.38668516148678	69.02241516113281	68.38668516148678	69.02241516113281	61301	2023/04/18 
2023/04/19 	69.02241551786997	71.02043003760178	68.74995584293501	69.74897003173828	74219	2023/04/19 
2023/04/20 	69.5673254004171	69.93060264409594	69.20404815673828	69.20404815673828	29100	2023/04/20 
2023/04/21 	69.7489682919971	72.11026000976562	69.7489682919971	72.11026000976562	120050	2023/04/21 
2023/04/24 	71.74698091896246	73.74499533753598	71.56534576416016	71.56534576416016	70160	2023/04/24 
2023/04/25 	71.29288972557049	71.74698456458687	71.11125456153889	71.20207214355469	29060	2023/04/25 
2023/04/26 	72.47353409854902	72.47353409854902	70.92960759462228	71.29288482666016	65075	2023/04/26 
2023/04/27 	71.56534546030959	72.47353508833922	70.83879098631108	72.2918930053711	87054	2023/04/27 
2023/04/28 	72.65517158742331	74.28991571971518	72.4735364300296	74.0174560546875	145037	2023/04/28 
2023/05/02 	74.38073729251408	76.28793426330932	74.01746002928226	75.8338394165039	97543	2023/05/02 
2023/05/03 	75.19810725435937	76.19711450300504	75.19810725435937	76.01547241210938	34114	2023/05/03 
2023/05/04 	75.65220025299323	75.65220025299323	75.4705581665039	75.4705581665039	5000	2023/05/04 
2023/05/05 	74.83482126425952	75.10727397538722	72.56434736017965	73.5633544921875	30820	2023/05/05 
2023/05/08 	73.10926818847656	73.38172786013276	73.10926818847656	73.10926818847656	13192	2023/05/08 
2023/05/09 	73.10926505638515	73.10926505638515	72.20107542835554	72.2918930053711	21160	2023/05/09 
2023/05/10 	72.29188940705936	72.92762627239863	72.29188940705936	72.65516662597656	3350	2023/05/10 
2023/05/11 	72.38271422161121	72.38271422161121	71.83780180318398	71.92861938476562	17000	2023/05/11 
2023/05/12 	72.5643539428711	72.5643539428711	72.5643539428711	72.5643539428711	600	2023/05/12 
2023/05/15 	72.29189026644585	72.29189026644585	72.2010726928711	72.2010726928711	1010	2023/05/15 
2023/05/16 	73.10925971137152	74.47154405381944	73.10925971137152	73.5633544921875	43000	2023/05/16 
2023/05/17 	73.1092632967523	73.20008087158203	73.1092632967523	73.20008087158203	8306	2023/05/17 
2023/05/18 	72.83679962158203	72.83679962158203	72.83679962158203	72.83679962158203	6000	2023/05/18 
2023/05/19 	74.47154959209986	74.47154959209986	72.65517033375596	73.7449951171875	23006	2023/05/19 
2023/05/22 	74.0174560546875	74.0174560546875	73.5633612322661	74.0174560546875	33000	2023/05/22 
2023/05/23 	73.56336338607719	74.01745822179372	73.56336338607719	73.83582305908203	31200	2023/05/23 
2023/05/24 	73.65417881096296	74.0174560546875	73.5633612322661	74.0174560546875	23013	2023/05/24 
2023/05/25 	73.5633544921875	74.01744927300346	73.29089485212333	73.5633544921875	14001	2023/05/25 
2023/05/26 	73.29090060850312	73.29090060850312	73.01844787597656	73.01844787597656	10500	2023/05/26 
2023/05/29 	73.01844787597656	73.01844787597656	73.01844787597656	73.01844787597656	0	2023/05/29 
2023/05/30 	73.10926545348542	73.10926545348542	72.9276302984677	73.01844787597656	14000	2023/05/30 
2023/05/31 	73.10927036007891	73.10927036007891	72.47354034591409	72.9276351928711	21484	2023/05/31 
2023/06/01 	72.47353234253208	72.47353234253208	72.2010726928711	72.2010726928711	14200	2023/06/01 
2023/06/02 	72.01944199324187	72.20107715160816	69.93060302734375	69.93060302734375	113699	2023/06/02 
2023/06/05 	69.93060302734375	69.93060302734375	69.93060302734375	69.93060302734375	0	2023/06/05 
2023/06/06 	70.56632995605469	70.56632995605469	70.56632995605469	70.56632995605469	500	2023/06/06 
2023/06/07 	70.83879267704951	70.92961025623266	69.93060302734375	69.93060302734375	16350	2023/06/07 
2023/06/08 	70.83878626108951	70.83878626108951	70.02141426459733	70.20305633544922	20684	2023/06/08 
2023/06/09 	70.20305794189049	71.56534232423815	70.20305794189049	71.47451782226562	10512	2023/06/09 
2023/06/12 	71.38370603698839	71.38370603698839	70.92961120605469	70.92961120605469	501	2023/06/12 
2023/06/13 	71.38370513916016	71.38370513916016	71.38370513916016	71.38370513916016	1000	2023/06/13 
2023/06/14 	70.83879089355469	70.83879089355469	70.83879089355469	70.83879089355469	2001	2023/06/14 
2023/06/15 	70.83879216653165	71.11125183105469	70.747974588003	71.11125183105469	14011	2023/06/15 
2023/06/16 	71.11125094821735	71.56534576416016	71.11125094821735	71.56534576416016	14012	2023/06/16 
2023/06/19 	71.29288482666016	71.29288482666016	71.29288482666016	71.29288482666016	1000	2023/06/19 
2023/06/20 	74.14459991455078	74.14459991455078	74.14459991455078	74.14459991455078	5000	2023/06/20 
2023/06/21 	73.6693164801142	74.61988830566406	73.6693164801142	74.61988830566406	15000	2023/06/21 
2023/06/26 	74.61988830566406	74.61988830566406	74.61988830566406	74.61988830566406	0	2023/06/26 
2023/06/27 	74.14459991455078	74.14459991455078	74.14459991455078	74.14459991455078	5000	2023/06/27 
2023/06/28 	74.14459991455078	74.14459991455078	74.14459991455078	74.14459991455078	0	2023/06/28 
2023/06/29 	74.42977794569151	74.52483367919922	74.04954775937306	74.52483367919922	3014	2023/06/29 
2023/06/30 	74.52483367919922	74.52483367919922	74.52483367919922	74.52483367919922	0	2023/06/30 
2023/07/03 	74.14459991455078	74.14459991455078	74.14459991455078	74.14459991455078	1000	2023/07/03 
2023/07/04 	74.14459991455078	74.14459991455078	74.14459991455078	74.14459991455078	0	2023/07/04 
2023/07/05 	74.14460349288078	74.52483367919922	74.14460349288078	74.52483367919922	3184	2023/07/05 
2023/07/06 	74.52483367919922	74.52483367919922	74.52483367919922	74.52483367919922	0	2023/07/06 
2023/07/07 	74.14459991455078	74.14459991455078	74.14459991455078	74.14459991455078	2000	2023/07/07 
2023/07/10 	74.14459991455078	74.14459991455078	74.14459991455078	74.14459991455078	2031	2023/07/10 
2023/07/11 	74.14459991455078	74.14459991455078	73.95448845671042	74.14459991455078	15611	2023/07/11 
2023/07/12 	74.14459991455078	74.14459991455078	74.14459991455078	74.14459991455078	0	2023/07/12 
2023/07/13 	73.66931915283203	74.1446050828503	73.66931915283203	73.66931915283203	9010	2023/07/13 
2023/07/14 	73.66931915283203	73.66931915283203	73.66931915283203	73.66931915283203	0	2023/07/14 
2023/07/17 	73.28908384969468	74.14459991455078	73.28908384969468	74.14459991455078	20008	2023/07/17 
2023/07/18 	73.859425475503	74.14459991455078	73.66931401766264	74.14459991455078	15310	2023/07/18 
2023/07/19 	73.66931915283203	73.66931915283203	73.66931915283203	73.66931915283203	11000	2023/07/19 
2023/07/20 	73.47920521105603	73.47920521105603	73.19403076171875	73.19403076171875	10200	2023/07/20 
2023/07/21 	73.19402826845257	73.19402826845257	72.71874237060547	72.71874237060547	4300	2023/07/21 
2023/07/24 	72.71874237060547	72.71874237060547	72.71874237060547	72.71874237060547	4000	2023/07/24 
2023/07/25 	72.71874458168021	72.71874458168021	72.52863311767578	72.52863311767578	6000	2023/07/25 
2023/07/26 	72.52863311767578	72.52863311767578	72.52863311767578	72.52863311767578	0	2023/07/26 
2023/07/27 	72.52863311767578	72.52863311767578	72.52863311767578	72.52863311767578	0	2023/07/27 
2023/07/28 	72.52863311767578	72.52863311767578	72.52863311767578	72.52863311767578	0	2023/07/28 
2023/07/31 	73.19402826845257	73.19402826845257	72.71874237060547	72.71874237060547	7000	2023/07/31 
2023/08/01 	72.4335708618164	72.7187453129784	72.24345939590012	72.4335708618164	19000	2023/08/01 
2023/08/02 	72.71874779822842	72.71874779822842	70.8176040649414	70.8176040649414	27000	2023/08/02 
2023/08/04 	71.10277352332403	71.10277352332403	69.86702728271484	69.86702728271484	12500	2023/08/04 
2023/08/07 	69.48679931244028	69.67691802978516	69.3917435799116	69.67691802978516	15500	2023/08/07 
2023/08/08 	69.01151682236578	69.29669128639176	68.63128662109375	68.63128662109375	15100	2023/08/08 
2023/08/09 	68.91645453034198	69.01151025854708	68.53622436523438	68.53622436523438	4113	2023/08/09 
2023/08/10 	68.82139990999794	68.82139990999794	68.1559952972764	68.44116973876953	13360	2023/08/10 
2023/08/11 	67.49060331072127	67.49060331072127	65.58945955548968	66.54003143310547	46400	2023/08/11 
2023/08/14 	67.68071316455567	67.68071316455567	66.73014130970354	67.39554595947266	4200	2023/08/14 
2023/08/15 	66.54003143310547	67.01531737191337	66.54003143310547	66.54003143310547	8000	2023/08/15 
2023/08/16 	66.54003143310547	66.54003143310547	66.54003143310547	66.54003143310547	0	2023/08/16 
2023/08/17 	66.54003143310547	66.82520589730537	66.54003143310547	66.54003143310547	6001	2023/08/17 
2023/08/18 	66.54003143310547	66.54003143310547	66.54003143310547	66.54003143310547	0	2023/08/18 
2023/08/21 	66.54003143310547	66.54003143310547	66.54003143310547	66.54003143310547	6000	2023/08/21 
2023/08/22 	66.34991995849747	66.54003143310547	66.34991995849747	66.54003143310547	8000	2023/08/22 
2023/08/23 	66.25485747564618	66.54003194202718	65.77957153320312	65.77957153320312	9101	2023/08/23 
2023/08/24 	65.68451556765872	65.87463429535019	65.11417388916016	65.11417388916016	25500	2023/08/24 
2023/08/25 	64.63888549804688	64.63888549804688	64.35371104346397	64.63888549804688	21000	2023/08/25 
2023/08/28 	66.06474304199219	66.06474304199219	66.06474304199219	66.06474304199219	10	2023/08/28 
2023/08/29 	65.49440160950796	65.49440160950796	64.16359957526713	64.63888549804688	31215	2023/08/29 
2023/08/30 	64.63888549804688	64.63888549804688	64.63888549804688	64.63888549804688	200	2023/08/30 
2023/08/31 	64.63888549804688	64.63888549804688	64.63888549804688	64.63888549804688	5000	2023/08/31 
2023/09/01 	64.92405745504182	64.92405745504182	64.1635971069336	64.1635971069336	9344	2023/09/01 
2023/09/04 	64.16359600458982	64.35370746220705	63.87842156587676	64.25865173339844	8210	2023/09/04 
2023/09/05 	64.1635971069336	64.1635971069336	64.1635971069336	64.1635971069336	1200	2023/09/05 
2023/09/06 	64.1635971069336	64.1635971069336	64.1635971069336	64.1635971069336	3000	2023/09/06 
2023/09/07 	64.63888256519222	64.92405700683594	64.63888256519222	64.92405700683594	5500	2023/09/07 
2023/09/08 	64.92405700683594	64.92405700683594	64.92405700683594	64.92405700683594	0	2023/09/08 
2023/09/11 	64.92405700683594	64.92405700683594	64.92405700683594	64.92405700683594	0	2023/09/11 
2023/09/12 	65.11417388916016	65.20922962686194	65.11417388916016	65.11417388916016	12000	2023/09/12 
2023/09/13 	65.39934429261618	65.49440002441406	65.11416984493505	65.49440002441406	4000	2023/09/13 
2023/09/14 	65.49439875859063	67.49059809691516	65.49439875859063	67.01531219482422	63000	2023/09/14 
2023/09/15 	67.49060011879753	68.25106048583984	67.49060011879753	68.25106048583984	15100	2023/09/15 
2023/09/18 	68.15599797248946	68.25106095824339	67.4906005859375	67.4906005859375	19000	2023/09/18 
2023/09/19 	68.44117195145665	68.44117195145665	68.1559975007439	68.25106048583984	16000	2023/09/19 
2023/09/20 	67.87083077209044	68.15599797248946	67.4906005859375	67.4906005859375	4500	2023/09/20 
2023/09/21 	67.87083051057041	67.87083051057041	66.82520294189453	66.82520294189453	17500	2023/09/21 
2023/09/22 	66.54003143310547	66.54003143310547	66.54003143310547	66.54003143310547	4000	2023/09/22 
2023/09/25 	66.54002629273326	67.01531219482422	66.34991483281182	67.01531219482422	13000	2023/09/25 
2023/09/26 	66.54002629273326	67.49059809691516	66.54002629273326	67.01531219482422	18000	2023/09/26 
2023/09/27 	67.4906005859375	67.4906005859375	67.4906005859375	67.4906005859375	1000	2023/09/27 
2023/09/28 	68.06093956754113	68.44116973876953	68.06093956754113	68.44116973876953	11000	2023/09/28 
2023/10/02 	68.44117465084545	69.3917465209961	68.25106317773046	69.3917465209961	26000	2023/10/02 
2023/10/03 	68.34611445593971	68.34611445593971	67.68070983886719	67.68070983886719	47000	2023/10/03 
2023/10/04 	67.4906005859375	67.4906005859375	67.4906005859375	67.4906005859375	2200	2023/10/04 
2023/10/05 	67.4906005859375	67.4906005859375	67.4906005859375	67.4906005859375	0	2023/10/05 
2023/10/06 	67.49060304014833	67.96588897705078	67.49060304014833	67.96588897705078	1500	2023/10/06 
2023/10/11 	67.4906005859375	67.4906005859375	67.4906005859375	67.4906005859375	10000	2023/10/11 
2023/10/12 	67.4906005859375	67.4906005859375	67.4906005859375	67.4906005859375	0	2023/10/12 
2023/10/13 	67.4906005859375	67.4906005859375	67.4906005859375	67.4906005859375	0	2023/10/13 
2023/10/16 	67.4906005859375	67.4906005859375	67.4906005859375	67.4906005859375	0	2023/10/16 
2023/10/17 	67.4906005859375	67.4906005859375	67.4906005859375	67.4906005859375	0	2023/10/17 
2023/10/18 	67.4906005859375	67.4906005859375	67.4906005859375	67.4906005859375	0	2023/10/18 
2023/10/19 	67.01531737191337	67.01531737191337	66.54003143310547	66.54003143310547	8000	2023/10/19 
2023/10/20 	66.54003143310547	66.54003143310547	66.54003143310547	66.54003143310547	0	2023/10/20 
2023/10/23 	66.54003143310547	66.54003143310547	66.54003143310547	66.54003143310547	0	2023/10/23 
2023/10/24 	66.54003143310547	66.54003143310547	66.54003143310547	66.54003143310547	0	2023/10/24 
2023/10/25 	66.54003143310547	66.54003143310547	66.54003143310547	66.54003143310547	0	2023/10/25 
2023/10/26 	66.54003143310547	66.54003143310547	66.54003143310547	66.54003143310547	0	2023/10/26 
2023/10/27 	66.06474304199219	66.06474304199219	66.06474304199219	66.06474304199219	1000	2023/10/27 
2023/10/30 	66.06474599958413	66.06474599958413	65.77957153320312	65.77957153320312	5200	2023/10/30 
2023/10/31 	65.7795685883779	66.06474304199219	65.7795685883779	66.06474304199219	2000	2023/10/31 
2023/11/01 	66.06474304199219	66.06474304199219	66.06474304199219	66.06474304199219	0	2023/11/01 
2023/11/02 	65.7795685883779	66.06474304199219	65.7795685883779	66.06474304199219	6025	2023/11/02 
2023/11/03 	66.06474549429757	66.54003143310547	66.06474549429757	66.54003143310547	9300	2023/11/03 
2023/11/06 	66.54003143310547	66.54003143310547	66.54003143310547	66.54003143310547	0	2023/11/06 
2023/11/07 	65.5894546508789	65.5894546508789	65.5894546508789	65.5894546508789	60	2023/11/07 
2023/11/08 	64.63888598119128	64.73394171600019	63.593258393717775	63.87842559814453	18780	2023/11/08 
2023/11/09 	60.836597238788165	62.8327966352284	60.836597238788165	62.262454986572266	34550	2023/11/09 
2023/11/10 	62.07234264676251	62.73774001877393	61.787168200307654	61.97727966308594	21010	2023/11/10 
2023/11/13 	61.787169277668	61.787169277668	60.83659744262695	60.83659744262695	32100	2023/11/13 
2023/11/14 	60.83659744262695	60.83659744262695	60.83659744262695	60.83659744262695	0	2023/11/14 
2023/11/15 	61.78717041015625	61.78717041015625	61.78717041015625	61.78717041015625	1100	2023/11/15 
2023/11/16 	61.97727966308594	61.97727966308594	61.97727966308594	61.97727966308594	50	2023/11/16 
2023/11/17 	61.787168200307654	61.97727966308594	61.787168200307654	61.97727966308594	6084	2023/11/17 
2023/11/20 	61.97727966308594	61.97727966308594	61.97727966308594	61.97727966308594	1200	2023/11/20 
2023/11/21 	61.97728187973396	63.213028188852164	61.78717041015625	61.78717041015625	189600	2023/11/21 
2023/11/22 	61.787168840580975	62.642684936523445	61.787168840580975	62.64268493652344	58503	2023/11/22 
2023/11/23 	62.642684706089156	63.02291488647461	62.642684706089156	63.02291488647461	11000	2023/11/23 
2023/11/24 	63.02291626151076	65.58945734360638	63.02291626151076	64.63888549804688	59584	2023/11/24 
2023/11/27 	66.54002921775663	66.82520367246207	65.58945737178867	66.73014068603516	31050	2023/11/27 
2023/11/28 	66.73013746900796	66.73013746900796	65.58945420975326	66.34991455078125	14000	2023/11/28 
2023/11/29 	65.30428241225718	65.68451259816257	65.30428241225718	65.39934539794922	12500	2023/11/29 
2023/11/30 	65.77956881180323	65.77956881180323	64.44877402985003	64.63888549804688	42667	2023/11/30 
2023/12/01 	64.63888598119128	65.11417190752356	63.87842559814453	63.87842559814453	31500	2023/12/01 
2023/12/04 	64.16359844492442	64.16359844492442	63.68831253051758	63.68831253051758	10070	2023/12/04 
2023/12/05 	63.40314028956506	63.49820327758789	63.40314028956506	63.49820327758789	11000	2023/12/05 
2023/12/06 	63.40313808095846	63.68831253051758	63.40313808095846	63.68831253051758	10035	2023/12/06 
2023/12/07 	63.973490532163034	65.11417388916016	63.973490532163034	65.11417388916016	20900	2023/12/07 
2023/12/08 	64.44877155054601	64.44877155054601	64.1635971069336	64.1635971069336	6400	2023/12/08 
2023/12/11 	64.16359821254837	64.16359821254837	63.68831229986282	64.06854248046875	17000	2023/12/11 
2023/12/12 	64.25865329162893	64.25865329162893	63.40313720703125	63.40313720703125	2000	2023/12/12 
2023/12/13 	63.40314028956506	64.06854494428609	63.21302881809491	63.49820327758789	11638	2023/12/13 
2023/12/14 	64.06854248046875	64.16359821254837	64.06854248046875	64.06854248046875	4030	2023/12/14 
2023/12/15 	64.16359600458982	64.63888190092013	64.16359600458982	64.25865173339844	19110	2023/12/15 
2023/12/18 	64.44877155054601	64.44877155054601	64.1635971069336	64.1635971069336	10800	2023/12/18 
2023/12/19 	63.87842422948749	64.16359868009181	63.213026847794154	63.308082580566406	26000	2023/12/19 
2023/12/20 	63.68831253051758	63.68831253051758	63.68831253051758	63.68831253051758	4020	2023/12/20 
2023/12/21 	63.78336803194243	64.06854248046875	63.78336803194243	64.06854248046875	12000	2023/12/21 
2023/12/22 	63.973487854003906	63.973487854003906	63.973487854003906	63.973487854003906	6000	2023/12/22 
2023/12/25 	63.97348592103665	64.82899475097656	63.688311476198415	64.82899475097656	50234	2023/12/25 
2023/12/26 	64.82899475097656	64.82899475097656	64.82899475097656	64.82899475097656	27000	2023/12/26 
2023/12/27 	64.8289999337938	64.92406292453137	64.35371398925781	64.35371398925781	10630	2023/12/27 
2023/12/28 	64.82899475097656	64.82899475097656	64.82899475097656	64.82899475097656	13000	2023/12/28 
2023/12/29 	64.63888549804688	64.63888549804688	64.63888549804688	64.63888549804688	4000	2023/12/29 
2024/01/02 	64.92405745504182	64.92405745504182	64.1635971069336	64.1635971069336	21500	2024/01/02 
2024/01/03 	63.87842266332117	64.1635971069336	63.87842266332117	64.1635971069336	6010	2024/01/03 
2024/01/04 	64.44877155054601	64.44877155054601	64.1635971069336	64.1635971069336	6020	2024/01/04 
2024/01/05 	64.16360005485899	64.16360005485899	63.87842559814453	63.87842559814453	2000	2024/01/05 
2024/01/08 	63.87842266332117	64.44877155054601	63.87842266332117	64.1635971069336	37400	2024/01/08 
2024/01/09 	64.16359932144871	64.44877377490353	63.973487854003906	63.973487854003906	11590	2024/01/09 
2024/01/10 	64.54382574015133	65.01911163330078	64.35370703151925	65.01911163330078	20300	2024/01/10 
2024/01/11 	63.97348858524115	64.35371152447682	63.87842559814453	63.87842559814453	15700	2024/01/11 
2024/01/12 	63.68831253051758	63.68831253051758	63.68831253051758	63.68831253051758	1300	2024/01/12 
2024/01/15 	63.68831253051758	63.68831253051758	63.68831253051758	63.68831253051758	0	2024/01/15 
2024/01/16 	63.68831010825953	65.30427925486764	63.68831010825953	64.25865173339844	44200	2024/01/16 
2024/01/17 	63.973485870821136	64.6388832385382	63.78336715698242	63.78336715698242	18090	2024/01/17 
2024/01/18 	63.68831253051758	64.16359844492442	63.68831253051758	63.68831253051758	10115	2024/01/18 
2024/01/19 	63.3080814759176	63.688311652659614	63.21302574480394	63.40313720703125	47025	2024/01/19 
2024/01/22 	63.21302881809491	63.49820327758789	63.21302881809491	63.49820327758789	13100	2024/01/22 
2024/01/23 	63.498202430357985	65.30428314208984	63.498202430357985	65.30428314208984	97100	2024/01/23 
2024/01/24 	64.63888549804688	65.39934587540954	64.35371104346397	64.63888549804688	84700	2024/01/24 
2024/01/25 	64.92405745504182	64.92405745504182	64.1635971069336	64.1635971069336	17900	2024/01/25 
2024/01/26 	64.82899696624372	64.92405995262979	64.25865530936555	64.63888549804688	47500	2024/01/26 
2024/01/29 	64.92405995262979	64.92405995262979	64.63888549804688	64.63888549804688	27150	2024/01/29 
2024/01/30 	65.0191159386895	65.30428314208984	64.92406020422271	65.30428314208984	31000	2024/01/30 
2024/01/31 	64.92406263863599	66.54003194202718	64.92406263863599	65.77957153320312	33599	2024/01/31 
2024/02/01 	66.54002720903065	68.34611511230469	66.54002720903065	68.34611511230469	62700	2024/02/01 
2024/02/02 	68.34611601752113	70.05714095989987	67.96588583511891	69.67691802978516	122212	2024/02/02 
2024/02/05 	69.10656651065652	70.62748718261719	69.10656651065652	70.62748718261719	31461	2024/02/05 
2024/02/15 	70.81759863633376	74.14459991455078	70.81759863633376	74.14459991455078	81655	2024/02/15 
2024/02/16 	73.28909006314231	73.57426452636719	72.71874838898043	73.57426452636719	72900	2024/02/16 
2024/02/19 	73.00391922808383	73.00391922808383	71.10277557373047	71.10277557373047	59063	2024/02/19 
2024/02/20 	71.00771553735498	71.48300147067674	70.8176040649414	70.8176040649414	20550	2024/02/20 
2024/02/21 	70.53242873746456	70.72254745983011	69.48680114746094	69.48680114746094	42251	2024/02/21 
2024/02/22 	70.05713844174683	73.47920270807572	70.05713844174683	72.71874237060547	99303	2024/02/22 
2024/02/23 	73.19402871353488	73.19402871353488	71.67311528163316	71.95828247070312	31003	2024/02/23 
2024/02/26 	71.48299830878895	72.71874458168021	71.48299830878895	72.52863311767578	21800	2024/02/26 
2024/02/27 	72.81380327639405	72.90885901226399	71.29288974561189	72.24346160888672	56602	2024/02/27 
2024/02/29 	71.95828666439819	73.00392150878906	71.95828666439819	73.00392150878906	33195	2024/02/29 
2024/03/01 	73.00391898945236	78.89746139776824	73.00391898945236	78.13700103759766	254563	2024/03/01 
2024/03/04 	78.2320667255325	78.2320667255325	74.61989076831674	75.09517669677734	219979	2024/03/04 
2024/03/05 	75.0951737587322	76.04574557846298	74.1446019390014	75.3803482055664	68043	2024/03/05 
2024/03/06 	76.04574761705823	80.32332092051774	76.04574761705823	78.70735168457031	391708	2024/03/06 
2024/03/07 	78.89746338125369	80.70355134284834	76.5210337613364	77.281494140625	319571	2024/03/07 
2024/03/08 	77.28149003379997	77.28149003379997	74.80999755859375	74.80999755859375	171023	2024/03/08 
2024/03/11 	75.57046039929864	75.76057186416803	74.81000003524603	75.28528594970703	64782	2024/03/11 
2024/03/12 	75.28528530484614	77.9468893039446	75.19022957322565	77.47160339355469	142515	2024/03/12 
2024/03/13 	76.99631814268163	76.99631814268163	75.09517448483764	75.28528594970703	95750	2024/03/13 
2024/03/14 	74.90506571659108	75.09517718830459	74.14460532516149	74.334716796875	49689	2024/03/14 
2024/03/15 	74.14460279452089	74.14460279452089	71.67311748516104	71.76817321777344	108575	2024/03/15 
2024/03/18 	72.24345866938165	73.66931640627735	72.24345866938165	72.52863311767578	82230	2024/03/18 
2024/03/19 	72.81380058003154	73.19403076171875	72.52863338298177	73.19403076171875	63210	2024/03/19 
2024/03/20 	73.38413943338584	73.47920241440514	71.57805883061496	72.0533447265625	106801	2024/03/20 
2024/03/21 	73.19402783258286	75.09517141264995	72.90885339465791	73.47920227050781	177311	2024/03/21 
2024/03/22 	73.57426452636719	74.04955046355006	72.81380412595944	73.57426452636719	164999	2024/03/22 
2024/03/25 	73.57425828874246	74.7149415403591	73.57425828874246	74.14459991455078	108440	2024/03/25 
2024/03/26 	74.14459991455078	74.14459991455078	74.14459991455078	74.14459991455078	0	2024/03/26 
2024/03/27 	74.14460306421327	74.14460306421327	71.95828494473811	72.4335708618164	122061	2024/03/27 
2024/03/28 	72.24346160888672	72.71874754052413	71.95828714898916	72.24346160888672	62905	2024/03/28 
2024/03/29 	72.1484011823704	72.52863135341765	71.76817101132315	71.95828247070312	89623	2024/03/29 
2024/04/01 	71.76817728681455	72.14840749110957	70.05714499363094	71.38794708251953	183005	2024/04/01 
2024/04/02 	70.81759920984868	72.2434569120604	70.53242476849141	71.95828247070312	118723	2024/04/02 
2024/04/03 	71.29288926550193	73.66931890768532	71.29288926550193	73.00392150878906	166546	2024/04/03 
2024/04/08 	65.49440332858165	68.63128614989125	64.63888719466529	67.30049133300781	1475000	2024/04/08 
2024/04/09 	67.4906035931441	67.58565933084589	64.63888794836338	65.11417388916016	990000	2024/04/09 
2024/04/10 	64.92405728721971	66.2548520145381	64.35370840146915	65.5894546508789	310000	2024/04/10 
2024/04/11 	64.5438283931543	64.6388841252339	63.68831229986282	64.06854248046875	238000	2024/04/11 
2024/04/12 	64.63888190092013	65.68450942238933	64.16359600458982	64.25865173339844	271000	2024/04/12 
2024/04/15 	64.63888408775345	64.63888408775345	62.832796170138145	63.02291488647461	137000	2024/04/15 
2024/04/16 	62.83279660504208	62.92785233772451	60.36131129386117	61.216827392578125	258000	2024/04/16 
2024/04/17 	61.21682762710088	61.787169277668	59.88602560758591	60.83659744262695	169000	2024/04/17 
2024/04/18 	60.45636884471922	61.21682923362397	60.45636884471922	61.026710510253906	71000	2024/04/18 
2024/04/19 	60.83659765625	60.83659765625	59.12556907239673	59.41073989868164	136000	2024/04/19 
2024/04/22 	59.41074125391414	59.600856351155436	57.6046532693376	57.889827728271484	145000	2024/04/22 
2024/04/23 	58.079937852367436	58.74533886420794	57.984882119023275	58.3651123046875	67000	2024/04/23 
2024/04/24 	58.745339121306145	59.12556930863445	58.650283387545976	59.03050994873047	67000	2024/04/24 
2024/04/25 	58.93545329918259	59.12556838989258	58.93545329918259	59.12556838989258	23000	2024/04/25 
2024/04/26 	59.12557041950171	59.12557041950171	58.84039958671952	58.935455322265625	146000	2024/04/26 
2024/04/29 	59.31568503762444	60.93165428571872	59.31568503762444	60.74154281616211	83000	2024/04/29 
2024/04/30 	60.74154170958036	61.787169277668	60.74154170958036	60.83659744262695	71000	2024/04/30 
2024/05/02 	60.17119776975001	60.646483697830405	60.07614203459147	60.36131286621094	33000	2024/05/02 
2024/05/03 	60.07613892657025	61.02670710740983	59.505793666694096	60.646480560302734	74000	2024/05/03 
2024/05/06 	59.505794525146484	60.45636634584303	59.505794525146484	59.505794525146484	54000	2024/05/06 
2024/05/07 	60.36131173706055	60.36131173706055	59.41073989868164	59.41073989868164	29000	2024/05/07 
2024/05/08 	59.41073856656513	59.886024475097656	59.41073856656513	59.886024475097656	24000	2024/05/08 
2024/05/09 	59.505794525146484	60.36131061423087	59.505794525146484	59.505794525146484	22000	2024/05/09 
2024/05/10 	59.50579361001461	59.69590869645891	59.41073787986429	59.600852966308594	41000	2024/05/10 
2024/05/13 	59.88602516073104	60.551426165523466	59.600854337575356	60.17119598388672	71000	2024/05/13 
2024/05/14 	60.171195753656	60.55142593383789	60.0761400216824	60.55142593383789	59000	2024/05/14 
2024/05/15 	61.69211491529361	61.69211491529361	60.36131286621094	60.36131286621094	54000	2024/05/15 
2024/05/16 	60.83659744262695	60.83659744262695	60.45636725815302	60.83659744262695	28000	2024/05/16 
2024/05/17 	59.98108199719098	60.93165384263707	59.69591116878591	60.076141357421875	63000	2024/05/17 
2024/05/20 	59.695910069912664	60.74154125634184	59.50579497909429	60.17119598388672	28000	2024/05/20 
2024/05/21 	60.17119598388672	60.4563668070424	60.17119598388672	60.17119598388672	31000	2024/05/21 
2024/05/22 	60.17119666628599	61.31188359798896	60.07614093287066	60.45636749267578	67000	2024/05/22 
2024/05/23 	61.21682762710088	61.21682762710088	60.26625579205984	60.83659744262695	44000	2024/05/23 
2024/05/24 	60.836598108549985	60.836598108549985	59.98108199719098	60.076141357421875	81000	2024/05/24 
2024/05/27 	59.88602669858197	60.93165428571872	59.88602669858197	60.74154281616211	60000	2024/05/27 
2024/05/28 	60.74154170958036	61.21682762710088	60.36131152510643	60.83659744262695	84000	2024/05/28 
2024/05/29 	60.64648235038999	61.50199482624066	60.64648235038999	60.83659744262695	46000	2024/05/29 
2024/05/30 	60.83659633777152	61.40693797798064	60.55142551766696	60.9316520690918	91000	2024/05/30 
2024/05/31 	60.93165341204004	61.02670914545537	60.45636749267578	60.45636749267578	65000	2024/05/31 
2024/06/03 	60.64648345523996	61.31188447711964	60.64648345523996	60.74154281616211	45000	2024/06/03 
2024/06/04 	60.64648258565025	60.74154194520937	60.17119666628599	60.45636749267578	20000	2024/06/04 
2024/06/05 	59.981080893068345	60.646481897860774	59.981080893068345	60.17119598388672	25000	2024/06/05 
2024/06/06 	60.17119529498842	60.17119529498842	59.60085365520688	59.886024475097656	56000	2024/06/06 
2024/06/07 	60.171196432869465	60.83659744262695	60.171196432869465	60.83659744262695	54000	2024/06/07 
2024/06/11 	60.1711973320941	60.266256692705085	59.60085567300356	59.6959114074707	99000	2024/06/11 
2024/06/12 	59.69591183897765	59.69591183897765	59.220625910918685	59.3156852722168	74000	2024/06/12 
2024/06/13 	59.220625910918685	59.50579674252529	59.12557017576444	59.3156852722168	41000	2024/06/13 
2024/06/14 	59.41073989868164	59.50579563206201	59.31568416530126	59.41073989868164	28000	2024/06/14 
2024/06/17 	59.41073966432363	60.07614067379281	59.41073966432363	59.79096984863281	37000	2024/06/17 
2024/06/18 	59.88602693543001	59.88602693543001	59.3156852722168	59.3156852722168	33000	2024/06/18 
2024/06/19 	59.41073810351742	59.69590892118556	59.22062301635742	59.22062301635742	57000	2024/06/19 
2024/06/20 	59.03051105781173	59.03051105781173	58.46016939224736	58.935455322265625	61000	2024/06/20 
2024/06/21 	58.935455322265625	59.12557041950171	58.84039958671952	58.935455322265625	21000	2024/06/21 
2024/06/24 	58.7453395582239	59.790970768081685	58.55522446314577	59.6959114074707	47000	2024/06/24 
2024/06/25 	59.60085499158618	59.60085499158618	59.2206248057771	59.41073989868164	13000	2024/06/25 
2024/06/26 	59.31568348060256	59.31568348060256	58.93545329918259	59.12556838989258	15000	2024/06/26 
2024/06/27 	59.31568328746237	60.931652487876036	59.12556819737143	60.55142593383789	69000	2024/06/27 
2024/06/28 	60.74153991668726	60.83659564692812	60.1711946568111	60.646480560302734	44000	2024/06/28 
2024/07/01 	60.6464823241128	60.6464823241128	59.69591048948362	59.79096984863281	61000	2024/07/01 
2024/07/02 	59.790970768081685	59.88602650254883	59.410740577925424	59.6959114074707	53000	2024/07/02 
2024/07/03 	59.6959114074707	59.6959114074707	59.505796312392576	59.6959114074707	16000	2024/07/03 
2024/07/04 	59.886025581638215	60.17119640679822	59.69591048948362	59.79096984863281	38000	2024/07/04 
2024/07/05 	59.981080206346675	59.981080206346675	59.6959093864559	59.886024475097656	52000	2024/07/05 
2024/07/08 	59.88602424919961	60.456365886829744	59.88602424919961	60.26625442504883	44000	2024/07/08 
2024/07/09 	59.79096942839372	59.981080893068345	59.600854337575356	60.17119598388672	40000	2024/07/09 
2024/07/10 	59.79096984863281	59.981081314643625	59.69591048948362	59.79096984863281	36000	2024/07/10 
2024/07/11 	59.98108111084391	61.50199459062542	59.88602537816148	61.216827392578125	126000	2024/07/11 
2024/07/12 	61.20000076293945	62.79999923706055	61.20000076293945	61.79999923706055	103000	2024/07/12 
2024/07/15 	61.29999923706055	61.400001525878906	61.20000076293945	61.20000076293945	58000	2024/07/15 
2024/07/16 	60.79999923706055	61.0	60.599998474121094	60.79999923706055	36000	2024/07/16 
2024/07/17 	60.29999923706055	60.900001525878906	60.099998474121094	60.900001525878906	37000	2024/07/17 
2024/07/18 	60.400001525878906	60.400001525878906	60.20000076293945	60.29999923706055	41000	2024/07/18 
2024/07/19 	60.29999923706055	61.0	60.0	60.099998474121094	69000	2024/07/19 
2024/07/22 	60.099998474121094	60.099998474121094	58.5	58.79999923706055	31000	2024/07/22 
2024/07/23 	58.599998474121094	59.0	58.5	58.70000076293945	53000	2024/07/23 
2024/07/26 	56.0	57.099998474121094	56.0	57.400001525878906	35000	2024/07/26 
2024/07/29 	57.20000076293945	57.20000076293945	56.400001525878906	56.400001525878906	30000	2024/07/29 
2024/07/30 	56.0	56.5	55.79999923706055	56.5	20000	2024/07/30 
2024/07/31 	56.5	56.5	56.20000076293945	56.29999923706055	55000	2024/07/31 
2024/08/01 	56.70000076293945	59.79999923706055	56.5	59.79999923706055	43000	2024/08/01 
2024/08/02 	57.20000076293945	57.900001525878906	57.20000076293945	57.400001525878906	23000	2024/08/02 
2024/08/05 	56.0	56.0	51.70000076293945	51.70000076293945	136000	2024/08/05 
2024/08/06 	51.79999923706055	52.0	50.0	51.599998474121094	58000	2024/08/06 
2024/08/07 	53.5	53.5	52.900001525878906	53.0	14000	2024/08/07 
2024/08/08 	54.5	54.5	53.29999923706055	53.400001525878906	7000	2024/08/08 
2024/08/09 	53.400001525878906	54.29999923706055	52.599998474121094	53.400001525878906	27000	2024/08/09 
2024/08/12 	52.900001525878906	53.29999923706055	51.099998474121094	53.0	50000	2024/08/12 
2024/08/13 	53.0	53.0	51.5	52.599998474121094	24000	2024/08/13 
2024/08/14 	53.0	53.29999923706055	52.20000076293945	52.20000076293945	49000	2024/08/14 
2024/08/15 	52.5	52.5	52.0	52.5	27000	2024/08/15 
2024/08/16 	53.5	53.5	52.20000076293945	53.20000076293945	37000	2024/08/16 
2024/08/19 	53.20000076293945	53.400001525878906	53.20000076293945	53.400001525878906	7000	2024/08/19 
2024/08/20 	53.29999923706055	53.5	52.5	53.5	13000	2024/08/20 
2024/08/21 	53.0	53.5	53.0	53.400001525878906	8000	2024/08/21 
2024/08/22 	53.599998474121094	53.599998474121094	53.0	53.5	11000	2024/08/22 
2024/08/23 	53.29999923706055	53.5	52.70000076293945	53.5	7000	2024/08/23 
2024/08/26 	53.099998474121094	53.5	53.0	53.5	33000	2024/08/26 
2024/08/27 	53.0	53.5	52.79999923706055	53.5	4000	2024/08/27 
2024/08/28 	52.20000076293945	53.599998474121094	52.20000076293945	53.599998474121094	6000	2024/08/28 
2024/08/29 	53.599998474121094	53.599998474121094	53.099998474121094	53.5	12000	2024/08/29 
2024/08/30 	53.5	53.70000076293945	53.0	53.5	14000	2024/08/30 
2024/09/02 	53.5	53.79999923706055	53.5	53.79999923706055	16000	2024/09/02 
2024/09/03 	53.900001525878906	53.900001525878906	53.5	53.79999923706055	11000	2024/09/03 
2024/09/04 	52.0	53.5	52.0	53.5	9000	2024/09/04 
2024/09/05 	52.5	53.29999923706055	52.20000076293945	53.29999923706055	10000	2024/09/05 
2024/09/06 	52.5	53.20000076293945	51.900001525878906	53.20000076293945	11000	2024/09/06 
2024/09/09 	52.0	53.099998474121094	52.0	53.099998474121094	4000	2024/09/09 
2024/09/10 	52.099998474121094	52.900001525878906	52.0	52.900001525878906	10000	2024/09/10 
2024/09/11 	55.400001525878906	58.099998474121094	54.29999923706055	58.099998474121094	218000	2024/09/11 
2024/09/12 	57.20000076293945	58.0	56.599998474121094	57.5	126000	2024/09/12 
2024/09/13 	57.5	57.5	56.0	57.20000076293945	36000	2024/09/13 
2024/09/16 	57.20000076293945	59.29999923706055	55.599998474121094	57.20000076293945	119000	2024/09/16 
2024/09/18 	57.20000076293945	62.900001525878906	57.20000076293945	62.900001525878906	424000	2024/09/18 
2024/09/19 	63.0	64.69999694824219	61.599998474121094	62.29999923706055	401000	2024/09/19 
2024/09/20 	61.599998474121094	61.70000076293945	57.79999923706055	59.5	290000	2024/09/20 
2024/09/23 	58.099998474121094	60.29999923706055	58.0	59.79999923706055	47000	2024/09/23 
2024/09/24 	59.70000076293945	60.20000076293945	59.20000076293945	60.0	62000	2024/09/24 
2024/09/25 	60.5	60.599998474121094	59.400001525878906	60.0	55000	2024/09/25 
2024/09/26 	59.20000076293945	59.79999923706055	58.5	59.400001525878906	50000	2024/09/26 
2024/09/27 	59.900001525878906	60.20000076293945	58.70000076293945	59.29999923706055	45000	2024/09/27 
2024/09/30 	59.79999923706055	59.79999923706055	58.20000076293945	59.900001525878906	43000	2024/09/30 
2024/10/01 	58.79999923706055	59.5	58.29999923706055	59.400001525878906	43000	2024/10/01 
2024/10/04 	58.70000076293945	58.79999923706055	58.400001525878906	58.70000076293945	36000	2024/10/04 
2024/10/07 	58.70000076293945	59.29999923706055	58.400001525878906	58.5	35000	2024/10/07 
2024/10/08 	58.099998474121094	58.400001525878906	57.099998474121094	58.400001525878906	38000	2024/10/08 
2024/10/09 	57.70000076293945	58.400001525878906	57.70000076293945	58.900001525878906	22000	2024/10/09 
2024/10/11 	56.79999923706055	58.0	56.79999923706055	57.900001525878906	71000	2024/10/11 
2024/10/14 	57.400001525878906	57.900001525878906	57.0	57.900001525878906	16000	2024/10/14 
2024/10/15 	57.5	58.70000076293945	57.5	58.5	27000	2024/10/15 
2024/10/16 	57.70000076293945	59.0	57.400001525878906	57.70000076293945	18000	2024/10/16 
2024/10/17 	57.0	58.29999923706055	57.0	58.29999923706055	52000	2024/10/17 
2024/10/18 	58.29999923706055	58.79999923706055	58.0	58.0	33000	2024/10/18 
2024/10/21 	57.79999923706055	59.900001525878906	57.70000076293945	59.400001525878906	66000	2024/10/21 
2024/10/22 	60.0	60.0	58.20000076293945	58.79999923706055	38000	2024/10/22 
2024/10/23 	59.20000076293945	59.29999923706055	58.79999923706055	59.0	20000	2024/10/23 
2024/10/24 	59.0	59.5	58.900001525878906	59.20000076293945	24000	2024/10/24 
2024/10/25 	58.900001525878906	59.70000076293945	58.900001525878906	59.70000076293945	8000	2024/10/25 
2024/10/28 	59.099998474121094	59.400001525878906	58.5	59.0	24000	2024/10/28 
2024/10/29 	59.0	59.099998474121094	58.79999923706055	58.79999923706055	17000	2024/10/29 
2024/10/30 	58.900001525878906	59.0	58.0	58.5	50000	2024/10/30 
2024/11/01 	57.0	58.0	57.0	57.79999923706055	28000	2024/11/01 
2024/11/04 	57.900001525878906	58.0	57.900001525878906	57.900001525878906	9000	2024/11/04 
2024/11/05 	57.900001525878906	58.0	57.5	58.0	28000	2024/11/05 
2024/11/06 	57.400001525878906	58.29999923706055	57.29999923706055	57.79999923706055	39000	2024/11/06 
2024/11/07 	57.5	58.79999923706055	57.5	58.0	29000	2024/11/07 
2024/11/08 	59.400001525878906	59.400001525878906	57.599998474121094	58.20000076293945	39000	2024/11/08 
2024/11/11 	58.599998474121094	58.70000076293945	57.29999923706055	57.900001525878906	75000	2024/11/11 
2024/11/12 	57.20000076293945	57.900001525878906	57.0	57.0	22000	2024/11/12 
2024/11/13 	55.20000076293945	56.29999923706055	55.099998474121094	55.70000076293945	42000	2024/11/13 
2024/11/14 	55.70000076293945	56.0	55.5	55.5	20000	2024/11/14 
2024/11/15 	55.0	55.5	55.0	56.0	22000	2024/11/15 
2024/11/18 	54.5	55.0	54.5	55.0	5000	2024/11/18 
2024/11/19 	54.099998474121094	55.20000076293945	54.099998474121094	55.20000076293945	16000	2024/11/19 
2024/11/20 	57.099998474121094	57.099998474121094	54.599998474121094	55.5	44060	2024/11/20 
2024/11/21 	55.0	55.0	54.5	54.900001525878906	32000	2024/11/21 
2024/11/22 	55.0	55.900001525878906	55.0	55.29999923706055	14000	2024/11/22 
2024/11/25 	54.5	55.29999923706055	54.5	54.900001525878906	18000	2024/11/25 
2024/11/26 	55.0	55.0	55.0	55.0	7000	2024/11/26 
2024/11/27 	54.5	55.0	54.5	55.0	18000	2024/11/27 
2024/11/28 	54.79999923706055	55.0	54.5	55.0	28000	2024/11/28 
2024/11/29 	53.5	54.5	53.5	54.5	13000	2024/11/29 
2024/12/02 	53.70000076293945	54.0	53.70000076293945	54.0	24000	2024/12/02 
2024/12/03 	53.599998474121094	54.0	53.5	54.0	18000	2024/12/03 
2024/12/04 	53.5	53.70000076293945	53.099998474121094	53.5	34000	2024/12/04 
2024/12/05 	53.29999923706055	54.20000076293945	53.29999923706055	54.20000076293945	21000	2024/12/05 
2024/12/06 	54.20000076293945	54.20000076293945	53.29999923706055	53.79999923706055	25000	2024/12/06 
2024/12/09 	53.5	53.5	52.5	53.0	28000	2024/12/09 
2024/12/10 	53.0	53.0	52.79999923706055	52.79999923706055	6000	2024/12/10 
2024/12/11 	52.5	54.79999923706055	52.400001525878906	52.400001525878906	45000	2024/12/11 
2024/12/12 	52.79999923706055	52.79999923706055	52.70000076293945	52.70000076293945	16000	2024/12/12 
2024/12/13 	51.599998474121094	51.900001525878906	51.599998474121094	51.70000076293945	24000	2024/12/13 
2024/12/16 	51.29999923706055	51.5	51.29999923706055	51.5	17000	2024/12/16 
2024/12/17 	51.599998474121094	51.79999923706055	51.599998474121094	51.70000076293945	24000	2024/12/17 
2024/12/18 	51.29999923706055	52.5	51.29999923706055	51.599998474121094	28000	2024/12/18 
2024/12/19 	51.5	51.5	51.5	51.5	1000	2024/12/19 
2024/12/20 	51.5	51.599998474121094	51.29999923706055	51.400001525878906	34000	2024/12/20 
2024/12/23 	51.5	51.599998474121094	51.400001525878906	51.400001525878906	24000	2024/12/23 
2024/12/24 	51.400001525878906	51.5	51.20000076293945	51.29999923706055	38000	2024/12/24 
2024/12/25 	51.20000076293945	51.29999923706055	51.0	51.29999923706055	33000	2024/12/25 
2024/12/26 	51.20000076293945	51.29999923706055	51.0	51.29999923706055	43000	2024/12/26 
2024/12/27 	51.099998474121094	51.099998474121094	51.0	51.0	25000	2024/12/27 
2024/12/30 	51.0	51.20000076293945	50.900001525878906	51.0	26000	2024/12/30 
2024/12/31 	50.900001525878906	51.0	50.900001525878906	51.0	46000	2024/12/31 
2025/01/02 	50.79999923706055	50.79999923706055	50.599998474121094	51.0	14000	2025/01/02 
2025/01/03 	51.79999923706055	51.79999923706055	50.900001525878906	51.29999923706055	41000	2025/01/03 
2025/01/06 	50.900001525878906	51.099998474121094	50.900001525878906	51.29999923706055	39000	2025/01/06 
2025/01/07 	51.099998474121094	51.79999923706055	51.099998474121094	51.599998474121094	43000	2025/01/07 
2025/01/08 	52.5	52.5	51.400001525878906	52.29999923706055	42000	2025/01/08 
2025/01/09 	51.29999923706055	51.29999923706055	50.29999923706055	50.29999923706055	57000	2025/01/09 
2025/01/10 	50.5	51.29999923706055	50.29999923706055	50.900001525878906	36000	2025/01/10 
2025/01/13 	51.0	51.0	50.5	51.0	20000	2025/01/13 
2025/01/14 	51.0	51.79999923706055	51.0	51.20000076293945	18000	2025/01/14 
2025/01/15 	50.79999923706055	51.70000076293945	50.79999923706055	51.400001525878906	14000	2025/01/15 
2025/01/16 	51.0	51.29999923706055	51.0	51.20000076293945	4000	2025/01/16 
2025/01/17 	51.20000076293945	51.400001525878906	51.20000076293945	51.400001525878906	3000	2025/01/17 
2025/01/20 	50.29999923706055	51.599998474121094	50.29999923706055	51.5	12000	2025/01/20 
2025/01/21 	51.099998474121094	51.400001525878906	51.099998474121094	51.400001525878906	3000	2025/01/21 
2025/01/22 	51.099998474121094	51.79999923706055	51.099998474121094	51.599998474121094	23000	2025/01/22 
2025/02/03 	51.0	51.0	50.599998474121094	51.0	39000	2025/02/03 
2025/02/04 	51.0	51.099998474121094	51.0	51.099998474121094	2000	2025/02/04 
2025/02/05 	51.79999923706055	52.20000076293945	51.79999923706055	52.099998474121094	14000	2025/02/05 
2025/02/06 	52.5	53.20000076293945	52.5	52.5	6000	2025/02/06 
2025/02/07 	53.5	53.5	53.099998474121094	53.099998474121094	2060	2025/02/07 
2025/02/10 	53.099998474121094	53.900001525878906	53.099998474121094	53.5	31000	2025/02/10 
2025/02/11 	52.5	53.0	52.5	53.0	19000	2025/02/11 
2025/02/12 	53.0	53.20000076293945	53.0	53.20000076293945	14032	2025/02/12 
2025/02/13 	53.0	53.0	52.099998474121094	52.400001525878906	36000	2025/02/13 
2025/02/14 	52.29999923706055	52.29999923706055	52.0	52.0	58000	2025/02/14 
2025/02/17 	52.70000076293945	53.0	52.5	53.0	21000	2025/02/17 
2025/02/18 	52.400001525878906	54.0	52.400001525878906	53.5	21000	2025/02/18 
2025/02/19 	53.599998474121094	53.900001525878906	53.400001525878906	53.400001525878906	22000	2025/02/19 
2025/02/20 	53.099998474121094	53.29999923706055	53.099998474121094	53.29999923706055	15010	2025/02/20 
2025/02/21 	53.29999923706055	54.0	53.29999923706055	53.599998474121094	16000	2025/02/21 
2025/02/24 	53.599998474121094	53.599998474121094	53.599998474121094	53.599998474121094	2004	2025/02/24 
2025/02/25 	53.70000076293945	54.0	53.70000076293945	53.70000076293945	5000	2025/02/25 
2025/02/26 	53.70000076293945	53.70000076293945	53.70000076293945	53.70000076293945	1000	2025/02/26 
2025/02/27 	53.5	53.599998474121094	53.0	53.29999923706055	28000	2025/02/27 
2025/03/03 	53.0	53.0	52.5	52.5	16000	2025/03/03 
2025/03/04 	52.5	52.79999923706055	52.400001525878906	52.400001525878906	15000	2025/03/04 
2025/03/05 	52.70000076293945	53.599998474121094	52.70000076293945	53.5	7000	2025/03/05 
2025/03/06 	53.099998474121094	53.099998474121094	53.0	53.0	8000	2025/03/06 
2025/03/07 	54.20000076293945	54.20000076293945	53.5	54.0	30000	2025/03/07 
2025/03/10 	54.0	54.0	52.400001525878906	52.70000076293945	55000	2025/03/10 
2025/03/11 	52.0	52.900001525878906	51.70000076293945	52.900001525878906	10000	2025/03/11 
2025/03/12 	53.099998474121094	53.29999923706055	53.099998474121094	53.29999923706055	14000	2025/03/12 
2025/03/13 	53.70000076293945	53.70000076293945	53.20000076293945	53.29999923706055	21000	2025/03/13 
2025/03/14 	53.900001525878906	53.900001525878906	53.099998474121094	53.599998474121094	20000	2025/03/14 
2025/03/17 	53.599998474121094	54.0	53.5	53.70000076293945	23000	2025/03/17 
2025/03/18 	53.70000076293945	53.70000076293945	53.5	53.5	34000	2025/03/18 
2025/03/19 	53.29999923706055	54.0	53.29999923706055	53.900001525878906	29000	2025/03/19 
2025/03/20 	53.70000076293945	54.29999923706055	53.70000076293945	54.0	22000	2025/03/20 
2025/03/21 	54.0	54.20000076293945	54.0	54.099998474121094	16000	2025/03/21 
2025/03/24 	54.0	54.599998474121094	54.0	54.099998474121094	45000	2025/03/24 
2025/03/25 	54.70000076293945	54.70000076293945	54.099998474121094	54.20000076293945	51050	2025/03/25 
2025/03/26 	54.099998474121094	54.099998474121094	54.0	54.099998474121094	33310	2025/03/26 
2025/03/27 	53.900001525878906	54.099998474121094	53.79999923706055	54.099998474121094	19000	2025/03/27 
2025/03/28 	54.0	54.0	53.599998474121094	53.70000076293945	52000	2025/03/28 
2025/03/31 	53.5	53.5	52.70000076293945	53.0	61000	2025/03/31 
2025/04/01 	53.0	53.29999923706055	53.0	53.29999923706055	12000	2025/04/01 
2025/04/02 	53.599998474121094	53.599998474121094	53.5	53.5	16000	2025/04/02 
2025/04/07 	48.5	48.5	48.150001525878906	48.150001525878906	37000	2025/04/07 
2025/04/08 	45.900001525878906	48.79999923706055	45.0	48.79999923706055	70004	2025/04/08 
2025/04/09 	48.849998474121094	48.849998474121094	44.5	48.5	45000	2025/04/09 
2025/04/10 	48.79999923706055	51.29999923706055	48.79999923706055	50.79999923706055	19000	2025/04/10 
2025/04/11 	50.0	51.0	50.0	50.900001525878906	10000	2025/04/11 
2025/04/14 	52.5	52.5	50.20000076293945	51.29999923706055	16000	2025/04/14 
2025/04/15 	51.900001525878906	51.900001525878906	51.599998474121094	51.599998474121094	5004	2025/04/15 
2025/04/16 	50.900001525878906	51.79999923706055	50.79999923706055	51.79999923706055	6000	2025/04/16 
2025/04/17 	51.099998474121094	51.79999923706055	51.0	51.79999923706055	19000	2025/04/17 
2025/04/18 	52.0	52.70000076293945	52.0	52.5	16010	2025/04/18 
2025/04/21 	51.5	52.0	50.29999923706055	52.0	19000	2025/04/21 
2025/04/22 	51.099998474121094	51.900001525878906	51.0	51.79999923706055	18000	2025/04/22 
2025/04/23 	52.0	52.5	51.5	52.0	9000	2025/04/23 
2025/04/24 	51.099998474121094	52.0	51.099998474121094	52.0	6000	2025/04/24 
2025/04/25 	52.0	52.20000076293945	52.0	52.099998474121094	9000	2025/04/25 
2025/04/28 	52.099998474121094	52.099998474121094	52.0	52.099998474121094	9000	2025/04/28 
2025/04/29 	51.0	52.29999923706055	51.0	51.70000076293945	25000	2025/04/29 
2025/04/30 	52.5	53.0	52.0	52.5	33000	2025/04/30 
2025/05/02 	52.5	52.79999923706055	52.20000076293945	52.5	18000	2025/05/02 
2025/05/05 	52.29999923706055	52.29999923706055	51.5	52.0	14000	2025/05/05 
2025/05/06 	51.5	52.400001525878906	51.5	51.70000076293945	40000	2025/05/06 
2025/05/07 	51.0	51.0	50.70000076293945	50.70000076293945	5000	2025/05/07 
2025/05/08 	50.70000076293945	50.79999923706055	50.400001525878906	50.400001525878906	40005	2025/05/08 
2025/05/09 	50.599998474121094	50.599998474121094	50.29999923706055	50.29999923706055	13010	2025/05/09 
2025/05/12 	51.0	51.0	50.29999923706055	50.29999923706055	19100	2025/05/12 
2025/05/13 	53.29999923706055	53.29999923706055	51.0	51.70000076293945	43000	2025/05/13 
2025/05/14 	52.70000076293945	53.0	52.0	52.20000076293945	29054	2025/05/14 
2025/05/15 	52.400001525878906	52.5	52.29999923706055	52.29999923706055	13000	2025/05/15 
2025/05/16 	52.5	52.79999923706055	52.5	52.79999923706055	13000	2025/05/16 
2025/05/19 	52.5	52.5	52.0	52.0	23000	2025/05/19 
2025/05/20 	51.400001525878906	51.70000076293945	51.400001525878906	51.70000076293945	10150	2025/05/20 
2025/05/21 	52.0	52.099998474121094	51.900001525878906	51.900001525878906	6000	2025/05/21 
2025/05/22 	51.5	51.70000076293945	51.5	51.70000076293945	2000	2025/05/22 
2025/05/23 	51.70000076293945	51.70000076293945	51.599998474121094	51.599998474121094	5000	2025/05/23 
2025/05/26 	51.0	51.0	51.0	51.0	1000	2025/05/26 
2025/05/27 	51.599998474121094	52.0	51.599998474121094	52.0	28000	2025/05/27 
2025/05/28 	52.0	52.29999923706055	52.0	52.29999923706055	8000	2025/05/28 
2025/05/29 	52.29999923706055	52.29999923706055	52.29999923706055	52.29999923706055	0	2025/05/29 
2025/06/02 	51.79999923706055	53.0	51.5	52.599998474121094	11000	2025/06/02 
2025/06/03 	51.20000076293945	53.0	51.20000076293945	52.70000076293945	27000	2025/06/03 
2025/06/04 	53.0	53.0	52.70000076293945	52.70000076293945	3000	2025/06/04 
2025/06/05 	53.29999923706055	53.29999923706055	52.79999923706055	52.79999923706055	3009	2025/06/05 
2025/06/06 	52.599998474121094	52.599998474121094	52.599998474121094	52.599998474121094	1000	2025/06/06 
2025/06/09 	52.5	54.400001525878906	51.70000076293945	54.400001525878906	40000	2025/06/09 
2025/06/10 	54.400001525878906	54.400001525878906	53.599998474121094	54.20000076293945	23000	2025/06/10 
2025/06/11 	53.099998474121094	53.79999923706055	53.0	53.20000076293945	28000	2025/06/11 
2025/06/12 	53.20000076293945	53.5	53.20000076293945	53.5	7058	2025/06/12 
2025/06/13 	53.5	53.5	53.0	53.0	10000	2025/06/13 
2025/06/16 	53.5	54.70000076293945	53.400001525878906	53.79999923706055	19000	2025/06/16 
2025/06/17 	53.0	53.20000076293945	53.0	53.20000076293945	7000	2025/06/17 
2025/06/18 	53.79999923706055	55.0	53.79999923706055	54.099998474121094	10018	2025/06/18 
2025/06/19 	53.5	53.5	53.5	53.5	5000	2025/06/19 
2025/06/20 	53.099998474121094	53.099998474121094	53.0	53.099998474121094	9000	2025/06/20 
2025/06/23 	52.5	52.5	51.099998474121094	52.099998474121094	16000	2025/06/23 
2025/06/24 	51.29999923706055	52.099998474121094	51.29999923706055	52.099998474121094	14000	2025/06/24 
2025/06/25 	53.0	53.0	52.0	52.099998474121094	34200	2025/06/25 
2025/06/26 	52.29999923706055	53.0	52.29999923706055	52.70000076293945	16000	2025/06/26 
2025/06/27 	52.70000076293945	52.70000076293945	52.20000076293945	52.20000076293945	18000	2025/06/27 
