Date	Open	High	Low	Close	Volume	Date
2022/09/13 	36.631736976325584	124.6529821542593	36.631736976325584	124.17538452148438	250077	2022/09/13 
2022/09/14 	118.44420861057117	119.39940384130159	69.9202879744417	99.81790161132812	279078	2022/09/14 
2022/09/15 	88.83315653973315	90.74354700295322	75.36490523154393	79.28120422363281	142678	2022/09/15 
2022/09/16 	83.38854663458046	83.38854663458046	76.41561852880271	79.28120422363281	61336	2022/09/16 
2022/09/19 	79.28120422363281	79.28120422363281	79.28120422363281	79.28120422363281	0	2022/09/19 
2022/09/20 	79.28120422363281	79.28120422363281	79.28120422363281	79.28120422363281	0	2022/09/20 
2022/09/21 	79.28120422363281	79.28120422363281	79.28120422363281	79.28120422363281	0	2022/09/21 
2022/09/22 	79.28120422363281	79.28120422363281	79.28120422363281	79.28120422363281	0	2022/09/22 
2022/09/23 	71.6396484375	81.1916015625	69.44269630372524	71.6396484375	70438	2022/09/23 
2022/09/26 	75.46041706714755	75.46041706714755	67.62781972963245	68.20093536376953	41385	2022/09/26 
2022/09/27 	66.76814714453434	70.58892801360571	65.33535431863258	67.34126281738281	20757	2022/09/27 
2022/09/28 	70.30236709698328	80.71399650618031	69.06061767711724	72.40380096435547	72377	2022/09/28 
2022/09/29 	74.50523008473127	79.09017023573932	71.16204668349333	72.88140106201172	42505	2022/09/29 
2022/09/30 	71.35307029571415	71.63963173768897	66.29054069212023	69.06060791015625	31549	2022/09/30 
2022/10/03 	72.59484045794122	72.59484045794122	68.1054256078037	68.96509552001953	13921	2022/10/03 
2022/10/04 	69.34717559814453	72.49932292478995	69.06062138780689	69.34717559814453	14210	2022/10/04 
2022/10/05 	71.54412464934576	76.41561889648438	70.68444747924805	76.41561889648438	45610	2022/10/05 
2022/10/06 	76.415625	76.415625	71.6396484375	71.6396484375	12822	2022/10/06 
2022/10/07 	72.49931699480106	72.49931699480106	68.67853620232206	69.44268798828125	19555	2022/10/07 
2022/10/11 	66.00398926931476	68.67853884186627	64.4756783510973	68.48749542236328	41125	2022/10/11 
2022/10/12 	68.20094033668465	69.25165362380953	68.20094033668465	69.15613555908203	8100	2022/10/12 
2022/10/13 	68.96509092392103	69.82476806640625	63.615999230490104	69.82476806640625	16546	2022/10/13 
2022/10/14 	67.34126281738281	70.01581234075724	66.86366520874888	67.34126281738281	7726	2022/10/14 
2022/10/17 	67.43677577018512	71.16203829268335	66.57709868229159	67.81885528564453	14599	2022/10/17 
2022/10/18 	71.54412594707863	71.54412594707863	70.49341262570543	71.0665283203125	620	2022/10/18 
2022/10/19 	69.729245575381	69.729245575381	67.81885528564453	67.81885528564453	4832	2022/10/19 
2022/10/20 	67.62782112597098	68.00989336491071	67.53229577867522	67.91437530517578	7121	2022/10/20 
2022/10/21 	67.4367814130447	67.72334289550781	67.1502272181428	67.72334289550781	12112	2022/10/21 
2022/10/24 	67.81886219165104	70.20685029699085	67.15022843718042	68.86957550048828	10688	2022/10/24 
2022/10/25 	70.97100940572415	72.30827691466536	68.39197787942031	68.86957550048828	9373	2022/10/25 
2022/10/26 	68.58301935297884	68.77405548095703	68.58301935297884	68.77405548095703	2100	2022/10/26 
2022/10/27 	68.48749400142859	68.77405548095703	68.48749400142859	68.77405548095703	3380	2022/10/27 
2022/10/28 	69.15613877385697	69.15613877385697	68.1054254378889	68.58302307128906	4175	2022/10/28 
2022/10/31 	67.91437726221962	70.87548092469571	67.91437726221962	68.00989532470703	13951	2022/10/31 
2022/11/01 	69.72925489840603	69.72925489840603	67.53230285644531	67.53230285644531	8802	2022/11/01 
2022/11/02 	66.9591871504091	67.72334628349844	66.76815101091755	67.53230285644531	9600	2022/11/02 
2022/11/03 	69.53821758860006	70.20685135312908	67.15022944733717	69.63373565673828	6190	2022/11/03 
2022/11/04 	70.20684699336135	70.20684699336135	67.62782287597656	67.62782287597656	3891	2022/11/04 
2022/11/07 	68.96508654446217	69.06061188899749	67.43677577018512	67.81885528564453	17151	2022/11/07 
2022/11/08 	67.8188591997322	68.67853633724101	67.4367796622215	68.00989532470703	3620	2022/11/08 
2022/11/09 	67.91437334261923	67.91437334261923	67.15022159926102	67.81885528564453	12509	2022/11/09 
2022/11/10 	67.53230018753221	68.48749542236328	67.15022792364883	68.48749542236328	11579	2022/11/10 
2022/11/11 	68.86956848748747	70.30236120478982	67.62781917169514	67.81885528564453	34262	2022/11/11 
2022/11/14 	69.44268867362119	69.44268867362119	67.91437779905868	68.39197540283203	8653	2022/11/14 
2022/11/15 	67.62782554106435	68.58302077589543	67.62782554106435	68.48749542236328	7702	2022/11/15 
2022/11/16 	71.35308501572133	71.35308501572133	68.00990151160337	68.29646301269531	4251	2022/11/16 
2022/11/17 	68.29646157622435	68.96509534795996	68.1054254378889	68.58302307128906	29165	2022/11/17 
2022/11/18 	68.29645679973031	68.77405439972843	66.86366399973598	68.00989532470703	34835	2022/11/18 
2022/11/21 	68.00989532470703	68.00989532470703	68.00989532470703	68.00989532470703	2470	2022/11/21 
2022/11/22 	68.00989336491071	68.00989336491071	67.91437530517578	67.91437530517578	1120	2022/11/22 
2022/11/23 	67.81885591173827	67.81885591173827	66.09950172007838	66.76814270019531	39277	2022/11/23 
2022/11/24 	66.29054652185833	66.48158264160156	66.00398505468264	66.48158264160156	9421	2022/11/24 
2022/11/25 	66.38606205645863	66.38606205645863	65.5263849751938	66.00398254394531	9407	2022/11/25 
2022/11/28 	65.71743969098662	66.48159156003048	65.71743969098662	65.81295776367188	3120	2022/11/28 
2022/11/29 	66.76814333629926	66.76814333629926	65.4308686508858	65.7174301147461	2376	2022/11/29 
2022/11/30 	66.3860677636188	66.3860677636188	65.621908672898	65.9084701538086	12062	2022/11/30 
2022/12/01 	66.76814981114384	66.76814981114384	66.19503411540607	66.38607025146484	5799	2022/12/01 
2022/12/02 	66.76814587434795	66.76814587434795	66.19503021240234	66.19503021240234	5000	2022/12/02 
2022/12/05 	66.8636703491211	66.8636703491211	66.38607270377022	66.8636703491211	8911	2022/12/05 
2022/12/06 	66.3860631812086	66.76814270019531	66.19502706549558	66.76814270019531	9470	2022/12/06 
2022/12/07 	66.86366448035606	85.01237341073843	66.86366448035606	74.5052261352539	190953	2022/12/07 
2022/12/08 	75.46042529485855	77.7528953689235	72.11724189571925	74.6962661743164	21065	2022/12/08 
2022/12/09 	76.51113483069621	88.83315449192739	74.40970828462129	85.6810073852539	104959	2022/12/09 
2022/12/12 	85.48997234464485	93.4180956000107	85.01237473378092	91.12562561035156	106562	2022/12/12 
2022/12/13 	90.17042955062446	94.65984413599861	87.11380049696534	93.609130859375	44338	2022/12/13 
2022/12/14 	87.20932035147318	89.69282629083692	85.01236858536642	86.15859985351562	45302	2022/12/14 
2022/12/15 	86.25412999720628	90.36146500953544	86.25412999720628	86.73172760009766	37082	2022/12/15 
2022/12/16 	86.54069078230967	87.78244755949513	82.14679395832994	82.71990966796875	18359	2022/12/16 
2022/12/19 	79.37672056219266	82.433349609375	79.2812024986222	82.433349609375	18874	2022/12/19 
2022/12/20 	81.5736670238009	81.5736670238009	76.51112982890159	78.23048400878906	16698	2022/12/20 
2022/12/21 	76.797699969358	79.66328573472539	76.51113847779669	79.37672424316406	27039	2022/12/21 
2022/12/22 	79.28119986136947	79.28119986136947	77.08424803452404	77.2752914428711	6231	2022/12/22 
2022/12/23 	77.08424998640606	77.37081146240234	76.4156162591628	77.37081146240234	7299	2022/12/23 
2022/12/26 	79.28119832358858	84.43925364793661	78.51703928014416	83.67509460449219	21487	2022/12/26 
2022/12/27 	81.19159076754954	84.0571763240513	79.75879798929867	80.905029296875	11188	2022/12/27 
2022/12/28 	82.14678991846291	82.14678991846291	79.09016809233532	79.28120422363281	6662	2022/12/28 
2022/12/29 	81.47816071868743	81.47816071868743	76.60665893554688	76.60665893554688	22335	2022/12/29 
2022/12/30 	79.09016260558901	79.09016260558901	76.5111312866211	76.5111312866211	13056	2022/12/30 
2023/01/03 	77.37081146240234	78.1349705400184	77.17977533677886	77.37081146240234	8271	2023/01/03 
2023/01/04 	80.905029296875	80.905029296875	80.23639558204897	80.905029296875	1520	2023/01/04 
2023/01/05 	79.09016809233532	79.37672228928156	76.98873421025647	79.28120422363281	26787	2023/01/05 
2023/01/06 	78.32601002527896	80.04536437988281	78.32601002527896	80.04536437988281	3637	2023/01/06 
2023/01/09 	82.71990552374149	102.20588968815416	82.71990552374149	99.81790161132812	152846	2023/01/09 
2023/01/10 	93.03601150158707	95.13743797154184	85.29893204167618	93.80016326904297	62587	2023/01/10 
2023/01/11 	93.41809303722574	93.41809303722574	86.1586037211981	90.64802551269531	20287	2023/01/11 
2023/01/12 	89.02419155359816	90.36146631857896	87.87796020507812	87.87796020507812	14884	2023/01/12 
2023/01/13 	85.48997552022134	91.2211470634764	85.01237789161675	90.93458557128906	33410	2023/01/13 
2023/01/16 	90.74354384290852	90.9345799675534	87.11379917416778	87.78244018554688	9708	2023/01/16 
2023/01/17 	83.57957972982632	89.2152328491211	83.57957972982632	89.2152328491211	14656	2023/01/17 
2023/01/30 	88.06899861150367	91.50770732111351	88.06899861150367	89.7883529663086	8202	2023/01/30 
2023/01/31 	89.78835422435391	89.78835422435391	86.54068889064158	89.11972045898438	4356	2023/01/31 
2023/02/01 	90.74354832481136	101.25069602557899	89.31075545652486	93.03601837158203	161262	2023/02/01 
2023/02/02 	95.51951749905021	95.51951749905021	90.7435416240977	93.80016326904297	51236	2023/02/02 
2023/02/03 	95.42400066875017	96.47471391726762	91.69873798076922	93.13153076171875	34632	2023/02/03 
2023/02/06 	95.51952128507652	96.47471649792729	92.74945371029708	93.609130859375	20552	2023/02/06 
2023/02/07 	95.99711546179365	106.50426242776112	95.99711546179365	104.5938720703125	110941	2023/02/07 
2023/02/08 	105.54907434028492	115.57862439071923	103.6386838544879	108.89225769042969	91572	2023/02/08 
2023/02/09 	112.235437816157	120.8321947552669	106.02666891568875	114.14582824707031	92483	2023/02/09 
2023/02/10 	113.66823369806463	115.10102655980494	105.07147652762276	110.3250503540039	79366	2023/02/10 
2023/02/13 	111.75783815342267	112.71303335131516	100.7730933776589	109.3698501586914	53075	2023/02/13 
2023/02/14 	109.36985029372494	109.36985029372494	104.59387429836576	107.93705749511719	15494	2023/02/14 
2023/02/15 	104.11627696644176	109.3698505748402	103.63867936567827	105.07147216796875	28167	2023/02/15 
2023/02/16 	105.54907414820286	110.3250503540039	105.54907414820286	110.3250503540039	19989	2023/02/16 
2023/02/17 	109.84745198316536	117.96661147757322	109.84745198316536	116.05622100830078	54867	2023/02/17 
2023/02/20 	116.53381645073326	121.78739014318434	112.7130355834961	112.7130355834961	52960	2023/02/20 
2023/02/21 	114.14583152637147	114.14583152637147	108.41466006898042	108.89225769042969	49035	2023/02/21 
2023/02/22 	109.36985755788868	111.28024808291731	105.54907650783143	110.80265045166016	4131	2023/02/22 
2023/02/23 	109.36984505031421	111.75783293350884	106.98185716711957	109.84744262695312	21678	2023/02/23 
2023/02/24 	109.3698560993662	120.83219909667969	109.3698560993662	120.83219909667969	78269	2023/02/24 
2023/03/01 	118.92180032103602	149.01044859503307	114.62342199617929	130.8617401123047	193848	2023/03/01 
2023/03/02 	128.9513553272594	129.90655055190578	121.78739114241166	126.08576965332031	39709	2023/03/02 
2023/03/03 	124.17537920402758	128.9513553272594	120.35459830544211	126.08576965332031	35029	2023/03/03 
2023/03/06 	130.38414955813136	139.9361019067124	127.04096623612797	135.16012573242188	73118	2023/03/06 
2023/03/07 	136.11530803811962	141.36888133081897	131.33933231748384	138.5032958984375	70602	2023/03/07 
2023/03/08 	135.63773127964566	135.63773127964566	131.33935247148787	133.7273406982422	34484	2023/03/08 
2023/03/09 	134.2049314868984	134.2049314868984	126.08577193075152	127.99616241455078	51059	2023/03/09 
2023/03/10 	122.7425739246101	131.3393300749719	122.26497636070111	129.42893981933594	32890	2023/03/10 
2023/03/13 	132.29454582689445	138.9809127639938	127.04097180488782	130.3841552734375	40200	2023/03/13 
2023/03/14 	129.90654278166906	129.90654278166906	121.78738385781475	124.65296936035156	22900	2023/03/14 
2023/03/15 	124.65298125323127	131.33934806374944	121.3097978479722	129.90655517578125	12425	2023/03/15 
2023/03/16 	126.56336879730225	126.56336879730225	112.71303787231446	114.62342834472656	67992	2023/03/16 
2023/03/17 	115.57861840972268	117.48900879666024	114.6234232162539	115.10102081298828	12211	2023/03/17 
2023/03/20 	116.05621600645706	116.53381360319146	110.80264244237877	115.10102081298828	28066	2023/03/20 
2023/03/21 	114.62342834472656	115.1010259628296	112.71303787231446	114.62342834472656	10548	2023/03/21 
2023/03/22 	119.39939892726387	119.87699652297293	114.62342297017332	117.96660614013672	29632	2023/03/22 
2023/03/23 	119.87699369542739	121.78738403320312	113.1906275132123	121.78738403320312	22796	2023/03/23 
2023/03/24 	115.57862502336502	124.65297988057137	115.57862502336502	122.2649917602539	31191	2023/03/24 
2023/03/27 	119.39940643310547	119.39940643310547	113.19063729858398	119.39940643310547	21028	2023/03/27 
2023/03/28 	119.3994062220155	122.26499197134387	116.05622284779906	120.83219909667969	24791	2023/03/28 
2023/03/29 	120.35459424628586	120.35459424628586	115.57861828413166	116.5338134765625	11437	2023/03/29 
2023/03/30 	117.01141107277792	117.01141107277792	115.10102068791625	116.5338134765625	12812	2023/03/30 
2023/03/31 	116.53381862561889	117.011416242937	115.10102577366456	116.05622100830078	2186	2023/03/31 
2023/04/06 	114.62342797256098	117.489013671875	113.19063512290397	117.489013671875	11023	2023/04/06 
2023/04/07 	119.39940395125423	119.39940395125423	116.53381825642413	118.92180633544922	12203	2023/04/07 
2023/04/10 	119.39940144938807	119.39940144938807	113.19063257401989	118.44420623779297	7540	2023/04/10 
2023/04/11 	114.62342797256098	118.44420890497967	114.62342797256098	117.489013671875	622	2023/04/11 
2023/04/12 	117.48901133891965	117.96660894598843	114.62342569650698	115.57862091064453	8964	2023/04/12 
2023/04/13 	119.39939620002868	120.3545913696289	115.57861552162777	120.3545913696289	4287	2023/04/13 
2023/04/14 	120.35459666098318	120.35459666098318	116.53381581460276	118.44420623779297	22586	2023/04/14 
2023/04/17 	122.26499310661765	129.90655517578125	121.78739547729492	129.90655517578125	16961	2023/04/17 
2023/04/18 	128.47375003040065	128.47375003040065	118.92179835527793	124.65296936035156	1628	2023/04/18 
2023/04/19 	118.92179861522857	122.26498170882937	118.92179861522857	120.3545913696289	19001	2023/04/19 
2023/04/20 	120.83218869030247	124.65296936035156	120.35459110654634	124.65296936035156	20266	2023/04/20 
2023/04/21 	126.08577117919923	126.56336879730225	105.54907360076905	114.62342834472656	59402	2023/04/21 
2023/04/24 	114.6234285378758	117.01141663241488	113.19063568115234	113.19063568115234	9679	2023/04/24 
2023/04/25 	111.75784428914388	112.23544191431117	102.68348941096554	103.16108703613281	30312	2023/04/25 
2023/04/26 	104.11627909790577	108.89225520331429	103.63868148736492	108.41465759277344	16764	2023/04/26 
2023/04/27 	108.41465537331321	108.41465537331321	101.2506913618608	105.07147216796875	9616	2023/04/27 
2023/04/28 	106.50426456501391	110.32504535658391	105.07147176817516	109.3698501586914	12364	2023/04/28 
2023/05/02 	109.84745313856337	109.84745313856337	104.11628167046442	107.45946502685547	3868	2023/05/02 
2023/05/03 	105.07147448403494	109.36985298565456	105.07147448403494	106.98186492919922	5002	2023/05/03 
2023/05/04 	105.07147230860275	107.93705791701919	103.63867950439453	103.63867950439453	1092	2023/05/04 
2023/05/05 	107.93706444273604	117.96661467856549	107.45946681245844	112.23544311523438	16137	2023/05/05 
2023/05/08 	107.45946482608193	112.7130386620237	103.6386838544879	108.89225769042969	10519	2023/05/08 
2023/05/09 	111.28024097789418	111.28024097789418	101.72828896262429	105.07147216796875	26277	2023/05/09 
2023/05/10 	102.68348430158905	106.02666751140823	102.20588670018631	103.63867950439453	6947	2023/05/10 
2023/05/11 	101.25069653546369	105.54907516196923	101.25069653546369	103.16108703613281	2121	2023/05/11 
2023/05/12 	103.63867936567827	106.50426497025924	99.81789855957031	105.07147216796875	23949	2023/05/12 
2023/05/15 	106.02666780733949	106.02666780733949	98.86270376630304	100.7730941772461	5893	2023/05/15 
2023/05/16 	98.862696317526	100.29548901778	98.38509875077467	99.34029388427734	19492	2023/05/16 
2023/05/17 	98.3851089477539	99.34030418025637	98.3851089477539	98.3851089477539	6257	2023/05/17 
2023/05/18 	98.86270694732667	100.29549980163574	94.56432838439942	95.51952362060547	36996	2023/05/18 
2023/05/19 	95.51952325024651	99.8179017965076	95.51952325024651	98.3851089477539	20445	2023/05/19 
2023/05/22 	95.99712068840647	105.07147538034539	95.99712068840647	99.81790161132812	12637	2023/05/22 
2023/05/23 	99.81790125647257	102.68348693847656	99.81790125647257	102.68348693847656	11307	2023/05/23 
2023/05/24 	97.42991594587053	102.20589221772693	97.42991594587053	100.29550170898438	6106	2023/05/24 
2023/05/25 	102.20588698545338	102.20588698545338	97.42991095809575	100.7730941772461	18257	2023/05/25 
2023/05/26 	100.29549922669334	100.29549922669334	99.34030399596291	99.81790161132812	6205	2023/05/26 
2023/05/29 	97.429903617272	99.34029388427734	97.429903617272	99.34029388427734	3438	2023/05/29 
2023/05/30 	98.86270405839129	99.34030166253811	97.90750885009766	97.90750885009766	3546	2023/05/30 
2023/05/31 	96.47471866701623	98.38510913567002	96.47471866701623	96.95231628417969	5355	2023/05/31 
2023/06/01 	95.51952082936357	98.38510645424448	95.51952082936357	97.90750885009766	3013	2023/06/01 
2023/06/02 	97.90750856083152	106.02666780733949	97.90750856083152	100.7730941772461	7611	2023/06/02 
2023/06/05 	100.2954988701399	103.63868216581122	100.2954988701399	102.68348693847656	11157	2023/06/05 
2023/06/06 	102.68348842472224	110.3250503540039	102.20589080414214	110.3250503540039	16393	2023/06/06 
2023/06/07 	110.32504563267456	110.32504563267456	105.07147203111863	106.50426483154297	12946	2023/06/07 
2023/06/08 	105.549072265625	106.02666987768664	105.07147465356334	105.549072265625	9616	2023/06/08 
2023/06/09 	103.63867950439453	104.11627710579727	103.1610819029918	103.63867950439453	7186	2023/06/09 
2023/06/12 	103.63868509928385	105.07147798084077	100.29550170898438	100.29550170898438	1722	2023/06/12 
2023/06/13 	100.29549643258068	102.20588684082031	100.29549643258068	102.20588684082031	60	2023/06/13 
2023/06/14 	99.81790161132812	101.72829207278895	99.81790161132812	99.81790161132812	27	2023/06/14 
2023/06/15 	101.25069718660363	103.16108769955842	98.38511141717146	98.86270904541016	4113	2023/06/15 
2023/06/16 	102.2058841235017	105.54906724903681	96.95231064051798	104.5938720703125	20060	2023/06/16 
2023/06/19 	101.7282943725586	102.6834896248831	101.25069674639634	101.7282943725586	16733	2023/06/19 
2023/06/20 	103.17466822619687	103.17466822619687	101.7282943725586	101.7282943725586	60	2023/06/20 
2023/06/21 	101.72829466320219	103.17466852097284	100.28192080543155	101.24617004394531	7001	2023/06/21 
2023/06/26 	100.28191427582676	100.28191427582676	98.83554051223311	99.31766510009766	13190	2023/06/26 
2023/06/27 	99.31767185338947	106.06741654245478	96.42492412950435	100.76404571533203	30639	2023/06/27 
2023/06/28 	96.90704190903816	101.72828777515946	96.90704190903816	99.79978942871094	8833	2023/06/28 
2023/06/29 	97.38917511437326	99.79979826076864	97.38917511437326	97.87129974365234	7264	2023/06/29 
2023/06/30 	99.31767332787607	99.7997979556813	98.35342407226562	98.35342407226562	9566	2023/06/30 
2023/07/03 	100.28192289004772	100.28192289004772	96.90705048509419	97.87129974365234	8421	2023/07/03 
2023/07/04 	97.38916674863945	99.31766510009766	97.38916674863945	99.31766510009766	8411	2023/07/04 
2023/07/05 	96.9070421607749	99.31766510009766	96.9070421607749	99.31766510009766	232	2023/07/05 
2023/07/06 	96.90705078427155	98.83554930734162	96.90705078427155	97.38917541503906	2464	2023/07/06 
2023/07/07 	97.38917308989025	101.24617004394531	96.90704847063337	101.24617004394531	9565	2023/07/07 
2023/07/10 	98.35342437293141	101.24617214860587	97.38917511437326	97.87129974365234	9037	2023/07/10 
2023/07/11 	97.87129633703897	106.54953936199809	97.87129633703897	103.65679168701172	10819	2023/07/11 
2023/07/12 	97.871291336504	102.21041262728497	97.871291336504	99.31766510009766	9027	2023/07/12 
2023/07/13 	98.35342232840402	101.24617004394531	98.35342232840402	101.24617004394531	3496	2023/07/13 
2023/07/14 	98.83554723274194	101.72829495662708	98.35342261209443	100.76404571533203	12450	2023/07/14 
2023/07/17 	98.83554025548668	100.28191401532307	97.87129108226242	99.79978942871094	14308	2023/07/17 
2023/07/18 	99.79979371371334	108.96016125265322	99.79979371371334	105.58528900146484	36735	2023/07/18 
2023/07/19 	104.13891677856445	119.56690444946288	103.1746675491333	115.70990753173828	121345	2023/07/19 
2023/07/20 	109.44228888698743	109.92441350763495	98.83554723274194	100.76404571533203	61642	2023/07/20 
2023/07/21 	98.83554870007085	102.21042109470741	98.35342407226562	98.35342407226562	14283	2023/07/21 
2023/07/24 	101.24616371713034	101.72828830625953	98.35341618235519	98.83554077148438	20021	2023/07/24 
2023/07/25 	99.31766484209881	101.24616318854733	96.42491732242603	99.79978942871094	20072	2023/07/25 
2023/07/26 	101.24616318854733	101.24616318854733	98.83554025548668	99.79978942871094	9513	2023/07/26 
2023/07/27 	100.76404485162699	107.03166486632149	99.79979561859707	102.21041870117188	26284	2023/07/27 
2023/07/28 	103.17467130594585	103.17467130594585	96.03922527701077	96.90705108642578	84070	2023/07/28 
2023/07/31 	97.38917541503906	98.35342467657411	96.23207924385223	97.38917541503906	7582	2023/07/31 
2023/08/01 	98.35342204740262	103.17466822619687	97.8712974295232	101.7282943725586	17545	2023/08/01 
2023/08/02 	101.7282964669022	101.7282964669022	96.03922438747296	98.35342407226562	13489	2023/08/02 
2023/08/04 	97.87129108226242	99.79978942871094	96.1356396278038	99.79978942871094	8924	2023/08/04 
2023/08/07 	101.24616318854733	101.24616318854733	96.42491732242603	99.79978942871094	395	2023/08/07 
2023/08/08 	99.79979888005043	99.79979888005043	95.46067718961345	96.90705108642578	6275	2023/08/08 
2023/08/09 	99.79979856887667	99.79979856887667	95.46067689196899	97.38917541503906	271	2023/08/09 
2023/08/10 	97.87130112389531	97.87130112389531	87.65026031036292	88.61450958251953	93434	2023/08/10 
2023/08/11 	90.44658147189992	90.44658147189992	82.92543447244189	83.50398254394531	36811	2023/08/11 
2023/08/14 	80.61122864104864	82.63615041417083	77.23635656696591	78.48988342285156	44126	2023/08/14 
2023/08/15 	77.42921707717264	78.10418860393419	77.13993936191032	77.81491088867188	8913	2023/08/15 
2023/08/16 	77.42921475548137	78.1041862620041	76.85065934230452	76.94709014892578	11114	2023/08/16 
2023/08/17 	77.71848448766269	80.51480865478516	76.8506587314333	80.51480865478516	8468	2023/08/17 
2023/08/18 	77.2363620943693	79.83983943753279	76.6578140258789	76.6578140258789	30947	2023/08/18 
2023/08/21 	78.20060729980469	80.7076537052336	77.9113369587768	78.20060729980469	10650	2023/08/21 
2023/08/22 	80.03268324908088	85.4324772740769	79.26128094980822	81.961181640625	26023	2023/08/22 
2023/08/23 	82.3468833377826	82.3468833377826	80.70765528008842	80.99693298339844	4069	2023/08/23 
2023/08/24 	81.86476135253906	81.86476135253906	81.86476135253906	81.86476135253906	180	2023/08/24 
2023/08/25 	79.16485674666815	81.76833396440932	78.97200985200767	80.80408477783203	18628	2023/08/25 
2023/08/28 	78.77916396271964	80.03269098098065	78.77916396271964	79.35771942138672	5323	2023/08/28 
2023/08/29 	79.26128094980822	81.961181640625	79.26128094980822	81.961181640625	4601	2023/08/29 
2023/08/30 	80.99693734310952	80.99693734310952	77.13994032677097	78.97201538085938	32434	2023/08/30 
2023/08/31 	79.06843883494024	79.26128574310198	78.39346729973619	78.97201538085938	9822	2023/08/31 
2023/09/01 	78.29703777219952	79.26128704208689	78.29703777219952	79.16486358642578	8430	2023/09/01 
2023/09/04 	79.06843725901338	79.06843725901338	78.77915954589844	78.77915954589844	3000	2023/09/04 
2023/09/05 	79.93626752341555	79.93626752341555	78.87559477692298	79.35771942138672	2024	2023/09/05 
2023/09/06 	79.74340834718691	82.53973258442187	79.74340834718691	82.34688568115234	4506	2023/09/06 
2023/09/07 	80.03269035155479	82.92543819558689	80.03269035155479	80.32196807861328	8169	2023/09/07 
2023/09/08 	80.32196807861328	80.32196807861328	80.32196807861328	80.32196807861328	0	2023/09/08 
2023/09/11 	78.7791624071432	79.16486358642578	78.7791624071432	79.16486358642578	4708	2023/09/11 
2023/09/12 	78.77915741214304	83.11827885151381	78.77915741214304	80.03268432617188	10270	2023/09/12 
2023/09/13 	79.74341007062876	80.03268778842282	79.16486199167859	79.45413970947266	4243	2023/09/13 
2023/09/14 	80.03268432617188	83.02185540196643	79.55055972179734	80.03268432617188	4177	2023/09/14 
2023/09/15 	80.32196203145165	80.51480893054641	79.9362608766245	80.03268432617188	10047	2023/09/15 
2023/09/18 	79.3577210335501	80.03269260685619	78.58631864408167	79.06844329833984	4198	2023/09/18 
2023/09/19 	79.06844169205317	79.35771942138672	79.06844169205317	79.35771942138672	5014	2023/09/19 
2023/09/20 	82.63616079151672	82.63616079151672	79.83984375	79.83984375	5043	2023/09/20 
2023/09/21 	78.10418590867376	80.03268432617188	78.10418590867376	80.03268432617188	1008	2023/09/21 
2023/09/22 	78.10418673088215	78.58631134033203	78.10418673088215	78.58631134033203	2223	2023/09/22 
2023/09/25 	79.06844329833984	79.83984568780828	79.06844329833984	79.06844329833984	4104	2023/09/25 
2023/09/26 	79.93626563754793	80.0326890928382	79.26128673723994	79.64698791503906	1203	2023/09/26 
2023/09/27 	79.64698344744022	79.64698344744022	79.5505599975586	79.5505599975586	2015	2023/09/27 
2023/09/28 	79.06844169205317	79.35771942138672	78.77916396271964	79.35771942138672	6195	2023/09/28 
2023/10/02 	78.77916396271964	79.35771942138672	78.77916396271964	79.35771942138672	3143	2023/10/02 
2023/10/03 	79.26129021738775	79.26129021738775	78.77916556312958	79.06844329833984	7123	2023/10/03 
2023/10/04 	79.06843883494024	79.06843883494024	77.13994032677097	78.97201538085938	1402	2023/10/04 
2023/10/05 	78.97201538085938	78.97201538085938	78.97201538085938	78.97201538085938	1282	2023/10/05 
2023/10/06 	79.06844329833984	79.06844329833984	78.10419398982351	79.06844329833984	9037	2023/10/06 
2023/10/11 	78.58631058646384	78.58631058646384	77.42921447753906	77.42921447753906	6173	2023/10/11 
2023/10/12 	77.6220624005353	78.10418701171875	77.42921549871701	78.10418701171875	3811	2023/10/12 
2023/10/13 	77.81491088867188	77.81491088867188	77.81491088867188	77.81491088867188	115	2023/10/13 
2023/10/16 	78.10418279649377	78.10418279649377	77.1399336261667	77.525634765625	13786	2023/10/16 
2023/10/17 	77.1399399489089	77.91134229105317	76.65781532422822	76.85066223144531	10172	2023/10/17 
2023/10/18 	76.4649658203125	77.1399373292887	76.17568811267259	76.4649658203125	7461	2023/10/18 
2023/10/19 	76.56139404756912	77.13994214230881	74.92216586306216	76.07926940917969	5772	2023/10/19 
2023/10/20 	75.30785947614861	75.30785947614861	72.99365997314453	72.99365997314453	2011	2023/10/20 
2023/10/23 	73.37936034363045	74.44003295898438	73.37936034363045	74.44003295898438	1592	2023/10/23 
2023/10/24 	74.24718978114264	74.24718978114264	72.02941363723265	73.37936401367188	3280	2023/10/24 
2023/10/25 	74.44003295898438	74.72931065255241	72.4151111739201	74.44003295898438	3260	2023/10/25 
2023/10/26 	74.24718684962433	74.24718684962433	72.99365997314453	72.99365997314453	6325	2023/10/26 
2023/10/27 	73.76506632991624	73.95791323387526	71.45086669921875	71.45086669921875	3188	2023/10/27 
2023/10/30 	73.4757893316874	73.4757893316874	71.74014510926834	73.09009552001953	6350	2023/10/30 
2023/10/31 	73.7650622596917	73.7650622596917	72.99365997314453	72.99365997314453	3116	2023/10/31 
2023/11/01 	73.18651422310003	73.18651422310003	72.31868848989382	72.99365997314453	1029	2023/11/01 
2023/11/02 	72.51153749929773	72.70439175488124	71.8365659963495	72.2222671508789	5691	2023/11/02 
2023/11/03 	72.22227161292918	72.31869506835938	70.8723211669922	72.31869506835938	1634	2023/11/03 
2023/11/06 	72.31869476520463	73.18652057371469	72.31869476520463	72.80081939697266	9065	2023/11/06 
2023/11/07 	73.28293560077617	77.8149036755377	73.28293560077617	74.24718475341797	13790	2023/11/07 
2023/11/08 	75.11501628588522	76.36853586752419	73.28294128249529	75.01859283447266	11743	2023/11/08 
2023/11/09 	77.13993878928135	78.97201380685433	75.21144031954931	78.77915954589844	22644	2023/11/09 
2023/11/10 	77.33278723493271	79.55056346198256	77.33278723493271	78.97201538085938	9373	2023/11/10 
2023/11/13 	78.58631519357003	81.47906299210635	78.10419056048065	79.64698791503906	8070	2023/11/13 
2023/11/14 	79.93626171811927	79.93626171811927	78.29703363200701	78.58631134033203	5698	2023/11/14 
2023/11/15 	78.10418745838197	79.743408203125	78.10418745838197	79.743408203125	6099	2023/11/15 
2023/11/16 	78.58630686792647	78.58630686792647	78.20060573098955	78.48988342285156	2538	2023/11/16 
2023/11/17 	78.48988499747003	78.48988499747003	78.0077604057861	78.20060729980469	791	2023/11/17 
2023/11/20 	81.18978118896484	81.18978118896484	81.18978118896484	81.18978118896484	812	2023/11/20 
2023/11/21 	79.55056142807007	79.55056142807007	76.85066064300771	77.13993835449219	16055	2023/11/21 
2023/11/22 	77.622063552277	77.622063552277	76.17568969726562	76.17568969726562	4001	2023/11/22 
2023/11/23 	76.17568912506103	77.13993835449219	76.17568912506103	77.13993835449219	4553	2023/11/23 
2023/11/24 	78.68273479089447	79.45413710866937	78.29703363200701	78.58631134033203	4446	2023/11/24 
2023/11/27 	78.10418253962641	78.10418253962641	77.62205795604847	78.00775909423828	6212	2023/11/27 
2023/11/28 	77.91134010990046	78.39346472108392	77.91134010990046	78.10418701171875	5373	2023/11/28 
2023/11/29 	78.10418636692903	81.96118322455516	78.10418636692903	81.67190551757812	28598	2023/11/29 
2023/11/30 	79.74340681834967	82.1540298461914	79.64698336856354	82.1540298461914	14032	2023/11/30 
2023/12/01 	79.3577128227026	80.32196203145165	79.26128201651757	80.03268432617188	19155	2023/12/01 
2023/12/04 	80.80408477783203	81.18977856715297	80.32196018454339	80.80408477783203	14167	2023/12/04 
2023/12/05 	80.90050980829129	85.3360546820178	80.51480865478516	80.51480865478516	48463	2023/12/05 
2023/12/06 	80.0326859141445	83.31113476026833	79.35771439728272	79.743408203125	5091	2023/12/06 
2023/12/07 	82.92543207702926	85.23963165283203	80.03268444643521	85.23963165283203	17705	2023/12/07 
2023/12/08 	85.6253362204621	89.38590240478516	84.46823270813059	89.38590240478516	23709	2023/12/08 
2023/12/11 	87.55383329568063	87.55383329568063	86.49315325411125	87.07170867919922	11700	2023/12/11 
2023/12/12 	86.97527815974306	86.97527815974306	86.20388318479097	86.58958435058594	8931	2023/12/12 
2023/12/13 	86.78242492675781	88.61449981320571	85.6253288703893	86.78242492675781	7692	2023/12/13 
2023/12/14 	87.07170261916859	87.26454950968424	86.30030034383138	86.78242492675781	5302	2023/12/14 
2023/12/15 	86.78242808744152	86.78242808744152	86.30030348695573	86.68600463867188	4370	2023/12/15 
2023/12/18 	86.78243154690455	86.78243154690455	86.10746002197266	86.10746002197266	2255	2023/12/18 
2023/12/19 	86.68600809429111	86.68600809429111	85.8181823074945	86.10746002197266	5137	2023/12/19 
2023/12/20 	86.6860062238614	86.6860062238614	86.10745816402631	86.396728515625	3251	2023/12/20 
2023/12/21 	86.3967240436865	86.3967240436865	82.53972736890908	86.30030059814453	175	2023/12/21 
2023/12/22 	86.30030059814453	86.68600173694973	85.33605142945018	86.30030059814453	227	2023/12/22 
2023/12/25 	85.91459920616278	87.07170261916859	85.91459920616278	86.78242492675781	19860	2023/12/25 
2023/12/26 	86.78243196927583	87.93952811954435	86.78243196927583	87.7466812133789	19013	2023/12/26 
2023/12/27 	87.26455162984344	87.26455162984344	85.52890014648438	85.52890014648438	18354	2023/12/27 
2023/12/28 	85.81818389892578	86.78243315621708	85.33605927028013	85.81818389892578	366	2023/12/28 
2023/12/29 	85.81817601379736	86.3967240436865	85.81817601379736	86.30030059814453	7447	2023/12/29 
2024/01/02 	85.8181823074945	88.80735347833807	85.4324811404029	86.10746002197266	7106	2024/01/02 
2024/01/03 	85.8181807361638	85.91460418701172	85.8181807361638	85.91460418701172	3205	2024/01/03 
2024/01/04 	85.81818389892578	85.81818389892578	85.72176044452425	85.81818389892578	2204	2024/01/04 
2024/01/05 	85.5289061790832	85.91460735332731	82.53973495280776	85.81818389892578	4898	2024/01/05 
2024/01/08 	85.81818389892578	85.81818389892578	85.81818389892578	85.81818389892578	5	2024/01/08 
2024/01/09 	85.81817943082659	86.30030403437055	85.43247827666389	85.72175598144531	13654	2024/01/09 
2024/01/10 	85.0467799733113	86.10746002197266	85.0467799733113	86.10746002197266	2435	2024/01/10 
2024/01/11 	85.23963083721452	86.68600463867188	85.23963083721452	86.68600463867188	5511	2024/01/11 
2024/01/12 	86.30030692719951	86.78243154690455	86.10746002197266	86.10746002197266	6005	2024/01/12 
2024/01/15 	86.10746002197266	86.10746002197266	86.10746002197266	86.10746002197266	0	2024/01/15 
2024/01/16 	86.68600173694973	86.68600173694973	86.30030059814453	86.30030059814453	3213	2024/01/16 
2024/01/17 	85.81818389892578	85.91460735332731	85.33605927028013	85.81818389892578	5340	2024/01/17 
2024/01/18 	85.81817943082659	86.01102632958911	83.69683411788817	85.72175598144531	7400	2024/01/18 
2024/01/19 	84.85393265513183	84.85393265513183	82.44330956833831	83.9861068725586	5660	2024/01/19 
2024/01/22 	84.37181315665237	84.37181315665237	82.82901575882981	83.1182861328125	9814	2024/01/22 
2024/01/23 	83.02185880639493	83.02185880639493	81.96118610460411	82.05760955810547	4336	2024/01/23 
2024/01/24 	82.92543215775584	82.92543215775584	81.76833604704686	82.1540298461914	7323	2024/01/24 
2024/01/25 	82.15402826879647	82.44330596923828	81.76833447705742	82.44330596923828	2713	2024/01/25 
2024/01/26 	82.63614970156763	82.73258050244827	82.250455924594	82.53972625732422	2210	2024/01/26 
2024/01/29 	82.15402957085217	82.63615417480469	82.15402957085217	82.63615417480469	235	2024/01/29 
2024/01/30 	82.1540298461914	82.44330755218748	82.1540298461914	82.1540298461914	6107	2024/01/30 
2024/01/31 	81.86476135253906	81.86476135253906	81.86476135253906	81.86476135253906	4	2024/01/31 
2024/02/01 	83.60040916813095	83.60040916813095	79.64698861345832	83.40756225585938	1165	2024/02/01 
2024/02/02 	83.31114040543925	83.31114040543925	81.76834300761669	83.1182861328125	7116	2024/02/02 
2024/02/05 	83.60039885727618	83.60039885727618	82.15402512371335	82.53972625732422	1022	2024/02/05 
2024/02/15 	80.22553410404652	83.79326071842344	79.93626374502432	80.41838836669922	4434	2024/02/15 
2024/02/16 	83.79325849077851	83.79325849077851	80.80408738718893	81.18978118896484	1358	2024/02/16 
2024/02/19 	82.15402957085217	82.82900843036826	81.38263461851075	82.63615417480469	100	2024/02/19 
2024/02/20 	82.44331132965108	82.44331132965108	81.0933609008789	81.0933609008789	4182	2024/02/20 
2024/02/21 	82.829006328618	82.829006328618	81.09335485577533	81.28620910644531	1270	2024/02/21 
2024/02/22 	81.67190551757812	81.67190551757812	81.38263516723877	81.67190551757812	223	2024/02/22 
2024/02/23 	81.57548234737847	81.57548234737847	80.12910852080566	81.18978118896484	3106	2024/02/23 
2024/02/26 	82.82900985174092	82.82900985174092	80.22553253173828	80.22553253173828	182	2024/02/26 
2024/02/27 	82.82900985174092	82.82900985174092	80.22553253173828	80.22553253173828	223	2024/02/27 
2024/02/29 	82.82901000976562	82.82901000976562	82.82901000976562	82.82901000976562	205	2024/02/29 
2024/03/01 	82.63615417480469	82.63615417480469	82.63615417480469	82.63615417480469	27	2024/03/01 
2024/03/04 	82.44330491863809	82.44330491863809	78.5863081972983	81.7683334350586	3201	2024/03/04 
2024/03/05 	78.58631078546698	79.5505599975586	78.58631078546698	79.5505599975586	1726	2024/03/05 
2024/03/06 	78.10418070165251	78.58630527388495	75.30785671137703	78.29702758789062	13920	2024/03/06 
2024/03/07 	78.39346425354472	78.39346425354472	75.88641040503268	76.4649658203125	6826	2024/03/07 
2024/03/08 	77.13993790082333	77.13993790082333	73.37936445683064	75.50071716308594	9937	2024/03/08 
2024/03/11 	75.50072005698784	76.17569159683624	75.11501888137245	75.40428924560547	21746	2024/03/11 
2024/03/12 	75.50071716308594	75.50071716308594	75.50071716308594	75.50071716308594	74	2024/03/12 
2024/03/13 	75.21144287109375	75.21144287109375	72.31869506835938	72.31869506835938	2410	2024/03/13 
2024/03/14 	75.21144133537047	75.21144133537047	72.31869359170237	74.72931671142578	6911	2024/03/14 
2024/03/15 	74.3436081973547	74.3436081973547	74.24718475341797	74.24718475341797	3033	2024/03/15 
2024/03/18 	74.24718475341797	74.24718475341797	74.24718475341797	74.24718475341797	605	2024/03/18 
2024/03/19 	74.24718500274459	74.24718500274459	72.51153357950605	73.76506042480469	1692	2024/03/19 
2024/03/20 	73.76506042480469	73.76506042480469	73.76506042480469	73.76506042480469	0	2024/03/20 
2024/03/21 	74.24718525535182	74.24718525535182	73.2829360961914	73.2829360961914	1222	2024/03/21 
2024/03/22 	73.2829443359375	73.2829443359375	71.83657043457032	72.31869506835938	3154	2024/03/22 
2024/03/25 	72.80081970214844	72.80081970214844	72.31869506835938	72.31869506835938	6601	2024/03/25 
2024/03/26 	72.31869506835938	72.31869506835938	72.31869506835938	72.31869506835938	0	2024/03/26 
2024/03/27 	72.31869506835938	72.31869506835938	72.31869506835938	72.31869506835938	18	2024/03/27 
2024/03/28 	69.5223617553711	69.5223617553711	69.5223617553711	69.5223617553711	525	2024/03/28 
2024/03/29 	72.31869506835938	72.31869506835938	69.5223707210552	72.31869506835938	1281	2024/03/29 
2024/04/01 	71.83656627210871	72.22226742811871	71.35444166625564	71.74014282226562	4106	2024/04/01 
2024/04/02 	69.42594630672629	71.8365694423765	69.42594630672629	71.64372253417969	4314	2024/04/02 
2024/04/03 	71.35444802001157	71.35444802001157	70.58304563930207	71.06517028808594	2667	2024/04/03 
2024/04/08 	71.25802295487783	71.35444641113281	68.75097630905755	71.35444641113281	4235	2024/04/08 
2024/04/09 	71.35444641113281	71.35444641113281	71.35444641113281	71.35444641113281	133	2024/04/09 
2024/04/10 	71.35444118486826	71.35444118486826	67.88314551747247	69.61878967285156	9779	2024/04/10 
2024/04/11 	71.06517028808594	71.06517028808594	69.90807407365999	71.06517028808594	6715	2024/04/11 
2024/04/12 	67.69029153070495	70.87231686313334	67.69029153070495	69.13666534423828	620	2024/04/12 
2024/04/15 	69.90807249739363	72.70439686861701	69.90807249739363	71.35444641113281	12212	2024/04/15 
2024/04/16 	71.35444641113281	71.35444641113281	71.35444641113281	71.35444641113281	10	2024/04/16 
2024/04/17 	71.25802456158247	71.35444802001157	70.77589991279861	71.06517028808594	4772	2024/04/17 
2024/04/18 	70.67946489588287	71.83656092108443	67.69028667694417	70.00448608398438	19019	2024/04/18 
2024/04/19 	68.46169335501536	69.23309565941703	66.72604184843034	67.49744415283203	16734	2024/04/19 
2024/04/22 	67.97956875392369	67.97956875392369	67.49744415283203	67.49744415283203	606	2024/04/22 
2024/04/23 	67.49745081352683	68.17242237900676	66.53320151619073	66.82247924804688	2451	2024/04/23 
2024/04/24 	66.14749102556158	70.19734191894531	66.14749102556158	70.19734191894531	9665	2024/04/24 
2024/04/25 	67.88314503294099	68.26884618359584	67.88314503294099	67.97956848144531	802	2024/04/25 
2024/04/26 	68.94381872214923	68.94381872214923	68.654541015625	68.654541015625	5015	2024/04/26 
2024/04/29 	69.32952470579232	70.87232208251953	69.32952470579232	70.87232208251953	1754	2024/04/29 
2024/04/30 	70.87232208251953	70.87232208251953	70.87232208251953	70.87232208251953	0	2024/04/30 
2024/05/02 	71.2580216600693	71.2580216600693	68.55812079416002	71.1615982055664	631	2024/05/02 
2024/05/03 	70.29376536379408	70.29376536379408	68.46169048511838	70.19734191894531	310	2024/05/03 
2024/05/06 	67.20816774799208	69.42594389851644	67.20816774799208	67.69029235839844	3350	2024/05/06 
2024/05/07 	69.42594304960001	69.42594304960001	66.53319542253334	69.13666534423828	3066	2024/05/07 
2024/05/08 	67.0153190182968	69.42594200456647	67.0153190182968	68.4616928100586	3315	2024/05/08 
2024/05/09 	69.13666485388863	69.13666485388863	67.49744415283203	67.49744415283203	2700	2024/05/09 
2024/05/10 	68.17241514412527	68.17241514412527	65.47252181209669	65.85822296142578	5384	2024/05/10 
2024/05/13 	67.59386706367401	68.4616928100586	67.59386706367401	68.4616928100586	1178	2024/05/13 
2024/05/14 	67.49744388228612	67.97956848144531	67.49744388228612	67.97956848144531	1110	2024/05/14 
2024/05/15 	68.4616962679582	68.4616962679582	67.88314819335938	67.88314819335938	102	2024/05/15 
2024/05/16 	68.46169335501536	68.46169335501536	67.49744415283203	67.49744415283203	1722	2024/05/16 
2024/05/17 	67.49744415283203	67.49744415283203	67.49744415283203	67.49744415283203	0	2024/05/17 
2024/05/20 	68.3652685737992	69.90806579589844	68.3652685737992	69.90806579589844	9036	2024/05/20 
2024/05/21 	67.5938720703125	67.5938720703125	67.5938720703125	67.5938720703125	500	2024/05/21 
2024/05/22 	69.42594146728516	69.42594146728516	69.42594146728516	69.42594146728516	1	2024/05/22 
2024/05/23 	69.4259417340472	69.4259417340472	67.78672105242609	68.94381713867188	1359	2024/05/23 
2024/05/24 	68.94381713867188	68.94381713867188	68.94381713867188	68.94381713867188	328	2024/05/24 
2024/05/27 	68.94381872214923	68.94381872214923	68.26884721577626	68.654541015625	5228	2024/05/27 
2024/05/28 	68.65453917499366	69.42594146728516	68.65453917499366	69.42594146728516	364	2024/05/28 
2024/05/29 	68.94381713867188	68.94381713867188	68.94381713867188	68.94381713867188	2000	2024/05/29 
2024/05/30 	68.94381713867188	68.94381713867188	68.94381713867188	68.94381713867188	0	2024/05/30 
2024/05/31 	68.94381713867188	69.23309483855208	68.94381713867188	68.94381713867188	445	2024/05/31 
2024/06/03 	69.42594146728516	69.42594146728516	68.7509699790082	69.42594146728516	19010	2024/06/03 
2024/06/04 	69.42594146728516	69.42594146728516	69.42594146728516	69.42594146728516	1532	2024/06/04 
2024/06/05 	69.5223617553711	69.5223617553711	69.5223617553711	69.5223617553711	2027	2024/06/05 
2024/06/06 	70.39019775390625	70.39019775390625	70.39019775390625	70.39019775390625	1122	2024/06/06 
2024/06/07 	70.87232208251953	70.87232208251953	70.87232208251953	70.87232208251953	400	2024/06/07 
2024/06/11 	68.17241668701172	68.17241668701172	68.17241668701172	68.17241668701172	420	2024/06/11 
2024/06/12 	71.06517028808594	71.06517028808594	71.06517028808594	71.06517028808594	58	2024/06/12 
2024/06/13 	71.06517028808594	71.06517028808594	71.06517028808594	71.06517028808594	0	2024/06/13 
2024/06/14 	71.06517028808594	71.06517028808594	71.06517028808594	71.06517028808594	0	2024/06/14 
2024/06/17 	70.96874237060547	70.96874237060547	70.96874237060547	70.96874237060547	100	2024/06/17 
2024/06/18 	70.87232239605629	70.87232239605629	70.39019775390625	70.39019775390625	28	2024/06/18 
2024/06/19 	70.87232208251953	70.87232208251953	70.87232208251953	70.87232208251953	3000	2024/06/19 
2024/06/20 	71.06517028808594	71.06517028808594	71.06517028808594	71.06517028808594	100	2024/06/20 
2024/06/21 	69.5223617553711	69.5223617553711	69.5223617553711	69.5223617553711	1000	2024/06/21 
2024/06/24 	69.5223617553711	69.5223617553711	69.5223617553711	69.5223617553711	0	2024/06/24 
2024/06/25 	69.5223617553711	69.5223617553711	69.5223617553711	69.5223617553711	0	2024/06/25 
2024/06/26 	69.5223617553711	69.5223617553711	69.5223617553711	69.5223617553711	0	2024/06/26 
2024/06/27 	69.5223617553711	69.5223617553711	69.5223617553711	69.5223617553711	0	2024/06/27 
2024/06/28 	71.35444641113281	71.35444641113281	71.35444641113281	71.35444641113281	1	2024/06/28 
2024/07/01 	71.35444641113281	71.35444641113281	71.35444641113281	71.35444641113281	180	2024/07/01 
2024/07/02 	71.35444504523394	71.35444504523394	68.55812072753906	68.55812072753906	1332	2024/07/02 
2024/07/03 	71.25801849365234	71.25801849365234	71.25801849365234	71.25801849365234	934	2024/07/03 
2024/07/04 	68.90562566904966	72.43421936035156	68.90562566904966	72.43421936035156	3008	2024/07/04 
2024/07/05 	72.43421936035156	72.43421936035156	72.43421936035156	72.43421936035156	0	2024/07/05 
2024/07/08 	72.43421936035156	72.43421936035156	72.43421936035156	72.43421936035156	100	2024/07/08 
2024/07/09 	72.43421936035156	72.43421936035156	72.43421936035156	72.43421936035156	0	2024/07/09 
2024/07/10 	72.43421936035156	72.43421936035156	72.43421936035156	72.43421936035156	413	2024/07/10 
2024/07/11 	69.00364070640592	72.43421936035156	69.00364070640592	72.43421936035156	54	2024/07/11 
2024/07/12 	72.43421936035156	72.43421936035156	72.43421936035156	72.43421936035156	20	2024/07/12 
2024/07/15 	72.43421936035156	72.43421936035156	72.43421936035156	72.43421936035156	34	2024/07/15 
2024/07/16 	69.00364070640592	72.43421936035156	69.00364070640592	72.43421936035156	1010	2024/07/16 
2024/07/17 	72.43421915481638	72.53223419189453	72.04215152843578	72.53223419189453	3371	2024/07/17 
2024/07/18 	72.53223419189453	72.53223419189453	72.53223419189453	72.53223419189453	0	2024/07/18 
2024/07/19 	72.53223419189453	72.53223419189453	72.53223419189453	72.53223419189453	0	2024/07/19 
2024/07/22 	69.0036392211914	69.0036392211914	69.0036392211914	69.0036392211914	1000	2024/07/22 
2024/07/23 	72.53223283654489	72.53223283654489	69.0036392211914	69.0036392211914	1270	2024/07/23 
2024/07/26 	72.43421936035156	72.43421936035156	72.43421936035156	72.43421936035156	35	2024/07/26 
2024/07/29 	69.0036392211914	69.0036392211914	69.0036392211914	69.0036392211914	1000	2024/07/29 
2024/07/30 	69.00364070640592	72.43421936035156	69.00364070640592	72.43421936035156	1010	2024/07/30 
2024/07/31 	69.00363815934594	69.59173583984375	69.00363815934594	69.59173583984375	6000	2024/07/31 
2024/08/01 	69.00364090273732	72.3362045288086	69.00364090273732	72.3362045288086	1005	2024/08/01 
2024/08/02 	72.33620432299529	72.43421936035156	69.00364070640592	72.43421936035156	4931	2024/08/02 
2024/08/05 	68.90562378026863	69.19966888427734	68.90562378026863	69.19966888427734	7015	2024/08/05 
2024/08/06 	69.19966888427734	69.19966888427734	69.19966888427734	69.19966888427734	4553	2024/08/06 
2024/08/07 	67.04330885350197	68.90562444239022	67.04330885350197	68.80760192871094	3307	2024/08/07 
2024/08/08 	69.0036392211914	69.0036392211914	69.0036392211914	69.0036392211914	5	2024/08/08 
2024/08/09 	69.00364166771507	69.00364166771507	67.63140869140625	67.63140869140625	6236	2024/08/09 
2024/08/12 	69.49372100830078	69.49372100830078	69.49372100830078	69.49372100830078	12	2024/08/12 
2024/08/13 	69.49371911307227	69.49371911307227	66.1611557006836	66.1611557006836	1080	2024/08/13 
2024/08/14 	68.61156976045068	68.61156976045068	65.67107391357422	65.67107391357422	1200	2024/08/14 
2024/08/15 	65.67107391357422	65.67107391357422	65.67107391357422	65.67107391357422	0	2024/08/15 
2024/08/16 	65.57305908203125	65.57305908203125	65.57305908203125	65.57305908203125	4827	2024/08/16 
2024/08/19 	65.27900630504382	65.67107391357422	65.27900630504382	65.67107391357422	2110	2024/08/19 
2024/08/20 	65.18099488181045	68.41554348371398	65.18099488181045	67.92546081542969	5500	2024/08/20 
2024/08/21 	67.82743835449219	67.82743835449219	67.82743835449219	67.82743835449219	200	2024/08/21 
2024/08/22 	67.63140694754465	68.611572265625	67.63140694754465	68.611572265625	3471	2024/08/22 
2024/08/23 	68.611572265625	68.611572265625	68.611572265625	68.611572265625	0	2024/08/23 
2024/08/26 	68.611572265625	68.611572265625	68.611572265625	68.611572265625	0	2024/08/26 
2024/08/27 	68.51355743408203	68.51355743408203	68.51355743408203	68.51355743408203	90	2024/08/27 
2024/08/28 	68.70958349235188	68.70958349235188	66.35718536376953	66.35718536376953	41	2024/08/28 
2024/08/29 	65.27900888352802	68.51355743408203	65.27900888352802	68.51355743408203	1443	2024/08/29 
2024/08/30 	68.51355743408203	68.51355743408203	68.51355743408203	68.51355743408203	0	2024/08/30 
2024/09/02 	68.41554348371398	68.41554348371398	67.92546081542969	67.92546081542969	1500	2024/09/02 
2024/09/03 	67.92546081542969	67.92546081542969	67.92546081542969	67.92546081542969	0	2024/09/03 
2024/09/04 	65.1809959896743	67.23934173583984	65.1809959896743	67.23934173583984	3005	2024/09/04 
2024/09/05 	68.21950598505215	68.21950598505215	67.82743835449219	67.82743835449219	64	2024/09/05 
2024/09/06 	68.31751584201133	68.31751584201133	66.45520782470703	66.45520782470703	2052	2024/09/06 
2024/09/09 	66.45520782470703	66.45520782470703	66.45520782470703	66.45520782470703	0	2024/09/09 
2024/09/10 	65.18099212646484	66.25917245549958	64.69090947889744	65.18099212646484	6266	2024/09/10 
2024/09/11 	65.18099212646484	65.18099212646484	62.53454508179408	65.18099212646484	279	2024/09/11 
2024/09/12 	65.18099212646484	65.18099212646484	65.18099212646484	65.18099212646484	20	2024/09/12 
2024/09/13 	65.37702228037104	65.37702228037104	62.53454516415666	62.92660903930664	4492	2024/09/13 
2024/09/16 	64.9849620915044	64.9849620915044	62.82859395427747	63.02463150024414	239	2024/09/16 
2024/09/18 	64.98496380059994	64.98496380059994	64.2008285522461	64.2008285522461	4030	2024/09/18 
2024/09/19 	64.9849624633789	64.9849624633789	64.9849624633789	64.9849624633789	79	2024/09/19 
2024/09/20 	66.55322265625	66.55322265625	66.55322265625	66.55322265625	5	2024/09/20 
2024/09/23 	64.39685566219839	65.86710357666016	64.39685566219839	65.86710357666016	23	2024/09/23 
2024/09/24 	66.06314279912834	66.06314279912834	64.9849624633789	64.9849624633789	641	2024/09/24 
2024/09/25 	65.67107391729125	65.67107391729125	62.730578070248356	63.514713287353516	4282	2024/09/25 
2024/09/26 	64.39685775567672	64.69091033935547	64.39685775567672	64.69091033935547	2000	2024/09/26 
2024/09/27 	64.69091033935547	64.69091033935547	64.69091033935547	64.69091033935547	0	2024/09/27 
2024/09/30 	64.69091033935547	64.69091033935547	64.69091033935547	64.69091033935547	0	2024/09/30 
2024/10/01 	65.67107391357422	65.67107391357422	65.67107391357422	65.67107391357422	50	2024/10/01 
2024/10/04 	65.67107391357422	65.67107391357422	65.67107391357422	65.67107391357422	0	2024/10/04 
2024/10/07 	65.67107391357422	65.67107391357422	65.67107391357422	65.67107391357422	0	2024/10/07 
2024/10/08 	65.67107391357422	65.67107391357422	65.67107391357422	65.67107391357422	116	2024/10/08 
2024/10/09 	65.67107391357422	65.67107391357422	65.67107391357422	65.67107391357422	0	2024/10/09 
2024/10/11 	64.49487986408798	64.8869400024414	64.39685735143182	64.8869400024414	8300	2024/10/11 
2024/10/14 	63.41669037636424	63.71074295043945	63.41669037636424	63.71074295043945	9220	2024/10/14 
2024/10/15 	62.33851196167097	64.88694026148099	62.33851196167097	62.632564544677734	182	2024/10/15 
2024/10/16 	64.8869400024414	65.37702265345098	64.8869400024414	64.8869400024414	1030	2024/10/16 
2024/10/17 	65.67107391357422	65.67107391357422	64.69090863128207	65.67107391357422	2030	2024/10/17 
2024/10/18 	65.67107391357422	65.67107391357422	65.67107391357422	65.67107391357422	0	2024/10/18 
2024/10/21 	65.6710760622772	65.6710760622772	63.61273039772984	64.49488067626953	1080	2024/10/21 
2024/10/22 	65.57305908203125	65.57305908203125	65.57305908203125	65.57305908203125	1257	2024/10/22 
2024/10/23 	65.57305908203125	65.57305908203125	65.57305908203125	65.57305908203125	723	2024/10/23 
2024/10/24 	65.57305908203125	65.57305908203125	64.39685625283339	65.57305908203125	6445	2024/10/24 
2024/10/25 	62.73057825905432	65.57305908203125	62.73057825905432	65.57305908203125	101	2024/10/25 
2024/10/28 	65.57305974013231	65.57305974013231	64.8869395466973	65.18099212646484	2367	2024/10/28 
2024/10/29 	65.18099212646484	65.18099212646484	65.18099212646484	65.18099212646484	0	2024/10/29 
2024/10/30 	65.96512603759766	65.96512603759766	65.96512603759766	65.96512603759766	60	2024/10/30 
2024/11/01 	65.96512603759766	65.96512603759766	65.96512603759766	65.96512603759766	0	2024/11/01 
2024/11/04 	65.96512603759766	65.96512603759766	65.96512603759766	65.96512603759766	0	2024/11/04 
2024/11/05 	64.0047984791916	64.29884358877334	62.73058057013359	64.2008285522461	8209	2024/11/05 
2024/11/06 	63.41669037636424	63.71074295043945	63.41669037636424	63.71074295043945	4031	2024/11/06 
2024/11/07 	64.2008285522461	64.2008285522461	64.2008285522461	64.2008285522461	1000	2024/11/07 
2024/11/08 	64.2008285522461	64.2008285522461	64.2008285522461	64.2008285522461	10	2024/11/08 
2024/11/11 	64.2008285522461	64.2008285522461	64.2008285522461	64.2008285522461	30	2024/11/11 
2024/11/12 	64.20082645268404	64.20082645268404	61.260330584622174	63.22066116333008	19581	2024/11/12 
2024/11/13 	63.12264633178711	63.12264633178711	63.12264633178711	63.12264633178711	104	2024/11/13 
2024/11/14 	64.00479888916016	64.00479888916016	64.00479888916016	64.00479888916016	1	2024/11/14 
2024/11/15 	63.12264613000823	64.10281141936218	63.12264613000823	63.22066116333008	2022	2024/11/15 
2024/11/18 	63.22066116333008	63.22066116333008	63.22066116333008	63.22066116333008	0	2024/11/18 
2024/11/19 	64.39685821533203	64.39685821533203	64.39685821533203	64.39685821533203	5	2024/11/19 
2024/11/20 	64.39685821533203	64.39685821533203	64.39685821533203	64.39685821533203	0	2024/11/20 
2024/11/21 	61.358348069686414	63.906776428222656	61.358348069686414	63.906776428222656	1700	2024/11/21 
2024/11/22 	64.39685821533203	64.39685821533203	64.39685821533203	64.39685821533203	200	2024/11/22 
2024/11/25 	64.39685909248225	64.39685909248225	61.45636684595873	63.906776428222656	1990	2024/11/25 
2024/11/26 	61.4563669507516	61.94644961584686	60.77025047181145	61.75041580200195	5712	2024/11/26 
2024/11/27 	58.80991781911542	61.26033106157856	58.80991781911542	60.77024841308594	7461	2024/11/27 
2024/11/28 	60.770248770713806	62.7305793762207	60.770248770713806	62.7305793762207	21	2024/11/28 
2024/11/29 	62.7305793762207	62.7305793762207	59.79008346796036	62.7305793762207	258	2024/11/29 
2024/12/02 	62.7305793762207	62.7305793762207	62.7305793762207	62.7305793762207	100	2024/12/02 
2024/12/03 	62.7305793762207	62.7305793762207	62.7305793762207	62.7305793762207	10	2024/12/03 
2024/12/04 	62.7305793762207	62.7305793762207	62.7305793762207	62.7305793762207	20	2024/12/04 
2024/12/05 	62.7305793762207	62.7305793762207	62.7305793762207	62.7305793762207	718	2024/12/05 
2024/12/06 	62.7305793762207	62.7305793762207	62.7305793762207	62.7305793762207	817	2024/12/06 
2024/12/09 	62.7305793762207	62.7305793762207	62.7305793762207	62.7305793762207	0	2024/12/09 
2024/12/10 	62.7305793762207	62.7305793762207	62.7305793762207	62.7305793762207	10	2024/12/10 
2024/12/11 	62.43653106689453	62.43653106689453	62.43653106689453	62.43653106689453	100	2024/12/11 
2024/12/12 	62.43653106689453	62.43653106689453	62.43653106689453	62.43653106689453	0	2024/12/12 
2024/12/13 	62.7305793762207	62.7305793762207	62.7305793762207	62.7305793762207	50	2024/12/13 
2024/12/16 	62.7305793762207	62.7305793762207	62.7305793762207	62.7305793762207	0	2024/12/16 
2024/12/17 	62.43653106689453	62.43653106689453	62.43653106689453	62.43653106689453	100	2024/12/17 
2024/12/18 	62.43653106689453	62.43653106689453	62.43653106689453	62.43653106689453	0	2024/12/18 
2024/12/19 	62.73057957965739	62.73057957965739	62.632564544677734	62.632564544677734	122	2024/12/19 
2024/12/20 	59.594051361083984	61.750415836515124	59.39801754712952	59.594051361083984	11275	2024/12/20 
2024/12/23 	59.594051361083984	59.594051361083984	59.594051361083984	59.594051361083984	0	2024/12/23 
2024/12/24 	61.6523978090901	61.6523978090901	59.594048470943235	61.26033020019531	1215	2024/12/24 
2024/12/25 	61.26033020019531	61.26033020019531	61.26033020019531	61.26033020019531	0	2024/12/25 
2024/12/26 	61.26033102004049	61.26033102004049	58.61388397216797	58.61388397216797	12455	2024/12/26 
2024/12/27 	57.045622480418615	59.888099670410156	57.045622480418615	59.888099670410156	52	2024/12/27 
2024/12/30 	59.79008483886719	59.79008483886719	59.79008483886719	59.79008483886719	1	2024/12/30 
2024/12/31 	59.69207000732422	59.69207000732422	59.69207000732422	59.69207000732422	100	2024/12/31 
2025/01/02 	59.49603390134071	59.49603390134071	56.65355306231286	58.80991744995117	6526	2025/01/02 
2025/01/03 	59.30000009536744	59.30000009536744	58.80991744995117	58.80991744995117	220	2025/01/03 
2025/01/06 	57.53570280362496	59.103965759277344	56.35950371736876	59.103965759277344	2476	2025/01/06 
2025/01/07 	59.29999923706055	59.29999923706055	59.29999923706055	59.29999923706055	10	2025/01/07 
2025/01/08 	59.29999923706055	59.29999923706055	59.29999923706055	59.29999923706055	0	2025/01/08 
2025/01/09 	59.29999923706055	59.29999923706055	59.29999923706055	59.29999923706055	670	2025/01/09 
2025/01/10 	59.29999923706055	59.29999923706055	59.29999923706055	59.29999923706055	130	2025/01/10 
2025/01/13 	59.29999923706055	59.29999923706055	59.29999923706055	59.29999923706055	70	2025/01/13 
2025/01/14 	56.65355306231286	58.80991744995117	56.65355306231286	58.80991744995117	55	2025/01/14 
2025/01/15 	59.20198440551758	59.20198440551758	56.45751863038769	59.20198440551758	110	2025/01/15 
2025/01/16 	59.103965759277344	59.103965759277344	59.103965759277344	59.103965759277344	30	2025/01/16 
2025/01/17 	59.103965759277344	59.103965759277344	59.103965759277344	59.103965759277344	10	2025/01/17 
2025/01/20 	59.29999956349234	59.29999956349234	59.103965759277344	59.103965759277344	1050	2025/01/20 
2025/01/21 	59.103965759277344	59.103965759277344	59.103965759277344	59.103965759277344	0	2025/01/21 
2025/01/22 	59.103965759277344	59.103965759277344	56.35950371736876	59.103965759277344	110	2025/01/22 
2025/02/03 	59.10396534653535	59.10396534653535	56.359503323792225	57.14363479614258	1618	2025/02/03 
2025/02/04 	59.00595105366171	59.00595105366171	58.90793228149414	58.90793228149414	350	2025/02/04 
2025/02/05 	56.16347022437743	59.00595105366171	56.16347022437743	58.90793228149414	2567	2025/02/05 
2025/02/06 	58.90793228149414	58.90793228149414	58.90793228149414	58.90793228149414	61	2025/02/06 
2025/02/07 	58.90793228149414	58.90793228149414	58.90793228149414	58.90793228149414	610	2025/02/07 
2025/02/10 	58.90793228149414	58.90793228149414	58.90793228149414	58.90793228149414	270	2025/02/10 
2025/02/11 	58.90793195506234	59.103965759277344	58.711901889881155	59.103965759277344	9143	2025/02/11 
2025/02/12 	59.103965759277344	59.103965759277344	58.711901889881155	59.103965759277344	1610	2025/02/12 
2025/02/13 	59.103965759277344	59.103965759277344	59.103965759277344	59.103965759277344	140	2025/02/13 
2025/02/14 	59.103965759277344	59.103965759277344	59.103965759277344	59.103965759277344	1150	2025/02/14 
2025/02/17 	61.55437838505981	61.750412187429845	61.26032955102167	61.65239715576172	4160	2025/02/17 
2025/02/18 	61.75041580200195	61.75041580200195	61.75041580200195	61.75041580200195	1010	2025/02/18 
2025/02/19 	62.73057787491454	65.86710377743321	62.73057787491454	65.76908874511719	3152	2025/02/19 
2025/02/20 	65.6710737097066	65.6710737097066	62.730577871958545	63.612728118896484	7242	2025/02/20 
2025/02/21 	65.47504470623238	65.47504470623238	62.53454508179408	65.18099212646484	161	2025/02/21 
2025/02/24 	65.18099212646484	65.18099212646484	62.04446243422667	65.18099212646484	4232	2025/02/24 
2025/02/25 	65.08297729492188	65.18099232912655	62.53454527622742	65.08297729492188	630	2025/02/25 
2025/02/26 	65.18099488181045	68.12149089151617	61.94645001894094	67.92546081542969	33790	2025/02/26 
2025/02/27 	68.12149006788519	68.41554265652772	67.63140740552632	68.31752014160156	2093	2025/02/27 
2025/03/03 	68.41553901900436	69.59173435490244	63.024630019680934	66.06314086914062	19736	2025/03/03 
2025/03/04 	66.16116087934473	67.63140889888572	64.39686026466828	67.53339385986328	65	2025/03/04 
2025/03/05 	67.63140869140625	67.63140869140625	66.65124334805253	67.63140869140625	3221	2025/03/05 
2025/03/06 	67.63140564691551	69.39570617675781	67.63140564691551	69.39570617675781	2099	2025/03/06 
2025/03/07 	69.39570577236705	69.59173583984375	68.31751796704205	69.59173583984375	2195	2025/03/07 
2025/03/10 	70.27784704119524	70.47388458251953	66.94529109742565	70.47388458251953	14585	2025/03/10 
2025/03/11 	70.66991484669764	70.66991484669764	67.63140398917433	70.37586975097656	2049	2025/03/11 
2025/03/12 	70.37586935136157	70.96396701753191	67.63140360514323	70.5718994140625	90	2025/03/12 
2025/03/13 	70.96396701753191	70.96396701753191	67.43537354244229	70.5718994140625	2830	2025/03/13 
2025/03/14 	70.57189961414788	70.57189961414788	70.47388458251953	70.47388458251953	211	2025/03/14 
2025/03/17 	70.4738828105686	70.4738828105686	67.04330444335938	67.04330444335938	3870	2025/03/17 
2025/03/18 	67.04331098100764	67.63140869140625	67.04331098100764	67.63140869140625	1112	2025/03/18 
2025/03/19 	67.63140869140625	67.63140869140625	67.63140869140625	67.63140869140625	3	2025/03/19 
2025/03/20 	67.63140869140625	67.63140869140625	67.63140869140625	67.63140869140625	10	2025/03/20 
2025/03/21 	67.53339412426332	67.53339412426332	67.33735656738281	67.33735656738281	200	2025/03/21 
2025/03/24 	67.53339125828848	69.0036392211914	65.67107567633118	69.0036392211914	1023	2025/03/24 
2025/03/25 	69.00363805920128	69.00363805920128	65.27900695800781	65.27900695800781	720	2025/03/25 
2025/03/26 	65.6710782061644	67.82743897693061	65.18099553298407	67.53339385986328	1451	2025/03/26 
2025/03/27 	67.53338706724641	67.53338706724641	67.04330444335938	67.04330444335938	20	2025/03/27 
2025/03/28 	66.65123684863627	67.04330444335938	65.67107160086222	67.04330444335938	1688	2025/03/28 
2025/03/31 	64.29884522564585	67.53339385986328	64.29884522564585	67.53339385986328	565	2025/03/31 
2025/04/01 	64.29884272047309	64.69091033935547	64.29884272047309	64.69091033935547	4175	2025/04/01 
2025/04/02 	64.5928955078125	64.5928955078125	64.5928955078125	64.5928955078125	200	2025/04/02 
2025/04/07 	58.417851448011895	58.6138852593879	54.98727283555067	55.77140808105469	9382	2025/04/07 
2025/04/08 	53.02694019547789	56.84958628619783	53.02694019547789	54.79124069213867	5180	2025/04/08 
2025/04/09 	54.79124069213867	54.79124069213867	54.79124069213867	54.79124069213867	0	2025/04/09 
2025/04/10 	54.791242562529526	56.359505569725705	54.39917494121351	55.869422912597656	9034	2025/04/10 
2025/04/11 	54.39917246500651	55.77140533811568	50.57652641779795	52.928924560546875	17257	2025/04/11 
2025/04/14 	53.02693959189734	53.02693959189734	52.928924560546875	52.928924560546875	215	2025/04/14 
2025/04/15 	53.02693959189734	53.02693959189734	52.928924560546875	52.928924560546875	1270	2025/04/15 
2025/04/16 	52.928927045279394	52.928927045279394	49.400333404541016	49.400333404541016	5500	2025/04/16 
2025/04/17 	49.10627912122745	50.478512011323566	47.97909129060848	50.380496978759766	4528	2025/04/17 
2025/04/18 	48.028098806890384	50.380496978759766	47.93008377432658	50.380496978759766	2224	2025/04/18 
2025/04/21 	48.37115478515625	48.56718858779895	47.04793316062713	48.37115478515625	752	2025/04/21 
2025/04/22 	49.00826644897461	49.00826644897461	49.00826644897461	49.00826644897461	10	2025/04/22 
2025/04/23 	46.94992075373128	49.00826644897461	46.94992075373128	49.00826644897461	28	2025/04/23 
2025/04/24 	49.00826644897461	49.00826644897461	46.94992075373128	49.00826644897461	33	2025/04/24 
2025/04/25 	49.00826644897461	49.00826644897461	49.00826644897461	49.00826644897461	1030	2025/04/25 
2025/04/28 	49.00826644897461	49.00826644897461	49.00826644897461	49.00826644897461	47	2025/04/28 
2025/04/29 	49.400331500259306	50.478511810302734	49.400331500259306	50.478511810302734	5132	2025/04/29 
2025/04/30 	49.98843002319336	51.360662931208296	49.98843002319336	49.98843002319336	1131	2025/04/30 
2025/05/02 	50.478511810302734	50.478511810302734	50.478511810302734	50.478511810302734	2310	2025/05/02 
2025/05/05 	50.478511810302734	50.478511810302734	50.478511810302734	50.478511810302734	10	2025/05/05 
2025/05/06 	50.478511810302734	50.478511810302734	50.478511810302734	50.478511810302734	20	2025/05/06 
2025/05/07 	50.478511810302734	50.478511810302734	50.478511810302734	50.478511810302734	37	2025/05/07 
2025/05/08 	50.380496978759766	50.478512011323566	50.380496978759766	50.380496978759766	1115	2025/05/08 
2025/05/09 	50.380496978759766	50.380496978759766	50.380496978759766	50.380496978759766	10	2025/05/09 
2025/05/12 	50.38049970681403	50.968597412109375	50.38049970681403	50.968597412109375	5362	2025/05/12 
2025/05/13 	50.968596337861506	53.41900962333562	49.00826570948222	51.55669403076172	4015	2025/05/13 
2025/05/14 	53.419010162353516	53.419010162353516	53.419010162353516	53.419010162353516	21	2025/05/14 
2025/05/15 	53.419010162353516	53.419010162353516	53.419010162353516	53.419010162353516	20	2025/05/15 
2025/05/16 	50.77256272875571	51.45867919921875	49.400333526863584	51.45867919921875	4124	2025/05/16 
2025/05/19 	51.45867796505199	51.45867796505199	49.008264728620944	49.98843002319336	2030	2025/05/19 
2025/05/20 	51.45867919921875	51.45867919921875	48.95925838592063	51.45867919921875	31	2025/05/20 
2025/05/21 	49.49834856305804	51.948761858258926	49.49834856305804	51.45867919921875	45	2025/05/21 
2025/05/22 	51.45867919921875	51.45867919921875	51.45867919921875	51.45867919921875	21	2025/05/22 
2025/05/23 	51.45867919921875	51.45867919921875	51.45867919921875	51.45867919921875	11	2025/05/23 
2025/05/26 	51.556694235413204	51.556694235413204	49.008265904017854	51.45867919921875	25	2025/05/26 
2025/05/27 	51.55669403076172	51.55669403076172	51.55669403076172	51.55669403076172	10	2025/05/27 
2025/05/28 	51.55669511740472	51.55669511740472	49.00826674241286	50.968597412109375	61	2025/05/28 
2025/05/29 	51.45867919921875	51.45867919921875	51.45867919921875	51.45867919921875	10	2025/05/29 
2025/06/02 	49.400332018265054	51.55669266096324	49.400332018265054	50.18446350097656	1361	2025/06/02 
2025/06/03 	51.55669403076172	51.55669403076172	51.55669403076172	51.55669403076172	10	2025/06/03 
2025/06/04 	51.556692790656584	51.556692790656584	49.40033214253396	50.08644485473633	6080	2025/06/04 
2025/06/05 	50.478511810302734	50.478511810302734	48.86123760620379	50.478511810302734	361	2025/06/05 
2025/06/06 	50.478511810302734	50.478511810302734	48.02809861562785	50.478511810302734	231	2025/06/06 
2025/06/09 	50.478511810302734	50.478511810302734	50.478511810302734	50.478511810302734	55	2025/06/09 
2025/06/10 	50.47851454073314	51.066612243652344	50.28248072674873	51.066612243652344	9690	2025/06/10 
2025/06/11 	52.04677475928114	52.04677475928114	49.49834653243278	50.478511810302734	2394	2025/06/11 
2025/06/12 	51.948760986328125	51.948760986328125	51.948760986328125	51.948760986328125	80	2025/06/12 
2025/06/13 	51.94876013069509	52.4388427734375	51.94876013069509	52.4388427734375	7349	2025/06/13 
2025/06/16 	52.4388430595398	58.80991744995117	52.4388430595398	58.80991744995117	46263	2025/06/16 
2025/06/17 	58.90793281325739	64.69090955716275	58.61388397216797	58.61388397216797	48678	2025/06/17 
2025/06/18 	58.515870358766094	60.966283659057524	53.90909260641141	55.67338943481445	15120	2025/06/18 
2025/06/19 	55.379339702885616	55.67338854642159	54.00710678100586	54.00710678100586	4442	2025/06/19 
2025/06/20 	56.359505569725705	56.359505569725705	54.007107319897486	55.869422912597656	32	2025/06/20 
2025/06/23 	56.55554016491827	56.55554016491827	50.96859704835003	53.32099533081055	21151	2025/06/23 
2025/06/24 	50.9685971728105	53.32099546101535	50.9685971728105	53.22297668457031	238	2025/06/24 
2025/06/25 	53.32099546101535	53.32099546101535	51.06661221022153	53.22297668457031	1041	2025/06/25 
2025/06/26 	53.320995208693994	57.63372039794922	53.320995208693994	57.63372039794922	13308	2025/06/26 
2025/06/27 	55.37933927966702	60.86826344717091	55.37933927966702	60.77024841308594	25463	2025/06/27 
2025/06/30 	61.45636486878239	61.45636486878239	58.51586897782662	60.77024841308594	5492	2025/06/30 
2025/07/01 	61.260329790351804	61.260329790351804	57.33966868376929	59.29999923706055	10134	2025/07/01 
2025/07/02 	59.29999923706055	59.29999923706055	56.84958604544648	59.29999923706055	1054	2025/07/02 
2025/07/03 	59.5	59.5	55.0	57.599998474121094	7039	2025/07/03 
2025/07/04 	54.79999923706055	57.599998474121094	54.79999923706055	57.599998474121094	1030	2025/07/04 
2025/07/07 	58.70000076293945	58.70000076293945	54.900001525878906	57.5	4050	2025/07/07 
2025/07/08 	57.5	57.5	57.5	57.5	0	2025/07/08 
2025/07/09 	57.5	57.5	57.5	57.5	0	2025/07/09 
2025/07/10 	57.400001525878906	57.400001525878906	57.400001525878906	57.400001525878906	10	2025/07/10 
2025/07/11 	57.400001525878906	57.400001525878906	57.400001525878906	57.400001525878906	0	2025/07/11 
2025/07/14 	57.400001525878906	57.400001525878906	57.400001525878906	57.400001525878906	0	2025/07/14 
2025/07/15 	54.599998474121094	57.20000076293945	54.599998474121094	57.20000076293945	1002	2025/07/15 
2025/07/16 	54.5	54.70000076293945	53.70000076293945	53.70000076293945	2102	2025/07/16 
2025/07/17 	53.70000076293945	56.400001525878906	53.70000076293945	56.400001525878906	2	2025/07/17 
2025/07/18 	56.400001525878906	56.400001525878906	56.400001525878906	56.400001525878906	11	2025/07/18 
2025/07/21 	56.400001525878906	56.400001525878906	56.400001525878906	56.400001525878906	40	2025/07/21 
2025/07/22 	56.400001525878906	56.400001525878906	56.400001525878906	56.400001525878906	0	2025/07/22 
2025/07/23 	56.20000076293945	56.29999923706055	56.20000076293945	56.29999923706055	3587	2025/07/23 
2025/07/24 	56.29999923706055	56.29999923706055	56.29999923706055	56.29999923706055	12	2025/07/24 
2025/07/25 	53.5	56.0	53.5	56.0	34	2025/07/25 
2025/07/28 	56.0	56.0	56.0	56.0	10	2025/07/28 
2025/07/29 	56.0	56.0	56.0	56.0	2065	2025/07/29 
2025/07/30 	53.5	56.29999923706055	53.5	55.599998474121094	5012	2025/07/30 
2025/07/31 	55.599998474121094	58.5	55.599998474121094	58.5	7014	2025/07/31 
2025/08/04 	60.29999923706055	61.20000076293945	58.0	60.5	11211	2025/08/04 
2025/08/05 	61.0	61.0	58.0	60.900001525878906	7126	2025/08/05 
2025/08/06 	62.0	63.099998474121094	61.5	63.0	15520	2025/08/06 
2025/08/07 	65.69999694824219	66.9000015258789	62.599998474121094	66.9000015258789	11472	2025/08/07 
2025/08/08 	66.80000305175781	66.80000305175781	63.79999923706055	65.0	11190	2025/08/08 
2025/08/11 	65.0	66.19999694824219	64.0999984741211	66.19999694824219	821	2025/08/11 
2025/08/12 	66.19999694824219	66.19999694824219	64.0999984741211	65.19999694824219	4287	2025/08/12 
2025/08/13 	63.599998474121094	66.80000305175781	63.599998474121094	66.69999694824219	222	2025/08/13 
2025/08/14 	66.69999694824219	66.69999694824219	63.79999923706055	66.69999694824219	24	2025/08/14 
2025/08/15 	66.5999984741211	66.5999984741211	66.5	66.5	418	2025/08/15 
2025/08/18 	63.599998474121094	65.69999694824219	62.70000076293945	65.69999694824219	4307	2025/08/18 
2025/08/19 	65.69999694824219	65.69999694824219	63.70000076293945	64.0	4011	2025/08/19 
2025/08/20 	61.900001525878906	64.9000015258789	61.900001525878906	64.9000015258789	2	2025/08/20 
2025/08/21 	64.9000015258789	64.9000015258789	64.9000015258789	64.9000015258789	8	2025/08/21 
2025/08/22 	64.9000015258789	64.9000015258789	64.9000015258789	64.9000015258789	0	2025/08/22 
2025/08/25 	64.0	64.0	64.0	64.0	17	2025/08/25 
2025/08/26 	63.79999923706055	63.79999923706055	62.0	62.20000076293945	7011	2025/08/26 
2025/08/27 	62.900001525878906	63.0	60.099998474121094	60.099998474121094	201	2025/08/27 
2025/08/28 	63.0	63.0	63.0	63.0	562	2025/08/28 
2025/08/29 	60.20000076293945	63.900001525878906	60.20000076293945	63.900001525878906	5061	2025/08/29 
