Date	Open	High	Low	Close	Volume	Date
2022/10/21 	34.67795036282859	36.07865227593316	32.216114856411544	32.470787048339844	75054	2022/10/21 
2022/10/24 	33.1074699690302	34.04126910872105	32.13122276435392	32.725460052490234	119112	2022/10/24 
2022/10/25 	31.4945427218675	32.598127717449216	30.7305260768489	30.857860565185547	57081	2022/10/25 
2022/10/26 	30.77297263675266	30.77297263675266	30.43340750542767	30.560745239257812	16069	2022/10/26 
2022/10/27 	30.603191375732422	30.603191375732422	30.603191375732422	30.603191375732422	1000	2022/10/27 
2022/10/28 	30.43340595489602	31.197425842285156	30.390961125226166	31.197425842285156	11505	2022/10/28 
2022/10/31 	31.154985427856445	31.154985427856445	31.154985427856445	31.154985427856445	2003	2022/10/31 
2022/11/01 	31.197420382984735	31.197420382984735	29.626939291691237	29.83916664123535	26752	2022/11/01 
2022/11/02 	29.839170997518647	29.839170997518647	27.419776916503906	27.419776916503906	34281	2022/11/02 
2022/11/03 	28.141353833746987	28.141353833746987	27.165106522752353	27.249996185302734	7060	2022/11/03 
2022/11/04 	28.056458117421162	28.056458117421162	27.759341089977227	28.014013290405273	15030	2022/11/04 
2022/11/07 	26.910433729879777	28.056460341833265	26.698206339641505	26.825542449951172	33116	2022/11/07 
2022/11/08 	26.825542056317133	26.825542056317133	25.6795138420138	26.698205947875977	18010	2022/11/08 
2022/11/09 	26.698205947875977	26.698205947875977	26.698205947875977	26.698205947875977	1002	2022/11/09 
2022/11/10 	26.78309500580681	26.78309500580681	25.84929581876846	26.740650177001953	7013	2022/11/10 
2022/11/11 	26.146413952861927	27.674450522109336	25.976633011371383	27.63200569152832	72015	2022/11/11 
2022/11/14 	27.632004984918947	27.632004984918947	26.740650612179547	27.547115325927734	3003	2022/11/14 
2022/11/15 	27.504669189453125	27.504669189453125	27.504669189453125	27.504669189453125	1	2022/11/15 
2022/11/16 	26.698206392502236	27.54711595513612	26.31619644165039	26.31619644165039	49034	2022/11/16 
2022/11/17 	25.806853215160018	26.401090621948242	25.806853215160018	26.401090621948242	1005	2022/11/17 
2022/11/18 	26.401086557259887	26.401086557259887	25.424840927124023	25.424840927124023	29116	2022/11/18 
2022/11/21 	25.849296883068558	25.849296883068558	25.80685043334961	25.80685043334961	1376	2022/11/21 
2022/11/22 	26.443531924550506	26.443531924550506	25.212614059448242	25.212614059448242	15001	2022/11/22 
2022/11/23 	25.297503635139297	25.297503635139297	24.321257988327396	25.042831420898438	34598	2022/11/23 
2022/11/24 	25.04283227920532	25.467287063598633	25.04283227920532	25.467287063598633	2	2022/11/24 
2022/11/25 	24.533486214100048	25.467287063598633	24.533486214100048	25.467287063598633	29053	2022/11/25 
2022/11/28 	25.46728698595513	25.46728698595513	24.49104130866015	25.297504425048828	12007	2022/11/28 
2022/11/29 	25.000386673827187	25.2975037183635	24.491040624503356	25.212614059448242	42125	2022/11/29 
2022/11/30 	25.25505888890587	25.25505888890587	24.57593190258507	25.212614059448242	13105	2022/11/30 
2022/12/01 	25.38239570550198	25.38239570550198	24.618377419756627	25.297504425048828	11009	2022/12/01 
2022/12/02 	25.38239399149462	25.38239399149462	24.53348448262078	25.127721786499023	111008	2022/12/02 
2022/12/05 	24.660821945462338	25.806850169492677	24.618377115343854	25.339950561523438	18253	2022/12/05 
2022/12/06 	25.552179342763456	25.552179342763456	24.873050689697266	24.873050689697266	11001	2022/12/06 
2022/12/07 	24.873050689697266	24.873050689697266	24.873050689697266	24.873050689697266	0	2022/12/07 
2022/12/08 	24.618375778198242	24.660820606011335	24.618375778198242	24.618375778198242	11000	2022/12/08 
2022/12/09 	24.703268775523973	25.467287063598633	24.533486214100048	25.467287063598633	37002	2022/12/09 
2022/12/12 	25.339949005834672	27.58955886650068	24.703266878146195	27.462221145629883	295528	2022/12/12 
2022/12/13 	28.26868832721582	33.277256137618295	28.26868832721582	32.25856399536133	390801	2022/12/13 
2022/12/14 	32.131221551651834	32.81035170579445	30.688078069930196	31.834104537963867	146890	2022/12/14 
2022/12/15 	32.0038933017745	32.08878296838845	31.32476625386325	31.45210075378418	19502	2022/12/15 
2022/12/16 	30.98519801529182	31.07008767342522	30.390960693359375	30.390960693359375	23050	2022/12/16 
2022/12/19 	30.985200813339713	31.4096556190019	30.77297341050862	30.815418243408203	55100	2022/12/19 
2022/12/20 	29.881614591583954	30.136286790030343	29.414715021376782	29.71183204650879	21575	2022/12/20 
2022/12/21 	29.202490402190595	29.202490402190595	28.82048044934708	28.94781494140625	5000	2022/12/21 
2022/12/22 	28.905367202173746	29.372266769409183	28.905367202173746	29.37226676940918	1051	2022/12/22 
2022/12/23 	28.990258798445222	29.32982063293457	28.77803143751468	29.32982063293457	12804	2022/12/23 
2022/12/26 	29.32982345878846	29.32982345878846	28.778034210205078	28.778034210205078	13001	2022/12/26 
2022/12/27 	29.117595990102355	29.117595990102355	28.480913847877087	28.608251571655273	28452	2022/12/27 
2022/12/28 	28.608252171901643	28.608252171901643	28.31113188962943	28.565807342529297	7364	2022/12/28 
2022/12/29 	27.419778748736547	27.67445097472074	26.99532395931854	27.249996185302734	32831	2022/12/29 
2022/12/30 	27.292443195967934	27.292443195967934	26.231304644428427	26.528423309326172	49776	2022/12/30 
2023/01/03 	27.589560678385844	28.31113250848736	27.16510589871837	27.334888458251953	142280	2023/01/03 
2023/01/04 	27.97156876838429	27.97156876838429	27.504669189453125	27.504669189453125	15255	2023/01/04 
2023/01/05 	27.92912474674982	27.92912474674982	27.589559640457207	27.759342193603516	10101	2023/01/05 
2023/01/06 	27.504669189453125	27.674448499367905	27.419776296162976	27.504669189453125	41708	2023/01/06 
2023/01/09 	28.141352041487924	28.183796870059897	27.58955955505371	27.58955955505371	48106	2023/01/09 
2023/01/10 	28.39602392930671	28.523358413578958	28.09890365600586	28.09890365600586	3204	2023/01/10 
2023/01/11 	28.56580700356047	28.56580700356047	27.886676788330078	27.886676788330078	10101	2023/01/11 
2023/01/12 	28.056458117421162	28.778033130022145	28.014013290405273	28.014013290405273	10062	2023/01/12 
2023/01/13 	28.778034036595084	28.778034036595084	28.311131209713658	28.43846893310547	13000	2023/01/13 
2023/01/16 	28.820480188665837	28.820480188665837	27.971570629284418	28.480915069580078	33650	2023/01/16 
2023/01/17 	28.862923693301074	28.862923693301074	28.396024104752474	28.43846893310547	21408	2023/01/17 
2023/01/30 	28.438470239277603	28.693142459425435	28.3111325100372	28.480915069580078	100445	2023/01/30 
2023/01/31 	28.608251484850275	28.693141141556268	28.311131209713658	28.43846893310547	3002	2023/01/31 
2023/02/01 	28.608251571655273	28.608251571655273	28.608251571655273	28.608251571655273	3000	2023/02/01 
2023/02/02 	28.693141228618842	28.693141228618842	28.52335867635887	28.608251571655273	10350	2023/02/02 
2023/02/03 	28.735586057100626	28.735586057100626	28.52335867635887	28.608251571655273	11202	2023/02/03 
2023/02/06 	28.820481049140824	29.457163237685908	28.735588147668302	28.905370712280273	43615	2023/02/06 
2023/02/07 	29.03270807017686	29.839172812913194	29.03270807017686	29.457162857055664	61309	2023/02/07 
2023/02/08 	29.626942899398482	29.626942899398482	29.160040082880247	29.499605178833008	26001	2023/02/08 
2023/02/09 	29.16003958459769	29.839169764898337	29.16003958459769	29.71183204650879	5215	2023/02/09 
2023/02/10 	30.306076551376595	30.306076551376595	29.711839121284214	29.9240665435791	13351	2023/02/10 
2023/02/13 	29.62694884691904	29.966510772705078	29.414721428927738	29.966510772705078	11311	2023/02/13 
2023/02/14 	29.329828518731173	30.008955608636658	29.329828518731173	29.966510772705078	5101	2023/02/14 
2023/02/15 	30.64563385430675	32.42834587526344	30.64563385430675	32.1312255859375	71979	2023/02/15 
2023/02/16 	32.08878143192966	32.25856399536133	31.28231668437902	32.25856399536133	25485	2023/02/16 
2023/02/17 	32.38590406058552	32.38590406058552	31.57943925493748	31.70677375793457	5235	2023/02/17 
2023/02/20 	32.21611404418945	32.385896580638686	31.621876785783392	32.21611404418945	14481	2023/02/20 
2023/02/21 	32.34345114511574	32.34345114511574	31.83410673272526	32.30100631713867	1632	2023/02/21 
2023/02/22 	31.621880633812477	32.34345245361328	31.621880633812477	32.34345245361328	7311	2023/02/22 
2023/02/23 	31.961448134459136	32.68302000813668	31.834110397535728	32.173675537109375	28212	2023/02/23 
2023/02/24 	32.428346708246785	32.68301893540148	31.749219689723233	32.59812927246094	5102	2023/02/24 
2023/03/01 	32.64057395349933	32.64057395349933	32.00389176938035	32.25856399536133	6453	2023/03/01 
2023/03/02 	32.2585646699652	32.385902404785156	32.2585646699652	32.385902404785156	6300	2023/03/02 
2023/03/03 	32.34345114511574	32.34345114511574	32.003889282966355	32.30100631713867	15629	2023/03/03 
2023/03/06 	32.25855886871863	32.385896580638686	32.21611404418945	32.21611404418945	21300	2023/03/06 
2023/03/07 	32.21611796453057	32.34345245361328	32.21611796453057	32.34345245361328	6000	2023/03/07 
2023/03/08 	32.428345351334684	32.7679072272215	32.34345245361328	32.34345245361328	24002	2023/03/08 
2023/03/09 	32.767907036569454	35.01751861893738	32.55567965100013	33.23480987548828	114668	2023/03/09 
2023/03/10 	34.25349779330884	34.25349779330884	33.404588274383386	33.786598205566406	28667	2023/03/10 
2023/03/13 	33.871492140205156	33.871492140205156	32.852800038557454	33.362144470214844	39845	2023/03/13 
2023/03/14 	33.44703524829273	33.44703524829273	32.68301541088696	33.065025329589844	29000	2023/03/14 
2023/03/15 	33.06503098804594	33.06503098804594	32.852803578929255	32.89524841308594	20104	2023/03/15 
2023/03/16 	32.2585646699652	32.385902404785156	32.173675005640646	32.385902404785156	12020	2023/03/16 
2023/03/17 	32.89524841308594	32.89524841308594	32.89524841308594	32.89524841308594	2100	2023/03/17 
2023/03/20 	32.937694003248474	33.14992141723633	32.937694003248474	33.14992141723633	7000	2023/03/20 
2023/03/21 	32.81034947183929	33.19235610961914	32.767901411346095	33.19235610961914	8107	2023/03/21 
2023/03/22 	33.10746646529748	33.277248992273165	33.06502164313664	33.19235610961914	25000	2023/03/22 
2023/03/23 	33.10747460746911	33.234812343600325	32.98013687133789	32.98013687133789	6001	2023/03/23 
2023/03/24 	32.13122599406772	33.06502846595369	32.13122599406772	32.93769073486328	4001	2023/03/24 
2023/03/27 	33.19236625236723	33.23481432583148	33.022586911843625	33.14992141723633	26001	2023/03/27 
2023/03/28 	33.31969850904512	34.50817312699386	33.31969850904512	33.659263610839844	33001	2023/03/28 
2023/03/29 	33.7441520690918	34.08371715883083	33.7441520690918	33.7441520690918	25000	2023/03/29 
2023/03/30 	33.87148928475872	34.08371665311351	33.82904122042164	33.95637893676758	7502	2023/03/30 
2023/03/31 	33.70170854900699	34.04127041357748	33.65926372072728	33.786598205566406	7041	2023/03/31 
2023/04/06 	33.744156558037986	34.04127362233526	33.574373990582494	33.87149429321289	31953	2023/04/06 
2023/04/07 	33.70170895423732	34.762845865653276	33.319699018461	33.44703674316406	86101	2023/04/07 
2023/04/10 	33.95637893676758	33.95637893676758	33.95637893676758	33.95637893676758	700	2023/04/10 
2023/04/11 	33.95638187636464	34.84773625295263	33.95638187636464	34.720401763916016	62151	2023/04/11 
2023/04/12 	34.805294036865234	34.93263177379679	33.956384426209986	34.805294036865234	41200	2023/04/12 
2023/04/13 	35.10240883513799	35.10240883513799	34.041271890444186	34.168609619140625	22150	2023/04/13 
2023/04/14 	33.99882213030902	35.272186279296875	33.99882213030902	35.272186279296875	7201	2023/04/14 
2023/04/17 	35.27219284865998	35.8239853779911	35.2297480167883	35.69664764404297	38631	2023/04/17 
2023/04/18 	37.691586441480844	39.3469575227736	36.54555657174005	36.92756652832031	151855	2023/04/18 
2023/04/19 	37.479365196808324	38.24338199698661	35.65420801499311	36.07866287231445	69779	2023/04/19 
2023/04/20 	36.58800072790958	37.09734840673177	35.56931184693115	35.65420150756836	83378	2023/04/20 
2023/04/21 	35.78153923685716	36.50311106727237	34.847736778182956	35.65420150756836	57324	2023/04/21 
2023/04/24 	36.58799932067635	36.63044738769531	35.654200136250545	36.63044738769531	9610	2023/04/24 
2023/04/25 	36.80022956788486	37.1822395324707	35.61175808046938	37.1822395324707	68422	2023/04/25 
2023/04/26 	35.78154122079481	36.757785325583306	35.65420348444567	35.8239860534668	64500	2023/04/26 
2023/04/27 	36.46066494240789	36.757781982421875	35.654200241656234	36.757781982421875	14511	2023/04/27 
2023/04/28 	37.309580483440115	37.309580483440115	35.52686824111986	35.78154373168945	13121	2023/04/28 
2023/05/02 	36.842675562246264	36.8851203918457	35.56931124426539	36.8851203918457	8307	2023/05/02 
2023/05/03 	37.47935763674386	37.903812408447266	36.50311036649286	37.903812408447266	78373	2023/05/03 
2023/05/04 	36.71533566221277	37.903810250657955	36.07865354090272	36.375770568847656	111302	2023/05/04 
2023/05/05 	37.43691166297881	37.43691166297881	35.654202817440044	37.05490493774414	38002	2023/05/05 
2023/05/08 	37.30957716734495	37.30957716734495	36.078657612885756	37.05490493774414	9116	2023/05/08 
2023/05/09 	35.78154092844099	37.35202239280523	35.78154092844099	36.50311279296875	4515	2023/05/09 
2023/05/10 	35.823980844519085	36.58799743652344	35.823980844519085	36.58799743652344	8000	2023/05/10 
2023/05/11 	36.58799743652344	36.58799743652344	36.58799743652344	36.58799743652344	0	2023/05/11 
2023/05/12 	37.054900448894124	37.054900448894124	35.78153621681299	35.908870697021484	30140	2023/05/12 
2023/05/15 	36.88511970718951	36.88511970718951	36.036210177626266	36.757781982421875	2004	2023/05/15 
2023/05/16 	36.50311279296875	36.50311279296875	35.56931352848187	36.50311279296875	28012	2023/05/16 
2023/05/17 	36.503114637982996	36.588004306924056	36.33333206176758	36.33333206176758	8100	2023/05/17 
2023/05/18 	36.63044738769531	36.63044738769531	36.63044738769531	36.63044738769531	7131	2023/05/18 
2023/05/19 	36.927564426830926	36.970009255517034	36.50310966330413	36.63044738769531	31550	2023/05/19 
2023/05/22 	35.441971419592676	36.80022531638769	35.441971419592676	36.375770568847656	20116	2023/05/22 
2023/05/23 	35.69664312668535	36.63044550135647	35.654198300185	36.58799743652344	20217	2023/05/23 
2023/05/24 	35.78153786064173	36.63044738769531	35.78153786064173	36.63044738769531	22800	2023/05/24 
2023/05/25 	36.63044738769531	37.2671295329855	36.50310966330413	36.63044738769531	72500	2023/05/25 
2023/05/26 	37.13979198754071	37.13979198754071	35.73908996582031	35.73908996582031	2000	2023/05/26 
2023/05/29 	35.7390879531857	37.30957244036013	35.7390879531857	36.58799743652344	22201	2023/05/29 
2023/05/30 	35.69664825678821	36.97001266479492	35.69664825678821	36.97001266479492	6215	2023/05/30 
2023/05/31 	36.927569676085994	36.927569676085994	36.80023193359375	36.80023193359375	5000	2023/05/31 
2023/06/01 	36.927569133078514	37.3095791166046	36.630452056076706	37.01245880126953	11001	2023/06/01 
2023/06/02 	37.09734804590433	37.352020263671875	36.92756548794833	37.352020263671875	17603	2023/06/02 
2023/06/05 	37.35201714881804	37.35201714881804	35.484415643710605	36.460662841796875	125203	2023/06/05 
2023/06/06 	36.503114637982996	36.503114637982996	36.12110465108163	36.33333206176758	19500	2023/06/06 
2023/06/07 	37.05490493774414	37.05490493774414	37.05490493774414	37.05490493774414	35	2023/06/07 
2023/06/08 	35.95131502179048	36.63044519341762	35.95131502179048	36.121097564697266	45300	2023/06/08 
2023/06/09 	37.13979460150004	37.182239433377994	36.33332984248657	37.05490493774414	65908	2023/06/09 
2023/06/12 	37.09734344482422	37.35201563100548	36.75777837102752	37.09734344482422	31058	2023/06/12 
2023/06/13 	37.436909923483405	37.47935799172211	37.01245514775986	37.352020263671875	43192	2023/06/13 
2023/06/14 	37.35201906483688	37.479356788800146	36.503109540636046	37.43690872192383	36119	2023/06/14 
2023/06/15 	37.48891778128954	38.20129900977259	37.31082587105421	37.399871826171875	33155	2023/06/15 
2023/06/16 	38.11225000289978	38.11225000289978	37.26629983407962	37.7115364074707	18301	2023/06/16 
2023/06/19 	37.978681824618974	38.0232048034668	37.5779682212175	38.0232048034668	9111	2023/06/19 
2023/06/20 	37.310825336932844	38.067726135253906	37.26629896312598	38.067726135253906	8102	2023/06/20 
2023/06/21 	37.93415233921169	37.93415233921169	37.26629752058554	37.88962936401367	7133	2023/06/21 
2023/06/26 	37.93415451049805	37.93415451049805	37.31082602827692	37.93415451049805	13062	2023/06/26 
2023/06/27 	37.978675842285156	37.978675842285156	37.978675842285156	37.978675842285156	1010	2023/06/27 
2023/06/28 	37.978675842285156	37.978675842285156	37.978675842285156	37.978675842285156	1020	2023/06/28 
2023/06/29 	38.112246288135104	39.13629166587606	38.112246288135104	38.913673400878906	17081	2023/06/29 
2023/06/30 	39.00272082461812	39.09177017211914	37.62248820876247	39.09177017211914	6321	2023/06/30 
2023/07/03 	39.09177168858799	49.15411735834809	39.09177168858799	48.17459487915039	194009	2023/07/03 
2023/07/04 	47.907454183671646	48.797927322390024	44.34556162879813	46.749839782714844	156713	2023/07/04 
2023/07/05 	46.571740281651884	46.571740281651884	44.25651168823242	44.25651168823242	78766	2023/07/05 
2023/07/06 	44.968895099405344	45.503177642822266	43.76675767827447	45.503177642822266	24557	2023/07/06 
2023/07/07 	45.681269826524904	46.215555730222206	43.989372957030106	44.612701416015625	26428	2023/07/07 
2023/07/10 	44.52365894413474	44.70175425928839	43.90032703953973	44.30104064941406	17395	2023/07/10 
2023/07/11 	43.81128217685174	44.6127060197717	43.187950256656876	43.722232818603516	32303	2023/07/11 
2023/07/12 	44.52365260449212	44.70174789428711	43.944843761879675	44.70174789428711	6016	2023/07/12 
2023/07/13 	45.05793873294879	45.681270599365234	44.16746560860683	45.681270599365234	36388	2023/07/13 
2023/07/14 	44.390081943014486	45.414127349853516	43.63318117927102	45.414127349853516	25534	2023/07/14 
2023/07/17 	45.14698749671753	45.14698749671753	43.49961019996542	43.633182525634766	14115	2023/07/17 
2023/07/18 	43.49961273609275	45.14699012889075	42.119380010208594	43.23247146606445	41802	2023/07/18 
2023/07/19 	43.54413456986044	43.54413456986044	43.187943982385654	43.36603927612305	5050	2023/07/19 
2023/07/20 	43.4996105528229	43.4996105528229	42.47556850296408	43.18794631958008	24600	2023/07/20 
2023/07/21 	43.18794981142007	43.23247279164234	42.43104895698449	42.876285552978516	16531	2023/07/21 
2023/07/24 	42.92079917903849	42.92079917903849	40.87271196320341	41.49604034423828	21341	2023/07/24 
2023/07/25 	42.11937263621713	42.25294494628906	42.03032669409248	42.25294494628906	10150	2023/07/25 
2023/07/26 	42.8317489915489	42.87627535806956	41.406993581893595	41.852230072021484	14250	2023/07/26 
2023/07/27 	42.876285552978516	42.876285552978516	42.876285552978516	42.876285552978516	1	2023/07/27 
2023/07/28 	42.742709341574965	42.742709341574965	40.917240142822266	40.917240142822266	34216	2023/07/28 
2023/07/31 	42.564611168984804	42.564611168984804	40.87271440979605	42.52008819580078	4411	2023/07/31 
2023/08/01 	42.56460952758789	42.56460952758789	42.56460952758789	42.56460952758789	2000	2023/08/01 
2023/08/02 	42.65366199231205	42.698184967041016	42.65366199231205	42.698184967041016	5010	2023/08/02 
2023/08/04 	42.74270777496231	42.92080307006836	42.47556653074584	42.92080307006836	10102	2023/08/04 
2023/08/07 	42.87628278543048	43.05437469482422	41.852237321989335	43.05437469482422	29002	2023/08/07 
2023/08/08 	41.89676047599561	43.232470183393254	41.85223749845945	42.831756591796875	32005	2023/08/08 
2023/08/09 	43.14342550606831	44.612704189589	42.742711902604285	44.43461227416992	43472	2023/08/09 
2023/08/10 	44.70175297181288	44.96889423840651	43.0543756001954	43.900325775146484	106010	2023/08/10 
2023/08/11 	43.27699316092942	43.72222973006197	42.297474067592	42.831756591796875	97301	2023/08/11 
2023/08/14 	42.69818380971195	42.87627910068579	41.94127967229443	42.074851989746094	70350	2023/08/14 
2023/08/15 	42.43103886794167	42.8317489915489	41.852230072021484	41.852230072021484	33451	2023/08/15 
2023/08/16 	43.722232818603516	43.722232818603516	43.722232818603516	43.722232818603516	10	2023/08/16 
2023/08/17 	43.722232818603516	43.722232818603516	43.722232818603516	43.722232818603516	10	2023/08/17 
2023/08/18 	43.76675193921767	43.76675193921767	41.406996988638014	41.54056930541992	28637	2023/08/18 
2023/08/21 	41.76318645659	41.76318645659	39.93771402798253	41.674137115478516	35627	2023/08/21 
2023/08/22 	41.5850944519043	41.5850944519043	41.5850944519043	41.5850944519043	2515	2023/08/22 
2023/08/23 	41.62961664801429	41.62961664801429	41.2734260559082	41.2734260559082	14018	2023/08/23 
2023/08/24 	40.82819240779384	41.62961959838867	40.82819240779384	41.62961959838867	100	2023/08/24 
2023/08/25 	41.62961813128084	41.62961813128084	40.24938548224112	40.69462203979492	25022	2023/08/25 
2023/08/28 	39.93771855917949	40.07129088755885	39.67057729930618	39.80414962768555	20470	2023/08/28 
2023/08/29 	39.89319323824555	39.982242584228516	39.180815454807906	39.982242584228516	10672	2023/08/29 
2023/08/30 	40.02676773071289	40.02676773071289	40.02676773071289	40.02676773071289	20	2023/08/30 
2023/08/31 	39.89319278345279	39.89319278345279	39.00271971508605	39.225337982177734	17750	2023/08/31 
2023/09/01 	38.55748235033845	38.8691499556843	37.26629574964301	38.156768798828125	27221	2023/09/01 
2023/09/04 	37.53344081465338	37.53344081465338	35.886063616536205	36.73201370239258	69068	2023/09/04 
2023/09/05 	35.84153837580777	36.91010665893555	35.70796606658495	36.91010665893555	22501	2023/09/05 
2023/09/06 	35.66344566561005	36.06415922526784	33.704404238193774	34.10511779785156	106664	2023/09/06 
2023/09/07 	34.28321440660937	35.262733459472656	33.615359580506585	35.262733459472656	155752	2023/09/07 
2023/09/08 	35.262733459472656	35.262733459472656	35.262733459472656	35.262733459472656	0	2023/09/08 
2023/09/11 	34.81749707375209	34.86202344654488	33.25916913879337	34.2832145690918	37200	2023/09/11 
2023/09/12 	34.77297409784462	34.81749707375209	33.70440569163872	34.2832145690918	41403	2023/09/12 
2023/09/13 	33.74893386767355	34.81749893408872	33.570838557642524	34.016075134277344	78086	2023/09/13 
2023/09/14 	33.65988576207403	34.50583596841885	33.170126188996186	34.41679000854492	90592	2023/09/14 
2023/09/15 	34.50583266181915	34.550355637489595	33.25916896173479	33.748931884765625	96888	2023/09/15 
2023/09/18 	33.52631050222461	34.283211209126655	33.25916587919095	33.6153564453125	68439	2023/09/18 
2023/09/19 	33.25916782993674	33.65988139110524	32.94750361396413	33.1255989074707	163989	2023/09/19 
2023/09/20 	33.65988139110524	33.70440436526059	32.94750361396413	33.1255989074707	14519	2023/09/20 
2023/09/21 	32.90298520572188	33.74893541960585	32.05703499183792	32.235130310058594	130228	2023/09/21 
2023/09/22 	32.01251194814114	32.59131748510562	31.389180034045374	31.967988967895508	153190	2023/09/22 
2023/09/25 	31.656324210477383	32.457751515810365	31.166564589167653	32.14608383178711	99035	2023/09/25 
2023/09/26 	32.59131679424695	32.63584317043438	31.522751703460294	31.9234619140625	56181	2023/09/26 
2023/09/27 	31.923455983854577	33.30369186401367	31.789887070761242	33.30369186401367	21841	2023/09/27 
2023/09/28 	33.52631484665766	33.52631484665766	32.45774640670995	32.947505950927734	8570	2023/09/28 
2023/10/02 	33.170120086669925	33.5263106544083	32.45774234807817	33.392738342285156	21997	2023/10/02 
2023/10/03 	33.70440673828125	33.74893311245675	32.81393360493818	33.70440673828125	83890	2023/10/03 
2023/10/04 	33.74893313010988	33.74893313010988	32.81393362210223	32.947505950927734	5167	2023/10/04 
2023/10/05 	32.813929518931545	33.57083362615435	32.813929518931545	33.392738342285156	42045	2023/10/05 
2023/10/06 	33.57083798719903	33.57083798719903	32.81393378165002	33.481788635253906	3021	2023/10/06 
2023/10/11 	33.61535841694989	33.61535841694989	33.1255989074707	33.1255989074707	39361	2023/10/11 
2023/10/12 	33.48178428577725	33.5263106544083	33.30369239879307	33.392738342285156	14860	2023/10/12 
2023/10/13 	33.259166030162014	33.615356597900394	33.170120086669925	33.392738342285156	30382	2023/10/13 
2023/10/16 	33.259166030162014	33.615356597900394	33.259166030162014	33.392738342285156	7000	2023/10/16 
2023/10/17 	33.65988253653943	33.748931884765625	33.30369533429054	33.748931884765625	19606	2023/10/17 
2023/10/18 	33.748931884765625	33.748931884765625	33.25916896173479	33.748931884765625	2020	2023/10/18 
2023/10/19 	33.74892836809469	33.74892836809469	33.30369186401367	33.30369186401367	12020	2023/10/19 
2023/10/20 	33.65988089915372	33.793453216552734	33.39273966124082	33.793453216552734	29531	2023/10/20 
2023/10/23 	33.83797619005736	33.83797619005736	33.17012139683255	33.793453216552734	24912	2023/10/23 
2023/10/24 	33.79345774177961	33.79345774177961	33.52631646809426	33.65988540649414	10065	2023/10/24 
2023/10/25 	33.65988540649414	33.79345774177961	33.52631646809426	33.65988540649414	24000	2023/10/25 
2023/10/26 	33.88250081177697	33.97155016000317	33.748931884765625	33.748931884765625	20321	2023/10/26 
2023/10/27 	34.016075134277344	34.149644069136485	33.88250280253269	34.016075134277344	27100	2023/10/27 
2023/10/30 	34.372260766112355	36.01963806152344	34.372260766112355	36.01963806152344	41545	2023/10/30 
2023/10/31 	34.72844642194159	35.93058359317793	34.50582817564709	34.639400482177734	40621	2023/10/31 
2023/11/01 	33.88250066701489	35.4853515625	33.88250066701489	35.4853515625	11022	2023/11/01 
2023/11/02 	35.52988044385039	37.08820847389847	35.52988044385039	37.04368209838867	59265	2023/11/02 
2023/11/03 	37.22177130651781	37.22177130651781	35.75249287152137	36.242252349853516	17461	2023/11/03 
2023/11/06 	37.266300201416016	37.266300201416016	35.707972179186676	37.266300201416016	3071	2023/11/06 
2023/11/07 	35.70796780773974	37.08820374739408	35.70796780773974	36.642967224121094	13510	2023/11/07 
2023/11/08 	37.08820512748425	37.08820512748425	35.61892318725586	35.61892318725586	52050	2023/11/08 
2023/11/09 	35.21820762461343	35.93058536857883	34.817494082106315	35.35177993774414	56035	2023/11/09 
2023/11/10 	36.33130063536544	36.33130063536544	35.574399883395714	36.06415939331055	14011	2023/11/10 
2023/11/13 	35.08464072557222	36.375823974609375	34.81749608395121	36.375823974609375	5004	2023/11/13 
2023/11/14 	35.44083061866908	36.37582674489371	35.44083061866908	36.19773483276367	12099	2023/11/14 
2023/11/15 	36.37582616149159	36.642970819173094	35.663448333740234	35.663448333740234	38249	2023/11/15 
2023/11/16 	36.64296462962215	36.64296462962215	36.33129704726757	36.59843826293945	5511	2023/11/16 
2023/11/17 	35.61891933984759	36.64296462962215	35.61891933984759	36.59843826293945	9526	2023/11/17 
2023/11/20 	36.64297174628279	36.73201770317264	35.7079722145118	36.5093994140625	20041	2023/11/20 
2023/11/21 	36.73201770317264	36.821063660062485	35.7079722145118	36.5093994140625	11412	2023/11/21 
2023/11/22 	36.821057320492024	36.91010665893555	36.64296543737483	36.91010665893555	9511	2023/11/22 
2023/11/23 	36.910106750508376	37.88962569762279	36.910106750508376	37.66700744628906	25521	2023/11/23 
2023/11/24 	37.934152003066444	39.180815678875675	37.444392486457545	38.33486557006836	63548	2023/11/24 
2023/11/27 	38.73557974569734	39.00272099560096	38.37938914790233	38.8691520690918	29467	2023/11/27 
2023/11/28 	38.869156206506226	39.18082046508789	38.64653790840914	39.18082046508789	17569	2023/11/28 
2023/11/29 	39.225337982177734	39.225337982177734	38.2012959916871	39.225337982177734	1011	2023/11/29 
2023/11/30 	39.22533909804275	39.22533909804275	39.047243799925994	39.09177017211914	15246	2023/11/30 
2023/12/01 	38.95819872275166	39.136294024861314	38.60200811853237	38.73558044433594	34891	2023/12/01 
2023/12/04 	38.023200340890305	38.913673400878906	37.978677367267906	38.913673400878906	22717	2023/12/04 
2023/12/05 	39.13629009441086	39.13629009441086	37.978675842285156	37.978675842285156	9000	2023/12/05 
2023/12/06 	37.88963247003779	39.13629625909003	37.88963247003779	38.0232048034668	17751	2023/12/06 
2023/12/07 	38.51296667124841	38.602012634277344	37.71153941644501	38.602012634277344	16017	2023/12/07 
2023/12/08 	37.66701151622725	38.64653396606445	37.66701151622725	38.64653396606445	2004	2023/12/08 
2023/12/11 	38.64653489192586	40.96176365267047	38.64653489192586	40.249385833740234	168097	2023/12/11 
2023/12/12 	40.204861913378984	40.204861913378984	39.403434762838316	40.160335540771484	24153	2023/12/12 
2023/12/13 	40.1603371865311	40.33843249360347	39.62605466219945	40.115814208984375	25682	2023/12/13 
2023/12/14 	39.67057518520128	42.65366205265537	39.67057518520128	41.2734260559082	103955	2023/12/14 
2023/12/15 	41.941279141630666	41.98580551147461	41.006283121954525	41.98580551147461	10612	2023/12/15 
2023/12/18 	42.03032578231194	42.03032578231194	41.18437576293945	41.18437576293945	24931	2023/12/18 
2023/12/19 	41.54056631748099	41.54056631748099	40.73913926820497	41.18437576293945	31915	2023/12/19 
2023/12/20 	40.20485721476469	41.49604034423828	40.20485721476469	41.49604034423828	25106	2023/12/20 
2023/12/21 	41.00628972328233	41.22890802079948	40.961766743156026	41.139862060546875	27301	2023/12/21 
2023/12/22 	41.18438157372704	41.27342752648366	39.937717853822235	40.69462203979492	3924	2023/12/22 
2023/12/25 	41.31795176978268	42.16389846801758	40.739142916046525	42.16389846801758	9312	2023/12/25 
2023/12/26 	42.16389425635707	42.16389425635707	41.852230072021484	41.852230072021484	6120	2023/12/26 
2023/12/27 	40.917237537544175	42.29747009277344	40.917237537544175	42.29747009277344	2223	2023/12/27 
2023/12/28 	42.37038442114642	42.870466856744	40.9156086133874	41.82484436035156	39311	2023/12/28 
2023/12/29 	42.68861901365934	42.8250022946285	41.46114867418225	41.82484436035156	16164	2023/12/29 
2024/01/02 	42.87046441306597	42.87046441306597	41.3702241287073	41.50661087036133	21582	2024/01/02 
2024/01/03 	41.2792992102355	42.87046157124852	41.18837356567383	41.18837356567383	13001	2024/01/03 
2024/01/04 	41.188381315178574	41.279306976847714	40.77922450881581	40.915611267089844	49033	2024/01/04 
2024/01/05 	40.68829974001305	41.142917614203135	40.597377552558676	40.733760833740234	14551	2024/01/05 
2024/01/08 	41.05199667307827	41.05199667307827	40.55191422151948	40.9610710144043	10890	2024/01/08 
2024/01/09 	40.915607577754336	41.05199432373047	40.46098971577929	41.05199432373047	16050	2024/01/09 
2024/01/10 	40.91560878110736	40.91560878110736	40.05183412425882	40.46099090576172	20850	2024/01/10 
2024/01/11 	40.55191307541127	41.415687731875636	39.82452516887359	40.05183410644531	43778	2024/01/11 
2024/01/12 	40.279144516923495	40.279144516923495	39.46083439281725	40.14276123046875	6608	2024/01/12 
2024/01/15 	40.14276123046875	40.14276123046875	40.14276123046875	40.14276123046875	0	2024/01/15 
2024/01/16 	38.41521184226195	39.824526612605744	38.05151614157872	38.506134033203125	39715	2024/01/16 
2024/01/17 	38.506135482170855	39.50629696245569	38.18790433344259	39.00621795654297	28695	2024/01/17 
2024/01/18 	39.00621795654297	39.00621795654297	37.869673184714316	39.00621795654297	10595	2024/01/18 
2024/01/19 	39.051673889160156	39.18805716266735	38.73343931405886	39.051673889160156	32922	2024/01/19 
2024/01/22 	39.09713485024192	40.006370544433594	38.960748108729604	40.006370544433594	9375	2024/01/22 
2024/01/23 	40.006370544433594	40.006370544433594	40.006370544433594	40.006370544433594	1	2024/01/23 
2024/01/24 	39.00621526308769	40.00637320585029	38.96075070058645	39.097137451171875	4501	2024/01/24 
2024/01/25 	39.82452258222593	39.8699836730957	39.82452258222593	39.8699836730957	3333	2024/01/25 
2024/01/26 	39.68813926936435	40.551910400390625	39.00621250163272	40.551910400390625	9029	2024/01/26 
2024/01/29 	40.64283752441406	40.64283752441406	40.64283752441406	40.64283752441406	10	2024/01/29 
2024/01/30 	40.59737643194175	40.64283752441406	40.59737643194175	40.64283752441406	4000	2024/01/30 
2024/01/31 	40.64283752441406	40.64283752441406	40.32460294018981	40.64283752441406	5961	2024/01/31 
2024/02/01 	40.64283752441406	40.64283752441406	40.64283752441406	40.64283752441406	3010	2024/02/01 
2024/02/02 	39.779061578505534	40.688297271728516	39.779061578505534	40.688297271728516	3501	2024/02/02 
2024/02/05 	40.870145104064896	40.961067286003626	40.5519105303615	40.688297271728516	44301	2024/02/05 
2024/02/15 	41.0974551978417	42.68861770629883	40.87014626806211	42.68861770629883	57002	2024/02/15 
2024/02/16 	41.77938597642027	42.00669492790411	40.00637546115451	40.915611267089844	79042	2024/02/16 
2024/02/19 	40.6428361817825	41.779380798339844	40.59737509081199	41.779380798339844	18252	2024/02/19 
2024/02/20 	41.824841889310356	41.824841889310356	41.59753296599889	41.779380798339844	5002	2024/02/20 
2024/02/21 	41.77937804640217	41.77937804640217	41.461143493652344	41.461143493652344	7041	2024/02/21 
2024/02/22 	41.779380798339844	41.824841889310356	40.77921945469403	41.779380798339844	9008	2024/02/22 
2024/02/23 	41.23383971803608	41.77938324703331	40.91560859413203	41.415687561035156	8002	2024/02/23 
2024/02/26 	41.27930686239734	41.27930686239734	40.77922439575195	40.77922439575195	12003	2024/02/26 
2024/02/27 	41.233837257796935	41.37022399902344	40.77921941165382	41.37022399902344	8012	2024/02/27 
2024/02/29 	41.37022408560991	41.779380841686844	40.96106732953297	41.09745407104492	56235	2024/02/29 
2024/03/01 	41.506612155224126	41.506612155224126	40.64283752441406	40.64283752441406	43041	2024/03/01 
2024/03/04 	40.50645189664519	40.77922192746742	40.23368186582296	40.733760833740234	39253	2024/03/04 
2024/03/05 	39.86998870288048	40.915611267089844	39.86998870288048	40.915611267089844	9765	2024/03/05 
2024/03/06 	40.00637191888029	40.50645087417449	39.96091082630065	40.37006759643555	50811	2024/03/06 
2024/03/07 	41.006533460299636	41.05199802536388	40.915611267089844	40.915611267089844	9010	2024/03/07 
2024/03/08 	41.05199802536388	41.05199802536388	40.824689073880045	40.915611267089844	24030	2024/03/08 
2024/03/11 	40.77922450881581	41.006533460299636	40.77922450881581	40.915611267089844	9150	2024/03/11 
2024/03/12 	40.915606238625266	40.915606238625266	39.869983802921276	40.006370544433594	66711	2024/03/12 
2024/03/13 	40.91560878110736	40.91560878110736	40.05183412425882	40.46099090576172	18010	2024/03/13 
2024/03/14 	40.00637037358888	40.551910400390625	40.00637037358888	40.551910400390625	1200	2024/03/14 
2024/03/15 	40.87015042337783	40.87015042337783	39.960914611816406	39.960914611816406	1950	2024/03/15 
2024/03/18 	40.87014501452514	40.87014501452514	39.8699836730957	39.8699836730957	71211	2024/03/18 
2024/03/19 	39.82452498548079	41.00653076171875	39.82452498548079	41.00653076171875	10611	2024/03/19 
2024/03/20 	41.05199701400409	41.05199701400409	40.00637447555475	40.14276123046875	24011	2024/03/20 
2024/03/21 	41.05199432373047	41.05199432373047	40.46098971577929	41.05199432373047	2012	2024/03/21 
2024/03/22 	41.05199802536388	41.05199802536388	40.77922450881581	40.915611267089844	7000	2024/03/22 
2024/03/25 	41.05199439050737	41.05199439050737	40.37006759643555	40.37006759643555	3336	2024/03/25 
2024/03/26 	40.37006759643555	40.37006759643555	40.37006759643555	40.37006759643555	0	2024/03/26 
2024/03/27 	41.00653076171875	41.00653076171875	41.00653076171875	41.00653076171875	2001	2024/03/27 
2024/03/28 	40.27914418241602	41.006532109511674	40.27914418241602	40.9610710144043	47302	2024/03/28 
2024/03/29 	41.00653076171875	41.00653076171875	41.00653076171875	41.00653076171875	10	2024/03/29 
2024/04/01 	41.00652982946869	41.05199439050737	40.37006759643555	40.37006759643555	3512	2024/04/01 
2024/04/02 	41.05199802536388	41.097459121968775	40.32460660584814	40.915611267089844	22611	2024/04/02 
2024/04/03 	41.05199802536388	41.05199802536388	40.915611267089844	40.915611267089844	7010	2024/04/03 
2024/04/08 	41.09745375765662	46.916560075018786	41.09745375765662	45.46178436279297	146716	2024/04/08 
2024/04/09 	45.73455683279063	47.00748825073242	44.73439891045	47.00748825073242	99231	2024/04/09 
2024/04/10 	46.37102117960108	47.09840905343244	46.37102117960108	46.64379119873047	32159	2024/04/10 
2024/04/11 	47.280257053257436	47.46210488946176	46.18917350449047	47.189334869384766	43230	2024/04/11 
2024/04/12 	46.189172218905874	46.2800978687068	43.597851897610234	45.46178436279297	68268	2024/04/12 
2024/04/15 	45.55271171778911	45.643637377916924	44.82532377906304	45.007171630859375	24112	2024/04/15 
2024/04/16 	43.870624664539164	45.41632612361371	43.59785463492815	44.00701141357422	27101	2024/04/16 
2024/04/17 	45.325396380442484	45.3708609383267	44.552547454833984	44.552547454833984	8110	2024/04/17 
2024/04/18 	44.09793484136584	44.370704878651516	43.506930203530864	44.23432159423828	38226	2024/04/18 
2024/04/19 	44.09793349940974	44.279781341552734	44.09793349940974	44.279781341552734	8300	2024/04/19 
2024/04/22 	44.370702146520166	44.55254998299972	43.325083156565974	43.91608428955078	20000	2024/04/22 
2024/04/23 	43.50693141512683	44.461631774902344	43.50693141512683	44.461631774902344	11210	2024/04/23 
2024/04/24 	44.5070915222168	44.5070915222168	43.552394659832004	44.5070915222168	10311	2024/04/24 
2024/04/25 	44.688936796108635	44.734397888183594	43.91608435699832	44.734397888183594	7011	2024/04/25 
2024/04/26 	43.870624366135424	45.23447797337279	43.870624366135424	44.825321197509766	43141	2024/04/26 
2024/04/29 	45.23447661656208	45.64363338015242	44.3707019975289	44.87078094482422	17012	2024/04/29 
2024/04/30 	45.64363469667952	46.9165626475599	45.46178685556544	45.916404724121094	26053	2024/04/30 
2024/05/02 	46.37102127075195	46.91656131008309	45.82548123142082	46.37102127075195	16111	2024/05/02 
2024/05/03 	47.00749060063837	47.00749060063837	46.73472055986051	46.91656494140625	4020	2024/05/03 
2024/05/06 	47.462107279516836	48.00764734714266	46.37102367580604	47.916725158691406	59043	2024/05/06 
2024/05/07 	48.28041361441986	48.28041361441986	46.280097876871196	46.5528678894043	38010	2024/05/07 
2024/05/08 	47.462100982666016	47.462100982666016	47.280253161430316	47.462100982666016	12010	2024/05/08 
2024/05/09 	47.734874743706996	47.734874743706996	46.28009899604427	46.64379119873047	28022	2024/05/09 
2024/05/10 	46.46194223139086	46.825637893676756	45.46178436279297	45.46178436279297	64000	2024/05/10 
2024/05/13 	45.734557083527726	45.91640492543911	44.5525513137924	45.37086486816406	38570	2024/05/13 
2024/05/14 	44.37070477971903	44.9162483215332	43.55239466968656	44.9162483215332	64380	2024/05/14 
2024/05/15 	44.23432248527012	46.0982551574707	44.23432248527012	46.0982551574707	10013	2024/05/15 
2024/05/16 	45.9164022064209	45.9164022064209	44.234317572381116	45.46178436279297	25010	2024/05/16 
2024/05/17 	46.09825515560467	46.09825515560467	44.55255362196702	45.27994155883789	74210	2024/05/17 
2024/05/20 	45.143558502197266	45.46178964230972	45.143558502197266	45.143558502197266	12000	2024/05/20 
2024/05/21 	45.18901936740126	45.64363726150297	45.098093707505356	45.27994155883789	13510	2024/05/21 
2024/05/22 	46.0982551574707	46.0982551574707	46.0982551574707	46.0982551574707	10	2024/05/22 
2024/05/23 	46.098250037563844	46.098250037563844	44.55254867553711	45.46178436279297	23012	2024/05/23 
2024/05/24 	46.18917475156267	46.9165626475599	44.55255111845413	45.916404724121094	29012	2024/05/24 
2024/05/27 	46.09825012991851	46.28009796142578	45.007166609333794	46.28009796142578	9213	2024/05/27 
2024/05/28 	46.73471807481091	46.73471807481091	45.552708846859694	46.461944580078125	11011	2024/05/28 
2024/05/29 	45.643634743411425	46.734718322753906	45.643634743411425	46.734718322753906	5001	2024/05/29 
2024/05/30 	46.82563781738281	46.82563781738281	46.82563781738281	46.82563781738281	1010	2024/05/30 
2024/05/31 	46.82563781738281	46.82563781738281	46.82563781738281	46.82563781738281	3010	2024/05/31 
2024/06/03 	47.00748825073242	47.00748825073242	46.28010035553386	47.00748825073242	6011	2024/06/03 
2024/06/04 	46.55287149276561	47.098411560058594	45.55271007811627	47.098411560058594	12	2024/06/04 
2024/06/05 	47.18933479820764	47.18933479820764	46.18917343482191	46.37102127075195	21011	2024/06/05 
2024/06/06 	47.18933356428746	46.5528678894043	46.5528678894043	46.5528678894043	1000	2024/06/06 
2024/06/07 	46.73471686958799	46.73471686958799	44.870780889791256	45.55270767211914	5032	2024/06/07 
2024/06/11 	45.46178548852568	45.55270767211914	45.32539874467651	45.55270767211914	7000	2024/06/11 
2024/06/12 	45.27993765287978	45.55270767211914	44.870780889791256	45.55270767211914	11011	2024/06/12 
2024/06/13 	45.916404724121094	45.916404724121094	45.916404724121094	45.916404724121094	10	2024/06/13 
2024/06/14 	45.00716651916504	45.643632193935915	45.00716651916504	45.46178436279297	9001	2024/06/14 
2024/06/17 	45.55270662932159	45.55270662932159	43.37054305690207	45.18901443481445	24142	2024/06/17 
2024/06/18 	45.189019482655716	45.189019482655716	45.007171630859375	45.007171630859375	6030	2024/06/18 
2024/06/19 	45.279936531650016	45.643632193935915	45.00716651916504	45.46178436279297	36860	2024/06/19 
2024/06/20 	45.64363479614258	45.64363479614258	45.64363479614258	45.64363479614258	1010	2024/06/20 
2024/06/21 	45.643637377916924	45.643637377916924	43.416008997445154	45.007171630859375	45232	2024/06/21 
2024/06/24 	43.91608787653278	45.3708672187338	43.91608787653278	45.27994155883789	7374	2024/06/24 
2024/06/25 	45.14355459492535	45.416324615478516	44.91624566638788	45.416324615478516	26011	2024/06/25 
2024/06/26 	45.46178576675995	45.46178576675995	44.734397888183594	44.734397888183594	10010	2024/06/26 
2024/06/27 	45.46178436279297	45.46178436279297	45.46178436279297	45.46178436279297	10	2024/06/27 
2024/06/28 	45.46178436279297	45.46178436279297	45.46178436279297	45.46178436279297	1011	2024/06/28 
2024/07/01 	44.55255005142475	45.46178576675995	43.68877542816452	44.734397888183594	24051	2024/07/01 
2024/07/02 	44.73440035561284	44.91624820240192	44.73440035561284	44.77986145019531	20000	2024/07/02 
2024/07/03 	45.461785707494215	45.461785707494215	43.82516211571622	45.416324615478516	9061	2024/07/03 
2024/07/04 	44.14591459779595	45.62981305709643	44.14591459779595	45.53706741333008	7009	2024/07/04 
2024/07/05 	45.62981305709643	45.62981305709643	44.70237784674034	45.53706741333008	15167	2024/07/05 
2024/07/08 	44.79511808155616	45.76892430417782	44.79511808155616	45.72255325317383	10329	2024/07/08 
2024/07/09 	45.62981374162482	45.62981374162482	44.84149167826518	45.58344268798828	19022	2024/07/09 
2024/07/10 	45.676185607910156	45.676185607910156	45.676185607910156	45.676185607910156	10	2024/07/10 
2024/07/11 	45.72255858802381	45.72255858802381	44.60963554465129	45.490699768066406	3214	2024/07/11 
2024/07/12 	45.53706618852824	45.53706618852824	44.65600559269533	45.397953033447266	3037	2024/07/12 
2024/07/15 	45.444325307448295	45.53706741333008	44.37777340038497	45.53706741333008	21	2024/07/15 
2024/07/16 	45.30521160221245	45.583445013998485	45.30521160221245	45.44432830810547	21001	2024/07/16 
2024/07/17 	45.58344268798828	45.58344268798828	45.58344268798828	45.58344268798828	10	2024/07/17 
2024/07/18 	45.58344268798828	45.58344268798828	45.58344268798828	45.58344268798828	1010	2024/07/18 
2024/07/19 	45.58344268798828	45.58344268798828	45.58344268798828	45.58344268798828	10	2024/07/19 
2024/07/22 	45.583442607503514	45.583442607503514	43.543084410136785	43.68219757080078	40289	2024/07/22 
2024/07/23 	43.543082922658634	44.656005859375	43.543082922658634	44.656005859375	9164	2024/07/23 
2024/07/26 	43.4967140518465	43.4967140518465	43.125738541710184	43.35759735107422	13010	2024/07/26 
2024/07/29 	43.45033864485752	43.45033864485752	41.73458490289244	43.264854431152344	26212	2024/07/29 
2024/07/30 	42.244672368281904	42.4301601146112	41.688212667178504	42.3837890625	26065	2024/07/30 
2024/07/31 	42.33741911517961	42.33741911517961	41.73458480834961	41.73458480834961	15138	2024/07/31 
2024/08/01 	41.87370150619794	41.966443612840436	41.59546811050127	41.73458480834961	10152	2024/08/01 
2024/08/02 	41.92007255951919	41.92007255951919	41.40998389721628	41.73458480834961	4059	2024/08/02 
2024/08/05 	41.40998281577984	41.40998281577984	36.958291055505725	38.95227813720703	41467	2024/08/05 
2024/08/06 	39.045020647634935	39.369625091552734	38.76679079419434	39.369625091552734	9172	2024/08/06 
2024/08/07 	39.369625091552734	39.369625091552734	38.81316184678702	39.369625091552734	5011	2024/08/07 
2024/08/08 	38.02484130859375	38.02484130859375	37.79298252012671	38.02484130859375	17098	2024/08/08 
2024/08/09 	39.36962298927942	39.41599403939596	37.88572462035979	38.02484130859375	6511	2024/08/09 
2024/08/12 	39.36962709558247	39.97245788574219	39.36962709558247	39.97245788574219	27716	2024/08/12 
2024/08/13 	39.833344612943115	39.97245777742545	39.55511474609375	39.55511474609375	8001	2024/08/13 
2024/08/14 	39.97245475649575	40.018829345703125	38.34944319500186	40.018829345703125	3011	2024/08/14 
2024/08/15 	40.018829345703125	40.111571448349	40.018829345703125	40.018829345703125	12100	2024/08/15 
2024/08/16 	40.25069131348101	41.87370300292969	40.25069131348101	41.87370300292969	14001	2024/08/16 
2024/08/19 	41.96644422323889	41.96644422323889	40.01883165234188	40.25069046020508	6010	2024/08/19 
2024/08/20 	39.926086019831544	40.06520271974989	39.87971496582031	39.87971496582031	14600	2024/08/20 
2024/08/21 	39.87971577583599	40.1115745884862	39.83334472088289	39.97245788574219	19400	2024/08/21 
2024/08/22 	39.926087913843574	40.06520462036133	39.926087913843574	40.06520462036133	4501	2024/08/22 
2024/08/23 	40.06520014072763	40.76077651977539	40.06520014072763	40.76077651977539	2020	2024/08/23 
2024/08/26 	40.992637634277344	40.992637634277344	40.992637634277344	40.992637634277344	2010	2024/08/26 
2024/08/27 	40.853519846526304	41.4099830891767	40.853519846526304	41.27086639404297	12120	2024/08/27 
2024/08/28 	41.50272630022271	41.50272630022271	40.853520935435604	40.992637634277344	2132	2024/08/28 
2024/08/29 	41.13174929228159	41.22449493408203	40.20431410158406	41.22449493408203	345	2024/08/29 
2024/08/30 	40.48255242166209	41.22449995704517	40.06520582742008	40.20431900024414	31170	2024/08/30 
2024/09/02 	41.08537673950195	41.08537673950195	41.08537673950195	41.08537673950195	10	2024/09/02 
2024/09/03 	41.17812612412259	41.17812612412259	39.92608642578125	39.92608642578125	1010	2024/09/03 
2024/09/04 	39.78697630816987	40.06520619425034	39.462371826171875	39.462371826171875	25618	2024/09/04 
2024/09/05 	39.879715354230854	40.297061920166016	39.879715354230854	40.297061920166016	3010	2024/09/05 
2024/09/06 	40.34343338012695	40.34343338012695	40.34343338012695	40.34343338012695	10	2024/09/06 
2024/09/09 	40.62166213989258	40.62166213989258	40.62166213989258	40.62166213989258	10	2024/09/09 
2024/09/10 	40.714406689989346	40.8998908996582	40.714406689989346	40.8998908996582	3050	2024/09/10 
2024/09/11 	40.8998908996582	40.8998908996582	40.8998908996582	40.8998908996582	50	2024/09/11 
2024/09/12 	40.89989539361643	40.94626998901367	40.89989539361643	40.94626998901367	3050	2024/09/12 
2024/09/13 	40.94626998901367	40.94626998901367	40.94626998901367	40.94626998901367	1025	2024/09/13 
2024/09/16 	40.94626998901367	40.94626998901367	40.94626998901367	40.94626998901367	1025	2024/09/16 
2024/09/18 	40.946268499795806	40.946268499795806	40.807151794433594	40.807151794433594	9020	2024/09/18 
2024/09/19 	41.08537673950195	41.08537673950195	41.08537673950195	41.08537673950195	50	2024/09/19 
2024/09/20 	41.13174778976603	41.13174778976603	40.946263588709726	41.08537673950195	9035	2024/09/20 
2024/09/23 	41.27086639404297	41.27086639404297	40.0188302893775	41.27086639404297	5400	2024/09/23 
2024/09/24 	41.27086680113011	41.317237854003906	40.668032500117086	41.317237854003906	15097	2024/09/24 
2024/09/25 	41.317238260634674	41.363609313964844	41.317238260634674	41.363609313964844	50	2024/09/25 
2024/09/26 	41.363609313964844	41.363609313964844	40.66803290035859	41.363609313964844	5265	2024/09/26 
2024/09/27 	41.363609313964844	41.363609313964844	40.66803290035859	41.363609313964844	92	2024/09/27 
2024/09/30 	41.363609313964844	41.363609313964844	40.57529079369826	41.363609313964844	1241	2024/09/30 
2024/10/01 	41.363609197987905	41.363609197987905	40.57529067993164	40.57529067993164	7020	2024/10/01 
2024/10/04 	40.71440930361513	40.71440930361513	40.38980484008789	40.38980484008789	18	2024/10/04 
2024/10/07 	40.7144085035261	40.7144085035261	39.92608642578125	39.92608642578125	1516	2024/10/07 
2024/10/08 	40.71440887451172	40.71440887451172	40.71440887451172	40.71440887451172	10	2024/10/08 
2024/10/09 	40.71440819186592	40.71440819186592	39.60148520337659	40.668033599853516	9633	2024/10/09 
2024/10/11 	39.647856257504344	40.668033599853516	39.647856257504344	40.668033599853516	2601	2024/10/11 
2024/10/14 	40.66803238147877	40.66803238147877	39.091395361061764	40.15794372558594	9003	2024/10/14 
2024/10/15 	40.43617248535156	40.43617248535156	40.43617248535156	40.43617248535156	10	2024/10/15 
2024/10/16 	39.833343911809074	40.57529138964276	39.833343911809074	39.87971496582031	3018	2024/10/16 
2024/10/17 	40.25069046020508	40.25069046020508	40.25069046020508	40.25069046020508	10	2024/10/17 
2024/10/18 	40.01883476981206	40.20431900024414	39.27688369654407	40.20431900024414	2101	2024/10/18 
2024/10/21 	39.74059677171397	40.111572265625	39.74059677171397	40.111572265625	17180	2024/10/21 
2024/10/22 	40.20431900024414	40.20431900024414	40.20431900024414	40.20431900024414	10	2024/10/22 
2024/10/23 	40.25069086570315	40.297061920166016	39.92608640869372	40.297061920166016	6011	2024/10/23 
2024/10/24 	39.50873715133789	40.389801277651095	39.276878356933594	39.276878356933594	11253	2024/10/24 
2024/10/25 	40.38980484008789	40.38980484008789	40.38980484008789	40.38980484008789	610	2024/10/25 
2024/10/28 	40.43617248535156	40.43617248535156	40.43617248535156	40.43617248535156	10	2024/10/28 
2024/10/29 	40.482547760009766	40.482547760009766	39.09139496465389	40.482547760009766	3076	2024/10/29 
2024/10/30 	40.43617248535156	40.43617248535156	40.43617248535156	40.43617248535156	10	2024/10/30 
2024/11/01 	40.3898044350559	40.3898044350559	39.091397207621725	40.34343338012695	8015	2024/11/01 
2024/11/04 	40.38980484008789	40.38980484008789	40.38980484008789	40.38980484008789	10	2024/11/04 
2024/11/05 	40.38980484008789	40.38980484008789	40.38980484008789	40.38980484008789	10	2024/11/05 
2024/11/06 	40.38980484008789	40.38980484008789	40.38980484008789	40.38980484008789	10	2024/11/06 
2024/11/07 	40.43617248535156	40.43617248535156	40.43617248535156	40.43617248535156	10	2024/11/07 
2024/11/08 	40.43617303204207	40.43617303204207	38.859536032986526	38.95227813720703	7011	2024/11/08 
2024/11/11 	38.720420913154115	40.25069046020508	38.720420913154115	40.25069046020508	9052	2024/11/11 
2024/11/12 	40.38980484008789	40.38980484008789	40.38980484008789	40.38980484008789	1	2024/11/12 
2024/11/13 	40.38980484008789	40.38980484008789	40.38980484008789	40.38980484008789	0	2024/11/13 
2024/11/14 	38.813164191499915	40.38980484008789	38.813164191499915	40.38980484008789	1001	2024/11/14 
2024/11/15 	40.018829345703125	40.018829345703125	38.81316078400011	40.018829345703125	8012	2024/11/15 
2024/11/18 	38.81316487535593	40.06520462036133	38.81316487535593	40.06520462036133	15505	2024/11/18 
2024/11/19 	40.111572265625	40.111572265625	40.111572265625	40.111572265625	10	2024/11/19 
2024/11/20 	40.111572265625	40.111572265625	40.111572265625	40.111572265625	0	2024/11/20 
2024/11/21 	40.297061920166016	40.297061920166016	40.297061920166016	40.297061920166016	10	2024/11/21 
2024/11/22 	40.297061920166016	40.297061920166016	40.297061920166016	40.297061920166016	10	2024/11/22 
2024/11/25 	40.34343338012695	40.34343338012695	38.998651559879114	40.34343338012695	1011	2024/11/25 
2024/11/26 	38.998650775013026	40.25069046020508	38.998650775013026	40.25069046020508	2000	2024/11/26 
2024/11/27 	40.25069046020508	40.25069046020508	40.25069046020508	40.25069046020508	1	2024/11/27 
2024/11/28 	40.297061920166016	40.297061920166016	40.297061920166016	40.297061920166016	1000	2024/11/28 
2024/11/29 	40.34343338012695	40.34343338012695	40.34343338012695	40.34343338012695	1	2024/11/29 
2024/12/02 	40.34343259546101	40.34343259546101	38.99865080136871	39.50873947143555	6151	2024/12/02 
2024/12/03 	39.50873947143555	39.50873947143555	39.50873947143555	39.50873947143555	0	2024/12/03 
2024/12/04 	39.27688063687194	40.25069046020508	39.27688063687194	40.25069046020508	1011	2024/12/04 
2024/12/05 	40.25069238309007	40.25069238309007	39.27688251323538	40.06520462036133	6011	2024/12/05 
2024/12/06 	40.25069046020508	40.25069046020508	40.25069046020508	40.25069046020508	125	2024/12/06 
2024/12/09 	40.20431900024414	40.20431900024414	40.20431900024414	40.20431900024414	1000	2024/12/09 
2024/12/10 	40.34343338012695	40.34343338012695	40.34343338012695	40.34343338012695	2000	2024/12/10 
2024/12/11 	40.34343338012695	40.34343338012695	40.34343338012695	40.34343338012695	126	2024/12/11 
2024/12/12 	40.34343338012695	40.34343338012695	40.34343338012695	40.34343338012695	2050	2024/12/12 
2024/12/13 	39.415995462649256	40.389801701796635	39.415995462649256	39.6942253112793	3501	2024/12/13 
2024/12/16 	40.38980484008789	40.38980484008789	40.38980484008789	40.38980484008789	80	2024/12/16 
2024/12/17 	40.38980484008789	40.38980484008789	39.32325641448775	40.38980484008789	5020	2024/12/17 
2024/12/18 	40.43617248535156	40.43617248535156	40.43617248535156	40.43617248535156	10	2024/12/18 
2024/12/19 	40.43617248535156	40.43617248535156	40.43617248535156	40.43617248535156	5010	2024/12/19 
2024/12/20 	40.20431778899428	40.20431778899428	40.06520462036133	40.06520462036133	5010	2024/12/20 
2024/12/23 	40.43617248535156	40.43617248535156	40.43617248535156	40.43617248535156	200	2024/12/23 
2024/12/24 	40.57528917768598	40.6216602291693	40.343430382384916	40.43617248535156	8333	2024/12/24 
2024/12/25 	40.71440887451172	40.71440887451172	40.71440887451172	40.71440887451172	10	2024/12/25 
2024/12/26 	40.89989539361643	40.94626998901367	40.89989539361643	40.94626998901367	4690	2024/12/26 
2024/12/27 	40.992637634277344	40.992637634277344	40.992637634277344	40.992637634277344	1010	2024/12/27 
2024/12/30 	40.64188326310412	40.7841550185568	40.262497945432024	40.40476608276367	25000	2024/12/30 
2024/12/31 	41.68519973754883	41.68519973754883	41.68519973754883	41.68519973754883	10	2024/12/31 
2025/01/02 	41.68519973754883	41.68519973754883	41.68519973754883	41.68519973754883	10	2025/01/02 
2025/01/03 	41.68519973754883	41.68519973754883	41.68519973754883	41.68519973754883	10	2025/01/03 
2025/01/06 	41.68519973754883	41.68519973754883	41.68519973754883	41.68519973754883	10	2025/01/06 
2025/01/07 	41.68519973754883	41.68519973754883	41.68519973754883	41.68519973754883	10	2025/01/07 
2025/01/08 	41.68519973754883	41.68519973754883	41.68519973754883	41.68519973754883	10	2025/01/08 
2025/01/09 	40.26249669953092	41.68519973754883	40.26249669953092	41.68519973754883	1001	2025/01/09 
2025/01/10 	41.73262405395508	41.73262405395508	41.73262405395508	41.73262405395508	1000	2025/01/10 
2025/01/13 	41.73262405395508	41.73262405395508	41.73262405395508	41.73262405395508	10	2025/01/13 
2025/01/14 	41.73262405395508	41.73262405395508	41.73262405395508	41.73262405395508	10	2025/01/14 
2025/01/15 	41.73262244852524	41.73262244852524	41.68519973754883	41.68519973754883	3010	2025/01/15 
2025/01/16 	41.73262405395508	41.73262405395508	41.73262405395508	41.73262405395508	1010	2025/01/16 
2025/01/17 	41.73262244852524	41.73262244852524	41.40065985356943	41.68519973754883	3029	2025/01/17 
2025/01/20 	41.73262405395508	41.73262405395508	41.73262405395508	41.73262405395508	10	2025/01/20 
2025/01/21 	41.73262405395508	41.73262405395508	41.73262405395508	41.73262405395508	10	2025/01/21 
2025/01/22 	41.73262405395508	41.73262405395508	41.73262405395508	41.73262405395508	114	2025/01/22 
2025/02/03 	40.90597151153031	40.90597151153031	39.418482296223964	39.97629165649414	6703	2025/02/03 
2025/02/04 	39.836838072415226	40.81300354003906	39.836838072415226	40.81300354003906	2582	2025/02/04 
2025/02/05 	40.64188343948971	40.784155195559855	39.83568647008172	40.736732482910156	8031	2025/02/05 
2025/02/06 	40.784156799316406	40.784156799316406	40.784156799316406	40.784156799316406	1010	2025/02/06 
2025/02/07 	40.784155195559855	40.784155195559855	39.83568647008172	40.736732482910156	4386	2025/02/07 
2025/02/10 	39.69341627487691	40.784156799316406	39.69341627487691	40.784156799316406	3200	2025/02/10 
2025/02/11 	40.7841550591533	40.7841550591533	39.59856915627093	39.740840911865234	24810	2025/02/11 
2025/02/12 	40.59446235753123	40.64188507208591	38.74494754492911	40.45219421386719	23771	2025/02/12 
2025/02/13 	39.88310601979298	39.88310601979298	38.55525208030197	38.88721466064453	18850	2025/02/13 
2025/02/14 	38.55525207519531	39.64598885197695	37.84390058759482	38.55525207519531	59049	2025/02/14 
2025/02/17 	37.79647641348806	38.83979415893555	37.65420827873679	38.83979415893555	42678	2025/02/17 
2025/02/18 	38.887216091156006	38.887216091156006	37.70163023471832	37.93874740600586	40226	2025/02/18 
2025/02/19 	37.938747413173544	38.03359283445812	37.46451307050888	37.60678482055664	35301	2025/02/19 
2025/02/20 	37.654208709842266	38.08102035522461	37.55935966746785	38.08102035522461	40000	2025/02/20 
2025/02/21 	38.8872168705193	38.8872168705193	37.417091102697036	38.83979415893555	34145	2025/02/21 
2025/02/24 	38.8872168705193	38.8872168705193	38.128442630816295	38.83979415893555	5025	2025/02/24 
2025/02/25 	38.08101794431708	38.555252271802374	37.085122962101345	37.46451187133789	6756	2025/02/25 
2025/02/26 	38.55525207519531	38.55525207519531	38.55525207519531	38.55525207519531	285	2025/02/26 
2025/02/27 	38.55525247757241	38.55525247757241	38.128440856933594	38.128440856933594	2280	2025/02/27 
2025/03/03 	38.12844347844718	38.31813794712026	37.98617172241211	37.98617172241211	4300	2025/03/03 
2025/03/04 	37.79647445678711	38.175863366058366	37.13254929274359	37.79647445678711	12918	2025/03/04 
2025/03/05 	38.460405670359236	38.460405670359236	38.08102035522461	38.08102035522461	160	2025/03/05 
2025/03/06 	38.17586296641656	38.65009728898074	37.93874580513447	38.22328567504883	18595	2025/03/06 
2025/03/07 	38.65009689331055	38.65009689331055	38.65009689331055	38.65009689331055	10	2025/03/07 
2025/03/10 	38.50782838248594	38.69752284911376	38.08102035522461	38.08102035522461	8120	2025/03/10 
2025/03/11 	38.79237024807299	38.79237024807299	37.32224090757928	38.6975212097168	6124	2025/03/11 
2025/03/12 	38.83979415893555	38.83979415893555	38.83979415893555	38.83979415893555	10	2025/03/12 
2025/03/13 	38.88721466064453	38.88721466064453	38.88721466064453	38.88721466064453	1610	2025/03/13 
2025/03/14 	38.88721466064453	38.88721466064453	38.88721466064453	38.88721466064453	17	2025/03/14 
2025/03/17 	38.88721731574158	38.88721731574158	37.93874860072349	38.08102035522461	15120	2025/03/17 
2025/03/18 	38.83979415893555	38.83979415893555	38.83979415893555	38.83979415893555	10	2025/03/18 
2025/03/19 	38.792369242866876	38.88721466064453	38.792369242866876	38.88721466064453	1410	2025/03/19 
2025/03/20 	38.79237066988935	38.83979338052268	37.93874740600586	37.93874740600586	27235	2025/03/20 
2025/03/21 	38.83979415893555	38.83979415893555	38.83979415893555	38.83979415893555	1010	2025/03/21 
2025/03/24 	38.88721466064453	38.88721466064453	38.88721466064453	38.88721466064453	10	2025/03/24 
2025/03/25 	37.32223973175382	38.934637151802455	37.179971605882926	37.89132308959961	47660	2025/03/25 
2025/03/26 	37.93874740600586	38.93463880178933	37.27481860277658	37.93874740600586	26212	2025/03/26 
2025/03/27 	38.88721547829815	38.88721547829815	37.369667053222656	37.369667053222656	10076	2025/03/27 
2025/03/28 	38.8872168705193	38.8872168705193	37.36966839111328	38.83979415893555	5008	2025/03/28 
2025/03/31 	38.8872168705193	38.8872168705193	37.36966839111328	38.83979415893555	9012	2025/03/31 
2025/04/01 	37.36966684514735	38.839792552151195	37.36966684514735	38.7923698425293	19816	2025/04/01 
2025/04/02 	38.839792552151195	38.839792552151195	37.74905214024338	38.7923698425293	2038	2025/04/02 
2025/04/07 	37.22739794398828	37.22739794398828	33.57579475214487	34.476837158203125	66769	2025/04/07 
2025/04/08 	34.476834762730036	34.52426109080303	32.722169167654855	33.19640350341797	61976	2025/04/08 
2025/04/09 	32.48505079970126	33.338674019788414	32.15308822417887	32.39020538330078	51131	2025/04/09 
2025/04/10 	33.19640695232235	34.66653282230095	33.19640695232235	34.619110107421875	29885	2025/04/10 
2025/04/11 	33.43351966286747	33.57579140655349	33.33867424582394	33.3860969543457	13385	2025/04/11 
2025/04/14 	33.5757942199707	33.5757942199707	33.196405283764975	33.5757942199707	3260	2025/04/14 
2025/04/15 	33.575795786045816	33.95518112182617	33.575795786045816	33.95518112182617	6010	2025/04/15 
2025/04/16 	33.71806235745707	33.71806235745707	33.5757942199707	33.5757942199707	2010	2025/04/16 
2025/04/17 	33.9077574139414	33.95518012725975	33.81291198730469	33.81291198730469	6500	2025/04/17 
2025/04/18 	34.61910896808003	34.61910896808003	33.81291198730469	33.81291198730469	1030	2025/04/18 
2025/04/21 	35.093344530146446	35.093344530146446	34.287147521972656	34.287147521972656	308	2025/04/21 
2025/04/22 	35.04592013254515	35.04592013254515	34.00260236357203	34.903648376464844	701	2025/04/22 
2025/04/23 	35.23561477661133	35.23561477661133	34.8562258372567	35.23561477661133	3811	2025/04/23 
2025/04/24 	35.23561477661133	35.23561477661133	35.23561477661133	35.23561477661133	1010	2025/04/24 
2025/04/25 	35.235613579346605	35.377881713179676	35.09334182739258	35.09334182739258	16000	2025/04/25 
2025/04/28 	35.377882915278505	35.377882915278505	34.2397197153357	35.23561477661133	3380	2025/04/28 
2025/04/29 	35.37788110548108	35.37788110548108	35.18818664550781	35.18818664550781	11110	2025/04/29 
2025/04/30 	35.61499786376953	35.61499786376953	35.61499786376953	35.61499786376953	10	2025/04/30 
2025/05/02 	35.6624239787159	35.7098503112793	35.6624239787159	35.7098503112793	1010	2025/05/02 
2025/05/05 	35.56757736206055	35.56757736206055	35.56757736206055	35.56757736206055	3470	2025/05/05 
2025/05/06 	34.334568737133324	35.70984911875721	34.2871460242748	35.56757736206055	17073	2025/05/06 
2025/05/07 	35.61500007491908	35.70984911875721	35.425305605363874	35.56757736206055	12354	2025/05/07 
2025/05/08 	35.89953834181099	36.0418100920543	35.852115631103516	35.852115631103516	4010	2025/05/08 
2025/05/09 	36.04181170411655	36.04181170411655	35.899539947509766	35.899539947509766	2010	2025/05/09 
2025/05/12 	36.89543533325195	36.89543533325195	36.89543533325195	36.89543533325195	1010	2025/05/12 
2025/05/13 	36.18408350687682	36.65831787200956	35.23561477661133	35.23561477661133	2611	2025/05/13 
2025/05/14 	36.658316377042944	36.658316377042944	36.041810280263746	36.18408203125	8010	2025/05/14 
2025/05/15 	36.18408410337105	36.18408410337105	35.47273254394531	35.47273254394531	19	2025/05/15 
2025/05/16 	36.468624114990234	36.468624114990234	36.468624114990234	36.468624114990234	10	2025/05/16 
2025/05/19 	36.37377166748047	36.37377166748047	36.37377166748047	36.37377166748047	35	2025/05/19 
2025/05/20 	36.610892144529586	36.610892144529586	35.47273254394531	35.47273254394531	320	2025/05/20 
2025/05/21 	36.61088943481445	36.61088943481445	36.61088943481445	36.61088943481445	10	2025/05/21 
2025/05/22 	36.61088943481445	36.61088943481445	36.61088943481445	36.61088943481445	10	2025/05/22 
2025/05/23 	36.61088943481445	36.61088943481445	36.04180967664214	36.61088943481445	7209	2025/05/23 
2025/05/26 	36.61088943481445	36.61088943481445	36.61088943481445	36.61088943481445	10	2025/05/26 
2025/05/27 	35.425305605363874	35.56757736206055	35.23561475392974	35.56757736206055	13000	2025/05/27 
2025/05/28 	36.041812454405935	36.61089225643757	35.99438974059016	36.468624114990234	13010	2025/05/28 
2025/05/29 	36.70574113236355	36.75316384595992	36.04181228765101	36.13665771484375	6237	2025/05/29 
2025/06/02 	35.23561475392974	35.70984911875721	35.14076571009161	35.56757736206055	6786	2025/06/02 
2025/06/03 	36.089234439746555	36.13665715260509	35.14076571009161	35.56757736206055	2111	2025/06/03 
2025/06/04 	36.1366575986036	36.1366575986036	35.14076614379883	35.14076614379883	1010	2025/06/04 
2025/06/05 	36.13665771484375	36.13665771484375	35.14076625683551	36.13665771484375	6511	2025/06/05 
2025/06/06 	36.13665771484375	36.13665771484375	36.13665771484375	36.13665771484375	10	2025/06/06 
2025/06/09 	36.13665771484375	36.13665771484375	35.09334354323914	36.13665771484375	1011	2025/06/09 
2025/06/10 	36.1366575986036	36.1366575986036	35.14076614379883	35.14076614379883	2010	2025/06/10 
2025/06/11 	36.1366575986036	36.1366575986036	35.14076614379883	35.14076614379883	5210	2025/06/11 
2025/06/12 	35.994389458272124	35.994389458272124	35.14076614379883	35.14076614379883	130	2025/06/12 
2025/06/13 	36.13665771484375	36.13665771484375	36.13665771484375	36.13665771484375	10	2025/06/13 
2025/06/16 	36.13665570217397	36.18408203125	36.13665570217397	36.18408203125	3000	2025/06/16 
2025/06/17 	36.23150634765625	36.23150634765625	36.089234590365805	36.23150634765625	4500	2025/06/17 
2025/06/18 	36.51604461669922	36.51604461669922	35.472730503470466	36.51604461669922	13415	2025/06/18 
2025/06/19 	36.37377448682561	36.37377448682561	36.23150634765625	36.23150634765625	1670	2025/06/19 
2025/06/20 	36.51604461669922	36.51604461669922	36.51604461669922	36.51604461669922	30	2025/06/20 
2025/06/23 	36.56346893310547	36.56346893310547	36.56346893310547	36.56346893310547	10	2025/06/23 
2025/06/24 	36.65831756591797	36.65831756591797	36.65831756591797	36.65831756591797	10	2025/06/24 
2025/06/25 	36.70573806762695	36.70573806762695	35.66242036501278	36.70573806762695	1321	2025/06/25 
2025/06/26 	36.99028015136719	36.99028015136719	36.04181142953726	36.99028015136719	1037	2025/06/26 
2025/06/27 	36.99027913949384	37.55935890977614	36.99027913949384	37.17997360229492	9888	2025/06/27 
2025/06/30 	38.834579272332135	39.02923583984375	37.95860986718574	39.02923583984375	10010	2025/06/30 
2025/07/01 	39.02923583984375	39.02923583984375	38.688583133862394	39.02923583984375	7290	2025/07/01 
2025/07/02 	39.66188049316406	39.66188049316406	39.66188049316406	39.66188049316406	10	2025/07/02 
2025/07/03 	39.029235746728105	39.75920901166319	39.029235746728105	39.22389602661133	8435	2025/07/03 
2025/07/04 	39.80787711130097	39.80787711130097	38.883243560791016	38.883243560791016	4110	2025/07/04 
2025/07/07 	38.88324380117024	38.88324380117024	38.44525909423828	38.44525909423828	4150	2025/07/07 
2025/07/08 	38.10460667570498	38.59125552871354	37.95861053466797	37.95861053466797	26000	2025/07/08 
2025/07/09 	38.347930908203125	38.347930908203125	38.347930908203125	38.347930908203125	10	2025/07/09 
2025/07/10 	37.9099465876996	38.1532710154604	37.42329773217801	37.56929016113281	8400	2025/07/10 
2025/07/11 	38.10460662841797	38.10460662841797	38.10460662841797	38.10460662841797	10	2025/07/11 
2025/07/14 	38.29926344441521	38.29926344441521	37.37463358919307	37.56929016113281	8010	2025/07/14 
2025/07/15 	38.10460662841797	38.10460662841797	38.10460662841797	38.10460662841797	10	2025/07/15 
2025/07/16 	38.3965950012207	38.3965950012207	38.3965950012207	38.3965950012207	10	2025/07/16 
2025/07/17 	38.3965950012207	38.3965950012207	38.3965950012207	38.3965950012207	10	2025/07/17 
2025/07/18 	37.03397706864391	38.10460677577612	37.03397706864391	37.86128234863281	30757	2025/07/18 
2025/07/21 	37.61795772440865	38.055938720703125	37.03397687462253	38.055938720703125	14595	2025/07/21 
2025/07/22 	38.055938720703125	38.055938720703125	38.055938720703125	38.055938720703125	10	2025/07/22 
2025/07/23 	38.10460677358308	38.10460677358308	37.76395034790039	37.76395034790039	1010	2025/07/23 
2025/07/24 	38.10460677358308	38.10460677358308	36.98531292365385	37.76395034790039	12010	2025/07/24 
2025/07/25 	38.10460662841797	38.10460662841797	38.10460662841797	38.10460662841797	1010	2025/07/25 
2025/07/28 	38.10460662841797	38.29926319911095	37.95861048756214	38.10460662841797	21085	2025/07/28 
2025/07/29 	38.347930908203125	38.347930908203125	37.131308781836736	38.347930908203125	4000	2025/07/29 
2025/07/30 	37.86128224920069	38.10460667570498	37.86128224920069	37.95861053466797	10085	2025/07/30 
2025/07/31 	37.2773017381698	37.47196202371737	37.2773017381698	37.325965881347656	3000	2025/07/31 
2025/08/04 	38.10460662841797	38.10460662841797	38.10460662841797	38.10460662841797	1010	2025/08/04 
2025/08/05 	38.10460667570498	38.10460667570498	37.61795782269641	37.95861053466797	3210	2025/08/05 
2025/08/06 	37.617957919324475	37.76395034790039	37.617957919324475	37.76395034790039	2000	2025/08/06 
2025/08/07 	38.055938720703125	38.055938720703125	38.055938720703125	38.055938720703125	10	2025/08/07 
2025/08/08 	37.71528620504176	38.10460677358308	37.71528620504176	37.76395034790039	4800	2025/08/08 
2025/08/11 	38.49392318725586	38.49392318725586	37.81261405655018	38.49392318725586	12014	2025/08/11 
2025/08/12 	37.666621965430046	38.396595244942894	37.52062582439304	37.95861053466797	40000	2025/08/12 
2025/08/13 	38.34793110220926	38.59125552871354	37.95861053466797	37.95861053466797	16150	2025/08/13 
2025/08/14 	37.90994610258193	38.591255234160954	37.90994610258193	38.44525909423828	5000	2025/08/14 
2025/08/15 	37.958610244944126	38.591255234160954	37.90994610258193	38.44525909423828	118580	2025/08/15 
2025/08/18 	39.22389685897492	39.22389685897492	37.81261444091797	37.81261444091797	2510	2025/08/18 
2025/08/19 	37.81261473879853	37.95861088116825	37.325965881347656	37.325965881347656	37050	2025/08/19 
2025/08/20 	37.471961827431954	37.71528625488281	37.325965685827	37.71528625488281	10000	2025/08/20 
2025/08/21 	38.3479316074714	38.3479316074714	36.49866445653897	37.17997360229492	15060	2025/08/21 
2025/08/22 	37.17997360229492	37.17997360229492	37.17997360229492	37.17997360229492	0	2025/08/22 
2025/08/25 	36.59599284180838	36.985313415527344	36.450000411290894	36.985313415527344	38930	2025/08/25 
2025/08/26 	36.304004618177316	36.45000076293945	36.15801218625137	36.45000076293945	16170	2025/08/26 
2025/08/27 	36.35266907221299	36.401336929439594	35.47670333467743	35.86602020263672	34520	2025/08/27 
2025/08/28 	36.304005191220476	36.304005191220476	35.47670359207295	35.525367736816406	42886	2025/08/28 
2025/08/29 	36.15801244218223	36.15801244218223	35.81735600627144	36.01201629638672	13100	2025/08/29 
2025/09/01 	36.304004926929665	36.304004926929665	35.33070718780106	35.96335220336914	24075	2025/09/01 
2025/09/02 	35.18471521898225	35.37937179910796	35.03871907105169	35.23337936401367	33210	2025/09/02 
2025/09/03 	35.81735653227208	35.81735653227208	34.89272292527283	35.13604736328125	2570	2025/09/03 
2025/09/04 	35.86602078379656	35.86602078379656	34.64939859014218	35.038719177246094	23370	2025/09/04 
2025/09/05 	35.18471532561913	35.18471532561913	35.038719177246094	35.038719177246094	5650	2025/09/05 
2025/09/08 	35.18471553938721	35.18471553938721	34.74673080444336	34.74673080444336	1050	2025/09/08 
2025/09/09 	35.23337936401367	35.23337936401367	35.23337936401367	35.23337936401367	90	2025/09/09 
2025/09/10 	35.23337936401367	35.23337936401367	35.03871907105169	35.23337936401367	5460	2025/09/10 
2025/09/11 	35.18471559583415	35.18471559583415	34.60073471069336	34.60073471069336	3430	2025/09/11 
2025/09/12 	35.13604736328125	35.13604736328125	35.13604736328125	35.13604736328125	530	2025/09/12 
2025/09/15 	34.5520705127532	34.64939880371094	34.454742221795456	34.64939880371094	11210	2025/09/15 
2025/09/16 	34.21141475389289	34.35740717740933	33.481441497802734	33.481441497802734	59845	2025/09/16 
2025/09/17 	34.065418710420424	34.065418710420424	33.043456891675014	33.286781311035156	29160	2025/09/17 
2025/09/18 	34.649395267106144	34.649395267106144	34.26007843017578	34.26007843017578	82	2025/09/18 
2025/09/19 	34.26007843017578	34.26007843017578	34.26007843017578	34.26007843017578	34	2025/09/19 
2025/09/22 	34.2114143371582	34.2114143371582	34.2114143371582	34.2114143371582	26	2025/09/22 
2025/09/23 	34.26007843017578	34.26007843017578	34.26007843017578	34.26007843017578	10	2025/09/23 
2025/09/24 	34.21141475389289	34.260078895065035	32.9947926604093	33.481441497802734	8173	2025/09/24 
2025/09/25 	33.724765586872195	33.9194221496582	32.946124484384384	33.9194221496582	34874	2025/09/25 
2025/09/26 	32.94612507907491	33.09212121663565	32.50814409206472	32.8974609375	18610	2025/09/26 
2025/09/30 	32.94612503051758	32.94612503051758	32.94612503051758	32.94612503051758	300	2025/09/30 
2025/10/01 	32.89746089388283	33.04345703125	32.89746089388283	33.04345703125	4085	2025/10/01 
2025/10/02 	33.04345703125	33.04345703125	33.04345703125	33.04345703125	6384	2025/10/02 
2025/10/03 	33.28678140285988	33.28678140285988	33.09212112426758	33.09212112426758	2100	2025/10/03 
2025/10/07 	33.578770107693146	33.578770107693146	32.84879684448242	32.84879684448242	9168	2025/10/07 
2025/10/08 	33.04345712390582	33.04345712390582	32.84879684448242	32.84879684448242	1115	2025/10/08 
2025/10/09 	33.04345703125	33.04345703125	32.994792889739614	33.04345703125	2187	2025/10/09 
2025/10/13 	33.04345726708876	33.04345726708876	32.605472564697266	32.605472564697266	6010	2025/10/13 
2025/10/14 	32.994793170626735	33.0434573125514	32.459476470947266	32.459476470947266	2050	2025/10/14 
2025/10/15 	33.043457610729774	33.043457610729774	32.070159912109375	32.070159912109375	6082	2025/10/15 
2025/10/16 	33.04345703125	33.04345703125	33.04345703125	33.04345703125	1060	2025/10/16 
2025/10/17 	33.04345736241314	33.04345736241314	32.11882381310503	32.41081237792969	7020	2025/10/17 
2025/10/20 	32.8974609375	32.8974609375	32.8974609375	32.8974609375	10	2025/10/20 
2025/10/21 	32.994793516092095	32.994793516092095	31.924163818359375	31.924163818359375	2010	2025/10/21 
2025/10/22 	32.99479312523105	32.99479312523105	32.41081228443037	32.605472564697266	30010	2025/10/22 
2025/10/23 	33.043457512900815	33.043457512900815	32.26482009887695	32.26482009887695	5510	2025/10/23 
2025/10/27 	32.99479336713527	32.99479336713527	32.02149567150103	32.16748809814453	33215	2025/10/27 
2025/10/28 	31.972827914545693	32.11882405447318	31.924163772181885	32.070159912109375	26865	2025/10/28 
2025/10/29 	32.11882410093224	32.11882410093224	31.77817139105678	31.924163818359375	22292	2025/10/29 
2025/10/30 	31.924163818359375	31.924163818359375	31.924163818359375	31.924163818359375	2020	2025/10/30 
2025/10/31 	32.313484383505106	32.313484383505106	31.72950353578651	31.924163818359375	10025	2025/10/31 
2025/11/03 	32.11882400512695	32.11882400512695	32.11882400512695	32.11882400512695	1612	2025/11/03 
2025/11/04 	32.1188246011734	32.1188246011734	30.950866600381687	31.145526885986328	27574	2025/11/04 
2025/11/05 	30.658877836209623	31.534847259521484	30.658877836209623	31.534847259521484	6020	2025/11/05 
2025/11/06 	31.6321754953493	31.6321754953493	31.583511352539062	31.583511352539062	22	2025/11/06 
2025/11/07 	31.583511352539062	31.583511352539062	31.583511352539062	31.583511352539062	4160	2025/11/07 
2025/11/10 	31.72950444330741	31.778172299969672	30.464218139648438	30.464218139648438	21044	2025/11/10 
2025/11/11 	30.51288424199815	31.826836550298186	30.269559809217334	30.36688995361328	46271	2025/11/11 
2025/11/12 	30.41555394537803	30.561548233032227	30.36688980163266	30.561548233032227	21100	2025/11/12 
2025/11/13 	30.610214233195684	30.610214233195684	30.318223801469202	30.561548233032227	10020	2025/11/13 
2025/11/14 	30.610214233195684	30.610214233195684	30.561548233032227	30.561548233032227	348	2025/11/14 
2025/11/17 	30.51288429354439	30.561548437615524	30.17222971579215	30.22089385986328	35277	2025/11/17 
2025/11/18 	30.07489957123178	30.22089385986328	30.07489957123178	30.22089385986328	2100	2025/11/18 
2025/11/19 	30.172229766845703	30.172229766845703	30.172229766845703	30.172229766845703	1015	2025/11/19 
2025/11/20 	30.17222997380285	30.17222997380285	29.004271941927104	29.88024139404297	76157	2025/11/20 
2025/11/21 	30.22089385986328	30.22089385986328	30.22089385986328	30.22089385986328	10	2025/11/21 
2025/11/24 	30.269558572119784	30.269558572119784	29.198930740356445	29.198930740356445	19112	2025/11/24 
2025/11/25 	29.68558120727539	29.68558120727539	29.68558120727539	29.68558120727539	3010	2025/11/25 
2025/11/26 	30.36688995361328	30.36688995361328	30.36688995361328	30.36688995361328	12	2025/11/26 
2025/11/27 	30.269559860229492	30.269559860229492	30.269559860229492	30.269559860229492	1	2025/11/27 
2025/11/28 	30.26955991157076	30.26955991157076	28.809613309949196	30.172229766845703	38221	2025/11/28 
2025/12/01 	30.172229766845703	30.172229766845703	30.172229766845703	30.172229766845703	10	2025/12/01 
2025/12/02 	30.22089385986328	30.22089385986328	30.22089385986328	30.22089385986328	10	2025/12/02 
2025/12/03 	30.22089385986328	30.22089385986328	29.052937694393158	30.22089385986328	1040	2025/12/03 
2025/12/04 	30.22089385986328	30.22089385986328	30.22089385986328	30.22089385986328	10	2025/12/04 
2025/12/05 	30.26955991157076	30.464218344602774	30.172229766845703	30.172229766845703	174000	2025/12/05 
2025/12/08 	30.172229766845703	30.172229766845703	29.05293774355279	30.172229766845703	2025	2025/12/08 
2025/12/09 	30.17222858076336	30.17222858076336	28.95560646057129	28.95560646057129	18019	2025/12/09 
2025/12/10 	30.123565673828125	30.123565673828125	30.123565673828125	30.123565673828125	266	2025/12/10 
2025/12/11 	30.1235654200297	30.464218139648438	30.1235654200297	30.464218139648438	12000	2025/12/11 
2025/12/12 	30.366889851996277	30.561548283718686	30.366889851996277	30.464218139648438	9011	2025/12/12 
2025/12/15 	31.534847259521484	31.534847259521484	30.756207978401836	31.534847259521484	5020	2025/12/15 
2025/12/16 	31.534847257392762	31.534847257392762	30.074898837444227	31.437515258789062	6220	2025/12/16 
2025/12/17 	31.534847763733797	31.534847763733797	30.658878326416016	30.658878326416016	2102	2025/12/17 
2025/12/18 	31.63217544555664	31.63217544555664	31.63217544555664	31.63217544555664	10	2025/12/18 
2025/12/19 	31.63217544555664	31.63217544555664	31.63217544555664	31.63217544555664	10	2025/12/19 
2025/12/22 	31.583511352539062	31.583511352539062	31.583511352539062	31.583511352539062	110	2025/12/22 
2025/12/23 	31.632175641980307	31.632175641980307	31.242855072021484	31.242855072021484	2190	2025/12/23 
2025/12/24 	31.63217544555664	31.63217544555664	30.123564743797314	31.63217544555664	83	2025/12/24 
2025/12/26 	31.24285409267761	33.04345703125	31.145525809656835	33.04345703125	18200	2025/12/26 
2025/12/29 	33.14078489436931	33.67609786987305	32.89746047706434	33.67609786987305	20130	2025/12/29 
2025/12/30 	33.48144158909047	33.48144158909047	32.118823355539256	33.286781311035156	44360	2025/12/30 
2025/12/31 	33.57876978014703	33.8707583400159	33.43277364379461	33.481441497802734	15184	2025/12/31 
2026/01/02 	34.79539494991794	34.892723240867106	34.162749920239456	34.74673080444336	11135	2026/01/02 
2026/01/05 	34.8927230808893	34.990055084228516	34.649398641795685	34.990055084228516	21200	2026/01/05 
2026/01/06 	34.99005492602026	35.23337936401367	34.8440587780897	35.23337936401367	14700	2026/01/06 
2026/01/07 	35.08738245461349	36.45000076293945	35.08738245461349	36.45000076293945	12323	2026/01/07 
2026/01/08 	37.45000076293945	39.0	37.0	37.150001525878906	53659	2026/01/08 
2026/01/09 	36.29999923706055	37.79999923706055	36.099998474121094	37.349998474121094	22130	2026/01/09 
2026/01/12 	37.349998474121094	49.650001525878906	37.349998474121094	49.099998474121094	786349	2026/01/12 
2026/01/13 	49.099998474121094	64.30000305175781	48.20000076293945	60.20000076293945	3304218	2026/01/13 
2026/01/14 	60.79999923706055	65.9000015258789	54.70000076293945	55.5	2150980	2026/01/14 
2026/01/15 	54.099998474121094	54.099998474121094	40.099998474121094	42.150001525878906	2220419	2026/01/15 
2026/01/16 	43.099998474121094	43.5	36.349998474121094	40.04999923706055	1108314	2026/01/16 
2026/01/19 	42.0	42.5	39.45000076293945	40.849998474121094	799250	2026/01/19 
2026/01/20 	41.0	41.0	37.150001525878906	37.400001525878906	624511	2026/01/20 
2026/01/21 	38.04999923706055	38.849998474121094	36.54999923706055	37.29999923706055	418901	2026/01/21 
2026/01/22 	37.29999923706055	39.0	36.900001525878906	38.29999923706055	258338	2026/01/22 
2026/01/23 	38.95000076293945	39.099998474121094	37.900001525878906	38.150001525878906	161355	2026/01/23 
2026/01/26 	38.95000076293945	39.0	36.20000076293945	36.20000076293945	219599	2026/01/26 
2026/01/27 	36.349998474121094	36.650001525878906	35.70000076293945	35.70000076293945	232133	2026/01/27 
2026/01/28 	36.0	38.0	35.70000076293945	36.849998474121094	192834	2026/01/28 
2026/01/29 	36.75	37.849998474121094	34.099998474121094	35.150001525878906	177205	2026/01/29 
2026/01/30 	35.0	35.04999923706055	34.75	34.75	10000	2026/01/30 
