Date	Open	High	Low	Close	Volume	Date
2022/10/19 	5.110000133514404	5.199999809265137	5.110000133514404	5.150000095367432	5000	2022/10/19 
2022/10/20 	5.090000152587891	5.400000095367432	5.090000152587891	5.400000095367432	28000	2022/10/20 
2022/10/21 	5.400000095367432	5.599999904632568	5.400000095367432	5.409999847412109	9000	2022/10/21 
2022/10/24 	5.400000095367432	5.5	5.400000095367432	5.5	10000	2022/10/24 
2022/10/25 	5.349999904632568	5.5	5.349999904632568	5.5	6000	2022/10/25 
2022/10/26 	5.349999904632568	5.400000095367432	5.349999904632568	5.400000095367432	6000	2022/10/26 
2022/10/27 	5.440000057220459	5.5	5.440000057220459	5.5	5000	2022/10/27 
2022/10/28 	5.5	5.5	5.5	5.5	2000	2022/10/28 
2022/10/31 	5.550000190734863	5.699999809265137	5.519999980926514	5.519999980926514	7000	2022/10/31 
2022/11/01 	5.5	5.699999809265137	5.5	5.539999961853027	16000	2022/11/01 
2022/11/02 	5.590000152587891	6.110000133514404	5.590000152587891	6.110000133514404	35000	2022/11/02 
2022/11/03 	6.150000095367432	6.199999809265137	6.110000133514404	6.199999809265137	4000	2022/11/03 
2022/11/04 	6.199999809265137	6.539999961853027	6.199999809265137	6.539999961853027	17000	2022/11/04 
2022/11/07 	6.619999885559082	7.840000152587891	6.619999885559082	7.840000152587891	109000	2022/11/07 
2022/11/08 	9.399999618530273	9.399999618530273	9.399999618530273	9.399999618530273	95000	2022/11/08 
2022/11/09 	9.399999618530273	10.850000381469727	9.399999618530273	10.800000190734863	193000	2022/11/09 
2022/11/10 	11.100000381469727	11.100000381469727	9.859999656677246	9.859999656677246	56000	2022/11/10 
2022/11/11 	10.0	10.0	9.0	9.0	82000	2022/11/11 
2022/11/14 	9.1899995803833	9.199999809265137	9.0	9.0	57000	2022/11/14 
2022/11/15 	9.010000228881836	9.069999694824219	9.0	9.029999732971191	36000	2022/11/15 
2022/11/16 	9.029999732971191	9.029999732971191	8.449999809265137	8.449999809265137	15000	2022/11/16 
2022/11/17 	8.350000381469727	8.350000381469727	7.96999979019165	7.96999979019165	28000	2022/11/17 
2022/11/18 	7.949999809265137	7.949999809265137	7.949999809265137	7.949999809265137	3000	2022/11/18 
2022/11/21 	8.149999618530273	8.149999618530273	8.0	8.0	14000	2022/11/21 
2022/11/22 	8.0	8.0	7.5	7.5	35000	2022/11/22 
2022/11/23 	7.5	7.900000095367432	7.5	7.900000095367432	81000	2022/11/23 
2022/11/24 	7.900000095367432	7.900000095367432	7.699999809265137	7.699999809265137	12000	2022/11/24 
2022/11/25 	7.800000190734863	7.800000190734863	7.699999809265137	7.699999809265137	11000	2022/11/25 
2022/11/28 	7.699999809265137	7.699999809265137	7.300000190734863	7.300000190734863	58000	2022/11/28 
2022/11/29 	7.309999942779541	7.409999847412109	7.309999942779541	7.400000095367432	34000	2022/11/29 
2022/11/30 	7.400000095367432	7.449999809265137	7.400000095367432	7.400000095367432	34000	2022/11/30 
2022/12/01 	7.400000095367432	7.400000095367432	7.199999809265137	7.199999809265137	17000	2022/12/01 
2022/12/02 	7.300000190734863	7.300000190734863	7.0	7.0	36000	2022/12/02 
2022/12/05 	7.0	7.21999979019165	7.0	7.21999979019165	17000	2022/12/05 
2022/12/06 	7.25	7.25	7.210000038146973	7.210000038146973	17000	2022/12/06 
2022/12/07 	7.199999809265137	7.199999809265137	7.119999885559082	7.119999885559082	6000	2022/12/07 
2022/12/08 	7.099999904632568	7.119999885559082	7.099999904632568	7.099999904632568	14000	2022/12/08 
2022/12/09 	7.099999904632568	7.099999904632568	7.0	7.0	16000	2022/12/09 
2022/12/13 	7.0	7.0	7.0	7.0	8000	2022/12/13 
2022/12/14 	7.0	7.099999904632568	7.0	7.099999904632568	4000	2022/12/14 
2022/12/15 	7.010000228881836	7.010000228881836	7.010000228881836	7.010000228881836	1000	2022/12/15 
2022/12/16 	7.010000228881836	7.019999980926514	7.010000228881836	7.019999980926514	6000	2022/12/16 
2022/12/19 	7.050000190734863	7.050000190734863	7.0	7.0	3000	2022/12/19 
2022/12/20 	7.0	7.010000228881836	7.0	7.0	20000	2022/12/20 
2022/12/21 	7.050000190734863	7.119999885559082	7.050000190734863	7.099999904632568	12000	2022/12/21 
2022/12/22 	7.119999885559082	7.119999885559082	7.099999904632568	7.099999904632568	6000	2022/12/22 
2022/12/23 	7.010000228881836	7.010000228881836	7.010000228881836	7.010000228881836	2000	2022/12/23 
2022/12/26 	7.010000228881836	7.010000228881836	6.960000038146973	7.0	12000	2022/12/26 
2022/12/27 	7.059999942779541	7.059999942779541	7.0	7.0	2000	2022/12/27 
2022/12/28 	7.0	7.0	7.0	7.0	15000	2022/12/28 
2022/12/29 	6.980000019073486	6.980000019073486	6.980000019073486	6.980000019073486	1000	2022/12/29 
2022/12/30 	7.050000190734863	7.099999904632568	7.050000190734863	7.090000152587891	9000	2022/12/30 
2023/01/03 	7.099999904632568	7.099999904632568	7.0	7.0	4000	2023/01/03 
2023/01/04 	6.929999828338623	6.929999828338623	6.929999828338623	6.929999828338623	4000	2023/01/04 
2023/01/05 	7.0	7.050000190734863	6.929999828338623	6.929999828338623	33000	2023/01/05 
2023/01/06 	6.900000095367432	6.900000095367432	6.880000114440918	6.900000095367432	25000	2023/01/06 
2023/01/09 	6.900000095367432	6.900000095367432	6.800000190734863	6.800000190734863	4000	2023/01/09 
2023/01/10 	6.800000190734863	6.800000190734863	6.800000190734863	6.800000190734863	17000	2023/01/10 
2023/01/12 	6.800000190734863	6.809999942779541	6.800000190734863	6.809999942779541	9000	2023/01/12 
2023/01/13 	6.809999942779541	7.150000095367432	6.809999942779541	7.099999904632568	37000	2023/01/13 
2023/01/16 	7.170000076293945	7.179999828338623	7.099999904632568	7.150000095367432	30000	2023/01/16 
2023/01/17 	7.150000095367432	7.260000228881836	7.150000095367432	7.199999809265137	13000	2023/01/17 
2023/01/30 	7.199999809265137	7.360000133514404	7.099999904632568	7.099999904632568	11000	2023/01/30 
2023/01/31 	7.300000190734863	7.309999942779541	7.260000228881836	7.28000020980835	18000	2023/01/31 
2023/02/01 	7.300000190734863	8.0	7.300000190734863	8.0	12000	2023/02/01 
2023/02/02 	8.0	8.0	7.699999809265137	7.699999809265137	10000	2023/02/02 
2023/02/03 	7.949999809265137	8.5	7.949999809265137	8.300000190734863	23000	2023/02/03 
2023/02/06 	8.199999809265137	8.390000343322754	8.100000381469727	8.100000381469727	26000	2023/02/06 
2023/02/07 	8.100000381469727	8.100000381469727	8.100000381469727	8.100000381469727	1000	2023/02/07 
2023/02/08 	8.100000381469727	8.100000381469727	8.079999923706055	8.079999923706055	8000	2023/02/08 
2023/02/09 	8.100000381469727	8.399999618530273	8.079999923706055	8.199999809265137	17000	2023/02/09 
2023/02/10 	8.300000190734863	8.300000190734863	8.300000190734863	8.300000190734863	21000	2023/02/10 
2023/02/13 	8.100000381469727	8.100000381469727	8.100000381469727	8.100000381469727	2000	2023/02/13 
2023/02/14 	8.100000381469727	8.350000381469727	8.100000381469727	8.350000381469727	4000	2023/02/14 
2023/02/16 	8.369999885559082	8.399999618530273	8.199999809265137	8.199999809265137	8000	2023/02/16 
2023/02/17 	8.199999809265137	8.199999809265137	8.069999694824219	8.1899995803833	20000	2023/02/17 
2023/02/20 	8.149999618530273	9.819999694824219	8.149999618530273	9.09000015258789	87000	2023/02/20 
2023/02/21 	8.75	8.880000114440918	8.0	8.0	83000	2023/02/21 
2023/02/22 	8.0	8.420000076293945	8.0	8.199999809265137	21000	2023/02/22 
2023/02/23 	8.100000381469727	8.100000381469727	8.100000381469727	8.100000381469727	2000	2023/02/23 
2023/02/24 	8.130000114440918	8.149999618530273	8.119999885559082	8.119999885559082	9000	2023/02/24 
2023/03/01 	8.100000381469727	8.130000114440918	8.100000381469727	8.130000114440918	4000	2023/03/01 
2023/03/02 	8.149999618530273	8.199999809265137	8.130000114440918	8.149999618530273	17000	2023/03/02 
2023/03/03 	8.149999618530273	8.149999618530273	8.130000114440918	8.149999618530273	15000	2023/03/03 
2023/03/06 	8.020000457763672	8.029999732971191	8.0	8.0	11000	2023/03/06 
2023/03/07 	7.980000019073486	7.980000019073486	7.980000019073486	7.980000019073486	1000	2023/03/07 
2023/03/08 	7.949999809265137	7.960000038146973	7.800000190734863	7.880000114440918	9000	2023/03/08 
2023/03/09 	7.699999809265137	8.039999961853027	7.699999809265137	8.039999961853027	6000	2023/03/09 
2023/03/10 	7.880000114440918	8.149999618530273	7.869999885559082	8.149999618530273	30000	2023/03/10 
2023/03/13 	7.860000133514404	7.929999828338623	7.860000133514404	7.909999847412109	6000	2023/03/13 
2023/03/14 	7.75	7.820000171661377	7.75	7.760000228881836	5000	2023/03/14 
2023/03/15 	7.679999828338623	7.949999809265137	7.679999828338623	7.949999809265137	9000	2023/03/15 
2023/03/16 	7.699999809265137	8.039999961853027	7.690000057220459	7.960000038146973	12000	2023/03/16 
2023/03/17 	7.980000019073486	7.980000019073486	7.699999809265137	7.949999809265137	7000	2023/03/17 
2023/03/20 	7.980000019073486	8.039999961853027	7.949999809265137	7.949999809265137	5000	2023/03/20 
2023/03/21 	8.020000457763672	8.020000457763672	7.900000095367432	8.0	6000	2023/03/21 
2023/03/22 	7.920000076293945	7.920000076293945	7.920000076293945	7.920000076293945	1000	2023/03/22 
2023/03/23 	7.920000076293945	7.920000076293945	7.920000076293945	7.920000076293945	2000	2023/03/23 
2023/03/24 	8.0	8.25	7.989999771118164	8.079999923706055	24000	2023/03/24 
2023/03/27 	8.039999961853027	8.050000190734863	8.010000228881836	8.039999961853027	5000	2023/03/27 
2023/03/28 	8.0	8.0600004196167	8.0	8.0	7000	2023/03/28 
2023/03/29 	7.949999809265137	7.949999809265137	7.949999809265137	7.949999809265137	3000	2023/03/29 
2023/03/30 	7.860000133514404	7.860000133514404	7.820000171661377	7.820000171661377	4000	2023/03/30 
2023/03/31 	7.800000190734863	7.929999828338623	7.800000190734863	7.920000076293945	8000	2023/03/31 
2023/04/06 	7.920000076293945	8.109999656677246	7.920000076293945	8.100000381469727	3000	2023/04/06 
2023/04/07 	8.180000305175781	8.199999809265137	8.100000381469727	8.199999809265137	14000	2023/04/07 
2023/04/10 	8.390000343322754	8.390000343322754	8.0	8.0	7000	2023/04/10 
2023/04/11 	7.900000095367432	8.029999732971191	7.900000095367432	8.029999732971191	13000	2023/04/11 
2023/04/12 	7.900000095367432	8.0	7.900000095367432	8.0	23000	2023/04/12 
2023/04/13 	7.900000095367432	7.920000076293945	7.900000095367432	7.920000076293945	2000	2023/04/13 
2023/04/14 	7.900000095367432	7.920000076293945	7.900000095367432	7.900000095367432	19000	2023/04/14 
2023/04/17 	8.0	8.010000228881836	8.0	8.010000228881836	2000	2023/04/17 
2023/04/18 	8.0	8.029999732971191	7.900000095367432	8.020000457763672	7000	2023/04/18 
2023/04/19 	8.020000457763672	8.020000457763672	8.0	8.0	4000	2023/04/19 
2023/04/20 	8.0	8.0	7.989999771118164	7.989999771118164	6000	2023/04/20 
2023/04/21 	8.0	8.029999732971191	7.949999809265137	7.949999809265137	10000	2023/04/21 
2023/04/24 	7.920000076293945	7.980000019073486	7.920000076293945	7.980000019073486	6000	2023/04/24 
2023/04/28 	7.900000095367432	8.0	7.900000095367432	8.0	14000	2023/04/28 
2023/05/02 	7.889999866485596	8.050000190734863	7.889999866485596	8.050000190734863	8000	2023/05/02 
2023/05/03 	8.029999732971191	8.029999732971191	8.029999732971191	8.029999732971191	1000	2023/05/03 
2023/05/05 	8.029999732971191	8.029999732971191	7.900000095367432	7.900000095367432	6000	2023/05/05 
2023/05/08 	7.900000095367432	7.949999809265137	7.860000133514404	7.900000095367432	5000	2023/05/08 
2023/05/09 	7.880000114440918	7.889999866485596	7.860000133514404	7.860000133514404	3000	2023/05/09 
2023/05/10 	7.860000133514404	7.860000133514404	7.699999809265137	7.849999904632568	10000	2023/05/10 
2023/05/11 	7.849999904632568	8.140000343322754	7.849999904632568	8.0600004196167	16000	2023/05/11 
2023/05/12 	7.849999904632568	7.849999904632568	7.75	7.849999904632568	8000	2023/05/12 
2023/05/15 	7.849999904632568	7.849999904632568	7.769999980926514	7.769999980926514	7000	2023/05/15 
2023/05/16 	7.849999904632568	7.849999904632568	7.599999904632568	7.679999828338623	18000	2023/05/16 
2023/05/17 	7.730000019073486	7.730000019073486	7.730000019073486	7.730000019073486	4000	2023/05/17 
2023/05/18 	7.730000019073486	7.730000019073486	7.730000019073486	7.730000019073486	1000	2023/05/18 
2023/05/19 	7.5	7.570000171661377	7.5	7.570000171661377	3000	2023/05/19 
2023/05/22 	7.409999847412109	7.46999979019165	7.400000095367432	7.46999979019165	4000	2023/05/22 
2023/05/23 	7.300000190734863	7.5	7.300000190734863	7.5	8000	2023/05/23 
2023/05/24 	7.5	7.5	7.300000190734863	7.5	13000	2023/05/24 
2023/05/25 	7.480000019073486	7.5	7.460000038146973	7.5	3000	2023/05/25 
2023/05/26 	7.659999847412109	7.699999809265137	7.599999904632568	7.650000095367432	14000	2023/05/26 
2023/05/29 	7.739999771118164	7.800000190734863	7.739999771118164	7.800000190734863	10000	2023/05/29 
2023/05/30 	8.0	8.029999732971191	7.900000095367432	8.0	31000	2023/05/30 
2023/05/31 	8.100000381469727	8.119999885559082	8.010000228881836	8.010000228881836	30000	2023/05/31 
2023/06/01 	7.860000133514404	7.860000133514404	7.860000133514404	7.860000133514404	1000	2023/06/01 
2023/06/02 	8.0	8.0	7.789999961853027	7.789999961853027	12000	2023/06/02 
2023/06/05 	7.949999809265137	7.949999809265137	7.949999809265137	7.949999809265137	1000	2023/06/05 
2023/06/06 	7.900000095367432	7.900000095367432	7.809999942779541	7.820000171661377	7000	2023/06/06 
2023/06/07 	7.800000190734863	7.820000171661377	7.800000190734863	7.820000171661377	2000	2023/06/07 
2023/06/08 	8.0	8.0	7.699999809265137	7.989999771118164	10000	2023/06/08 
2023/06/09 	7.989999771118164	8.0	7.989999771118164	8.0	14000	2023/06/09 
2023/06/12 	7.849999904632568	7.920000076293945	7.800000190734863	7.849999904632568	9000	2023/06/12 
2023/06/13 	7.849999904632568	7.880000114440918	7.849999904632568	7.880000114440918	6000	2023/06/13 
2023/06/14 	7.800000190734863	7.800000190734863	7.800000190734863	7.800000190734863	1000	2023/06/14 
2023/06/15 	7.800000190734863	7.800000190734863	7.800000190734863	7.800000190734863	7000	2023/06/15 
2023/06/16 	7.800000190734863	8.029999732971191	7.800000190734863	8.029999732971191	10000	2023/06/16 
2023/06/19 	8.010000228881836	8.050000190734863	8.010000228881836	8.050000190734863	32000	2023/06/19 
2023/06/20 	8.119999885559082	8.199999809265137	8.119999885559082	8.130000114440918	9000	2023/06/20 
2023/06/21 	7.900000095367432	8.0	7.800000190734863	7.940000057220459	34000	2023/06/21 
2023/06/26 	8.0	8.0	7.900000095367432	7.900000095367432	8000	2023/06/26 
2023/06/27 	8.0	8.0	7.760000228881836	7.760000228881836	35000	2023/06/27 
2023/06/28 	7.800000190734863	7.900000095367432	7.75	7.900000095367432	16000	2023/06/28 
2023/06/29 	7.800000190734863	7.900000095367432	7.800000190734863	7.900000095367432	11000	2023/06/29 
2023/06/30 	7.900000095367432	7.900000095367432	7.900000095367432	7.900000095367432	4000	2023/06/30 
2023/07/03 	7.900000095367432	8.0	7.889999866485596	8.0	6000	2023/07/03 
2023/07/04 	8.0	8.029999732971191	7.880000114440918	8.0	47000	2023/07/04 
2023/07/05 	7.989999771118164	7.989999771118164	7.989999771118164	7.989999771118164	1000	2023/07/05 
2023/07/06 	7.989999771118164	7.989999771118164	7.800000190734863	7.980000019073486	10000	2023/07/06 
2023/07/07 	7.900000095367432	7.900000095367432	7.900000095367432	7.900000095367432	7000	2023/07/07 
2023/07/12 	7.900000095367432	7.900000095367432	7.889999866485596	7.889999866485596	7000	2023/07/12 
2023/07/13 	7.889999866485596	7.889999866485596	7.769999980926514	7.769999980926514	14000	2023/07/13 
2023/07/14 	7.699999809265137	7.889999866485596	7.699999809265137	7.889999866485596	8000	2023/07/14 
2023/07/17 	7.900000095367432	8.0	7.900000095367432	7.909999847412109	15000	2023/07/17 
2023/07/20 	7.75	7.96999979019165	7.75	7.909999847412109	35000	2023/07/20 
2023/07/21 	7.949999809265137	7.949999809265137	7.949999809265137	7.949999809265137	1000	2023/07/21 
2023/07/24 	7.96999979019165	7.980000019073486	7.760000228881836	7.760000228881836	11000	2023/07/24 
2023/07/25 	7.800000190734863	7.889999866485596	7.769999980926514	7.889999866485596	31000	2023/07/25 
2023/07/26 	7.900000095367432	7.900000095367432	7.900000095367432	7.900000095367432	5000	2023/07/26 
2023/07/27 	7.900000095367432	8.010000228881836	7.809999942779541	7.980000019073486	90000	2023/07/27 
2023/07/28 	7.960000038146973	7.989999771118164	7.900000095367432	7.989999771118164	161000	2023/07/28 
2023/07/31 	7.920000076293945	7.949999809265137	7.920000076293945	7.940000057220459	9000	2023/07/31 
2023/08/01 	7.900000095367432	7.989999771118164	7.900000095367432	7.989999771118164	11000	2023/08/01 
2023/08/02 	7.980000019073486	7.989999771118164	7.980000019073486	7.980000019073486	12000	2023/08/02 
2023/08/04 	8.0	8.0	7.940000057220459	7.960000038146973	68000	2023/08/04 
2023/08/07 	7.96999979019165	7.96999979019165	7.960000038146973	7.96999979019165	17000	2023/08/07 
2023/08/08 	7.960000038146973	7.960000038146973	7.949999809265137	7.960000038146973	7000	2023/08/08 
2023/08/09 	7.960000038146973	7.96999979019165	7.900000095367432	7.900000095367432	12000	2023/08/09 
2023/08/10 	7.869999885559082	7.869999885559082	7.78000020980835	7.78000020980835	18000	2023/08/10 
2023/08/11 	7.78000020980835	7.840000152587891	7.760000228881836	7.769999980926514	10000	2023/08/11 
2023/08/14 	7.599999904632568	7.599999904632568	7.570000171661377	7.570000171661377	9000	2023/08/14 
2023/08/15 	7.599999904632568	7.760000228881836	7.550000190734863	7.619999885559082	20000	2023/08/15 
2023/08/16 	7.579999923706055	7.610000133514404	7.5	7.550000190734863	23000	2023/08/16 
2023/08/17 	7.5	7.550000190734863	7.5	7.550000190734863	21000	2023/08/17 
2023/08/18 	7.5	7.5	7.429999828338623	7.489999771118164	7000	2023/08/18 
2023/08/21 	7.489999771118164	7.550000190734863	7.489999771118164	7.53000020980835	15000	2023/08/21 
2023/08/22 	7.489999771118164	7.5	7.489999771118164	7.5	5000	2023/08/22 
2023/08/23 	7.46999979019165	7.46999979019165	7.460000038146973	7.460000038146973	8000	2023/08/23 
2023/08/24 	7.460000038146973	7.460000038146973	7.380000114440918	7.380000114440918	2000	2023/08/24 
2023/08/25 	7.210000038146973	7.449999809265137	7.210000038146973	7.449999809265137	53000	2023/08/25 
2023/08/28 	7.460000038146973	7.460000038146973	7.449999809265137	7.449999809265137	6000	2023/08/28 
2023/08/29 	7.25	7.320000171661377	7.25	7.320000171661377	8000	2023/08/29 
2023/08/30 	7.320000171661377	7.349999904632568	7.199999809265137	7.349999904632568	47000	2023/08/30 
2023/08/31 	7.199999809265137	7.230000019073486	7.190000057220459	7.190000057220459	45000	2023/08/31 
2023/09/01 	7.190000057220459	7.190000057220459	7.150000095367432	7.150000095367432	20000	2023/09/01 
2023/09/04 	7.010000228881836	7.019999980926514	6.920000076293945	6.989999771118164	86000	2023/09/04 
2023/09/05 	6.889999866485596	6.889999866485596	6.849999904632568	6.860000133514404	21000	2023/09/05 
2023/09/06 	6.800000190734863	6.820000171661377	6.699999809265137	6.760000228881836	33000	2023/09/06 
2023/09/07 	6.75	6.760000228881836	6.630000114440918	6.630000114440918	17000	2023/09/07 
2023/09/11 	6.610000133514404	6.619999885559082	6.610000133514404	6.619999885559082	13000	2023/09/11 
2023/09/12 	6.619999885559082	6.619999885559082	6.619999885559082	6.619999885559082	1000	2023/09/12 
2023/09/13 	6.420000076293945	6.420000076293945	6.309999942779541	6.360000133514404	12000	2023/09/13 
2023/09/14 	6.0	6.269999980926514	6.0	6.269999980926514	30000	2023/09/14 
2023/09/15 	6.269999980926514	6.389999866485596	6.269999980926514	6.389999866485596	38000	2023/09/15 
2023/09/18 	6.389999866485596	6.389999866485596	6.389999866485596	6.389999866485596	2000	2023/09/18 
2023/09/19 	6.380000114440918	6.400000095367432	6.380000114440918	6.400000095367432	19000	2023/09/19 
2023/09/20 	6.300000190734863	6.300000190734863	5.590000152587891	5.78000020980835	106000	2023/09/20 
2023/09/21 	5.659999847412109	6.099999904632568	5.659999847412109	5.989999771118164	29000	2023/09/21 
2023/09/22 	5.800000190734863	6.0	5.800000190734863	5.900000095367432	20000	2023/09/22 
2023/09/25 	5.900000095367432	6.0	5.760000228881836	5.980000019073486	21000	2023/09/25 
2023/09/26 	5.980000019073486	5.980000019073486	5.760000228881836	5.760000228881836	4000	2023/09/26 
2023/09/27 	5.75	5.75	5.639999866485596	5.699999809265137	15000	2023/09/27 
2023/09/28 	5.760000228881836	5.760000228881836	5.760000228881836	5.760000228881836	5000	2023/09/28 
2023/10/02 	5.760000228881836	5.760000228881836	5.760000228881836	5.760000228881836	3000	2023/10/02 
2023/10/03 	5.760000228881836	5.760000228881836	5.75	5.75	5000	2023/10/03 
2023/10/04 	5.619999885559082	5.699999809265137	5.610000133514404	5.690000057220459	14000	2023/10/04 
2023/10/05 	5.690000057220459	5.690000057220459	5.599999904632568	5.610000133514404	30000	2023/10/05 
2023/10/06 	5.599999904632568	5.659999847412109	5.599999904632568	5.619999885559082	21000	2023/10/06 
2023/10/11 	5.619999885559082	5.619999885559082	5.510000228881836	5.510000228881836	31000	2023/10/11 
2023/10/12 	5.519999980926514	5.699999809265137	5.510000228881836	5.510000228881836	35000	2023/10/12 
2023/10/13 	5.5	5.510000228881836	5.400000095367432	5.510000228881836	24000	2023/10/13 
2023/10/16 	5.599999904632568	5.599999904632568	5.5	5.519999980926514	66000	2023/10/16 
2023/10/17 	5.460000038146973	5.460000038146973	5.400000095367432	5.400000095367432	12000	2023/10/17 
2023/10/18 	5.400000095367432	5.650000095367432	5.400000095367432	5.510000228881836	122000	2023/10/18 
2023/10/19 	5.400000095367432	5.550000190734863	5.349999904632568	5.400000095367432	11000	2023/10/19 
2023/10/20 	5.5	5.889999866485596	5.5	5.829999923706055	57000	2023/10/20 
2023/10/23 	5.760000228881836	5.829999923706055	5.71999979019165	5.829999923706055	40000	2023/10/23 
2023/10/24 	5.829999923706055	6.170000076293945	5.829999923706055	6.110000133514404	74000	2023/10/24 
2023/10/25 	6.099999904632568	6.159999847412109	6.099999904632568	6.159999847412109	30000	2023/10/25 
2023/10/26 	6.159999847412109	7.0	6.159999847412109	6.800000190734863	73000	2023/10/26 
2023/10/27 	6.739999771118164	7.260000228881836	6.739999771118164	7.03000020980835	95000	2023/10/27 
2023/10/30 	7.03000020980835	7.03000020980835	7.0	7.0	22000	2023/10/30 
2023/10/31 	7.019999980926514	7.050000190734863	6.760000228881836	7.0	81000	2023/10/31 
2023/11/01 	7.0	7.130000114440918	6.800000190734863	7.0	26000	2023/11/01 
2023/11/02 	7.0	7.0	7.0	7.0	2000	2023/11/02 
2023/11/03 	7.0	7.050000190734863	7.0	7.050000190734863	7000	2023/11/03 
2023/11/06 	7.050000190734863	7.170000076293945	7.050000190734863	7.050000190734863	26000	2023/11/06 
2023/11/07 	7.199999809265137	7.289999961853027	7.159999847412109	7.199999809265137	87000	2023/11/07 
2023/11/08 	7.25	7.28000020980835	7.059999942779541	7.110000133514404	35000	2023/11/08 
2023/11/09 	7.110000133514404	7.110000133514404	7.110000133514404	7.110000133514404	2000	2023/11/09 
2023/11/10 	7.190000057220459	7.199999809265137	7.190000057220459	7.199999809265137	3000	2023/11/10 
2023/11/13 	7.110000133514404	7.199999809265137	7.03000020980835	7.199999809265137	10000	2023/11/13 
2023/11/14 	7.239999771118164	7.239999771118164	7.050000190734863	7.199999809265137	16000	2023/11/14 
2023/11/15 	7.199999809265137	7.239999771118164	7.110000133514404	7.110000133514404	44000	2023/11/15 
2023/11/16 	7.199999809265137	7.199999809265137	7.199999809265137	7.199999809265137	5000	2023/11/16 
2023/11/17 	7.050000190734863	7.050000190734863	7.010000228881836	7.010000228881836	4000	2023/11/17 
2023/11/20 	7.0	7.190000057220459	7.0	7.070000171661377	56000	2023/11/20 
2023/11/21 	7.070000171661377	7.090000152587891	6.949999809265137	7.070000171661377	38000	2023/11/21 
2023/11/22 	7.099999904632568	7.110000133514404	6.960000038146973	7.019999980926514	11000	2023/11/22 
2023/11/23 	7.03000020980835	7.03000020980835	7.03000020980835	7.03000020980835	1000	2023/11/23 
2023/11/24 	7.03000020980835	7.480000019073486	7.03000020980835	7.150000095367432	69000	2023/11/24 
2023/11/27 	7.199999809265137	7.199999809265137	7.130000114440918	7.170000076293945	78270	2023/11/27 
2023/11/28 	7.119999885559082	7.199999809265137	7.0	7.0	107000	2023/11/28 
2023/11/29 	7.190000057220459	7.190000057220459	7.050000190734863	7.150000095367432	74000	2023/11/29 
2023/11/30 	7.050000190734863	7.170000076293945	7.010000228881836	7.119999885559082	53000	2023/11/30 
2023/12/01 	7.070000171661377	7.159999847412109	7.050000190734863	7.139999866485596	75900	2023/12/01 
2023/12/04 	7.170000076293945	7.170000076293945	7.099999904632568	7.150000095367432	16100	2023/12/04 
2023/12/05 	7.139999866485596	7.150000095367432	7.079999923706055	7.079999923706055	17000	2023/12/05 
2023/12/06 	7.150000095367432	7.150000095367432	7.139999866485596	7.139999866485596	25000	2023/12/06 
2023/12/07 	7.139999866485596	7.150000095367432	7.099999904632568	7.099999904632568	46000	2023/12/07 
2023/12/08 	7.099999904632568	7.130000114440918	7.059999942779541	7.119999885559082	22000	2023/12/08 
2023/12/11 	7.099999904632568	7.139999866485596	7.050000190734863	7.130000114440918	52000	2023/12/11 
2023/12/12 	7.130000114440918	7.130000114440918	7.119999885559082	7.119999885559082	8000	2023/12/12 
2023/12/13 	7.119999885559082	7.119999885559082	7.070000171661377	7.090000152587891	8000	2023/12/13 
2023/12/14 	7.079999923706055	7.130000114440918	7.070000171661377	7.070000171661377	18000	2023/12/14 
2023/12/15 	7.050000190734863	7.110000133514404	7.050000190734863	7.050000190734863	5000	2023/12/15 
2023/12/18 	7.099999904632568	7.130000114440918	7.03000020980835	7.03000020980835	10000	2023/12/18 
2023/12/19 	7.019999980926514	7.050000190734863	6.840000152587891	7.050000190734863	23000	2023/12/19 
2023/12/20 	7.0	7.070000171661377	7.0	7.070000171661377	24000	2023/12/20 
2023/12/21 	7.059999942779541	7.079999923706055	7.059999942779541	7.079999923706055	2000	2023/12/21 
2023/12/22 	7.079999923706055	7.119999885559082	7.079999923706055	7.119999885559082	2000	2023/12/22 
2023/12/25 	7.119999885559082	7.119999885559082	6.989999771118164	7.099999904632568	21000	2023/12/25 
2023/12/26 	7.0	7.099999904632568	6.949999809265137	7.099999904632568	44000	2023/12/26 
2023/12/27 	7.010000228881836	7.099999904632568	7.0	7.050000190734863	42000	2023/12/27 
2023/12/28 	7.0	7.090000152587891	7.0	7.0	25000	2023/12/28 
2023/12/29 	7.0	7.0	6.849999904632568	7.0	11000	2023/12/29 
2024/01/02 	7.099999904632568	7.489999771118164	7.010000228881836	7.449999809265137	209002	2024/01/02 
2024/01/03 	7.489999771118164	7.489999771118164	7.349999904632568	7.440000057220459	68151	2024/01/03 
2024/01/04 	7.440000057220459	7.489999771118164	7.130000114440918	7.440000057220459	109980	2024/01/04 
2024/01/05 	7.489999771118164	8.0	7.400000095367432	7.809999942779541	214011	2024/01/05 
2024/01/08 	8.039999961853027	8.289999961853027	7.929999828338623	8.279999732971191	615601	2024/01/08 
2024/01/09 	8.279999732971191	8.420000076293945	8.0	8.119999885559082	344700	2024/01/09 
2024/01/10 	8.119999885559082	8.180000305175781	8.09000015258789	8.180000305175781	746070	2024/01/10 
2024/01/11 	8.119999885559082	8.180000305175781	8.069999694824219	8.100000381469727	404000	2024/01/11 
2024/01/12 	8.130000114440918	8.149999618530273	8.069999694824219	8.130000114440918	153530	2024/01/12 
2024/01/15 	8.130000114440918	8.149999618530273	8.069999694824219	8.100000381469727	255020	2024/01/15 
2024/01/16 	8.069999694824219	8.130000114440918	8.069999694824219	8.079999923706055	84024	2024/01/16 
2024/01/17 	8.109999656677246	8.119999885559082	8.0	8.0600004196167	193010	2024/01/17 
2024/01/18 	8.029999732971191	8.079999923706055	8.0	8.050000190734863	165030	2024/01/18 
2024/01/19 	8.020000457763672	8.100000381469727	8.020000457763672	8.079999923706055	222000	2024/01/19 
2024/01/22 	8.09000015258789	8.109999656677246	8.050000190734863	8.079999923706055	292030	2024/01/22 
2024/01/23 	8.109999656677246	8.119999885559082	8.039999961853027	8.079999923706055	86000	2024/01/23 
2024/01/24 	8.0600004196167	8.100000381469727	8.0600004196167	8.100000381469727	15000	2024/01/24 
2024/01/25 	8.0600004196167	8.09000015258789	7.96999979019165	8.0	90000	2024/01/25 
2024/01/26 	8.0	8.029999732971191	7.96999979019165	8.0	109000	2024/01/26 
2024/01/29 	8.029999732971191	8.029999732971191	7.96999979019165	8.0	68050	2024/01/29 
2024/01/30 	8.029999732971191	8.0600004196167	7.96999979019165	8.0600004196167	80087	2024/01/30 
2024/01/31 	8.050000190734863	8.079999923706055	8.0	8.079999923706055	88407	2024/01/31 
2024/02/01 	8.079999923706055	8.079999923706055	7.980000019073486	8.079999923706055	82120	2024/02/01 
2024/02/02 	8.079999923706055	8.079999923706055	8.0	8.0	62022	2024/02/02 
2024/02/05 	8.069999694824219	8.079999923706055	8.0	8.079999923706055	19104	2024/02/05 
2024/02/15 	8.079999923706055	8.079999923706055	7.900000095367432	8.039999961853027	112000	2024/02/15 
2024/02/16 	7.900000095367432	8.039999961853027	7.900000095367432	8.039999961853027	29168	2024/02/16 
2024/02/19 	7.960000038146973	8.050000190734863	7.949999809265137	8.050000190734863	28000	2024/02/19 
2024/02/20 	7.949999809265137	8.029999732971191	7.809999942779541	8.0	124000	2024/02/20 
2024/02/21 	8.0	8.0	7.78000020980835	7.849999904632568	90200	2024/02/21 
2024/02/22 	7.980000019073486	8.039999961853027	7.78000020980835	7.929999828338623	137428	2024/02/22 
2024/02/23 	7.800000190734863	7.929999828338623	7.769999980926514	7.929999828338623	57000	2024/02/23 
2024/02/26 	7.929999828338623	7.929999828338623	7.619999885559082	7.909999847412109	56095	2024/02/26 
2024/02/27 	7.619999885559082	7.989999771118164	7.599999904632568	7.989999771118164	112200	2024/02/27 
2024/02/29 	7.989999771118164	7.989999771118164	7.610000133514404	7.989999771118164	20000	2024/02/29 
2024/03/01 	8.0	8.0	7.920000076293945	8.0	39020	2024/03/01 
2024/03/04 	7.920000076293945	8.020000457763672	7.769999980926514	7.889999866485596	179000	2024/03/04 
2024/03/05 	7.760000228881836	7.989999771118164	7.760000228881836	7.989999771118164	61017	2024/03/05 
2024/03/06 	7.989999771118164	8.09000015258789	7.900000095367432	7.980000019073486	41246	2024/03/06 
2024/03/07 	7.96999979019165	8.300000190734863	7.610000133514404	7.960000038146973	148060	2024/03/07 
2024/03/08 	8.0	8.039999961853027	7.860000133514404	8.039999961853027	57224	2024/03/08 
2024/03/11 	8.039999961853027	8.039999961853027	6.840000152587891	7.619999885559082	561333	2024/03/11 
2024/03/12 	7.619999885559082	7.630000114440918	7.25	7.5	104670	2024/03/12 
2024/03/13 	7.619999885559082	7.659999847412109	7.28000020980835	7.5	31750	2024/03/13 
2024/03/14 	7.5	7.800000190734863	7.400000095367432	7.789999961853027	53701	2024/03/14 
2024/03/15 	7.789999961853027	8.149999618530273	7.570000171661377	7.800000190734863	207821	2024/03/15 
2024/03/18 	7.610000133514404	7.949999809265137	7.610000133514404	7.940000057220459	72208	2024/03/18 
2024/03/19 	7.949999809265137	7.949999809265137	7.53000020980835	7.920000076293945	94200	2024/03/19 
2024/03/20 	7.900000095367432	7.900000095367432	7.800000190734863	7.900000095367432	70890	2024/03/20 
2024/03/21 	7.900000095367432	7.949999809265137	7.769999980926514	7.900000095367432	165400	2024/03/21 
2024/03/22 	7.900000095367432	7.989999771118164	7.710000038146973	7.989999771118164	51150	2024/03/22 
2024/03/25 	7.900000095367432	7.980000019073486	7.760000228881836	7.78000020980835	40500	2024/03/25 
2024/03/26 	7.900000095367432	7.980000019073486	7.789999961853027	7.920000076293945	55300	2024/03/26 
2024/03/27 	7.789999961853027	7.909999847412109	7.599999904632568	7.909999847412109	91718	2024/03/27 
2024/03/28 	7.909999847412109	7.909999847412109	7.809999942779541	7.849999904632568	83110	2024/03/28 
2024/03/29 	7.820000171661377	7.909999847412109	7.809999942779541	7.849999904632568	67868	2024/03/29 
2024/04/01 	7.900000095367432	7.909999847412109	7.510000228881836	7.909999847412109	74207	2024/04/01 
2024/04/02 	7.909999847412109	7.929999828338623	7.820000171661377	7.929999828338623	200768	2024/04/02 
2024/04/03 	7.929999828338623	8.460000038146973	7.929999828338623	8.199999809265137	319854	2024/04/03 
2024/04/08 	8.260000228881836	8.600000381469727	8.170000076293945	8.25	350128	2024/04/08 
2024/04/09 	8.329999923706055	9.979999542236328	8.260000228881836	9.739999771118164	922473	2024/04/09 
2024/04/10 	9.739999771118164	10.350000381469727	9.5	9.600000381469727	636455	2024/04/10 
2024/04/11 	9.829999923706055	9.829999923706055	9.180000305175781	9.4399995803833	378248	2024/04/11 
2024/04/12 	9.4399995803833	9.489999771118164	9.020000457763672	9.300000190734863	186494	2024/04/12 
2024/04/15 	9.300000190734863	9.319999694824219	8.829999923706055	9.220000267028809	132370	2024/04/15 
2024/04/16 	9.220000267028809	9.229999542236328	8.59000015258789	9.220000267028809	193279	2024/04/16 
2024/04/17 	9.220000267028809	9.220000267028809	8.8100004196167	9.119999885559082	83838	2024/04/17 
2024/04/18 	9.119999885559082	9.170000076293945	9.079999923706055	9.15999984741211	276029	2024/04/18 
2024/04/19 	9.15999984741211	9.1899995803833	8.90999984741211	8.90999984741211	202399	2024/04/19 
2024/04/22 	8.899999618530273	9.119999885559082	8.770000457763672	8.770000457763672	211003	2024/04/22 
2024/04/23 	8.770000457763672	9.020000457763672	8.770000457763672	9.020000457763672	64340	2024/04/23 
2024/04/24 	9.029999732971191	10.0	9.020000457763672	9.479999542236328	165075	2024/04/24 
2024/04/25 	9.479999542236328	9.829999923706055	9.039999961853027	9.5	322107	2024/04/25 
2024/04/26 	9.5	10.25	9.5	10.050000190734863	737365	2024/04/26 
2024/04/29 	10.050000190734863	10.100000381469727	9.699999809265137	10.100000381469727	182168	2024/04/29 
2024/04/30 	10.100000381469727	10.100000381469727	9.800000190734863	9.899999618530273	155510	2024/04/30 
2024/05/02 	10.0	10.050000190734863	9.859999656677246	9.979999542236328	167262	2024/05/02 
2024/05/03 	10.0	10.100000381469727	9.899999618530273	10.100000381469727	259254	2024/05/03 
2024/05/06 	10.050000190734863	10.100000381469727	9.449999809265137	9.930000305175781	367125	2024/05/06 
2024/05/07 	9.930000305175781	10.0	9.449999809265137	9.789999961853027	272851	2024/05/07 
2024/05/08 	9.789999961853027	9.800000190734863	9.399999618530273	9.6899995803833	265856	2024/05/08 
2024/05/09 	9.699999809265137	9.84000015258789	9.600000381469727	9.8100004196167	107543	2024/05/09 
2024/05/10 	9.8100004196167	9.989999771118164	9.699999809265137	9.850000381469727	56664	2024/05/10 
2024/05/13 	9.850000381469727	9.930000305175781	9.600000381469727	9.890000343322754	67251	2024/05/13 
2024/05/14 	9.890000343322754	10.149999618530273	9.609999656677246	10.0	224663	2024/05/14 
2024/05/15 	10.0	10.199999809265137	9.899999618530273	10.149999618530273	246151	2024/05/15 
2024/05/16 	10.100000381469727	10.649999618530273	10.050000190734863	10.5	538131	2024/05/16 
2024/05/17 	10.449999809265137	10.550000190734863	10.100000381469727	10.25	242038	2024/05/17 
2024/05/20 	10.600000381469727	11.050000190734863	10.350000381469727	10.850000381469727	384204	2024/05/20 
2024/05/21 	10.649999618530273	14.850000381469727	10.5	14.100000381469727	1514561	2024/05/21 
2024/05/22 	13.949999809265137	20.5	13.899999618530273	20.450000762939453	2613176	2024/05/22 
2024/05/23 	20.200000762939453	25.649999618530273	19.799999237060547	24.75	3198834	2024/05/23 
2024/05/24 	24.149999618530273	25.950000762939453	19.100000381469727	23.75	2134898	2024/05/24 
2024/05/27 	22.799999237060547	23.850000381469727	20.600000381469727	21.950000762939453	660241	2024/05/27 
2024/05/28 	21.950000762939453	22.700000762939453	21.049999237060547	22.200000762939453	577270	2024/05/28 
2024/05/29 	22.950000762939453	24.100000381469727	22.100000381469727	24.0	707101	2024/05/29 
2024/05/30 	24.0	25.049999237060547	21.850000381469727	22.299999237060547	638720	2024/05/30 
2024/05/31 	22.299999237060547	23.200000762939453	21.75	22.950000762939453	326398	2024/05/31 
2024/06/03 	22.399999618530273	22.600000381469727	21.399999618530273	21.5	552139	2024/06/03 
2024/06/04 	22.149999618530273	22.149999618530273	20.850000381469727	21.299999237060547	375910	2024/06/04 
2024/06/05 	21.299999237060547	22.0	20.5	21.950000762939453	277201	2024/06/05 
2024/06/06 	21.0	21.450000762939453	20.0	20.75	369309	2024/06/06 
2024/06/07 	20.700000762939453	21.0	20.049999237060547	20.649999618530273	181819	2024/06/07 
2024/06/11 	20.549999237060547	20.75	20.0	20.200000762939453	206277	2024/06/11 
2024/06/12 	21.0	21.0	20.0	20.950000762939453	189771	2024/06/12 
2024/06/13 	20.149999618530273	20.950000762939453	20.049999237060547	20.5	223935	2024/06/13 
2024/06/14 	20.5	20.799999237060547	20.200000762939453	20.799999237060547	131973	2024/06/14 
2024/06/17 	20.799999237060547	21.549999237060547	20.049999237060547	21.100000381469727	288151	2024/06/17 
2024/06/18 	21.100000381469727	25.049999237060547	21.049999237060547	24.700000762939453	830398	2024/06/18 
2024/06/19 	24.700000762939453	25.700000762939453	23.049999237060547	23.899999618530273	622599	2024/06/19 
2024/06/20 	24.100000381469727	24.450000762939453	23.049999237060547	23.799999237060547	262350	2024/06/20 
2024/06/21 	23.799999237060547	24.149999618530273	23.700000762939453	24.0	332617	2024/06/21 
2024/06/24 	22.799999237060547	32.95000076293945	22.799999237060547	31.549999237060547	2068625	2024/06/24 
2024/06/25 	31.549999237060547	32.150001525878906	29.049999237060547	30.5	975450	2024/06/25 
2024/06/26 	31.049999237060547	38.150001525878906	30.399999618530273	35.099998474121094	1232128	2024/06/26 
2024/06/27 	35.0	35.70000076293945	31.450000762939453	33.150001525878906	1152861	2024/06/27 
2024/06/28 	33.150001525878906	33.150001525878906	30.0	31.0	759018	2024/06/28 
2024/07/01 	31.149999618530273	33.45000076293945	30.0	32.0	587691	2024/07/01 
2024/07/02 	32.0	32.95000076293945	30.450000762939453	32.150001525878906	220812	2024/07/02 
2024/07/03 	32.5	32.54999923706055	31.0	31.149999618530273	309536	2024/07/03 
2024/07/04 	31.149999618530273	32.25	31.049999237060547	31.950000762939453	213954	2024/07/04 
2024/07/05 	31.600000381469727	33.25	30.399999618530273	32.400001525878906	406981	2024/07/05 
2024/07/08 	32.400001525878906	36.79999923706055	32.150001525878906	35.95000076293945	1124175	2024/07/08 
2024/07/09 	35.95000076293945	36.54999923706055	32.79999923706055	34.650001525878906	799975	2024/07/09 
2024/07/10 	34.650001525878906	35.0	32.95000076293945	34.25	260106	2024/07/10 
2024/07/11 	33.099998474121094	35.900001525878906	33.099998474121094	35.900001525878906	411390	2024/07/11 
2024/07/12 	34.650001525878906	37.349998474121094	34.54999923706055	35.95000076293945	593972	2024/07/12 
2024/07/15 	36.0	36.5	34.70000076293945	35.29999923706055	543300	2024/07/15 
2024/07/16 	35.29999923706055	36.0	33.54999923706055	35.0	324325	2024/07/16 
2024/07/17 	35.0	36.099998474121094	34.0	34.900001525878906	271480	2024/07/17 
2024/07/18 	35.45000076293945	35.45000076293945	33.54999923706055	34.45000076293945	268898	2024/07/18 
2024/07/19 	34.5	34.5	32.70000076293945	34.099998474121094	310580	2024/07/19 
2024/07/22 	34.099998474121094	34.75	31.950000762939453	33.5	364504	2024/07/22 
2024/07/23 	32.849998474121094	33.95000076293945	32.29999923706055	32.45000076293945	261782	2024/07/23 
2024/07/26 	32.04999923706055	32.45000076293945	31.0	31.850000381469727	237362	2024/07/26 
2024/07/29 	31.299999237060547	32.29999923706055	29.399999618530273	29.950000762939453	559893	2024/07/29 
2024/07/30 	29.799999237060547	31.0	26.149999618530273	28.600000381469727	680209	2024/07/30 
2024/07/31 	27.950000762939453	33.25	27.950000762939453	32.45000076293945	348696	2024/07/31 
2024/08/01 	32.5	33.099998474121094	31.049999237060547	31.700000762939453	157363	2024/08/01 
2024/08/02 	31.700000762939453	32.099998474121094	29.600000381469727	30.950000762939453	190148	2024/08/02 
2024/08/05 	29.649999618530273	30.899999618530273	28.0	28.25	235592	2024/08/05 
2024/08/06 	28.5	30.0	28.0	29.0	324709	2024/08/06 
2024/08/07 	29.649999618530273	30.950000762939453	28.950000762939453	30.149999618530273	105182	2024/08/07 
2024/08/08 	29.899999618530273	29.950000762939453	29.049999237060547	29.950000762939453	52674	2024/08/08 
2024/08/09 	29.799999237060547	30.100000381469727	28.450000762939453	30.0	85001	2024/08/09 
2024/08/12 	29.450000762939453	31.350000381469727	29.0	30.100000381469727	168545	2024/08/12 
2024/08/13 	29.25	30.0	28.5	29.149999618530273	114297	2024/08/13 
2024/08/14 	29.950000762939453	29.950000762939453	28.100000381469727	28.5	235204	2024/08/14 
2024/08/15 	28.450000762939453	29.350000381469727	27.850000381469727	28.5	279158	2024/08/15 
2024/08/16 	29.5	29.5	27.25	28.049999237060547	180112	2024/08/16 
2024/08/19 	28.049999237060547	28.450000762939453	27.5	28.100000381469727	97802	2024/08/19 
2024/08/20 	28.850000381469727	28.850000381469727	26.600000381469727	26.899999618530273	519877	2024/08/20 
2024/08/21 	26.799999237060547	27.950000762939453	25.049999237060547	25.399999618530273	459173	2024/08/21 
2024/08/22 	25.5	25.5	23.850000381469727	24.649999618530273	451491	2024/08/22 
2024/08/23 	24.399999618530273	25.25	22.100000381469727	24.100000381469727	397858	2024/08/23 
2024/08/26 	24.100000381469727	26.299999237060547	24.100000381469727	26.299999237060547	258171	2024/08/26 
2024/08/27 	26.299999237060547	27.350000381469727	25.0	26.450000762939453	189099	2024/08/27 
2024/08/28 	26.5	26.5	25.049999237060547	25.75	102357	2024/08/28 
2024/08/29 	25.399999618530273	26.450000762939453	25.0	25.649999618530273	43514	2024/08/29 
2024/08/30 	25.399999618530273	25.950000762939453	24.549999237060547	25.700000762939453	85252	2024/08/30 
2024/09/02 	25.799999237060547	26.0	24.950000762939453	25.600000381469727	63420	2024/09/02 
2024/09/03 	25.0	25.950000762939453	25.0	25.299999237060547	86368	2024/09/03 
2024/09/04 	24.549999237060547	25.950000762939453	24.299999237060547	25.0	84776	2024/09/04 
2024/09/05 	25.0	25.5	24.700000762939453	25.100000381469727	34611	2024/09/05 
2024/09/06 	25.100000381469727	25.200000762939453	24.0	24.950000762939453	57042	2024/09/06 
2024/09/09 	24.899999618530273	25.049999237060547	23.899999618530273	24.899999618530273	71534	2024/09/09 
2024/09/10 	25.0	25.0	23.100000381469727	24.549999237060547	179356	2024/09/10 
2024/09/11 	24.549999237060547	24.549999237060547	23.0	24.25	107823	2024/09/11 
2024/09/12 	24.200000762939453	25.100000381469727	24.0	25.100000381469727	30378	2024/09/12 
2024/09/13 	25.149999618530273	25.25	24.450000762939453	25.0	69553	2024/09/13 
2024/09/16 	25.100000381469727	27.5	25.100000381469727	27.450000762939453	248334	2024/09/16 
2024/09/18 	27.399999618530273	27.600000381469727	26.600000381469727	27.350000381469727	92601	2024/09/18 
2024/09/19 	28.0	28.0	26.75	27.549999237060547	104942	2024/09/19 
2024/09/20 	27.950000762939453	28.350000381469727	26.850000381469727	27.0	116179	2024/09/20 
2024/09/23 	28.0	28.0	26.0	26.600000381469727	121926	2024/09/23 
2024/09/24 	25.5	25.75	24.5	25.5	190532	2024/09/24 
2024/09/25 	25.5	25.700000762939453	24.399999618530273	24.799999237060547	127289	2024/09/25 
2024/09/26 	25.100000381469727	25.100000381469727	24.049999237060547	24.649999618530273	72571	2024/09/26 
2024/09/27 	24.799999237060547	25.450000762939453	24.549999237060547	24.950000762939453	67659	2024/09/27 
2024/09/30 	24.899999618530273	25.799999237060547	24.049999237060547	25.0	90841	2024/09/30 
2024/10/01 	25.0	25.100000381469727	24.450000762939453	25.0	58234	2024/10/01 
2024/10/04 	25.0	25.100000381469727	24.700000762939453	24.950000762939453	198919	2024/10/04 
2024/10/07 	24.5	25.100000381469727	24.450000762939453	24.899999618530273	143380	2024/10/07 
2024/10/08 	25.049999237060547	25.049999237060547	24.049999237060547	24.600000381469727	77305	2024/10/08 
2024/10/09 	24.600000381469727	24.799999237060547	23.5	24.700000762939453	132388	2024/10/09 
2024/10/11 	25.0	25.0	24.200000762939453	24.450000762939453	113538	2024/10/11 
2024/10/14 	24.5	25.450000762939453	23.649999618530273	24.600000381469727	134941	2024/10/14 
2024/10/15 	24.600000381469727	24.799999237060547	23.700000762939453	24.049999237060547	132206	2024/10/15 
2024/10/16 	24.600000381469727	25.0	24.049999237060547	24.649999618530273	102013	2024/10/16 
2024/10/17 	24.299999237060547	24.950000762939453	22.950000762939453	24.950000762939453	217729	2024/10/17 
2024/10/18 	25.450000762939453	25.850000381469727	24.799999237060547	25.600000381469727	302501	2024/10/18 
2024/10/21 	25.600000381469727	26.25	24.850000381469727	25.049999237060547	166061	2024/10/21 
2024/10/22 	25.100000381469727	25.100000381469727	24.700000762939453	24.899999618530273	124378	2024/10/22 
2024/10/23 	24.899999618530273	25.299999237060547	24.75	25.0	159359	2024/10/23 
2024/10/24 	24.799999237060547	25.100000381469727	24.700000762939453	24.950000762939453	95269	2024/10/24 
2024/10/25 	24.700000762939453	25.950000762939453	23.600000381469727	25.100000381469727	379822	2024/10/25 
2024/10/28 	25.100000381469727	25.149999618530273	24.549999237060547	24.950000762939453	159403	2024/10/28 
2024/10/29 	25.0	25.450000762939453	24.549999237060547	24.950000762939453	128129	2024/10/29 
2024/10/30 	24.950000762939453	25.600000381469727	24.649999618530273	25.0	197956	2024/10/30 
2024/11/01 	25.049999237060547	25.100000381469727	24.049999237060547	25.049999237060547	67772	2024/11/01 
2024/11/04 	24.700000762939453	25.350000381469727	24.5	25.0	80910	2024/11/04 
2024/11/05 	25.0	25.049999237060547	24.600000381469727	24.899999618530273	102925	2024/11/05 
2024/11/06 	24.899999618530273	25.0	24.700000762939453	25.0	94834	2024/11/06 
2024/11/07 	25.0	25.0	24.600000381469727	24.850000381469727	68081	2024/11/07 
2024/11/08 	24.850000381469727	24.950000762939453	23.899999618530273	24.75	67305	2024/11/08 
2024/11/11 	24.75	24.75	23.899999618530273	24.399999618530273	158607	2024/11/11 
2024/11/12 	24.0	24.149999618530273	23.450000762939453	23.5	93111	2024/11/12 
2024/11/13 	24.200000762939453	24.200000762939453	22.549999237060547	23.399999618530273	174394	2024/11/13 
2024/11/14 	23.399999618530273	23.950000762939453	22.850000381469727	23.5	178301	2024/11/14 
2024/11/15 	23.950000762939453	24.0	22.899999618530273	23.549999237060547	34576	2024/11/15 
2024/11/18 	23.549999237060547	23.549999237060547	22.850000381469727	23.350000381469727	118618	2024/11/18 
2024/11/19 	23.350000381469727	23.450000762939453	22.850000381469727	23.450000762939453	101227	2024/11/19 
2024/11/20 	23.5	23.549999237060547	22.549999237060547	23.200000762939453	57739	2024/11/20 
2024/11/21 	23.450000762939453	23.450000762939453	22.450000762939453	23.399999618530273	58308	2024/11/21 
2024/11/22 	23.399999618530273	23.399999618530273	22.899999618530273	23.100000381469727	43158	2024/11/22 
2024/11/25 	23.200000762939453	23.25	22.5	23.049999237060547	55471	2024/11/25 
2024/11/26 	22.450000762939453	23.149999618530273	22.350000381469727	22.950000762939453	40430	2024/11/26 
2024/11/27 	23.0	23.100000381469727	22.399999618530273	23.049999237060547	22206	2024/11/27 
2024/11/28 	23.049999237060547	23.100000381469727	22.5	23.0	27357	2024/11/28 
2024/11/29 	23.0	25.0	22.549999237060547	25.0	195958	2024/11/29 
2024/12/02 	24.950000762939453	25.549999237060547	24.549999237060547	25.100000381469727	204458	2024/12/02 
2024/12/03 	25.100000381469727	25.149999618530273	24.700000762939453	25.149999618530273	56330	2024/12/03 
2024/12/04 	25.149999618530273	25.149999618530273	24.649999618530273	25.0	66320	2024/12/04 
2024/12/05 	25.0	25.149999618530273	24.899999618530273	25.0	129359	2024/12/05 
2024/12/06 	25.100000381469727	25.899999618530273	24.950000762939453	25.100000381469727	84864	2024/12/06 
2024/12/09 	25.100000381469727	25.149999618530273	24.850000381469727	25.100000381469727	53265	2024/12/09 
2024/12/10 	25.100000381469727	25.100000381469727	24.049999237060547	24.950000762939453	26105	2024/12/10 
2024/12/11 	24.950000762939453	25.049999237060547	24.5	25.049999237060547	2079	2024/12/11 
2024/12/12 	25.049999237060547	25.450000762939453	24.549999237060547	24.549999237060547	65506	2024/12/12 
2024/12/13 	24.950000762939453	25.450000762939453	24.649999618530273	25.049999237060547	38162	2024/12/13 
2024/12/16 	25.049999237060547	25.049999237060547	24.600000381469727	25.049999237060547	37210	2024/12/16 
2024/12/17 	24.950000762939453	24.950000762939453	24.399999618530273	24.649999618530273	98609	2024/12/17 
2024/12/18 	24.649999618530273	24.649999618530273	23.649999618530273	24.5	39499	2024/12/18 
2024/12/19 	24.450000762939453	24.450000762939453	23.299999237060547	24.25	17010	2024/12/19 
2024/12/20 	24.25	24.399999618530273	23.100000381469727	23.549999237060547	47050	2024/12/20 
2024/12/23 	23.549999237060547	23.850000381469727	22.75	23.600000381469727	43353	2024/12/23 
2024/12/24 	23.899999618530273	23.899999618530273	22.799999237060547	23.600000381469727	56515	2024/12/24 
2024/12/25 	23.549999237060547	23.950000762939453	22.399999618530273	23.5	171880	2024/12/25 
2024/12/26 	23.950000762939453	24.0	23.049999237060547	24.0	12151	2024/12/26 
2024/12/27 	23.5	24.100000381469727	23.5	24.0	10228	2024/12/27 
2024/12/30 	23.950000762939453	23.950000762939453	23.5	23.850000381469727	24059	2024/12/30 
2024/12/31 	23.950000762939453	24.450000762939453	23.799999237060547	24.100000381469727	51815	2024/12/31 
2025/01/02 	23.5	24.100000381469727	22.399999618530273	24.100000381469727	268620	2025/01/02 
2025/01/03 	22.950000762939453	23.950000762939453	22.950000762939453	23.950000762939453	45712	2025/01/03 
2025/01/06 	24.0	24.0	23.399999618530273	23.5	48506	2025/01/06 
2025/01/07 	23.950000762939453	23.950000762939453	23.450000762939453	23.899999618530273	31922	2025/01/07 
2025/01/08 	23.5	24.0	23.5	23.899999618530273	18846	2025/01/08 
2025/01/09 	23.5	23.600000381469727	22.700000762939453	22.700000762939453	257427	2025/01/09 
2025/01/10 	23.0	23.149999618530273	22.399999618530273	22.600000381469727	221261	2025/01/10 
2025/01/13 	22.600000381469727	22.600000381469727	21.600000381469727	21.850000381469727	312448	2025/01/13 
2025/01/14 	21.600000381469727	21.700000762939453	20.149999618530273	20.850000381469727	302632	2025/01/14 
2025/01/15 	20.850000381469727	21.200000762939453	19.850000381469727	20.25	247668	2025/01/15 
2025/01/16 	20.25	20.299999237060547	19.950000762939453	20.149999618530273	119069	2025/01/16 
2025/01/17 	20.0	20.299999237060547	19.950000762939453	20.100000381469727	173127	2025/01/17 
2025/01/20 	20.100000381469727	21.600000381469727	20.100000381469727	21.5	425195	2025/01/20 
2025/01/21 	21.100000381469727	21.850000381469727	20.700000762939453	21.450000762939453	310683	2025/01/21 
2025/01/22 	20.899999618530273	21.700000762939453	20.700000762939453	20.950000762939453	167047	2025/01/22 
2025/02/03 	20.950000762939453	21.299999237060547	20.799999237060547	21.200000762939453	411045	2025/02/03 
2025/02/04 	21.200000762939453	21.450000762939453	20.950000762939453	21.149999618530273	106958	2025/02/04 
2025/02/05 	21.149999618530273	28.100000381469727	21.049999237060547	26.0	1761026	2025/02/05 
2025/02/06 	25.649999618530273	27.600000381469727	25.0	25.299999237060547	1492258	2025/02/06 
2025/02/07 	26.25	26.299999237060547	23.049999237060547	23.5	712424	2025/02/07 
2025/02/10 	23.399999618530273	23.950000762939453	22.149999618530273	23.25	315155	2025/02/10 
2025/02/11 	23.25	24.399999618530273	23.149999618530273	23.549999237060547	255576	2025/02/11 
2025/02/12 	23.549999237060547	23.950000762939453	22.649999618530273	23.5	334639	2025/02/12 
2025/02/13 	23.0	25.049999237060547	22.950000762939453	24.5	502679	2025/02/13 
2025/02/14 	24.5	24.850000381469727	23.399999618530273	24.399999618530273	550538	2025/02/14 
2025/02/17 	24.950000762939453	24.950000762939453	23.299999237060547	24.0	290718	2025/02/17 
2025/02/18 	24.149999618530273	24.5	23.5	23.799999237060547	254615	2025/02/18 
2025/02/19 	23.899999618530273	24.149999618530273	23.049999237060547	24.0	294632	2025/02/19 
2025/02/20 	23.799999237060547	24.25	23.5	24.100000381469727	1161958	2025/02/20 
2025/02/21 	24.100000381469727	25.0	23.700000762939453	24.399999618530273	298038	2025/02/21 
2025/02/24 	23.950000762939453	24.100000381469727	23.700000762939453	24.0	341494	2025/02/24 
2025/02/25 	23.700000762939453	24.100000381469727	23.399999618530273	23.850000381469727	185610	2025/02/25 
2025/02/26 	24.0	24.100000381469727	23.700000762939453	24.100000381469727	139792	2025/02/26 
2025/02/27 	24.100000381469727	24.450000762939453	23.75	24.049999237060547	368732	2025/02/27 
2025/03/03 	24.149999618530273	24.950000762939453	23.700000762939453	24.049999237060547	184110	2025/03/03 
2025/03/04 	24.100000381469727	24.100000381469727	23.5	23.950000762939453	70851	2025/03/04 
2025/03/05 	23.700000762939453	24.0	23.450000762939453	23.549999237060547	158826	2025/03/05 
2025/03/06 	23.549999237060547	23.950000762939453	23.25	23.600000381469727	184373	2025/03/06 
2025/03/07 	23.600000381469727	24.0	22.899999618530273	23.600000381469727	234985	2025/03/07 
2025/03/10 	24.0	24.149999618530273	23.049999237060547	23.5	94940	2025/03/10 
2025/03/11 	22.850000381469727	24.5	22.799999237060547	23.450000762939453	159965	2025/03/11 
2025/03/12 	23.450000762939453	23.950000762939453	22.899999618530273	23.450000762939453	313056	2025/03/12 
2025/03/13 	24.0	24.149999618530273	22.899999618530273	23.549999237060547	43599	2025/03/13 
2025/03/14 	23.100000381469727	23.950000762939453	22.899999618530273	23.25	270722	2025/03/14 
2025/03/17 	23.299999237060547	23.950000762939453	22.799999237060547	23.100000381469727	114054	2025/03/17 
2025/03/18 	23.200000762939453	23.200000762939453	22.450000762939453	22.950000762939453	187457	2025/03/18 
2025/03/19 	22.850000381469727	23.100000381469727	22.25	23.100000381469727	323516	2025/03/19 
2025/03/20 	23.100000381469727	23.100000381469727	22.25	22.600000381469727	102015	2025/03/20 
2025/03/21 	22.600000381469727	23.399999618530273	22.25	22.950000762939453	131429	2025/03/21 
2025/03/24 	22.75	22.75	22.149999618530273	22.5	49488	2025/03/24 
2025/03/25 	22.950000762939453	22.950000762939453	22.0	22.100000381469727	72838	2025/03/25 
2025/03/26 	22.100000381469727	22.100000381469727	21.799999237060547	22.0	185910	2025/03/26 
2025/03/27 	22.450000762939453	22.450000762939453	21.549999237060547	22.0	15053	2025/03/27 
2025/03/28 	21.600000381469727	22.049999237060547	21.049999237060547	21.600000381469727	176104	2025/03/28 
2025/03/31 	21.600000381469727	21.600000381469727	19.950000762939453	20.350000381469727	159063	2025/03/31 
2025/04/01 	20.600000381469727	20.600000381469727	19.649999618530273	20.049999237060547	107013	2025/04/01 
2025/04/02 	20.450000762939453	20.450000762939453	19.549999237060547	20.299999237060547	112212	2025/04/02 
2025/04/07 	19.299999237060547	20.299999237060547	16.350000381469727	17.149999618530273	856573	2025/04/07 
2025/04/08 	16.799999237060547	19.950000762939453	16.799999237060547	19.149999618530273	483899	2025/04/08 
2025/04/09 	19.149999618530273	19.25	18.200000762939453	18.799999237060547	341306	2025/04/09 
2025/04/10 	18.899999618530273	21.0	18.899999618530273	20.0	272506	2025/04/10 
2025/04/11 	19.950000762939453	20.850000381469727	19.0	20.850000381469727	200226	2025/04/11 
2025/04/14 	20.850000381469727	21.0	19.549999237060547	20.0	91541	2025/04/14 
2025/04/15 	20.100000381469727	20.450000762939453	19.899999618530273	20.0	154571	2025/04/15 
2025/04/16 	20.149999618530273	20.350000381469727	19.850000381469727	20.25	128861	2025/04/16 
2025/04/17 	20.0	20.25	19.850000381469727	20.100000381469727	69399	2025/04/17 
2025/04/18 	20.100000381469727	20.100000381469727	19.850000381469727	20.0	133584	2025/04/18 
2025/04/21 	19.850000381469727	20.149999618530273	19.75	20.049999237060547	220708	2025/04/21 
2025/04/22 	20.049999237060547	20.049999237060547	19.350000381469727	19.850000381469727	507520	2025/04/22 
2025/04/23 	19.850000381469727	20.399999618530273	19.600000381469727	19.799999237060547	205236	2025/04/23 
2025/04/24 	20.0	20.0	19.049999237060547	19.700000762939453	275275	2025/04/24 
2025/04/25 	19.700000762939453	20.049999237060547	19.549999237060547	19.950000762939453	200451	2025/04/25 
2025/04/28 	19.950000762939453	19.950000762939453	19.450000762939453	19.600000381469727	79569	2025/04/28 
2025/04/29 	19.600000381469727	19.950000762939453	18.200000762939453	19.950000762939453	108396	2025/04/29 
2025/04/30 	19.950000762939453	19.950000762939453	18.950000762939453	19.700000762939453	56698	2025/04/30 
2025/05/02 	19.700000762939453	19.950000762939453	18.950000762939453	19.299999237060547	52101	2025/05/02 
2025/05/05 	19.299999237060547	19.299999237060547	18.049999237060547	18.899999618530273	226699	2025/05/05 
2025/05/06 	18.899999618530273	18.899999618530273	18.0	18.600000381469727	59436	2025/05/06 
2025/05/07 	18.75	20.049999237060547	18.450000762939453	20.049999237060547	147787	2025/05/07 
2025/05/08 	20.049999237060547	20.75	19.75	20.100000381469727	162855	2025/05/08 
2025/05/09 	20.049999237060547	20.450000762939453	19.149999618530273	20.450000762939453	156939	2025/05/09 
2025/05/12 	20.450000762939453	20.950000762939453	19.549999237060547	20.100000381469727	307835	2025/05/12 
2025/05/13 	20.450000762939453	20.450000762939453	19.25	19.700000762939453	473438	2025/05/13 
2025/05/14 	20.0	20.450000762939453	19.799999237060547	20.450000762939453	75171	2025/05/14 
2025/05/15 	20.450000762939453	20.450000762939453	18.899999618530273	20.0	222200	2025/05/15 
2025/05/16 	19.899999618530273	19.899999618530273	18.850000381469727	19.149999618530273	206627	2025/05/16 
2025/05/19 	19.200000762939453	19.950000762939453	18.850000381469727	19.0	32009	2025/05/19 
2025/05/20 	19.950000762939453	19.950000762939453	19.899999618530273	19.899999618530273	1002	2025/05/20 
2025/05/21 	19.899999618530273	19.899999618530273	19.049999237060547	19.850000381469727	14101	2025/05/21 
2025/05/22 	19.899999618530273	19.950000762939453	19.0	19.950000762939453	45711	2025/05/22 
2025/05/23 	19.0	20.0	19.0	19.549999237060547	1285	2025/05/23 
2025/05/26 	19.75	19.75	18.200000762939453	19.200000762939453	104210	2025/05/26 
2025/05/27 	19.200000762939453	19.450000762939453	18.700000762939453	19.450000762939453	34657	2025/05/27 
2025/05/28 	19.450000762939453	19.450000762939453	18.700000762939453	19.399999618530273	26005	2025/05/28 
2025/05/29 	19.450000762939453	19.5	19.25	19.5	28344	2025/05/29 
2025/06/02 	18.75	19.600000381469727	18.75	19.049999237060547	18781	2025/06/02 
2025/06/03 	19.299999237060547	20.149999618530273	18.950000762939453	19.299999237060547	101103	2025/06/03 
2025/06/04 	19.299999237060547	19.299999237060547	18.649999618530273	19.299999237060547	30151	2025/06/04 
2025/06/05 	19.299999237060547	19.299999237060547	18.600000381469727	19.25	3460	2025/06/05 
2025/06/06 	19.25	19.299999237060547	18.600000381469727	19.299999237060547	21471	2025/06/06 
2025/06/09 	19.299999237060547	19.299999237060547	18.600000381469727	19.049999237060547	87128	2025/06/09 
2025/06/10 	19.049999237060547	19.049999237060547	18.100000381469727	19.049999237060547	114689	2025/06/10 
2025/06/11 	19.049999237060547	19.100000381469727	18.399999618530273	18.700000762939453	74324	2025/06/11 
2025/06/12 	18.850000381469727	18.850000381469727	18.399999618530273	18.75	57837	2025/06/12 
2025/06/13 	18.700000762939453	18.799999237060547	18.25	18.549999237060547	38560	2025/06/13 
2025/06/16 	18.600000381469727	18.649999618530273	17.75	18.649999618530273	29973	2025/06/16 
2025/06/17 	18.700000762939453	18.700000762939453	17.850000381469727	18.200000762939453	36634	2025/06/17 
2025/06/18 	18.200000762939453	18.200000762939453	17.200000762939453	18.200000762939453	108214	2025/06/18 
2025/06/19 	18.200000762939453	18.200000762939453	17.799999237060547	18.200000762939453	16074	2025/06/19 
2025/06/20 	18.200000762939453	18.200000762939453	17.350000381469727	18.200000762939453	5528	2025/06/20 
2025/06/23 	17.350000381469727	18.149999618530273	17.350000381469727	18.149999618530273	11265	2025/06/23 
2025/06/24 	17.350000381469727	17.799999237060547	17.0	17.75	90841	2025/06/24 
2025/06/25 	17.75	17.799999237060547	17.299999237060547	17.75	20035	2025/06/25 
2025/06/26 	17.75	17.799999237060547	17.100000381469727	17.25	120457	2025/06/26 
2025/06/27 	17.549999237060547	17.600000381469727	17.100000381469727	17.450000762939453	99845	2025/06/27 
2025/06/30 	17.450000762939453	18.0	17.100000381469727	17.950000762939453	113323	2025/06/30 
2025/07/01 	17.350000381469727	17.799999237060547	16.299999237060547	17.149999618530273	344708	2025/07/01 
2025/07/02 	17.399999618530273	17.649999618530273	16.899999618530273	17.399999618530273	60467	2025/07/02 
2025/07/03 	17.549999237060547	17.600000381469727	17.299999237060547	17.5	13490	2025/07/03 
2025/07/04 	17.5	17.600000381469727	16.850000381469727	17.600000381469727	55205	2025/07/04 
2025/07/07 	17.0	17.600000381469727	16.850000381469727	17.299999237060547	32663	2025/07/07 
2025/07/08 	17.549999237060547	17.600000381469727	16.850000381469727	17.5	40006	2025/07/08 
2025/07/09 	17.299999237060547	17.75	16.75	17.600000381469727	107069	2025/07/09 
2025/07/10 	17.600000381469727	17.850000381469727	17.200000762939453	17.299999237060547	71306	2025/07/10 
2025/07/11 	17.299999237060547	17.600000381469727	17.299999237060547	17.549999237060547	11517	2025/07/11 
2025/07/14 	17.549999237060547	17.799999237060547	16.899999618530273	17.649999618530273	112324	2025/07/14 
2025/07/15 	17.700000762939453	17.799999237060547	17.0	17.700000762939453	54448	2025/07/15 
2025/07/16 	17.700000762939453	17.950000762939453	17.049999237060547	17.950000762939453	73363	2025/07/16 
2025/07/17 	17.950000762939453	18.25	17.799999237060547	18.25	23162	2025/07/17 
2025/07/18 	18.450000762939453	18.649999618530273	18.149999618530273	18.649999618530273	102429	2025/07/18 
2025/07/21 	18.649999618530273	18.649999618530273	17.700000762939453	18.600000381469727	47204	2025/07/21 
2025/07/22 	18.600000381469727	19.0	18.100000381469727	18.950000762939453	98664	2025/07/22 
2025/07/23 	19.0	19.0	18.049999237060547	18.549999237060547	118745	2025/07/23 
2025/07/24 	18.549999237060547	18.75	18.049999237060547	18.75	4107	2025/07/24 
2025/07/25 	18.75	18.75	17.899999618530273	18.5	32716	2025/07/25 
2025/07/28 	18.5	18.5	17.75	18.450000762939453	14423	2025/07/28 
2025/07/29 	17.700000762939453	18.049999237060547	17.5	17.75	76315	2025/07/29 
2025/07/30 	17.899999618530273	18.149999618530273	17.899999618530273	18.149999618530273	17003	2025/07/30 
2025/07/31 	18.149999618530273	18.149999618530273	17.700000762939453	17.799999237060547	18102	2025/07/31 
2025/08/01 	17.799999237060547	17.950000762939453	17.100000381469727	17.799999237060547	52590	2025/08/01 
2025/08/04 	17.799999237060547	17.899999618530273	17.200000762939453	17.899999618530273	36008	2025/08/04 
2025/08/05 	17.899999618530273	18.0	17.600000381469727	17.850000381469727	24602	2025/08/05 
2025/08/06 	17.850000381469727	18.049999237060547	17.700000762939453	17.950000762939453	84803	2025/08/06 
2025/08/07 	18.100000381469727	18.100000381469727	17.700000762939453	18.049999237060547	28012	2025/08/07 
2025/08/08 	18.049999237060547	18.450000762939453	18.0	18.450000762939453	17441	2025/08/08 
2025/08/11 	18.450000762939453	18.5	17.600000381469727	18.450000762939453	88266	2025/08/11 
2025/08/12 	18.450000762939453	18.450000762939453	17.649999618530273	18.100000381469727	11638	2025/08/12 
2025/08/13 	18.100000381469727	18.200000762939453	17.700000762939453	18.100000381469727	54892	2025/08/13 
2025/08/14 	18.100000381469727	18.100000381469727	17.600000381469727	18.049999237060547	23837	2025/08/14 
2025/08/15 	18.049999237060547	18.049999237060547	17.450000762939453	17.799999237060547	27203	2025/08/15 
2025/08/18 	17.600000381469727	17.799999237060547	17.450000762939453	17.600000381469727	98911	2025/08/18 
2025/08/19 	17.600000381469727	18.350000381469727	17.450000762939453	17.549999237060547	35032	2025/08/19 
2025/08/20 	17.399999618530273	17.450000762939453	16.899999618530273	17.450000762939453	145813	2025/08/20 
2025/08/21 	17.450000762939453	17.5	16.899999618530273	17.450000762939453	20213	2025/08/21 
2025/08/22 	17.450000762939453	17.5	16.950000762939453	17.200000762939453	65023	2025/08/22 
