Date	Open	High	Low	Close	Volume	Date
2022/11/03 	43.638555476718466	61.67333221435547	43.638555476718466	60.738887786865234	115475	2022/11/03 
2022/11/04 	57.748660524933115	57.748660524933115	47.00255042403729	48.96488571166992	84301	2022/11/04 
2022/11/07 	48.77799813348058	58.869996886878035	46.1615545403216	56.34699630737305	104046	2022/11/07 
2022/11/08 	54.29121773239078	55.786330897897194	49.80588536511646	52.42232894897461	21222	2022/11/08 
2022/11/09 	50.27310759468468	54.010885164023655	50.27310759468468	53.356773376464844	35495	2022/11/09 
2022/11/10 	51.394443561796606	52.98299980299484	48.777999875211485	51.58133316040039	13017	2022/11/10 
2022/11/11 	51.02066236141248	53.26333032736087	51.02066236141248	52.42232894897461	27004	2022/11/11 
2022/11/14 	52.42232894897461	52.42232894897461	52.42232894897461	52.42232894897461	502	2022/11/14 
2022/11/15 	50.92721751819957	51.394439697265625	50.92721751819957	51.394439697265625	4000	2022/11/15 
2022/11/16 	52.048551460882564	52.048551460882564	50.740327933648686	51.394439697265625	30533	2022/11/16 
2022/11/17 	50.740331699795206	50.740331699795206	48.31077761416964	49.52555465698242	36001	2022/11/17 
2022/11/18 	49.24522199356157	51.48788647857414	49.058332395321536	51.20755386352539	11313	2022/11/18 
2022/11/21 	49.338661193847656	49.338661193847656	49.338661193847656	49.338661193847656	3000	2022/11/21 
2022/11/22 	50.55344009399414	50.55344009399414	50.55344009399414	50.55344009399414	8	2022/11/22 
2022/11/23 	50.08621978372053	50.08621978372053	48.21733093261719	48.21733093261719	1569	2022/11/23 
2022/11/24 	48.21733093261719	48.21733093261719	48.21733093261719	48.21733093261719	0	2022/11/24 
2022/11/25 	48.12388605075243	48.31077564154392	47.93699645996094	47.93699645996094	5006	2022/11/25 
2022/11/28 	48.777999929501505	48.777999929501505	48.03044509887695	48.03044509887695	4301	2022/11/28 
2022/11/29 	48.03044499884709	48.03044499884709	47.469776203579386	47.65666580200195	20000	2022/11/29 
2022/11/30 	47.93699836474733	47.93699836474733	42.28361029755656	45.600887298583984	85004	2022/11/30 
2022/12/01 	45.78777313232422	45.974662715176535	45.69433012320921	45.78777313232422	16000	2022/12/01 
2022/12/02 	45.694331948442766	45.83449646771406	44.66644098400768	45.133663177490234	50000	2022/12/02 
2022/12/05 	45.78777422217441	46.395164489746094	45.600884634873715	46.395164489746094	23000	2022/12/05 
2022/12/06 	47.750108818901936	48.59111022949219	47.469776203579386	47.65666580200195	27000	2022/12/06 
2022/12/07 	46.72222137451172	46.72222137451172	46.72222137451172	46.72222137451172	610	2022/12/07 
2022/12/08 	48.31077562220278	48.68455123901367	47.65666383700567	48.68455123901367	16000	2022/12/08 
2022/12/09 	50.646888682895224	50.646888682895224	48.59111022949219	48.59111022949219	1004	2022/12/09 
2022/12/12 	49.71244430541992	49.71244430541992	49.71244430541992	49.71244430541992	1000	2022/12/12 
2022/12/13 	48.87144088745117	48.87144088745117	48.87144088745117	48.87144088745117	1000	2022/12/13 
2022/12/14 	48.31077575683594	48.31077575683594	48.31077575683594	48.31077575683594	1000	2022/12/14 
2022/12/15 	48.31077575683594	48.31077575683594	48.31077575683594	48.31077575683594	0	2022/12/15 
2022/12/16 	48.31077575683594	48.31077575683594	48.31077575683594	48.31077575683594	0	2022/12/16 
2022/12/19 	48.12388610839844	48.12388610839844	48.12388610839844	48.12388610839844	1000	2022/12/19 
2022/12/20 	47.46977434258236	47.65666393367814	47.3763313293457	47.3763313293457	3000	2022/12/20 
2022/12/21 	48.96488571166992	48.96488571166992	48.96488571166992	48.96488571166992	1000	2022/12/21 
2022/12/22 	48.96488571166992	48.96488571166992	48.96488571166992	48.96488571166992	0	2022/12/22 
2022/12/23 	48.5911084529218	49.43210983276367	48.5911084529218	49.43210983276367	2000	2022/12/23 
2022/12/26 	49.43210983276367	49.43210983276367	49.43210983276367	49.43210983276367	0	2022/12/26 
2022/12/27 	49.52555465698242	49.52555465698242	49.52555465698242	49.52555465698242	1	2022/12/27 
2022/12/28 	49.43210983276367	49.43210983276367	49.43210983276367	49.43210983276367	4	2022/12/28 
2022/12/29 	47.09600067138672	47.09600067138672	47.09600067138672	47.09600067138672	1000	2022/12/29 
2022/12/30 	46.72221937113991	46.8156623840332	46.72221937113991	46.8156623840332	3001	2022/12/30 
2023/01/03 	46.8156623840332	46.8156623840332	46.8156623840332	46.8156623840332	0	2023/01/03 
2023/01/04 	46.8156623840332	46.8156623840332	46.8156623840332	46.8156623840332	0	2023/01/04 
2023/01/05 	46.72222147784835	46.72222147784835	45.22711181640625	45.22711181640625	1009	2023/01/05 
2023/01/06 	45.600887298583984	45.600887298583984	45.600887298583984	45.600887298583984	100	2023/01/06 
2023/01/09 	45.600887298583984	45.600887298583984	45.600887298583984	45.600887298583984	0	2023/01/09 
2023/01/10 	45.600887298583984	45.600887298583984	45.600887298583984	45.600887298583984	0	2023/01/10 
2023/01/11 	45.22711082287046	45.78777604243907	45.180385750720966	45.74105453491211	28000	2023/01/11 
2023/01/12 	45.74105453491211	45.74105453491211	45.74105453491211	45.74105453491211	0	2023/01/12 
2023/01/13 	45.133663177490234	45.133663177490234	45.133663177490234	45.133663177490234	3000	2023/01/13 
2023/01/16 	45.040218365537264	45.78777313232422	45.040218365537264	45.78777313232422	6050	2023/01/16 
2023/01/17 	45.78777313232422	45.78777313232422	45.78777313232422	45.78777313232422	0	2023/01/17 
2023/01/30 	46.62877643485013	48.123886031333846	46.25499725341797	46.25499725341797	14100	2023/01/30 
2023/01/31 	47.563222733982286	47.563222733982286	46.53533172607422	46.53533172607422	5000	2023/01/31 
2023/02/01 	46.25499729118725	47.56322086264557	46.2082757846257	47.1894416809082	34741	2023/02/01 
2023/02/02 	46.53533172607422	46.53533172607422	46.53533172607422	46.53533172607422	100	2023/02/02 
2023/02/03 	46.535329895179046	47.1894416809082	46.535329895179046	47.1894416809082	8360	2023/02/03 
2023/02/06 	47.1894416809082	47.1894416809082	47.1894416809082	47.1894416809082	0	2023/02/06 
2023/02/07 	47.1894416809082	47.1894416809082	47.1894416809082	47.1894416809082	0	2023/02/07 
2023/02/08 	46.72222137451172	46.72222137451172	46.72222137451172	46.72222137451172	1000	2023/02/08 
2023/02/09 	47.5632209777832	47.5632209777832	47.5632209777832	47.5632209777832	1000	2023/02/09 
2023/02/10 	47.5632210126063	48.49766540527344	47.5632210126063	48.49766540527344	9501	2023/02/10 
2023/02/13 	48.87144084929594	50.92721921875742	47.93699645996094	47.93699645996094	27354	2023/02/13 
2023/02/14 	48.591110330689716	48.777999929501505	47.843555500065165	48.03044509887695	28004	2023/02/14 
2023/02/15 	48.49766519296649	48.49766519296649	46.81566244183092	47.0025520324707	14150	2023/02/15 
2023/02/16 	48.12388610839844	48.12388610839844	48.12388610839844	48.12388610839844	1001	2023/02/16 
2023/02/17 	47.095998667785096	47.1894416809082	47.00255209003952	47.1894416809082	5000	2023/02/17 
2023/02/20 	48.12388610839844	48.12388610839844	47.09599870474765	48.12388610839844	3002	2023/02/20 
2023/02/21 	48.12388801574707	48.12388801574707	47.65666580200195	47.65666580200195	1001	2023/02/21 
2023/02/22 	47.00255398983427	47.65666580200195	47.00255398983427	47.65666580200195	5000	2023/02/22 
2023/02/23 	47.65666399113251	48.0304431737747	46.722219599149525	47.5632209777832	7001	2023/02/23 
2023/02/24 	47.65666580200195	47.65666580200195	46.30172066921659	46.72222137451172	10030	2023/02/24 
2023/03/01 	46.72222137451172	46.72222137451172	46.72222137451172	46.72222137451172	2000	2023/03/01 
2023/03/02 	47.5632209777832	47.5632209777832	47.5632209777832	47.5632209777832	1	2023/03/02 
2023/03/03 	47.563220899974816	48.497665290429154	47.563220899974816	48.12388610839844	30400	2023/03/03 
2023/03/06 	48.497663340419	48.497663340419	47.46977241347553	48.40421676635742	3000	2023/03/06 
2023/03/07 	48.40421855557645	48.40421855557645	46.208275670981855	46.8156623840332	12445	2023/03/07 
2023/03/08 	48.3107775622465	48.3107775622465	46.53533172607422	46.53533172607422	1003	2023/03/08 
2023/03/09 	48.31077566149784	48.31077566149784	46.535329895179046	47.1894416809082	2002	2023/03/09 
2023/03/10 	46.628774615427446	47.18943980107646	46.628774615427446	46.90910720825195	11100	2023/03/10 
2023/03/13 	46.90910909691514	46.90910909691514	45.600885524899084	46.44188690185547	12006	2023/03/13 
2023/03/14 	46.8156623840332	46.8156623840332	46.8156623840332	46.8156623840332	1301	2023/03/14 
2023/03/15 	46.8156623840332	46.8156623840332	46.8156623840332	46.8156623840332	200	2023/03/15 
2023/03/16 	45.64760795523565	45.74105453491211	45.41399685297831	45.74105453491211	11150	2023/03/16 
2023/03/17 	44.666439122306045	46.72221740086873	44.666439122306045	44.853328704833984	7002	2023/03/17 
2023/03/20 	44.853328704833984	44.853328704833984	44.853328704833984	44.853328704833984	0	2023/03/20 
2023/03/21 	46.90910720825195	46.90910720825195	46.90910720825195	46.90910720825195	2000	2023/03/21 
2023/03/22 	44.90005111694336	45.040219197828314	44.71316153063754	44.90005111694336	13000	2023/03/22 
2023/03/23 	44.90005111694336	44.90005111694336	44.90005111694336	44.90005111694336	0	2023/03/23 
2023/03/24 	46.06810760498047	46.06810760498047	46.06810760498047	46.06810760498047	1500	2023/03/24 
2023/03/27 	46.06810760498047	46.06810760498047	46.06810760498047	46.06810760498047	0	2023/03/27 
2023/03/28 	46.068110516986536	46.068110516986536	46.02138900756836	46.02138900756836	1201	2023/03/28 
2023/03/29 	46.02138900756836	46.02138900756836	46.02138900756836	46.02138900756836	5	2023/03/29 
2023/03/30 	44.71316146850586	44.71316146850586	44.71316146850586	44.71316146850586	501	2023/03/30 
2023/03/31 	44.71316146850586	44.71316146850586	44.71316146850586	44.71316146850586	0	2023/03/31 
2023/04/06 	44.713160626782454	44.853328704833984	44.713160626782454	44.853328704833984	5200	2023/04/06 
2023/04/07 	44.853328704833984	44.853328704833984	44.853328704833984	44.853328704833984	21	2023/04/07 
2023/04/10 	44.853328704833984	44.853328704833984	44.853328704833984	44.853328704833984	0	2023/04/10 
2023/04/11 	44.85333050738324	44.85333050738324	42.51721954345703	42.51721954345703	9041	2023/04/11 
2023/04/12 	42.51721954345703	42.98444173624227	42.33032995341844	42.51721954345703	9045	2023/04/12 
2023/04/13 	42.51721954345703	42.51721954345703	42.51721954345703	42.51721954345703	0	2023/04/13 
2023/04/14 	42.51721954345703	42.51721954345703	42.51721954345703	42.51721954345703	0	2023/04/14 
2023/04/17 	42.19016647338867	42.19016647338867	42.19016647338867	42.19016647338867	1000	2023/04/17 
2023/04/18 	42.190164594696974	43.40494155883789	42.190164594696974	43.40494155883789	2001	2023/04/18 
2023/04/19 	43.40494155883789	43.40494155883789	43.40494155883789	43.40494155883789	0	2023/04/19 
2023/04/20 	43.40494155883789	43.40494155883789	43.40494155883789	43.40494155883789	0	2023/04/20 
2023/04/21 	43.40494155883789	43.40494155883789	43.40494155883789	43.40494155883789	0	2023/04/21 
2023/04/24 	43.40494155883789	43.40494155883789	43.40494155883789	43.40494155883789	0	2023/04/24 
2023/04/25 	42.19016647338867	42.19016647338867	42.19016647338867	42.19016647338867	2001	2023/04/25 
2023/04/26 	41.58277800602546	42.47050094604492	41.58277800602546	42.47050094604492	48	2023/04/26 
2023/04/27 	42.47050094604492	42.47050094604492	42.47050094604492	42.47050094604492	0	2023/04/27 
2023/04/28 	42.47050094604492	42.47050094604492	42.47050094604492	42.47050094604492	0	2023/04/28 
2023/05/02 	41.5827751159668	41.5827751159668	41.5827751159668	41.5827751159668	1000	2023/05/02 
2023/05/03 	41.5827751159668	41.5827751159668	41.5827751159668	41.5827751159668	0	2023/05/03 
2023/05/04 	41.5827751159668	41.5827751159668	41.5827751159668	41.5827751159668	0	2023/05/04 
2023/05/05 	41.5827751159668	41.5827751159668	41.5827751159668	41.5827751159668	0	2023/05/05 
2023/05/08 	41.5827751159668	41.5827751159668	41.5827751159668	41.5827751159668	0	2023/05/08 
2023/05/09 	40.227831025067665	42.00327682495117	40.227831025067665	42.00327682495117	41	2023/05/09 
2023/05/10 	42.00327682495117	42.00327682495117	42.00327682495117	42.00327682495117	0	2023/05/10 
2023/05/11 	41.909828186035156	41.909828186035156	41.909828186035156	41.909828186035156	1	2023/05/11 
2023/05/12 	41.909828186035156	41.909828186035156	41.909828186035156	41.909828186035156	0	2023/05/12 
2023/05/15 	41.909828186035156	41.909828186035156	41.909828186035156	41.909828186035156	0	2023/05/15 
2023/05/16 	41.909828186035156	41.909828186035156	41.909828186035156	41.909828186035156	2000	2023/05/16 
2023/05/17 	35.976107345687964	35.976107345687964	31.771107785802357	31.91127586364746	135369	2023/05/17 
2023/05/18 	32.378498011058234	32.47194101979866	29.762052773169785	32.19160842895508	100789	2023/05/18 
2023/05/19 	32.144887829692934	33.17277521326922	32.00471974801326	32.23833084106445	69040	2023/05/19 
2023/05/22 	32.238331774368646	33.21949768066406	32.004720674554385	33.21949768066406	16218	2023/05/22 
2023/05/23 	32.00471981556221	32.705553096194954	31.67766571044922	31.67766571044922	11200	2023/05/23 
2023/05/24 	31.537496542405375	32.23832979890327	31.070274371406775	31.817829132080078	28412	2023/05/24 
2023/05/25 	31.163718332142096	31.39732942478071	31.163718332142096	31.30388641357422	21400	2023/05/25 
2023/05/26 	31.630942444695393	31.77111053466797	30.836666107177734	30.836666107177734	19600	2023/05/26 
2023/05/29 	30.836666107177734	31.53749942779541	30.836666107177734	30.836666107177734	7601	2023/05/29 
2023/05/30 	30.08910929536184	31.21044324738336	30.08910929536184	30.4628849029541	6990	2023/05/30 
2023/05/31 	30.462886958714993	31.49077796936035	29.995664744227817	31.49077796936035	29700	2023/05/31 
2023/06/01 	30.6030550511744	30.78994464990762	30.089111328125	30.089111328125	11802	2023/06/01 
2023/06/02 	30.789942788662334	30.88338580006903	30.603053201226547	30.743221282958984	10800	2023/06/02 
2023/06/05 	31.116997781541645	32.378499859279984	30.83666517469618	31.537498474121094	34018	2023/06/05 
2023/06/06 	32.19161019375746	32.19161019375746	30.883386611938477	30.883386611938477	2102	2023/06/06 
2023/06/07 	30.883388666153238	30.976835250854492	30.836667156113975	30.976835250854492	12150	2023/06/07 
2023/06/08 	31.771109502128322	31.771109502128322	30.883386611938477	30.883386611938477	2030	2023/06/08 
2023/06/09 	30.97683424634898	31.72438907660394	30.930109173202172	31.49077796936035	10200	2023/06/09 
2023/06/12 	30.836667156113975	31.303889385752065	30.836667156113975	30.976835250854492	11260	2023/06/12 
2023/06/13 	31.303885505713094	31.303885505713094	30.22927308489194	31.257164001464844	7435	2023/06/13 
2023/06/14 	31.2571678757128	31.303889385752065	30.743224136035444	30.976835250854492	21000	2023/06/14 
2023/06/15 	30.930109124077717	30.930109124077717	29.9022216796875	30.369443893432617	24045	2023/06/15 
2023/06/16 	29.995662783278476	29.995662783278476	29.66860868036747	29.902219772338867	10550	2023/06/16 
2023/06/19 	29.995662783278476	30.50961003731345	29.715330185837274	29.902219772338867	16200	2023/06/19 
2023/06/20 	29.902219772338867	29.902219772338867	29.902219772338867	29.902219772338867	0	2023/06/20 
2023/06/21 	29.66860868036747	29.902219772338867	29.434997588396072	29.902219772338867	23630	2023/06/21 
2023/06/26 	29.71533205633586	30.2760008511332	29.668610547925063	29.80877685546875	12169	2023/06/26 
2023/06/27 	30.275999960145633	30.32272146718147	29.66860967481229	29.855499267578125	15620	2023/06/27 
2023/06/28 	29.902219772338867	29.902219772338867	29.902219772338867	29.902219772338867	1000	2023/06/28 
2023/06/29 	29.902219772338867	29.902219772338867	29.902219772338867	29.902219772338867	2600	2023/06/29 
2023/06/30 	29.995664671022524	29.995664671022524	29.014498735918536	29.341554641723633	7940	2023/06/30 
2023/07/03 	28.96777727712432	29.061222076416016	28.96777727712432	29.061222076416016	11550	2023/07/03 
2023/07/04 	28.967775313587563	29.061220106545242	28.73416422234895	28.874330520629883	8491	2023/07/04 
2023/07/05 	28.08005248425944	29.061220137907153	28.033330978885772	28.967775344848633	18120	2023/07/05 
2023/07/06 	29.855499267578125	29.855499267578125	29.855499267578125	29.855499267578125	1501	2023/07/06 
2023/07/07 	30.60305304825306	31.257164818697447	28.967775404453278	29.902219772338867	22022	2023/07/07 
2023/07/10 	29.01449871401171	31.35060977898242	29.01449871401171	31.11699867248535	39910	2023/07/10 
2023/07/11 	29.948941215385847	31.11699667280825	28.78088575796345	29.715330123901367	19250	2023/07/11 
2023/07/12 	29.388277025863278	30.416164437668737	29.294832229614258	29.294832229614258	20001	2023/07/12 
2023/07/13 	29.294832229614258	29.434998532832164	29.294832229614258	29.294832229614258	7020	2023/07/13 
2023/07/14 	29.294831197790693	29.434997496071652	29.24810791015625	29.24810791015625	13520	2023/07/14 
2023/07/17 	29.24810984259199	29.341554641723633	29.24810984259199	29.341554641723633	16300	2023/07/17 
2023/07/18 	29.014496912243136	29.34155279749148	28.967775406769594	29.154664993286133	22000	2023/07/18 
2023/07/19 	29.154664993286133	29.154664993286133	29.154664993286133	29.154664993286133	0	2023/07/19 
2023/07/20 	28.874332428762447	29.80877685546875	28.874332428762447	29.80877685546875	48	2023/07/20 
2023/07/21 	29.80877685546875	29.80877685546875	29.80877685546875	29.80877685546875	0	2023/07/21 
2023/07/24 	29.808774948907306	29.808774948907306	29.43499755859375	29.43499755859375	56	2023/07/24 
2023/07/25 	29.43499755859375	29.43499755859375	29.43499755859375	29.43499755859375	0	2023/07/25 
2023/07/26 	28.5939998626709	28.780887678945614	28.407110264084885	28.5939998626709	24010	2023/07/26 
2023/07/27 	28.126777648517162	28.921055769040777	28.126777648517162	28.5939998626709	11111	2023/07/27 
2023/07/28 	28.874330520629883	28.874330520629883	27.659553559113586	28.874330520629883	33880	2023/07/28 
2023/07/31 	28.313663545181235	28.313663545181235	27.659553559100157	28.12677574157715	15020	2023/07/31 
2023/08/01 	27.65955352783203	27.65955352783203	27.65955352783203	27.65955352783203	2200	2023/08/01 
2023/08/02 	28.31366544002958	28.31366544002958	27.75300020938448	28.03333282470703	6740	2023/08/02 
2023/08/04 	29.5	29.950000762939453	29.0	29.049999237060547	40390	2023/08/04 
2023/08/07 	29.100000381469727	29.5	28.850000381469727	29.5	64200	2023/08/07 
2023/08/08 	29.200000762939453	29.5	28.200000762939453	29.299999237060547	22500	2023/08/08 
2023/08/09 	29.299999237060547	29.299999237060547	29.299999237060547	29.299999237060547	0	2023/08/09 
2023/08/10 	29.149999618530273	29.149999618530273	29.0	29.0	6051	2023/08/10 
2023/08/11 	29.200000762939453	29.399999618530273	29.200000762939453	29.399999618530273	5000	2023/08/11 
2023/08/14 	28.850000381469727	28.850000381469727	28.850000381469727	28.850000381469727	1000	2023/08/14 
2023/08/15 	28.5	28.899999618530273	28.5	28.899999618530273	5300	2023/08/15 
2023/08/16 	28.700000762939453	28.799999237060547	28.700000762939453	28.799999237060547	6000	2023/08/16 
2023/08/17 	28.700000762939453	29.399999618530273	28.5	29.0	26200	2023/08/17 
2023/08/18 	28.75	28.850000381469727	28.75	28.850000381469727	4200	2023/08/18 
2023/08/21 	28.5	28.700000762939453	28.5	28.700000762939453	5000	2023/08/21 
2023/08/22 	28.549999237060547	29.149999618530273	28.549999237060547	29.149999618530273	55	2023/08/22 
2023/08/23 	28.549999237060547	28.700000762939453	28.549999237060547	28.700000762939453	6000	2023/08/23 
2023/08/24 	28.700000762939453	28.700000762939453	28.700000762939453	28.700000762939453	0	2023/08/24 
2023/08/25 	28.549999237060547	28.700000762939453	28.549999237060547	28.700000762939453	10041	2023/08/25 
2023/08/28 	29.299999237060547	29.5	29.299999237060547	29.5	9200	2023/08/28 
2023/08/29 	29.049999237060547	29.299999237060547	29.049999237060547	29.299999237060547	5000	2023/08/29 
2023/08/30 	29.299999237060547	29.299999237060547	29.299999237060547	29.299999237060547	0	2023/08/30 
2023/08/31 	30.0	30.0	29.5	29.5	3500	2023/08/31 
2023/09/01 	29.5	29.5	29.5	29.5	0	2023/09/01 
2023/09/04 	29.5	29.5	29.5	29.5	0	2023/09/04 
2023/09/05 	29.5	29.5	29.5	29.5	0	2023/09/05 
2023/09/06 	30.0	30.100000381469727	30.0	30.0	9000	2023/09/06 
2023/09/07 	29.700000762939453	30.399999618530273	29.299999237060547	30.399999618530273	8261	2023/09/07 
2023/09/08 	30.399999618530273	30.399999618530273	30.399999618530273	30.399999618530273	0	2023/09/08 
2023/09/11 	29.5	29.799999237060547	29.5	29.5	6050	2023/09/11 
2023/09/12 	29.700000762939453	29.799999237060547	29.649999618530273	29.649999618530273	7000	2023/09/12 
2023/09/13 	30.0	30.0	30.0	30.0	1000	2023/09/13 
2023/09/14 	30.0	30.299999237060547	30.0	30.299999237060547	15500	2023/09/14 
2023/09/15 	30.149999618530273	30.5	29.600000381469727	29.600000381469727	33000	2023/09/15 
2023/09/18 	29.899999618530273	30.399999618530273	29.899999618530273	30.25	8000	2023/09/18 
2023/09/19 	30.450000762939453	30.5	30.0	30.100000381469727	24000	2023/09/19 
2023/09/20 	30.25	30.25	30.25	30.25	1000	2023/09/20 
2023/09/21 	30.25	30.25	30.25	30.25	0	2023/09/21 
2023/09/22 	30.25	30.25	30.25	30.25	0	2023/09/22 
2023/09/25 	30.649999618530273	30.649999618530273	30.649999618530273	30.649999618530273	1	2023/09/25 
2023/09/26 	30.649999618530273	30.649999618530273	30.649999618530273	30.649999618530273	0	2023/09/26 
2023/09/27 	30.5	30.5	30.299999237060547	30.299999237060547	6500	2023/09/27 
2023/09/28 	30.350000381469727	30.399999618530273	30.299999237060547	30.299999237060547	12100	2023/09/28 
2023/10/02 	30.200000762939453	30.299999237060547	30.200000762939453	30.299999237060547	11500	2023/10/02 
2023/10/03 	30.299999237060547	30.399999618530273	30.200000762939453	30.299999237060547	21050	2023/10/03 
2023/10/04 	30.0	30.299999237060547	30.0	30.299999237060547	3300	2023/10/04 
2023/10/05 	30.350000381469727	30.350000381469727	29.899999618530273	30.100000381469727	700	2023/10/05 
2023/10/06 	30.100000381469727	30.100000381469727	30.100000381469727	30.100000381469727	3000	2023/10/06 
2023/10/11 	30.100000381469727	30.100000381469727	29.299999237060547	29.299999237060547	8000	2023/10/11 
2023/10/12 	29.350000381469727	29.350000381469727	29.0	29.299999237060547	2100	2023/10/12 
2023/10/13 	29.350000381469727	29.350000381469727	28.149999618530273	28.149999618530273	15157	2023/10/13 
2023/10/16 	28.799999237060547	28.799999237060547	28.799999237060547	28.799999237060547	1050	2023/10/16 
2023/10/17 	28.899999618530273	30.0	28.899999618530273	29.950000762939453	11051	2023/10/17 
2023/10/18 	29.149999618530273	29.149999618530273	29.149999618530273	29.149999618530273	1000	2023/10/18 
2023/10/19 	28.600000381469727	28.600000381469727	27.75	28.049999237060547	23750	2023/10/19 
2023/10/20 	28.100000381469727	28.100000381469727	27.200000762939453	28.0	16060	2023/10/20 
2023/10/23 	28.100000381469727	28.299999237060547	28.100000381469727	28.299999237060547	2300	2023/10/23 
2023/10/24 	28.100000381469727	28.25	28.0	28.25	715	2023/10/24 
2023/10/25 	28.350000381469727	28.450000762939453	27.899999618530273	28.350000381469727	4100	2023/10/25 
2023/10/26 	27.549999237060547	27.799999237060547	26.899999618530273	27.049999237060547	13900	2023/10/26 
2023/10/27 	27.100000381469727	27.100000381469727	25.399999618530273	25.799999237060547	22600	2023/10/27 
2023/10/30 	25.200000762939453	25.399999618530273	22.799999237060547	24.75	49472	2023/10/30 
2023/10/31 	24.049999237060547	24.200000762939453	23.399999618530273	23.5	5451	2023/10/31 
2023/11/01 	23.5	23.700000762939453	23.0	23.299999237060547	3410	2023/11/01 
2023/11/02 	23.700000762939453	24.399999618530273	23.700000762939453	24.399999618530273	11450	2023/11/02 
2023/11/03 	24.399999618530273	24.399999618530273	24.399999618530273	24.399999618530273	0	2023/11/03 
2023/11/06 	24.350000381469727	24.350000381469727	22.899999618530273	23.0	15500	2023/11/06 
2023/11/07 	23.200000762939453	23.399999618530273	23.100000381469727	23.399999618530273	1150	2023/11/07 
2023/11/08 	23.0	23.200000762939453	23.0	23.200000762939453	10360	2023/11/08 
2023/11/09 	22.799999237060547	22.899999618530273	21.700000762939453	21.799999237060547	32053	2023/11/09 
2023/11/10 	22.200000762939453	22.399999618530273	21.5	22.399999618530273	1600	2023/11/10 
2023/11/13 	22.399999618530273	22.399999618530273	22.399999618530273	22.399999618530273	600	2023/11/13 
2023/11/14 	22.5	22.5	22.5	22.5	600	2023/11/14 
2023/11/15 	22.0	23.200000762939453	22.0	23.049999237060547	15100	2023/11/15 
2023/11/16 	23.75	23.75	23.100000381469727	23.100000381469727	150	2023/11/16 
2023/11/17 	23.700000762939453	24.700000762939453	23.700000762939453	24.700000762939453	12190	2023/11/17 
2023/11/20 	24.700000762939453	24.700000762939453	24.700000762939453	24.700000762939453	600	2023/11/20 
2023/11/21 	24.700000762939453	24.700000762939453	24.700000762939453	24.700000762939453	0	2023/11/21 
2023/11/22 	24.600000381469727	24.600000381469727	24.600000381469727	24.600000381469727	1338	2023/11/22 
2023/11/23 	24.600000381469727	24.600000381469727	24.600000381469727	24.600000381469727	0	2023/11/23 
2023/11/24 	23.75	24.0	23.450000762939453	23.549999237060547	5640	2023/11/24 
2023/11/27 	23.299999237060547	23.299999237060547	23.299999237060547	23.299999237060547	1000	2023/11/27 
2023/11/28 	23.299999237060547	23.299999237060547	23.299999237060547	23.299999237060547	0	2023/11/28 
2023/11/29 	23.950000762939453	24.299999237060547	23.950000762939453	24.299999237060547	13050	2023/11/29 
2023/11/30 	24.399999618530273	24.649999618530273	24.399999618530273	24.649999618530273	100	2023/11/30 
2023/12/01 	24.649999618530273	24.649999618530273	24.649999618530273	24.649999618530273	30	2023/12/01 
2023/12/04 	24.549999237060547	24.549999237060547	24.549999237060547	24.549999237060547	1004	2023/12/04 
2023/12/05 	24.549999237060547	24.549999237060547	24.549999237060547	24.549999237060547	30	2023/12/05 
2023/12/06 	24.549999237060547	24.549999237060547	24.549999237060547	24.549999237060547	150	2023/12/06 
2023/12/07 	24.5	24.5	24.5	24.5	30	2023/12/07 
2023/12/08 	24.5	24.549999237060547	24.100000381469727	24.549999237060547	13560	2023/12/08 
2023/12/11 	24.950000762939453	24.950000762939453	24.450000762939453	24.450000762939453	1030	2023/12/11 
2023/12/12 	25.0	25.0	24.450000762939453	24.450000762939453	2030	2023/12/12 
2023/12/13 	24.950000762939453	24.950000762939453	24.700000762939453	24.799999237060547	100030	2023/12/13 
2023/12/14 	24.399999618530273	24.399999618530273	24.399999618530273	24.399999618530273	1000	2023/12/14 
2023/12/15 	24.850000381469727	26.600000381469727	24.850000381469727	26.299999237060547	164211	2023/12/15 
2023/12/18 	25.399999618530273	25.399999618530273	24.700000762939453	24.799999237060547	22800	2023/12/18 
2023/12/19 	24.549999237060547	24.700000762939453	24.5	24.700000762939453	3530	2023/12/19 
2023/12/20 	25.100000381469727	25.100000381469727	25.100000381469727	25.100000381469727	30	2023/12/20 
2023/12/21 	25.0	25.0	24.799999237060547	25.0	101030	2023/12/21 
2023/12/22 	24.899999618530273	24.899999618530273	24.700000762939453	24.799999237060547	120030	2023/12/22 
2023/12/25 	24.5	24.600000381469727	24.5	24.5	160700	2023/12/25 
2023/12/26 	24.850000381469727	24.850000381469727	24.850000381469727	24.850000381469727	30	2023/12/26 
2023/12/27 	24.799999237060547	25.100000381469727	24.799999237060547	25.0	220030	2023/12/27 
2023/12/28 	25.149999618530273	25.149999618530273	24.5	24.5	18030	2023/12/28 
2023/12/29 	24.5	24.600000381469727	24.5	24.600000381469727	1545	2023/12/29 
2024/01/02 	24.600000381469727	24.600000381469727	24.600000381469727	24.600000381469727	0	2024/01/02 
2024/01/03 	24.5	24.5	24.5	24.5	3000	2024/01/03 
2024/01/04 	24.049999237060547	24.049999237060547	22.850000381469727	23.0	20500	2024/01/04 
2024/01/05 	23.75	23.799999237060547	23.75	23.799999237060547	1900	2024/01/05 
2024/01/08 	23.899999618530273	23.899999618530273	23.899999618530273	23.899999618530273	100	2024/01/08 
2024/01/09 	23.600000381469727	23.649999618530273	23.600000381469727	23.600000381469727	4806	2024/01/09 
2024/01/10 	23.200000762939453	23.200000762939453	23.100000381469727	23.100000381469727	750	2024/01/10 
2024/01/11 	23.100000381469727	23.100000381469727	22.799999237060547	22.850000381469727	11250	2024/01/11 
2024/01/12 	22.950000762939453	22.950000762939453	22.100000381469727	22.100000381469727	3726	2024/01/12 
2024/01/15 	22.100000381469727	22.100000381469727	22.100000381469727	22.100000381469727	0	2024/01/15 
2024/01/16 	21.899999618530273	21.899999618530273	21.850000381469727	21.899999618530273	4100	2024/01/16 
2024/01/17 	21.600000381469727	21.700000762939453	21.549999237060547	21.600000381469727	7100	2024/01/17 
2024/01/18 	21.100000381469727	21.100000381469727	20.899999618530273	21.049999237060547	9560	2024/01/18 
2024/01/19 	20.950000762939453	20.950000762939453	20.950000762939453	20.950000762939453	1316	2024/01/19 
2024/01/22 	20.450000762939453	20.700000762939453	20.0	20.600000381469727	36712	2024/01/22 
2024/01/23 	20.600000381469727	20.600000381469727	20.299999237060547	20.5	18500	2024/01/23 
2024/01/24 	20.450000762939453	20.5	20.450000762939453	20.5	8000	2024/01/24 
2024/01/25 	20.600000381469727	20.75	20.600000381469727	20.75	9400	2024/01/25 
2024/01/26 	20.5	20.600000381469727	20.5	20.5	2221	2024/01/26 
2024/01/29 	20.350000381469727	20.5	19.700000762939453	20.200000762939453	30314	2024/01/29 
2024/01/30 	20.149999618530273	20.149999618530273	20.149999618530273	20.149999618530273	50	2024/01/30 
2024/01/31 	20.200000762939453	20.200000762939453	20.200000762939453	20.200000762939453	50	2024/01/31 
2024/02/01 	20.200000762939453	20.399999618530273	20.200000762939453	20.399999618530273	6000	2024/02/01 
2024/02/02 	21.049999237060547	21.049999237060547	20.399999618530273	20.5	8160	2024/02/02 
2024/02/05 	21.75	21.75	21.700000762939453	21.700000762939453	32	2024/02/05 
2024/02/15 	21.75	22.100000381469727	21.399999618530273	21.399999618530273	12000	2024/02/15 
2024/02/16 	21.399999618530273	22.0	21.399999618530273	22.0	3380	2024/02/16 
2024/02/19 	22.0	22.5	21.899999618530273	22.5	5230	2024/02/19 
2024/02/20 	22.549999237060547	22.600000381469727	22.450000762939453	22.450000762939453	8200	2024/02/20 
2024/02/21 	23.0	23.0	22.899999618530273	22.899999618530273	6650	2024/02/21 
2024/02/22 	23.200000762939453	23.200000762939453	23.200000762939453	23.200000762939453	1100	2024/02/22 
2024/02/23 	23.299999237060547	23.299999237060547	22.649999618530273	22.649999618530273	9300	2024/02/23 
2024/02/26 	23.299999237060547	23.299999237060547	23.200000762939453	23.200000762939453	2100	2024/02/26 
2024/02/27 	23.350000381469727	23.350000381469727	23.299999237060547	23.299999237060547	1101	2024/02/27 
2024/02/29 	22.700000762939453	22.700000762939453	22.700000762939453	22.700000762939453	3000	2024/02/29 
2024/03/01 	23.299999237060547	23.299999237060547	23.299999237060547	23.299999237060547	100	2024/03/01 
2024/03/04 	23.299999237060547	23.299999237060547	23.200000762939453	23.200000762939453	4200	2024/03/04 
2024/03/05 	23.350000381469727	23.350000381469727	23.350000381469727	23.350000381469727	100	2024/03/05 
2024/03/06 	23.350000381469727	23.350000381469727	22.899999618530273	23.0	4301	2024/03/06 
2024/03/07 	23.350000381469727	23.350000381469727	22.75	22.850000381469727	5650	2024/03/07 
2024/03/08 	23.350000381469727	23.350000381469727	22.850000381469727	22.850000381469727	5752	2024/03/08 
2024/03/11 	22.850000381469727	22.850000381469727	22.850000381469727	22.850000381469727	300	2024/03/11 
2024/03/12 	22.700000762939453	23.350000381469727	22.700000762939453	23.350000381469727	750	2024/03/12 
2024/03/13 	22.700000762939453	22.700000762939453	22.700000762939453	22.700000762939453	301	2024/03/13 
2024/03/14 	22.700000762939453	22.700000762939453	22.700000762939453	22.700000762939453	1676	2024/03/14 
2024/03/15 	23.25	23.25	23.25	23.25	100	2024/03/15 
2024/03/18 	23.25	23.25	23.25	23.25	0	2024/03/18 
2024/03/19 	23.25	23.25	23.25	23.25	1	2024/03/19 
2024/03/20 	23.200000762939453	23.200000762939453	23.200000762939453	23.200000762939453	50	2024/03/20 
2024/03/21 	22.299999237060547	22.299999237060547	22.049999237060547	22.049999237060547	4450	2024/03/21 
2024/03/22 	22.049999237060547	22.049999237060547	22.049999237060547	22.049999237060547	0	2024/03/22 
2024/03/25 	22.049999237060547	22.049999237060547	22.049999237060547	22.049999237060547	0	2024/03/25 
2024/03/26 	21.049999237060547	21.899999618530273	20.700000762939453	20.799999237060547	22453	2024/03/26 
2024/03/27 	20.450000762939453	20.649999618530273	20.299999237060547	20.399999618530273	18400	2024/03/27 
2024/03/28 	20.299999237060547	20.399999618530273	20.0	20.100000381469727	23800	2024/03/28 
2024/03/29 	20.100000381469727	20.100000381469727	20.100000381469727	20.100000381469727	0	2024/03/29 
2024/04/01 	20.100000381469727	20.100000381469727	20.100000381469727	20.100000381469727	0	2024/04/01 
2024/04/02 	20.100000381469727	20.100000381469727	20.100000381469727	20.100000381469727	0	2024/04/02 
2024/04/03 	20.350000381469727	20.399999618530273	19.899999618530273	19.899999618530273	2300	2024/04/03 
2024/04/08 	20.700000762939453	20.899999618530273	20.700000762939453	20.899999618530273	2294	2024/04/08 
2024/04/09 	20.200000762939453	20.700000762939453	20.100000381469727	20.299999237060547	5200	2024/04/09 
2024/04/10 	21.149999618530273	21.149999618530273	21.149999618530273	21.149999618530273	200	2024/04/10 
2024/04/11 	21.149999618530273	21.149999618530273	21.149999618530273	21.149999618530273	0	2024/04/11 
2024/04/12 	21.149999618530273	21.149999618530273	21.149999618530273	21.149999618530273	0	2024/04/12 
2024/04/15 	21.149999618530273	21.850000381469727	21.149999618530273	21.299999237060547	8700	2024/04/15 
2024/04/16 	21.299999237060547	21.299999237060547	20.350000381469727	20.450000762939453	18000	2024/04/16 
2024/04/17 	20.450000762939453	20.450000762939453	20.450000762939453	20.450000762939453	0	2024/04/17 
2024/04/18 	20.200000762939453	20.200000762939453	20.200000762939453	20.200000762939453	2100	2024/04/18 
2024/04/19 	19.850000381469727	19.850000381469727	19.399999618530273	19.399999618530273	32260	2024/04/19 
2024/04/22 	19.100000381469727	19.200000762939453	19.100000381469727	19.200000762939453	9600	2024/04/22 
2024/04/23 	19.299999237060547	19.299999237060547	19.100000381469727	19.100000381469727	3000	2024/04/23 
2024/04/24 	19.75	19.75	19.75	19.75	200	2024/04/24 
2024/04/25 	19.75	19.75	19.75	19.75	0	2024/04/25 
2024/04/26 	19.649999618530273	20.399999618530273	19.649999618530273	20.399999618530273	19800	2024/04/26 
2024/04/29 	20.399999618530273	20.399999618530273	20.399999618530273	20.399999618530273	0	2024/04/29 
2024/04/30 	20.25	20.25	19.799999237060547	19.799999237060547	10500	2024/04/30 
2024/05/02 	19.799999237060547	19.799999237060547	19.799999237060547	19.799999237060547	0	2024/05/02 
2024/05/03 	19.799999237060547	19.899999618530273	19.700000762939453	19.899999618530273	16000	2024/05/03 
2024/05/06 	19.899999618530273	20.0	19.899999618530273	20.0	7000	2024/05/06 
2024/05/07 	20.0	20.0	20.0	20.0	0	2024/05/07 
2024/05/08 	20.0	20.0	20.0	20.0	200	2024/05/08 
2024/05/09 	20.0	20.0	20.0	20.0	2000	2024/05/09 
2024/05/10 	19.950000762939453	19.950000762939453	19.899999618530273	19.899999618530273	4100	2024/05/10 
2024/05/13 	19.0	19.600000381469727	17.5	18.0	57680	2024/05/13 
2024/05/14 	18.100000381469727	18.100000381469727	17.649999618530273	17.649999618530273	5017	2024/05/14 
2024/05/15 	18.5	18.5	17.649999618530273	17.799999237060547	19600	2024/05/15 
2024/05/16 	18.399999618530273	18.399999618530273	13.5	15.050000190734863	313845	2024/05/16 
2024/05/17 	14.649999618530273	15.5	13.850000381469727	15.5	284135	2024/05/17 
2024/05/20 	15.199999809265137	19.5	15.199999809265137	18.049999237060547	162179	2024/05/20 
2024/05/21 	18.100000381469727	18.100000381469727	17.350000381469727	17.75	79251	2024/05/21 
2024/05/22 	18.0	18.0	17.600000381469727	17.700000762939453	42000	2024/05/22 
2024/05/23 	18.049999237060547	18.049999237060547	17.700000762939453	17.799999237060547	25000	2024/05/23 
2024/05/24 	17.299999237060547	18.100000381469727	17.299999237060547	18.100000381469727	11732	2024/05/24 
2024/05/27 	18.0	18.0	17.799999237060547	18.0	1008	2024/05/27 
2024/05/28 	17.899999618530273	17.899999618530273	17.700000762939453	17.700000762939453	3024	2024/05/28 
2024/05/29 	17.899999618530273	17.899999618530273	17.450000762939453	17.75	27307	2024/05/29 
2024/05/30 	17.700000762939453	17.899999618530273	17.700000762939453	17.899999618530273	8212	2024/05/30 
2024/05/31 	18.149999618530273	18.149999618530273	18.149999618530273	18.149999618530273	50	2024/05/31 
2024/06/03 	18.100000381469727	18.100000381469727	18.100000381469727	18.100000381469727	10	2024/06/03 
2024/06/04 	17.399999618530273	17.850000381469727	17.399999618530273	17.850000381469727	3817	2024/06/04 
2024/06/05 	17.5	17.600000381469727	17.5	17.600000381469727	3010	2024/06/05 
2024/06/06 	17.399999618530273	17.799999237060547	17.399999618530273	17.799999237060547	4010	2024/06/06 
2024/06/07 	17.600000381469727	17.850000381469727	17.5	17.850000381469727	8300	2024/06/07 
2024/06/11 	17.850000381469727	17.850000381469727	17.850000381469727	17.850000381469727	2100	2024/06/11 
2024/06/12 	17.399999618530273	17.899999618530273	17.399999618530273	17.899999618530273	5020	2024/06/12 
2024/06/13 	17.850000381469727	17.850000381469727	17.850000381469727	17.850000381469727	10	2024/06/13 
2024/06/14 	17.850000381469727	20.850000381469727	17.850000381469727	20.850000381469727	114570	2024/06/14 
2024/06/17 	19.950000762939453	21.600000381469727	19.450000762939453	21.200000762939453	175543	2024/06/17 
2024/06/18 	21.25	25.25	21.0	23.25	285243	2024/06/18 
2024/06/19 	23.0	23.299999237060547	21.0	21.950000762939453	83168	2024/06/19 
2024/06/20 	21.75	21.75	18.850000381469727	21.350000381469727	113632	2024/06/20 
2024/06/21 	20.399999618530273	21.350000381469727	19.899999618530273	21.149999618530273	28908	2024/06/21 
2024/06/24 	20.5	21.25	19.25	20.850000381469727	42469	2024/06/24 
2024/06/25 	19.850000381469727	22.149999618530273	19.0	21.549999237060547	76025	2024/06/25 
2024/06/26 	21.200000762939453	22.149999618530273	20.75	21.700000762939453	26506	2024/06/26 
2024/06/27 	21.0	21.399999618530273	19.799999237060547	21.100000381469727	100544	2024/06/27 
2024/06/28 	21.200000762939453	21.200000762939453	21.200000762939453	21.200000762939453	20	2024/06/28 
2024/07/01 	20.450000762939453	21.0	19.899999618530273	19.899999618530273	35369	2024/07/01 
2024/07/02 	19.600000381469727	20.5	19.600000381469727	19.700000762939453	22100	2024/07/02 
2024/07/03 	20.399999618530273	20.5	19.549999237060547	20.5	2030	2024/07/03 
2024/07/04 	20.399999618530273	20.399999618530273	19.899999618530273	19.899999618530273	1030	2024/07/04 
2024/07/05 	20.450000762939453	21.450000762939453	19.950000762939453	20.5	29000	2024/07/05 
2024/07/08 	21.200000762939453	23.049999237060547	21.0	22.5	120669	2024/07/08 
2024/07/09 	23.600000381469727	24.100000381469727	23.0	23.799999237060547	131055	2024/07/09 
2024/07/10 	25.25	30.049999237060547	25.0	26.950000762939453	303918	2024/07/10 
2024/07/11 	29.0	29.299999237060547	27.399999618530273	28.950000762939453	109656	2024/07/11 
2024/07/12 	28.0	28.0	27.0	27.549999237060547	108320	2024/07/12 
2024/07/15 	28.100000381469727	33.5	27.950000762939453	30.700000762939453	473478	2024/07/15 
2024/07/16 	30.5	31.549999237060547	29.399999618530273	29.649999618530273	183174	2024/07/16 
2024/07/17 	29.700000762939453	29.700000762939453	28.049999237060547	28.350000381469727	170669	2024/07/17 
2024/07/18 	28.5	28.5	26.950000762939453	28.299999237060547	138150	2024/07/18 
2024/07/19 	28.0	28.5	28.0	28.350000381469727	41116	2024/07/19 
2024/07/22 	28.149999618530273	28.149999618530273	26.549999237060547	27.100000381469727	82803	2024/07/22 
2024/07/23 	26.950000762939453	27.149999618530273	26.5	26.5	74040	2024/07/23 
2024/07/26 	26.950000762939453	27.399999618530273	25.700000762939453	26.399999618530273	34506	2024/07/26 
2024/07/29 	27.399999618530273	27.399999618530273	25.850000381469727	25.950000762939453	39003	2024/07/29 
2024/07/30 	25.899999618530273	26.350000381469727	24.700000762939453	25.899999618530273	79010	2024/07/30 
2024/07/31 	25.5	26.600000381469727	24.799999237060547	26.0	77203	2024/07/31 
2024/08/01 	25.799999237060547	27.799999237060547	25.799999237060547	27.0	11203	2024/08/01 
2024/08/02 	25.700000762939453	25.799999237060547	25.700000762939453	25.799999237060547	15005	2024/08/02 
2024/08/05 	26.299999237060547	26.299999237060547	23.950000762939453	24.100000381469727	65610	2024/08/05 
2024/08/06 	25.25	25.350000381469727	24.600000381469727	25.350000381469727	16076	2024/08/06 
2024/08/07 	24.600000381469727	25.850000381469727	24.600000381469727	25.700000762939453	41964	2024/08/07 
2024/08/08 	25.549999237060547	28.100000381469727	25.549999237060547	28.0	65505	2024/08/08 
2024/08/09 	27.450000762939453	28.100000381469727	26.5	26.5	127621	2024/08/09 
2024/08/12 	26.0	26.049999237060547	24.850000381469727	24.950000762939453	33957	2024/08/12 
2024/08/13 	25.200000762939453	26.450000762939453	25.200000762939453	26.450000762939453	1001	2024/08/13 
2024/08/14 	25.200000762939453	25.299999237060547	25.149999618530273	25.149999618530273	4467	2024/08/14 
2024/08/15 	25.149999618530273	25.200000762939453	25.149999618530273	25.200000762939453	6200	2024/08/15 
2024/08/16 	24.950000762939453	25.700000762939453	24.649999618530273	25.200000762939453	46868	2024/08/16 
2024/08/19 	24.850000381469727	25.350000381469727	24.75	25.0	21520	2024/08/19 
2024/08/20 	25.0	25.700000762939453	25.0	25.649999618530273	21001	2024/08/20 
2024/08/21 	25.5	25.5	24.700000762939453	24.700000762939453	25457	2024/08/21 
2024/08/22 	25.0	25.649999618530273	24.450000762939453	25.649999618530273	27858	2024/08/22 
2024/08/23 	24.950000762939453	24.950000762939453	24.950000762939453	24.950000762939453	1000	2024/08/23 
2024/08/26 	25.0	25.0	25.0	25.0	2000	2024/08/26 
2024/08/27 	24.0	25.0	23.850000381469727	23.850000381469727	27589	2024/08/27 
2024/08/28 	24.149999618530273	24.149999618530273	24.100000381469727	24.100000381469727	1050	2024/08/28 
2024/08/29 	24.0	25.049999237060547	24.0	24.950000762939453	9103	2024/08/29 
2024/08/30 	24.850000381469727	24.850000381469727	23.649999618530273	23.649999618530273	15023	2024/08/30 
2024/09/02 	24.0	24.399999618530273	23.700000762939453	24.399999618530273	18101	2024/09/02 
2024/09/03 	24.149999618530273	24.399999618530273	24.049999237060547	24.149999618530273	8101	2024/09/03 
2024/09/04 	24.0	24.649999618530273	24.0	24.649999618530273	3002	2024/09/04 
2024/09/05 	24.0	24.700000762939453	24.0	24.549999237060547	3	2024/09/05 
2024/09/06 	24.549999237060547	24.549999237060547	23.649999618530273	24.0	9002	2024/09/06 
2024/09/09 	24.0	24.0	24.0	24.0	0	2024/09/09 
2024/09/10 	23.5	23.600000381469727	21.850000381469727	22.299999237060547	49802	2024/09/10 
2024/09/11 	22.450000762939453	22.450000762939453	21.5	21.5	31163	2024/09/11 
2024/09/12 	21.450000762939453	22.100000381469727	21.100000381469727	21.100000381469727	9654	2024/09/12 
2024/09/13 	21.899999618530273	21.899999618530273	21.5	21.5	53	2024/09/13 
2024/09/16 	21.049999237060547	21.350000381469727	20.299999237060547	20.399999618530273	40704	2024/09/16 
2024/09/18 	20.299999237060547	20.399999618530273	20.0	20.200000762939453	33303	2024/09/18 
2024/09/19 	20.100000381469727	21.649999618530273	20.100000381469727	20.799999237060547	17721	2024/09/19 
2024/09/20 	20.399999618530273	20.5	19.899999618530273	19.899999618530273	19101	2024/09/20 
2024/09/23 	20.350000381469727	20.799999237060547	20.350000381469727	20.799999237060547	29499	2024/09/23 
2024/09/24 	20.700000762939453	20.75	20.700000762939453	20.75	3600	2024/09/24 
2024/09/25 	20.75	20.950000762939453	20.450000762939453	20.950000762939453	15167	2024/09/25 
2024/09/26 	20.950000762939453	22.899999618530273	20.950000762939453	22.399999618530273	122553	2024/09/26 
2024/09/27 	22.399999618530273	23.0	21.899999618530273	21.950000762939453	41490	2024/09/27 
2024/09/30 	21.0	21.0	20.899999618530273	20.950000762939453	13200	2024/09/30 
2024/10/01 	20.950000762939453	20.950000762939453	20.950000762939453	20.950000762939453	0	2024/10/01 
2024/10/04 	20.899999618530273	21.5	20.5	21.100000381469727	8021	2024/10/04 
2024/10/07 	20.799999237060547	22.149999618530273	20.799999237060547	21.75	9040	2024/10/07 
2024/10/08 	22.600000381469727	22.600000381469727	21.100000381469727	21.100000381469727	19241	2024/10/08 
2024/10/09 	21.0	21.649999618530273	21.0	21.649999618530273	6310	2024/10/09 
2024/10/11 	21.0	21.0	21.0	21.0	600	2024/10/11 
2024/10/14 	21.649999618530273	21.649999618530273	21.649999618530273	21.649999618530273	10	2024/10/14 
2024/10/15 	21.649999618530273	22.700000762939453	21.649999618530273	22.100000381469727	65220	2024/10/15 
2024/10/16 	22.100000381469727	22.649999618530273	21.0	21.799999237060547	48029	2024/10/16 
2024/10/17 	22.649999618530273	22.649999618530273	21.649999618530273	21.850000381469727	32758	2024/10/17 
2024/10/18 	21.850000381469727	21.850000381469727	21.450000762939453	21.600000381469727	20335	2024/10/18 
2024/10/21 	21.950000762939453	21.950000762939453	21.200000762939453	21.200000762939453	3010	2024/10/21 
2024/10/22 	21.149999618530273	23.700000762939453	21.149999618530273	22.0	35011	2024/10/22 
2024/10/23 	22.100000381469727	22.350000381469727	21.5	22.350000381469727	12030	2024/10/23 
2024/10/24 	22.399999618530273	22.549999237060547	21.649999618530273	22.549999237060547	9150	2024/10/24 
2024/10/25 	22.549999237060547	22.549999237060547	21.600000381469727	21.600000381469727	12271	2024/10/25 
2024/10/28 	22.0	22.0	21.600000381469727	21.600000381469727	3220	2024/10/28 
2024/10/29 	21.700000762939453	21.700000762939453	21.600000381469727	21.600000381469727	1070	2024/10/29 
2024/10/30 	21.100000381469727	21.5	21.049999237060547	21.5	9980	2024/10/30 
2024/11/01 	21.5	21.600000381469727	21.5	21.600000381469727	16000	2024/11/01 
2024/11/04 	21.5	21.5	21.5	21.5	50	2024/11/04 
2024/11/05 	21.5	21.5	21.5	21.5	2001	2024/11/05 
2024/11/06 	22.0	22.0	21.850000381469727	21.850000381469727	6009	2024/11/06 
2024/11/07 	21.5	21.600000381469727	21.5	21.5	4001	2024/11/07 
2024/11/08 	21.399999618530273	21.700000762939453	21.350000381469727	21.450000762939453	23000	2024/11/08 
2024/11/11 	21.450000762939453	21.450000762939453	21.450000762939453	21.450000762939453	0	2024/11/11 
2024/11/12 	20.899999618530273	21.049999237060547	20.850000381469727	20.950000762939453	20264	2024/11/12 
2024/11/13 	20.5	20.5	20.5	20.5	1000	2024/11/13 
2024/11/14 	21.0	21.0	20.5	20.5	8002	2024/11/14 
2024/11/15 	20.950000762939453	20.950000762939453	20.950000762939453	20.950000762939453	8	2024/11/15 
2024/11/18 	20.75	20.75	20.75	20.75	50	2024/11/18 
2024/11/19 	20.850000381469727	20.850000381469727	20.350000381469727	20.350000381469727	16102	2024/11/19 
2024/11/20 	20.350000381469727	20.350000381469727	20.350000381469727	20.350000381469727	0	2024/11/20 
2024/11/21 	20.299999237060547	20.600000381469727	20.299999237060547	20.600000381469727	9100	2024/11/21 
2024/11/22 	21.350000381469727	21.450000762939453	20.700000762939453	20.799999237060547	57510	2024/11/22 
2024/11/25 	21.100000381469727	21.25	21.0	21.25	11003	2024/11/25 
2024/11/26 	20.799999237060547	20.899999618530273	20.799999237060547	20.899999618530273	9000	2024/11/26 
2024/11/27 	19.950000762939453	22.0	19.950000762939453	21.5	32113	2024/11/27 
2024/11/28 	21.5	21.5	21.5	21.5	0	2024/11/28 
2024/11/29 	20.5	21.399999618530273	20.5	21.399999618530273	19516	2024/11/29 
2024/12/02 	21.100000381469727	21.100000381469727	20.950000762939453	20.950000762939453	13000	2024/12/02 
2024/12/03 	20.950000762939453	20.950000762939453	20.950000762939453	20.950000762939453	0	2024/12/03 
2024/12/04 	21.100000381469727	21.5	20.049999237060547	21.5	32309	2024/12/04 
2024/12/05 	21.399999618530273	21.450000762939453	20.149999618530273	21.0	77031	2024/12/05 
2024/12/06 	20.200000762939453	21.600000381469727	20.200000762939453	21.299999237060547	52203	2024/12/06 
2024/12/09 	21.350000381469727	28.100000381469727	21.350000381469727	27.399999618530273	1157256	2024/12/09 
2024/12/10 	27.200000762939453	28.0	24.200000762939453	25.799999237060547	702881	2024/12/10 
2024/12/11 	26.799999237060547	32.349998474121094	26.5	30.600000381469727	1375295	2024/12/11 
2024/12/12 	31.0	45.0	29.600000381469727	38.95000076293945	1818862	2024/12/12 
2024/12/13 	37.150001525878906	41.650001525878906	34.650001525878906	38.349998474121094	1558659	2024/12/13 
2024/12/16 	39.150001525878906	47.150001525878906	38.849998474121094	47.0	1017645	2024/12/16 
2024/12/17 	44.849998474121094	47.099998474121094	39.849998474121094	40.849998474121094	932602	2024/12/17 
2024/12/18 	41.04999923706055	41.04999923706055	35.0	36.150001525878906	669770	2024/12/18 
2024/12/19 	32.400001525878906	40.95000076293945	31.049999237060547	39.45000076293945	560263	2024/12/19 
2024/12/20 	38.79999923706055	39.400001525878906	34.849998474121094	36.849998474121094	319159	2024/12/20 
2024/12/23 	37.0	39.150001525878906	35.849998474121094	37.099998474121094	302678	2024/12/23 
2024/12/24 	36.5	38.349998474121094	34.0	35.5	336631	2024/12/24 
2024/12/25 	35.150001525878906	36.04999923706055	31.950000762939453	35.79999923706055	426576	2024/12/25 
2024/12/26 	36.0	47.29999923706055	36.0	42.150001525878906	1323715	2024/12/26 
2024/12/27 	41.150001525878906	44.04999923706055	36.900001525878906	39.400001525878906	821694	2024/12/27 
2024/12/30 	38.79999923706055	44.150001525878906	38.79999923706055	41.75	368579	2024/12/30 
2024/12/31 	41.0	52.400001525878906	41.0	50.20000076293945	1241506	2024/12/31 
2025/01/02 	51.20000076293945	58.20000076293945	49.849998474121094	50.099998474121094	1073308	2025/01/02 
2025/01/03 	49.0	53.20000076293945	44.849998474121094	45.29999923706055	845615	2025/01/03 
2025/01/06 	45.45000076293945	52.29999923706055	45.45000076293945	50.70000076293945	489814	2025/01/06 
2025/01/07 	50.099998474121094	53.0	47.0	47.70000076293945	318764	2025/01/07 
2025/01/08 	49.04999923706055	49.25	45.45000076293945	48.75	180974	2025/01/08 
2025/01/09 	49.0	51.0	46.04999923706055	47.349998474121094	202709	2025/01/09 
2025/01/10 	47.849998474121094	49.45000076293945	45.5	46.04999923706055	257911	2025/01/10 
2025/01/13 	45.599998474121094	47.900001525878906	43.04999923706055	43.75	280313	2025/01/13 
2025/01/14 	44.0	45.150001525878906	38.04999923706055	42.95000076293945	467990	2025/01/14 
2025/01/15 	42.849998474121094	47.5	42.5	47.0	395315	2025/01/15 
2025/01/16 	47.849998474121094	52.400001525878906	47.849998474121094	51.20000076293945	670184	2025/01/16 
2025/01/17 	51.5	53.20000076293945	47.75	49.29999923706055	477130	2025/01/17 
2025/01/20 	49.45000076293945	49.45000076293945	42.150001525878906	45.599998474121094	583131	2025/01/20 
2025/01/21 	43.70000076293945	43.70000076293945	40.79999923706055	42.650001525878906	239289	2025/01/21 
2025/01/22 	44.599998474121094	48.0	43.599998474121094	46.75	248524	2025/01/22 
2025/02/03 	45.599998474121094	45.599998474121094	41.150001525878906	45.099998474121094	218370	2025/02/03 
2025/02/04 	44.349998474121094	44.5	42.150001525878906	42.150001525878906	73613	2025/02/04 
2025/02/05 	41.45000076293945	43.150001525878906	41.0	42.45000076293945	185422	2025/02/05 
2025/02/06 	43.150001525878906	45.0	42.20000076293945	43.45000076293945	161480	2025/02/06 
2025/02/07 	44.150001525878906	45.150001525878906	42.20000076293945	42.5	161875	2025/02/07 
2025/02/10 	43.45000076293945	43.45000076293945	41.25	41.599998474121094	148359	2025/02/10 
2025/02/11 	42.099998474121094	42.25	40.849998474121094	40.900001525878906	88488	2025/02/11 
2025/02/12 	42.0	42.0	38.650001525878906	39.650001525878906	217560	2025/02/12 
2025/02/13 	40.45000076293945	40.45000076293945	38.70000076293945	40.150001525878906	129503	2025/02/13 
2025/02/14 	40.5	40.70000076293945	38.95000076293945	39.099998474121094	95955	2025/02/14 
2025/02/17 	40.54999923706055	40.650001525878906	38.849998474121094	39.900001525878906	73884	2025/02/17 
2025/02/18 	40.099998474121094	40.150001525878906	38.650001525878906	39.79999923706055	64870	2025/02/18 
2025/02/19 	40.099998474121094	40.099998474121094	39.349998474121094	39.349998474121094	54620	2025/02/19 
2025/02/20 	39.04999923706055	40.95000076293945	38.95000076293945	39.79999923706055	42152	2025/02/20 
2025/02/21 	38.75	39.5	37.099998474121094	38.29999923706055	211416	2025/02/21 
2025/02/24 	38.0	38.349998474121094	35.04999923706055	35.650001525878906	185187	2025/02/24 
2025/02/25 	35.900001525878906	35.900001525878906	32.900001525878906	33.95000076293945	246325	2025/02/25 
2025/02/26 	33.099998474121094	37.650001525878906	33.099998474121094	36.95000076293945	106100	2025/02/26 
2025/02/27 	36.0	36.45000076293945	33.0	33.400001525878906	122370	2025/02/27 
2025/03/03 	33.650001525878906	33.70000076293945	31.799999237060547	32.54999923706055	85086	2025/03/03 
2025/03/04 	31.100000381469727	32.099998474121094	30.600000381469727	30.850000381469727	132784	2025/03/04 
2025/03/05 	30.799999237060547	33.0	30.549999237060547	33.0	70861	2025/03/05 
2025/03/06 	33.0	36.099998474121094	32.79999923706055	36.099998474121094	145562	2025/03/06 
2025/03/07 	35.0	35.95000076293945	34.25	35.70000076293945	35142	2025/03/07 
2025/03/10 	35.79999923706055	35.79999923706055	33.599998474121094	35.0	46944	2025/03/10 
2025/03/11 	33.29999923706055	33.5	29.799999237060547	31.049999237060547	142044	2025/03/11 
2025/03/12 	31.950000762939453	32.0	30.350000381469727	31.549999237060547	67652	2025/03/12 
2025/03/13 	30.399999618530273	33.0	30.399999618530273	31.549999237060547	60380	2025/03/13 
2025/03/14 	31.399999618530273	31.399999618530273	29.700000762939453	29.899999618530273	116886	2025/03/14 
2025/03/17 	30.049999237060547	31.450000762939453	29.399999618530273	30.049999237060547	60660	2025/03/17 
2025/03/18 	30.200000762939453	32.650001525878906	30.0	31.600000381469727	109252	2025/03/18 
2025/03/19 	32.0	32.0	29.450000762939453	30.100000381469727	65706	2025/03/19 
2025/03/20 	30.649999618530273	30.649999618530273	28.899999618530273	30.0	59720	2025/03/20 
2025/03/21 	30.5	31.100000381469727	29.799999237060547	31.100000381469727	14463	2025/03/21 
2025/03/24 	29.75	31.200000762939453	29.649999618530273	30.850000381469727	12122	2025/03/24 
2025/03/25 	31.149999618530273	32.099998474121094	30.200000762939453	31.25	70647	2025/03/25 
2025/03/26 	31.299999237060547	31.350000381469727	30.5	31.350000381469727	23016	2025/03/26 
2025/03/27 	31.700000762939453	32.0	29.049999237060547	30.75	37499	2025/03/27 
2025/03/28 	30.75	30.799999237060547	28.899999618530273	30.049999237060547	73661	2025/03/28 
2025/03/31 	28.799999237060547	28.899999618530273	25.450000762939453	26.5	95684	2025/03/31 
2025/04/01 	26.899999618530273	27.850000381469727	26.399999618530273	27.25	30193	2025/04/01 
2025/04/02 	27.200000762939453	29.600000381469727	26.799999237060547	29.299999237060547	57875	2025/04/02 
2025/04/07 	28.5	28.5	18.899999618530273	20.75	161360	2025/04/07 
2025/04/08 	20.5	22.100000381469727	20.149999618530273	22.100000381469727	88912	2025/04/08 
2025/04/09 	22.0	22.0	16.299999237060547	17.399999618530273	388794	2025/04/09 
2025/04/10 	17.850000381469727	23.649999618530273	17.799999237060547	22.600000381469727	230200	2025/04/10 
2025/04/11 	21.5	21.600000381469727	17.899999618530273	20.549999237060547	238222	2025/04/11 
2025/04/14 	19.600000381469727	21.549999237060547	19.600000381469727	20.100000381469727	109698	2025/04/14 
2025/04/15 	20.100000381469727	23.0	20.100000381469727	22.5	82537	2025/04/15 
2025/04/16 	22.5	22.5	20.399999618530273	20.5	66803	2025/04/16 
2025/04/17 	21.049999237060547	21.450000762939453	20.100000381469727	21.350000381469727	20042	2025/04/17 
2025/04/18 	21.299999237060547	23.600000381469727	21.0	22.899999618530273	109713	2025/04/18 
2025/04/21 	23.5	27.549999237060547	22.5	25.100000381469727	242902	2025/04/21 
2025/04/22 	24.200000762939453	25.700000762939453	22.700000762939453	24.950000762939453	77598	2025/04/22 
2025/04/23 	25.049999237060547	29.350000381469727	24.899999618530273	27.25	187966	2025/04/23 
2025/04/24 	27.200000762939453	29.450000762939453	24.899999618530273	27.799999237060547	130527	2025/04/24 
2025/04/25 	27.799999237060547	29.0	25.0	26.149999618530273	121552	2025/04/25 
2025/04/28 	27.0	27.0	25.25	25.899999618530273	28055	2025/04/28 
2025/04/29 	25.899999618530273	25.950000762939453	23.799999237060547	25.0	26995	2025/04/29 
2025/04/30 	25.25	26.399999618530273	24.799999237060547	25.299999237060547	49457	2025/04/30 
2025/05/02 	25.399999618530273	26.549999237060547	25.299999237060547	25.450000762939453	12588	2025/05/02 
2025/05/05 	25.450000762939453	25.450000762939453	22.200000762939453	23.850000381469727	38692	2025/05/05 
2025/05/06 	23.850000381469727	24.100000381469727	22.899999618530273	23.700000762939453	26688	2025/05/06 
2025/05/07 	23.700000762939453	23.700000762939453	22.0	23.5	38809	2025/05/07 
2025/05/08 	23.600000381469727	23.649999618530273	22.799999237060547	23.649999618530273	12306	2025/05/08 
2025/05/09 	23.799999237060547	23.799999237060547	23.799999237060547	23.799999237060547	2005	2025/05/09 
2025/05/12 	23.600000381469727	25.049999237060547	23.600000381469727	24.950000762939453	14882	2025/05/12 
2025/05/13 	25.049999237060547	25.799999237060547	23.700000762939453	24.299999237060547	45608	2025/05/13 
2025/05/14 	24.700000762939453	24.799999237060547	23.549999237060547	24.649999618530273	38632	2025/05/14 
2025/05/15 	24.649999618530273	24.649999618530273	22.899999618530273	23.950000762939453	44544	2025/05/15 
2025/05/16 	24.0	24.0	23.049999237060547	23.700000762939453	36036	2025/05/16 
2025/05/19 	23.649999618530273	25.25	23.549999237060547	25.100000381469727	30654	2025/05/19 
