Date	Open	High	Low	Close	Volume	Date
2023/01/06 	57.85224999694847	66.4968374108419	47.21275528645576	47.6877326965332	820936	2023/01/06 
2023/01/09 	46.54778686523437	48.44769653320312	41.03804955288302	47.49774169921875	385049	2023/01/09 
2023/01/10 	46.02531506365163	47.11776101094045	41.89300912520434	43.887916564941406	228434	2023/01/10 
2023/01/11 	42.79546575486829	44.077906991239985	42.462983003099815	43.22294616699219	112431	2023/01/11 
2023/01/12 	43.840420078728954	43.840420078728954	41.370535164780776	41.79801559448242	96608	2023/01/12 
2023/01/13 	42.130492927321626	42.89045964825816	41.180538149940844	41.2280387878418	80915	2023/01/13 
2023/01/16 	42.747966512266224	48.73268109922549	42.70046949645504	47.7827262878418	239465	2023/01/16 
2023/01/17 	48.162710106610646	48.63768751668809	46.07280877751189	47.6877326965332	161682	2023/01/17 
2023/01/30 	48.16271192105402	52.532502808874455	47.40274876105788	52.152523040771484	450394	2023/01/30 
2023/01/31 	52.24751562466276	53.10247642076419	48.44769630650547	50.53759765625	185470	2023/01/31 
2023/02/01 	49.397652252207294	50.72759049312894	48.922674826705304	50.25261306762695	64730	2023/02/01 
2023/02/02 	50.53759820494508	50.72758989767373	48.5426908669794	49.39765167236328	33643	2023/02/02 
2023/02/03 	49.39765167236328	49.587643365091935	47.78272771985492	49.39765167236328	79436	2023/02/03 
2023/02/06 	49.58764477209282	49.58764477209282	48.0677148109272	49.017669677734375	49505	2023/02/06 
2023/02/07 	49.49264516948269	50.53759765625	48.82767968783724	50.53759765625	136399	2023/02/07 
2023/02/08 	49.58764477209282	50.34760794078052	49.017669677734375	49.017669677734375	112305	2023/02/08 
2023/02/09 	49.872627698807236	49.872627698807236	48.06771210400106	49.77763366699219	48757	2023/02/09 
2023/02/10 	49.58764522400904	49.58764522400904	48.35270461066314	48.92267608642578	33326	2023/02/10 
2023/02/13 	49.587643365091935	49.587643365091935	48.637688525238794	49.39765167236328	105762	2023/02/13 
2023/02/14 	49.682637399561195	50.0626207850185	49.01766828690597	49.39765167236328	242754	2023/02/14 
2023/02/15 	50.15761669977168	50.15761669977168	48.73268438657481	48.92267608642578	48002	2023/02/15 
2023/02/16 	49.58764477209282	49.58764477209282	48.25770650904668	49.017669677734375	65183	2023/02/16 
2023/02/17 	49.017667984077704	49.017667984077704	47.35524702460505	47.49774169921875	83527	2023/02/17 
2023/02/20 	47.97271911621094	47.97271911621094	46.642780899116765	47.49774169921875	64582	2023/02/20 
2023/02/21 	47.68773371999282	47.68773371999282	46.40529251098633	46.40529251098633	46477	2023/02/21 
2023/02/22 	46.40529251098633	47.87772541285935	45.88281807344597	46.40529251098633	37403	2023/02/22 
2023/02/23 	45.93031477362849	47.49774169921875	45.4553373566363	47.49774169921875	153746	2023/02/23 
2023/02/24 	47.49774426037004	47.87772766396912	46.54778937516264	46.8327751159668	49713	2023/02/24 
2023/03/01 	47.40274809632518	50.537598352217856	47.40274809632518	50.34760665893555	407945	2023/03/01 
2023/03/02 	50.72759004550017	50.917578114992345	48.922674395003405	50.34760665893555	432922	2023/03/02 
2023/03/03 	50.72759120003996	51.582548403583644	49.207661242978595	50.0626220703125	320225	2023/03/03 
2023/03/06 	50.72759047445165	51.01257620488988	47.97271995803833	48.25770568847656	154924	2023/03/06 
2023/03/07 	48.63768706760313	48.63768706760313	47.02276316349285	47.7827262878418	216740	2023/03/07 
2023/03/08 	48.25770557354952	49.397652116377806	47.3552477428192	49.30265808105469	207952	2023/03/08 
2023/03/09 	49.39765019195208	49.39765019195208	47.592734600807056	47.7827262878418	179317	2023/03/09 
2023/03/10 	47.59273435288511	48.44769512819274	47.35524565127632	47.877723693847656	115722	2023/03/10 
2023/03/13 	47.97272049756251	47.97272049756251	46.167804811504475	47.165260314941406	81766	2023/03/13 
2023/03/14 	47.16526009251085	47.68773453902465	46.547787986037136	47.2127571105957	74061	2023/03/14 
2023/03/15 	46.88027306948007	47.68773691226791	46.072812850482606	46.59528732299805	96877	2023/03/15 
2023/03/16 	46.547790044657184	46.73778174918937	46.26280429975409	46.690284729003906	91900	2023/03/16 
2023/03/17 	46.500291061240205	46.78527679411127	46.21530532836914	46.21530532836914	61465	2023/03/17 
2023/03/20 	46.025313533950886	46.07281055202999	43.31794001795954	45.21784973144531	233125	2023/03/20 
2023/03/21 	45.59783428422528	45.78782598516761	44.45788770236159	44.932865142822266	186284	2023/03/21 
2023/03/22 	44.60038234119196	46.927772521972656	44.31539660194724	46.927772521972656	149281	2023/03/22 
2023/03/23 	45.59783103598075	46.927769224046195	45.40783934857282	45.78782272338867	93740	2023/03/23 
2023/03/24 	46.0728121529981	46.97527002302107	45.36034598568369	46.7852783203125	89244	2023/03/24 
2023/03/27 	46.642784568699724	47.40275139470908	46.025316052305115	46.54779052734375	124224	2023/03/27 
2023/03/28 	46.64278144409915	47.45024523669448	45.40784087024822	46.35779571533203	131353	2023/03/28 
2023/03/29 	45.93031725026171	46.97526979826403	45.59783448995524	46.8327751159668	82022	2023/03/29 
2023/03/30 	46.832773362218624	46.97526803917986	45.55033576472823	46.310298919677734	108191	2023/03/30 
2023/03/31 	46.500289762654795	46.500289762654795	45.122854531156214	45.55033493041992	81385	2023/03/31 
2023/04/06 	45.265348985920966	46.025312123264186	44.64787689844768	45.59783172607422	71483	2023/04/06 
2023/04/07 	45.17035457340305	45.59783500129829	43.84041989347272	44.74287414550781	99070	2023/04/07 
2023/04/10 	44.79037185660848	44.83786887353349	43.792916382232875	44.55288314819336	70325	2023/04/10 
2023/04/11 	44.552884669987925	45.50283953609606	44.36289297200825	45.12285614013672	151202	2023/04/11 
2023/04/12 	44.647877362063014	45.45533752441406	44.50538268692336	45.45533752441406	45013	2023/04/12 
2023/04/13 	44.69537512226419	44.93286383558524	43.982908982301026	44.31539535522461	89144	2023/04/13 
2023/04/14 	44.93286466434549	45.07535934448242	44.17290149245908	45.07535934448242	36027	2023/04/14 
2023/04/17 	44.267896443001064	45.5503377193117	44.077908363953846	44.83787155151367	206198	2023/04/17 
2023/04/18 	44.12540563747277	45.26535223726329	44.12540563747277	44.74287414550781	29572	2023/04/18 
2023/04/19 	44.125402092941165	44.69537353515625	44.077905076721585	44.69537353515625	33010	2023/04/19 
2023/04/20 	45.17035338204688	45.21785040082911	44.69537594664409	45.07535934448242	38004	2023/04/20 
2023/04/21 	44.69537620037511	44.98036193847656	44.030407062278194	44.98036193847656	45023	2023/04/21 
2023/04/24 	44.077905512684495	44.600379943847656	44.03040487220505	44.600379943847656	43131	2023/04/24 
2023/04/25 	44.60038156690538	44.60038156690538	43.93541243768507	44.17290115356445	49024	2023/04/25 
2023/04/26 	44.31539454033292	44.64787728335247	43.31793906369401	43.507930755615234	63494	2023/04/26 
2023/04/27 	44.077907479261484	44.077907479261484	42.55797751085819	43.08045196533203	164935	2023/04/27 
2023/04/28 	43.080450907735994	43.12795154916862	42.13049605972603	42.367984771728516	39670	2023/04/28 
2023/05/02 	42.65297409390855	42.98545684095233	42.03550199363847	42.41548538208008	103241	2023/05/02 
2023/05/03 	42.035501335952986	42.65297342656212	42.035501335952986	42.55797576904297	115023	2023/05/03 
2023/05/04 	42.605471627002174	42.89046096801758	42.32048590977678	42.89046096801758	123500	2023/05/04 
2023/05/05 	42.70047124863921	43.46043440417272	42.557976571568474	43.365440368652344	232752	2023/05/05 
2023/05/08 	42.937961019011574	43.27044377531381	41.22804297098962	42.08300018310547	274990	2023/05/08 
2023/05/09 	42.03550246592318	42.7004715912721	41.22804228615034	42.27299118041992	79609	2023/05/09 
2023/05/10 	41.845510769567746	42.367985216702536	41.79801375142644	42.27299118041992	59023	2023/05/10 
2023/05/11 	42.367985216702536	42.84296264569602	41.75051673328513	42.27299118041992	228076	2023/05/11 
2023/05/12 	42.700470443426646	42.74796746029117	42.035501335952986	42.55797576904297	185117	2023/05/12 
2023/05/15 	42.177999721057645	42.7479712211569	39.89810647307977	41.60802459716797	128099	2023/05/15 
2023/05/16 	41.22804016638669	41.750514586658156	40.515574059528326	40.84805679321289	135439	2023/05/16 
2023/05/17 	40.990551936613265	41.798012084177955	39.708110755211045	40.705562591552734	132549	2023/05/17 
2023/05/18 	40.800559997558594	41.65551715612556	39.94559921520159	40.800559997558594	73251	2023/05/18 
2023/05/19 	40.61056809092677	41.03804847979979	39.898101984068404	40.84805679321289	143134	2023/05/19 
2023/05/22 	40.278086729315156	40.84805818470192	39.850606325880015	40.468074798583984	63062	2023/05/22 
2023/05/23 	39.850605183290824	40.800559997558594	39.37562777615694	40.800559997558594	139483	2023/05/23 
2023/05/24 	40.84805635414411	40.943050384521484	39.61311584028845	40.943050384521484	98034	2023/05/24 
2023/05/25 	40.943050384521484	40.943050384521484	39.80310752483316	40.943050384521484	33102	2023/05/25 
2023/05/26 	39.70811208616223	40.37308120727539	39.4231263553395	40.37308120727539	129695	2023/05/26 
2023/05/29 	39.61311940030246	40.04059982299805	39.138141958149646	40.04059982299805	137033	2023/05/29 
2023/05/30 	40.42057963569369	40.94305409773348	39.565622413389576	39.993099212646484	143058	2023/05/30 
2023/05/31 	40.42057963569369	40.42057963569369	39.23313602933495	39.993099212646484	142573	2023/05/31 
2023/06/01 	39.75560932304502	40.325584411621094	39.42312657255163	40.325584411621094	121443	2023/06/01 
2023/06/02 	40.37308235759496	40.5155770389614	39.32813344020861	40.088096618652344	125427	2023/06/02 
2023/06/05 	40.08809488909629	40.08809488909629	38.99564537586012	39.51811981201172	145391	2023/06/05 
2023/06/06 	39.37563137513621	40.04060053066062	39.23313669045585	39.850608825683594	161917	2023/06/06 
2023/06/07 	39.47062471814049	40.04059982299805	39.23313599706409	40.04059982299805	126593	2023/06/07 
2023/06/08 	40.658067197084044	43.792917503682986	39.565621284673156	42.27299118041992	317066	2023/06/08 
2023/06/09 	41.84551309975749	42.747970989856995	40.80056414729936	41.655521392822266	168412	2023/06/09 
2023/06/12 	41.65551860519686	43.9354116882662	40.84805843449614	42.41548538208008	116911	2023/06/12 
2023/06/13 	42.65297251446519	43.65042434245098	42.36798317179208	42.79546356201172	129118	2023/06/13 
2023/06/14 	42.93795899318936	44.932862684463274	42.93795899318936	44.600379943847656	236598	2023/06/14 
2023/06/15 	44.17290240347745	45.455340055997766	44.17290240347745	44.83787155151367	428710	2023/06/15 
2023/06/16 	44.69537537858478	45.02786175341512	44.22039794921875	44.22039794921875	160152	2023/06/16 
2023/06/19 	44.79037141265469	45.55033454729246	43.745418931711455	44.64787673950195	210005	2023/06/19 
2023/06/20 	43.74541968739938	44.26789412500153	43.12795121524778	43.46043395996094	149520	2023/06/20 
2023/06/21 	43.317938207059505	43.460432879130046	42.462981046006384	42.74796676635742	147143	2023/06/21 
2023/06/26 	42.9379588983456	42.9379588983456	41.60802069124057	42.65297317504883	51012	2023/06/26 
2023/06/27 	42.55797599050036	42.89046235786239	41.51302711888283	42.51047897338867	153046	2023/06/27 
2023/06/28 	41.845510769567746	42.7004715912721	41.845510769567746	42.27299118041992	62288	2023/06/28 
2023/06/29 	42.93796236946978	44.647880471271016	42.60547597892013	43.69792556762695	112310	2023/06/29 
2023/06/30 	43.555428918760654	44.6003814399291	43.175449148709575	43.22294616699219	82501	2023/06/30 
2023/07/03 	43.22294811580492	43.69792556762695	42.272993212160856	43.69792556762695	140010	2023/07/03 
2023/07/04 	42.652972047906104	43.17544646410834	41.79801127681882	42.937957763671875	84122	2023/07/04 
2023/07/05 	42.937957763671875	42.937957763671875	42.27298867769176	42.937957763671875	4011	2023/07/05 
2023/07/06 	42.937958454521464	43.98290730373863	41.32303454081217	42.74796676635742	144212	2023/07/06 
2023/07/07 	42.27299162639612	43.79291796569427	40.84805932438277	42.17799758911133	99011	2023/07/07 
2023/07/10 	42.22549128201372	42.36798232671812	40.658064423735716	41.038047790527344	141517	2023/07/10 
2023/07/11 	40.990556779339656	42.03550575538095	40.84806208997471	41.418033599853516	68514	2023/07/11 
2023/07/12 	40.99055344410289	41.465530871618384	40.80056174833866	41.323036193847656	76030	2023/07/12 
2023/07/13 	40.705567400609766	41.418033599853516	40.705567400609766	41.418033599853516	34052	2023/07/13 
2023/07/14 	40.89555841014869	41.79801630513119	40.80056436806228	41.60802459716797	79127	2023/07/14 
2023/07/17 	41.70301724616022	42.937957763671875	41.03804816018011	42.937957763671875	39003	2023/07/17 
2023/07/18 	42.9379598548086	42.98545687245106	41.13304419407359	42.367984771728516	33001	2023/07/18 
2023/07/19 	42.98545639208575	42.98545639208575	41.32303542664597	42.51047897338867	89042	2023/07/19 
2023/07/20 	41.94050640536248	42.79546356201172	41.89300576572361	42.79546356201172	49031	2023/07/20 
2023/07/21 	42.035501335952986	42.89046213467485	41.79801262784026	42.55797576904297	99000	2023/07/21 
2023/07/24 	42.320486373935836	43.03295248670846	42.320486373935836	42.74796676635742	125016	2023/07/24 
2023/07/25 	42.7479660785647	43.12794944877905	42.605471408786826	42.937957763671875	66101	2023/07/25 
2023/07/26 	43.080451045538624	43.31793975830078	42.795465314982074	43.31793975830078	148501	2023/07/26 
2023/07/27 	43.98290810373009	44.790371887166465	43.60292834428071	44.5053825378418	250672	2023/07/27 
2023/07/28 	44.31539698944152	44.55288571152043	43.55543017975674	43.887916564941406	168635	2023/07/28 
2023/07/31 	44.12540483756203	44.17290185673595	43.69792441741621	43.98291015625	153350	2023/07/31 
2023/08/01 	43.69792511906242	44.26789660588188	43.69792511906242	43.79291915893555	136011	2023/08/01 
2023/08/02 	44.4681403249319	44.7092907685154	43.2623881070144	44.17876052856445	107351	2023/08/02 
2023/08/04 	44.22698828204601	47.02433479832462	43.59999935919985	44.9022102355957	1377930	2023/08/04 
2023/08/07 	44.61283058248541	45.67389102717636	44.61283058248541	44.853981018066406	104656	2023/08/07 
2023/08/08 	44.46814005331769	44.612831790449505	43.841151111628534	44.32345199584961	108742	2023/08/08 
2023/08/09 	44.419910296898784	44.51637268066406	43.88938006501269	44.51637268066406	50000	2023/08/09 
2023/08/10 	44.516373251471514	45.915042877197266	44.08230171812116	45.915042877197266	341175	2023/08/10 
2023/08/11 	46.20442554317742	48.423008844071774	45.33628249168396	46.30088424682617	302543	2023/08/11 
2023/08/14 	46.25265652816909	48.71239035470145	46.25265652816909	47.26548767089844	808914	2023/08/14 
2023/08/15 	48.32654638561897	48.7123885589414	47.265485928477794	48.037166595458984	195498	2023/08/15 
2023/08/16 	47.603093249951115	47.89247670870818	46.97610434185905	47.16902542114258	137593	2023/08/16 
2023/08/17 	47.41017624844519	47.74778538027871	46.78318365542459	46.976104736328125	73160	2023/08/17 
2023/08/18 	47.69955643381625	47.892477516353146	46.78318405151367	46.78318405151367	207101	2023/08/18 
2023/08/21 	46.30088601505508	47.21725845336914	45.81858511906492	47.21725845336914	107860	2023/08/21 
2023/08/22 	46.15619108070534	46.30088281135625	44.90220957383049	45.19158935546875	195700	2023/08/22 
2023/08/23 	45.43274032141889	45.48097335197916	44.75752204953833	44.950439453125	88216	2023/08/23 
2023/08/24 	44.998675208492024	45.6738935212591	44.70929172626175	45.432743072509766	47867	2023/08/24 
2023/08/25 	44.75752258300781	45.96327476811402	44.612830848929605	44.75752258300781	43173	2023/08/25 
2023/08/28 	45.91504078446609	45.91504078446609	44.70928862437335	45.14336013793945	46379	2023/08/28 
2023/08/29 	44.950438924159606	45.673890218087045	44.950438924159606	45.19158935546875	52232	2023/08/29 
2023/08/30 	45.48097610473633	45.62566416618364	45.095133914882496	45.48097610473633	59000	2023/08/30 
2023/08/31 	45.384510703752795	45.963273950101666	44.95043918890704	45.095130920410156	93653	2023/08/31 
2023/09/01 	45.28805406660475	48.23008874405964	45.28805406660475	45.86681365966797	112138	2023/09/01 
2023/09/04 	46.44557452359107	46.976104736328125	44.950438906336345	46.976104736328125	71443	2023/09/04 
2023/09/05 	45.963276316658785	46.976107450338475	45.19159194846114	45.770355224609375	140620	2023/09/05 
2023/09/06 	45.3845100402832	46.25265305728346	45.3845100402832	45.3845100402832	70003	2023/09/06 
2023/09/07 	45.38451043644878	46.107961730376225	45.19158935546875	45.19158935546875	59417	2023/09/07 
2023/09/08 	45.19158935546875	45.19158935546875	45.19158935546875	45.19158935546875	0	2023/09/08 
2023/09/11 	46.01150553361727	46.01150553361727	45.38451290622776	45.81858444213867	34879	2023/09/11 
2023/09/12 	45.77035549713876	46.445577483500266	45.62566375732422	45.62566375732422	85670	2023/09/12 
2023/09/13 	46.01150594372046	46.39734445045289	45.336283957358944	45.62566375732422	51010	2023/09/13 
2023/09/14 	45.67389256875898	46.445576932394935	45.67389256875898	45.86681365966797	97890	2023/09/14 
2023/09/15 	45.722125736231256	46.300885331003286	45.33628355327405	45.81858444213867	68411	2023/09/15 
2023/09/18 	46.25265556925407	46.5902647166099	45.86681338970706	46.011505126953125	136286	2023/09/18 
2023/09/19 	46.15619386589856	47.072566296102494	45.67389297417688	45.72212600708008	58638	2023/09/19 
2023/09/20 	45.77035233252149	45.91504038266833	45.19158909294353	45.336280822753906	101691	2023/09/20 
2023/09/21 	45.722123248079725	45.722123248079725	45.19158935546875	45.19158935546875	5000	2023/09/21 
2023/09/22 	45.28805390233914	45.48097499254838	43.93760995053821	44.27522277832031	349441	2023/09/22 
2023/09/25 	44.37168020002326	44.37168020002326	42.780085851417844	43.117698669433594	349183	2023/09/25 
2023/09/26 	43.50353649030634	43.55176952046976	42.876547574481165	43.40707778930664	230715	2023/09/26 
2023/09/27 	43.55176912406023	44.468137814207246	43.11769761418538	43.599998474121094	25001	2023/09/27 
2023/09/28 	44.130528684117664	44.275220413963794	43.599998474121094	43.599998474121094	32700	2023/09/28 
2023/10/02 	43.60000133759364	44.37168202823895	43.40708024501637	44.03407287597656	20403	2023/10/02 
2023/10/03 	43.98583708812401	44.13052881841045	42.97300601510959	43.5517692565918	22085	2023/10/03 
2023/10/04 	43.16592722505876	43.69645743826085	43.06946852435422	43.45530700683594	41425	2023/10/04 
2023/10/05 	43.11769774539603	43.5517692565918	43.11769774539603	43.5517692565918	12083	2023/10/05 
2023/10/06 	43.40707818792681	43.40707818792681	42.63539753385194	43.21415710449219	31920	2023/10/06 
2023/10/11 	43.214157504899894	43.407078590122055	42.731856631676315	43.021236419677734	58121	2023/10/11 
2023/10/12 	42.87654944248689	43.2623879429591	42.5871696472168	42.5871696472168	24326	2023/10/12 
2023/10/13 	42.68362781335008	43.26238739658088	42.63539846135813	42.780086517333984	48580	2023/10/13 
2023/10/16 	42.58716871016588	43.0212365536883	42.58716871016588	42.97300720214844	14158	2023/10/16 
2023/10/17 	42.97300760496548	43.02123695695743	42.49070672571859	42.780086517333984	21093	2023/10/17 
2023/10/18 	42.73185784089677	42.73185784089677	42.44247804470652	42.49070739746094	32016	2023/10/18 
2023/10/19 	42.538936614990234	42.73185770505838	42.538936614990234	42.538936614990234	132300	2023/10/19 
2023/10/20 	42.5389368857478	42.6836286241358	42.44247817993164	42.44247817993164	13015	2023/10/20 
2023/10/23 	42.78008571890113	43.551770055024654	42.346017879411164	43.16592788696289	72200	2023/10/23 
2023/10/24 	42.924776403943476	44.5163707087641	42.924776403943476	43.64822769165039	127632	2023/10/24 
2023/10/25 	43.98583997959876	44.22699042615284	43.45530973311254	43.9376106262207	40941	2023/10/25 
2023/10/26 	43.79292297363281	44.13053213008487	43.60000187866142	43.79292297363281	30203	2023/10/26 
2023/10/27 	43.59999887096961	43.74468692246915	43.40707778930664	43.40707778930664	35101	2023/10/27 
2023/10/30 	43.40707752630536	43.69645730721468	43.40707752630536	43.5517692565918	37000	2023/10/30 
2023/10/31 	43.69645743826085	44.03407025005386	43.45530700683594	43.45530700683594	31310	2023/10/31 
2023/11/01 	43.792919288379814	43.792919288379814	43.31061843136974	43.69645690917969	22650	2023/11/01 
2023/11/02 	44.612831250098566	44.612831250098566	44.56460189819336	44.56460189819336	1100	2023/11/02 
2023/11/03 	43.503539491343815	43.889381681286594	43.35885142986315	43.79292297363281	23901	2023/11/03 
2023/11/06 	43.50353935609582	43.84115219116211	43.31062194138803	43.84115219116211	16642	2023/11/06 
2023/11/07 	43.69645730721468	43.69645730721468	43.35884817609773	43.5517692565918	39320	2023/11/07 
2023/11/08 	43.64822782418195	43.64822782418195	43.455306744274964	43.599998474121094	13100	2023/11/08 
2023/11/09 	43.407077130906345	43.84114863814811	43.407077130906345	43.69645690917969	25440	2023/11/09 
2023/11/10 	43.69646004405038	44.37168202823895	43.55177198436527	44.03407287597656	33506	2023/11/10 
2023/11/13 	44.03407287597656	44.082302229204934	43.84115178339929	44.03407287597656	13500	2023/11/13 
2023/11/14 	43.7929213604068	44.4681396484375	43.7929213604068	44.4681396484375	40001	2023/11/14 
2023/11/15 	44.27522291379611	44.41991097214795	43.79292202662911	44.17876052856445	14208	2023/11/15 
2023/11/16 	44.03407260517162	44.17876066396692	43.2623882396083	44.130531311035156	5301	2023/11/16 
2023/11/17 	43.45531000241888	43.98584025219296	43.16593020069336	43.84115219116211	30202	2023/11/17 
2023/11/20 	43.64822769165039	43.93760747080045	43.64822769165039	43.64822769165039	16555	2023/11/20 
2023/11/21 	43.45530753886956	43.8411497057388	43.21415710449219	43.21415710449219	39003	2023/11/21 
2023/11/22 	43.74468994140625	43.88938168255493	43.35885143111615	43.74468994140625	41102	2023/11/22 
2023/11/23 	43.600001743113545	44.03407328553372	43.45531000241888	43.84115219116211	9403	2023/11/23 
2023/11/24 	43.8411523274597	44.46814128653693	43.79292297363281	43.79292297363281	3202	2023/11/24 
2023/11/27 	43.841151513780794	44.130531311035156	43.69645977532173	44.130531311035156	7001	2023/11/27 
2023/11/28 	43.69645897714583	44.51637268066406	43.69645897714583	44.51637268066406	9003	2023/11/28 
2023/11/29 	44.082302366018666	44.46814087270692	43.841151919464586	43.9376106262207	32097	2023/11/29 
2023/11/30 	43.744689397278755	44.03407287597656	43.31062153855962	44.03407287597656	8002	2023/11/30 
2023/12/01 	43.31061935424805	44.03407065517871	43.31061935424805	43.31061935424805	14031	2023/12/01 
2023/12/04 	43.84115232872664	43.93761103638321	43.35885143111615	43.74468994140625	42240	2023/12/04 
2023/12/05 	44.516374043538235	44.516374043538235	43.74468966844558	43.889381408691406	17324	2023/12/05 
2023/12/06 	43.55177198436527	44.03407287597656	43.55177198436527	44.03407287597656	19502	2023/12/06 
2023/12/07 	43.648231232488314	44.08230277625798	43.455310137516925	43.79292297363281	46917	2023/12/07 
2023/12/08 	43.74468652430368	43.88937825414981	43.599998474121094	43.599998474121094	6051	2023/12/08 
2023/12/11 	44.03407301264061	44.03407301264061	43.55177211953245	43.9376106262207	10152	2023/12/11 
2023/12/12 	44.03407342370361	44.13053213136018	43.55177252609312	43.74468994140625	28051	2023/12/12 
2023/12/13 	43.744686391479235	44.03406985029282	43.64822769165039	43.64822769165039	36133	2023/12/13 
2023/12/14 	43.64822755941138	43.98583668745302	43.55176885987478	43.69645690917969	25226	2023/12/14 
2023/12/15 	43.45531000241888	43.84115219116211	43.35885129506497	43.84115219116211	18001	2023/12/15 
2023/12/18 	43.841149035127465	43.841149035127465	43.26238579367659	43.503536224365234	22001	2023/12/18 
2023/12/19 	43.21415644581129	43.5517692565918	43.02123536531722	43.5517692565918	56001	2023/12/19 
2023/12/20 	43.64822769165039	43.64822769165039	43.40707726241475	43.64822769165039	12300	2023/12/20 
2023/12/21 	43.117698669433594	43.358849105303285	42.973006936046325	43.117698669433594	51501	2023/12/21 
2023/12/22 	43.35884897099377	43.35884897099377	42.92477745184019	43.16592788696289	30100	2023/12/22 
2023/12/25 	43.4070775239552	43.551769254233804	43.26238579367659	43.503536224365234	51900	2023/12/25 
2023/12/26 	43.55176899182155	43.792919421057185	43.40707726241475	43.64822769165039	116000	2023/12/26 
2023/12/27 	43.455306876512985	43.69645730721468	43.40707752630536	43.5517692565918	25150	2023/12/27 
2023/12/28 	43.26238605814352	43.40707778930664	43.214156707643674	43.40707778930664	28000	2023/12/28 
2023/12/29 	43.262386323788455	43.5517697878916	43.262386323788455	43.31061935424805	11071	2023/12/29 
2024/01/02 	43.69645770597521	43.84114943758207	43.31061922112959	43.358848571777344	79100	2024/01/02 
2024/01/03 	43.55176912406023	43.88937825414981	43.16592696424624	43.599998474121094	34201	2024/01/03 
2024/01/04 	43.503536623720606	43.69645770597521	43.358848571777344	43.358848571777344	51075	2024/01/04 
2024/01/05 	43.64822822146946	43.64822822146946	43.358848438806795	43.40707778930664	12000	2024/01/05 
2024/01/08 	43.50353622672061	43.599998606799424	43.310618825890096	43.5517692565918	124200	2024/01/08 
2024/01/09 	43.55176912406023	43.79291955402808	43.455306744274964	43.599998474121094	58406	2024/01/09 
2024/01/10 	43.59999887096961	43.64822822146946	43.358848438806795	43.40707778930664	78000	2024/01/10 
2024/01/11 	43.59999820964308	43.69645690917969	43.358847781138046	43.69645690917969	12700	2024/01/11 
2024/01/12 	43.455307139806486	43.59999887096961	42.49070541115523	43.40707778930664	69800	2024/01/12 
2024/01/15 	43.40707778930664	43.40707778930664	43.40707778930664	43.40707778930664	0	2024/01/15 
2024/01/16 	43.26238890804726	43.98584025219296	42.683629304596224	43.84115219116211	287502	2024/01/16 
2024/01/17 	43.021236419677734	43.407078590122055	42.297785109842366	43.021236419677734	157301	2024/01/17 
2024/01/18 	43.06946958489182	43.214157639511406	42.87654849906871	42.97300720214844	12241	2024/01/18 
2024/01/19 	42.82831874965656	43.40707832208559	42.78008571890113	43.16592788696289	95202	2024/01/19 
2024/01/22 	43.11769774306154	43.551769254233804	43.11769774306154	43.503536224365234	15601	2024/01/22 
2024/01/23 	43.40708078369004	43.889381681286594	43.40708078369004	43.79292297363281	36700	2024/01/23 
2024/01/24 	43.455310137516925	43.937611035113484	43.40708078369004	43.79292297363281	35700	2024/01/24 
2024/01/25 	43.551770397901606	44.80575193447933	43.551770397901606	44.75752258300781	228892	2024/01/25 
2024/01/26 	45.095131721871276	45.14336107334162	44.41990976229555	44.70928955078125	123902	2024/01/26 
2024/01/29 	44.61283018675271	45.04690170288086	44.61283018675271	45.04690170288086	54589	2024/01/29 
2024/01/30 	44.5646023024133	44.95044080081836	44.22698947668718	44.371681213378906	94000	2024/01/30 
2024/01/31 	44.37168081090884	44.902211041193496	44.22698907552954	44.56460189819336	78538	2024/01/31 
2024/02/01 	44.998673405140245	48.42300890421556	44.998673405140245	47.98893737792969	238923	2024/02/01 
2024/02/02 	48.32654554193085	50.83451226541505	48.03716575682287	50.1592903137207	477568	2024/02/02 
2024/02/05 	49.291149819555955	49.48407091279369	48.230089326244105	49.00177001953125	158307	2024/02/05 
2024/02/15 	49.387608881505045	50.54513168334961	49.19468780125369	50.54513168334961	100621	2024/02/15 
2024/02/16 	50.54513366846526	53.24601785906839	50.54513366846526	53.053096771240234	224948	2024/02/16 
2024/02/19 	53.24601656465763	53.24601656465763	51.41327179433971	51.895572662353516	110742	2024/02/19 
2024/02/20 	52.184953799734146	52.28141618363514	50.641592453955276	51.31681442260742	149769	2024/02/20 
2024/02/21 	50.54513522605079	51.12389482770647	49.773450850958135	50.64159393310547	53714	2024/02/21 
2024/02/22 	50.641591182121864	50.93097096722984	49.77344814713433	50.1592903137207	59463	2024/02/22 
2024/02/23 	49.77344961787754	50.06283309120004	49.387611119553725	49.48406982421875	117953	2024/02/23 
2024/02/26 	49.77344921291343	49.77344921291343	48.23008787284777	49.6769905090332	131645	2024/02/26 
2024/02/27 	49.77344961787754	49.966370706871295	49.001768941566205	49.48406982421875	64366	2024/02/27 
2024/02/29 	49.966369896949146	49.966369896949146	49.29114793624775	49.869911193847656	32745	2024/02/29 
2024/03/01 	49.291148334184946	50.06283268388146	49.291148334184946	49.6769905090332	46664	2024/03/01 
2024/03/04 	49.2911491394043	50.06283350170703	48.615930841885024	49.2911491394043	215853	2024/03/04 
2024/03/05 	48.42300704013477	49.194687679567835	48.32654466041593	48.80884552001953	59700	2024/03/05 
2024/03/06 	48.326547631815274	49.48407050196793	48.326547631815274	49.1946907043457	31200	2024/03/06 
2024/03/07 	49.48407050196793	49.676991593603994	48.808848521073564	49.1946907043457	141700	2024/03/07 
2024/03/08 	48.71239049016301	49.387612480414866	48.32654830154372	48.905311584472656	57000	2024/03/08 
2024/03/11 	48.423010017465195	49.676991593603994	48.423010017465195	49.1946907043457	23500	2024/03/11 
2024/03/12 	49.38761098550448	49.77344948278103	49.09823119263113	49.58053207397461	26000	2024/03/12 
2024/03/13 	49.58052983911613	49.58052983911613	48.61592811990892	48.80884552001953	37600	2024/03/13 
2024/03/14 	49.001769883104906	49.09823226928711	48.615931377367446	49.09823226928711	24400	2024/03/14 
2024/03/15 	48.71238775044494	49.19468861926123	48.23008688162865	48.42300796508789	65803	2024/03/15 
2024/03/18 	48.42300796508789	48.42300796508789	48.42300796508789	48.42300796508789	0	2024/03/18 
2024/03/19 	48.326545799435365	50.06283187866211	48.133628394777844	50.06283187866211	38452	2024/03/19 
2024/03/20 	48.712387883302846	48.905308967288256	48.32654571533203	48.32654571533203	83500	2024/03/20 
2024/03/21 	48.71238815307617	48.808846855771264	48.23008728027344	48.23008728027344	69780	2024/03/21 
2024/03/22 	48.615929720699306	48.90530951005725	47.65132796973038	48.133628845214844	82170	2024/03/22 
2024/03/25 	48.133628845214844	48.133628845214844	48.133628845214844	48.133628845214844	0	2024/03/25 
2024/03/26 	48.133628845214844	48.133628845214844	48.133628845214844	48.133628845214844	0	2024/03/26 
2024/03/27 	48.03716553398267	48.71238748254473	48.03716553398267	48.519466400146484	24058	2024/03/27 
2024/03/28 	48.42300796508789	48.90530883390418	48.23008688162865	48.42300796508789	74852	2024/03/28 
2024/03/29 	48.230087414225636	48.51946720277826	48.133628711262645	48.18185806274414	25500	2024/03/29 
2024/04/01 	48.13362813830127	50.35221139701389	42.44247641930213	50.1592903137207	499931	2024/04/01 
2024/04/02 	49.869911911674194	51.31681455700519	49.869911911674194	51.22035217285156	372244	2024/04/02 
2024/04/03 	50.641592453955276	52.28141618363514	50.641592453955276	51.31681442260742	128679	2024/04/03 
2024/04/08 	51.799115614776774	53.342476969841464	51.60619452547776	52.86017608642578	308413	2024/04/08 
2024/04/09 	53.53539684349647	53.72831792841477	52.66725380119593	53.43893814086914	174858	2024/04/09 
2024/04/10 	53.72832001292687	58.06902803350987	53.63185762689342	57.586727142333984	381513	2024/04/10 
2024/04/11 	57.68318490323598	58.64778666977727	56.9115042259357	57.972564697265625	191653	2024/04/11 
2024/04/12 	57.87610585822799	58.26194803581499	57.49026368064098	58.069026947021484	193643	2024/04/12 
2024/04/15 	57.77964728768834	58.069027081717984	57.77964728768834	57.972564697265625	110136	2024/04/15 
2024/04/16 	57.68318517206693	57.972564967445216	57.200884286548536	57.87610626220703	269832	2024/04/16 
2024/04/17 	57.87610653283767	57.87610653283767	57.58672673610623	57.77964782714844	73807	2024/04/17 
2024/04/18 	57.5867268714766	57.77964796297231	57.39380577998089	57.68318557739258	109220	2024/04/18 
2024/04/19 	57.49026349896284	57.49026349896284	55.07875909582407	56.429203033447266	193308	2024/04/19 
2024/04/22 	56.911502838134766	57.876104581153996	56.42920196662515	56.911502838134766	126100	2024/04/22 
2024/04/23 	57.10442392267134	57.10442392267134	56.718581753598194	56.911502838134766	84101	2024/04/23 
2024/04/24 	57.39380304029446	58.069024988465934	57.20088195800781	57.20088195800781	29001	2024/04/24 
2024/04/25 	58.06902746659827	66.36460492163445	57.20088439909159	64.6283187866211	274620	2024/04/25 
2024/04/26 	65.59292138802289	65.59292138802289	63.85663523107948	64.24247741699219	119906	2024/04/26 
2024/04/29 	64.33893424205102	65.1106185913086	63.37433248514275	65.1106185913086	40370	2024/04/29 
2024/04/30 	67.81150872463228	67.81150872463228	65.59292166573661	67.52212524414062	121710	2024/04/30 
2024/05/02 	67.4256670845738	67.52212579241171	66.75044141105309	67.23274230957031	81377	2024/05/02 
2024/05/03 	67.52212204299607	70.51238597589187	67.23273857622375	68.96902465820312	247240	2024/05/03 
2024/05/06 	68.58318143523907	71.38052792019315	68.58318143523907	69.45132446289062	287110	2024/05/06 
2024/05/07 	69.45132882254464	69.45132882254464	65.1106207711356	67.52212524414062	186822	2024/05/07 
2024/05/08 	67.52212578969149	67.52212578969149	66.55752399269589	67.32920837402344	37935	2024/05/08 
2024/05/09 	66.94335963834472	67.23273573355465	66.3646000885979	66.8469009399414	38870	2024/05/09 
2024/05/10 	67.32920178450377	67.61857787968455	66.55751747870109	66.75043487548828	92390	2024/05/10 
2024/05/13 	66.94336700439453	67.71504403585872	66.55752480899855	66.94336700439453	57200	2024/05/13 
2024/05/14 	66.65397723502768	66.94336069412853	65.78583421705223	66.3646011352539	58524	2024/05/14 
2024/05/15 	66.36460436802092	66.36460436802092	64.24247606967101	64.82123565673828	202160	2024/05/15 
2024/05/16 	64.91770280814055	64.91770280814055	63.95310102709435	64.33893585205078	48184	2024/05/16 
2024/05/17 	64.43539925038588	65.5929183959961	63.76017361600722	65.5929183959961	51252	2024/05/17 
2024/05/20 	64.91770118365788	65.88230294056616	64.33893424205102	65.1106185913086	28269	2024/05/20 
2024/05/21 	65.59291733790488	66.0752182006836	64.33893215094938	66.0752182006836	49207	2024/05/21 
2024/05/22 	65.88230382868673	68.2938082534655	65.5929203539823	68.10088348388672	69118	2024/05/22 
2024/05/23 	68.10088429870446	68.29380907059155	67.32920728913872	67.71504211425781	60818	2024/05/23 
2024/05/24 	67.23274313144569	67.61858532684167	65.78584041820659	66.94336700439453	52719	2024/05/24 
2024/05/27 	67.32920205050644	67.5221194480558	65.78583343280357	66.65397644042969	100120	2024/05/27 
2024/05/28 	66.17167637088376	66.5575185298789	65.97875897104973	66.26813507080078	44000	2024/05/28 
2024/05/29 	65.97875845110283	66.84690146216873	65.97875845110283	66.5575180053711	72800	2024/05/29 
2024/05/30 	65.8823002763039	67.52212025300314	65.8823002763039	66.3646011352539	24120	2024/05/30 
2024/05/31 	66.750440600544	67.81150845186015	66.750440600544	67.61858367919922	35065	2024/05/31 
2024/06/03 	67.13628359902772	67.32920837402344	66.65398270052992	67.32920837402344	37000	2024/06/03 
2024/06/04 	66.84690198895704	67.1362780887081	66.26813507080078	66.26813507080078	19000	2024/06/04 
2024/06/05 	67.0398185948554	67.5221194480558	66.36460034410564	66.65397644042969	61000	2024/06/05 
2024/06/06 	66.2681348119051	67.52211998390851	66.17167611236493	66.4610595703125	55910	2024/06/06 
2024/06/07 	65.78583447520266	67.42566181766384	65.78583447520266	66.17167663574219	66760	2024/06/07 
2024/06/11 	65.78583580048871	66.2681366710475	65.5929183959961	65.5929183959961	49560	2024/06/11 
2024/06/12 	65.59291866357731	66.0752195361036	65.40000125829769	65.4964599609375	44105	2024/06/12 
2024/06/13 	65.40000046026216	65.88230132690325	65.40000046026216	65.78583526611328	30500	2024/06/13 
2024/06/14 	65.30353492992991	65.97876056430857	65.30353492992991	65.5929183959961	24155	2024/06/14 
2024/06/17 	65.5929183959961	65.88230186206226	65.2070762276836	65.5929183959961	30500	2024/06/17 
2024/06/18 	65.30353492992991	66.55752013711368	65.2070762276836	65.5929183959961	58050	2024/06/18 
2024/06/19 	65.59291866357731	65.882302130824	65.40000125829769	65.4964599609375	50246	2024/06/19 
2024/06/20 	65.8823013305664	66.17167743497083	65.59291786683478	65.8823013305664	43530	2024/06/20 
2024/06/21 	66.36460577387732	69.45132854317633	65.7858388152221	67.61858367919922	121211	2024/06/21 
2024/06/24 	67.52212319598102	72.92389157979403	67.52212319598102	71.86283111572266	127359	2024/06/24 
2024/06/25 	73.02034681141151	78.03628014017472	72.15221115620965	76.9752197265625	199119	2024/06/25 
2024/06/26 	78.61504018587917	87.1035382662448	77.65043846580703	83.63096618652344	397879	2024/06/26 
2024/06/27 	84.8849524437341	84.8849524437341	80.15840248352438	83.14866638183594	274537	2024/06/27 
2024/06/28 	84.20973593378152	87.68230077078411	84.01681116769244	85.84955596923828	158594	2024/06/28 
2024/07/01 	87.48937933689116	89.3221242082405	87.48937933689116	87.77876281738281	174687	2024/07/01 
2024/07/02 	88.16460109713559	89.225661546362	84.59557021968473	86.04247283935547	179014	2024/07/02 
2024/07/03 	83.92035404882364	85.8495575901759	83.92035404882364	85.1743392944336	83005	2024/07/03 
2024/07/04 	85.17433875536751	85.84955704683638	84.69203787308192	85.36725616455078	64912	2024/07/04 
2024/07/05 	85.0778721565552	85.94601521107666	84.30619516534631	85.6566390991211	47841	2024/07/05 
2024/07/08 	85.36725272441788	86.91061401367188	85.36725272441788	86.91061401367188	47400	2024/07/08 
2024/07/09 	85.94601521107666	86.71769956161293	84.59557127730189	85.6566390991211	69188	2024/07/09 
2024/07/10 	86.04247125196142	87.10353904093952	84.88495212131076	86.81415557861328	43640	2024/07/10 
2024/07/11 	87.29645538330078	87.77875624177206	86.52477106601592	87.29645538330078	236147	2024/07/11 
2024/07/12 	87.29645617581716	87.3929148765217	86.42831315082206	86.91061401367188	63594	2024/07/12 
2024/07/15 	86.23539707174216	88.0681418505401	86.13893836955852	86.33185577392578	116340	2024/07/15 
2024/07/16 	86.62123977468559	86.71769847746485	86.04247283935547	86.04247283935547	61090	2024/07/16 
2024/07/17 	86.13894216555363	86.814160469922	84.59557342529297	84.59557342529297	149276	2024/07/17 
2024/07/18 	85.65663990840577	86.04247472799189	84.88495555057861	85.27079772949219	98755	2024/07/18 
2024/07/19 	85.6566407250476	85.8495581366799	84.59557288308729	84.88495635986328	66303	2024/07/19 
2024/07/22 	85.07787404317723	85.36725752087733	84.11327226328032	84.78849792480469	64320	2024/07/22 
2024/07/23 	84.11327199467897	85.46371595408775	84.0168132888628	84.88495635986328	115540	2024/07/23 
2024/07/26 	85.84955868692286	85.84955868692286	83.9203551209246	84.59557342529297	177331	2024/07/26 
2024/07/29 	84.49911553484895	84.78849901627424	84.01681463869191	84.30619812011719	110612	2024/07/29 
2024/07/30 	83.92035404889906	85.07787322998047	83.53451186876276	85.07787322998047	46518	2024/07/30 
2024/07/31 	85.1743392944336	85.1743392944336	83.72743663841939	85.1743392944336	17519	2024/07/31 
2024/08/01 	85.1743392944336	85.75309888497378	84.30619622895958	85.1743392944336	54118	2024/08/01 
2024/08/02 	86.71770065564992	86.71770065564992	84.59557234456594	85.1743392944336	105491	2024/08/02 
2024/08/05 	84.49911301572644	84.49911301572644	81.99114990234375	81.99114990234375	250601	2024/08/05 
2024/08/06 	83.24513334790876	83.53450945515428	76.87875595792582	79.2902603149414	297224	2024/08/06 
2024/08/07 	80.06194429619367	83.6309677849437	79.86902689222289	82.95574951171875	81001	2024/08/07 
2024/08/08 	82.18406597109376	82.85929161016874	82.18406597109376	82.56990814208984	50400	2024/08/08 
2024/08/09 	83.72743277799746	84.20973364109808	83.43804931640625	83.43804931640625	44701	2024/08/09 
2024/08/12 	82.95575019671534	86.1389389038086	82.95575019671534	86.1389389038086	60956	2024/08/12 
2024/08/13 	86.13893890146201	87.00707458580263	83.92035194090263	86.04247283935547	139645	2024/08/13 
2024/08/14 	85.94601575142802	86.81415881140758	84.01681222228562	85.36725616455078	58291	2024/08/14 
2024/08/15 	86.04247749072573	86.13894355804713	83.43805557825688	84.01681518554688	130241	2024/08/15 
2024/08/16 	84.01680861303142	84.11326731347931	83.14866559034617	83.53450775146484	62301	2024/08/16 
2024/08/19 	83.43804879120685	83.72743225097656	82.95574793114207	83.72743225097656	49510	2024/08/19 
2024/08/20 	83.43804905101695	83.72743251168774	83.14866559034617	83.53450775146484	32000	2024/08/20 
2024/08/21 	83.72743330868678	83.72743330868678	83.14866638183594	83.14866638183594	16035	2024/08/21 
2024/08/22 	82.95574871777166	83.43804958240986	82.56990655419565	83.34159088134766	13535	2024/08/22 
2024/08/23 	82.95575004428966	83.24513351143088	82.56990787454379	82.66636657714844	55000	2024/08/23 
2024/08/26 	82.95574951171875	83.24513297700214	82.66636604643534	82.95574951171875	21000	2024/08/26 
2024/08/27 	83.92035620524402	84.40265710297531	83.63097272287419	84.11327362060547	54100	2024/08/27 
2024/08/28 	85.36725834437779	86.71770232112613	84.40265655517578	84.40265655517578	39364	2024/08/28 
2024/08/29 	85.36725616455078	85.46371486914242	84.59557180916286	85.36725616455078	46100	2024/08/29 
2024/08/30 	85.84955704683638	86.71770010681594	84.11327092687726	85.36725616455078	13958	2024/08/30 
2024/09/02 	84.01680861303142	85.36725249728325	83.53450775146484	83.53450775146484	87600	2024/09/02 
2024/09/03 	85.07787322998047	85.07787322998047	85.07787322998047	85.07787322998047	35	2024/09/03 
2024/09/04 	84.69204003566743	84.69204003566743	83.43805476597377	84.40265655517578	73541	2024/09/04 
2024/09/05 	84.69203343605302	84.69203343605302	83.43804826407597	83.92034912109375	58356	2024/09/05 
2024/09/06 	84.30619341749589	84.30619341749589	82.95574951171875	82.95574951171875	19650	2024/09/06 
2024/09/09 	82.95574845330563	83.63096671791564	82.76283105179624	83.43804931640625	15272	2024/09/09 
2024/09/10 	82.95574845330563	83.53450801716095	82.76283105179624	83.43804931640625	24610	2024/09/10 
2024/09/11 	83.43804984902994	83.53450855040037	82.95574898285058	83.24513244628906	20100	2024/09/11 
2024/09/12 	83.53450855040037	83.53450855040037	82.95574898285058	83.24513244628906	23313	2024/09/12 
2024/09/13 	83.53450801716095	83.53450801716095	82.85928975255094	83.43804931640625	45383	2024/09/13 
2024/09/16 	83.43805038097292	83.43805038097292	82.47344864246456	82.95574951171875	60310	2024/09/16 
2024/09/18 	82.85929107666016	83.14866718354854	82.66636631274065	82.85929107666016	66202	2024/09/18 
2024/09/19 	82.8592902777377	83.43804984526136	82.66636551567836	83.14866638183594	75100	2024/09/19 
2024/09/20 	82.66636631274065	83.14866718354854	81.12300499802086	82.85929107666016	38440	2024/09/20 
2024/09/23 	83.14866744949896	83.24513351143088	81.99114829958862	82.66636657714844	50090	2024/09/23 
2024/09/24 	83.24513459416123	83.24513459416123	81.99114936600895	82.28053283691406	62110	2024/09/24 
2024/09/25 	83.0522084812524	83.0522084812524	81.12300499802086	82.85929107666016	14760	2024/09/25 
2024/09/26 	83.14866691568953	83.14866691568953	82.18406517718117	82.95574951171875	14020	2024/09/26 
2024/09/27 	83.05220874689431	83.05220874689431	82.66636657714844	82.66636657714844	10000	2024/09/27 
2024/09/30 	82.95574951171875	84.78849428675007	82.66636604643534	82.95574951171875	65480	2024/09/30 
2024/10/01 	82.95574977895629	82.95574977895629	81.99114803734051	82.85929107666016	30166	2024/10/01 
2024/10/04 	81.89468854912141	83.24513244628906	81.89468854912141	83.24513244628906	15021	2024/10/04 
2024/10/07 	81.99114936600895	82.66636765235103	81.79823195829047	82.28053283691406	71159	2024/10/07 
2024/10/08 	81.70176642954569	82.28053337514181	81.70176642954569	81.99114990234375	33013	2024/10/08 
2024/10/09 	81.99115129123811	84.78849792480469	81.70176781353803	84.78849792480469	83563	2024/10/09 
2024/10/11 	84.78849792480469	84.78849792480469	81.70176781353803	84.78849792480469	14388	2024/10/11 
2024/10/14 	81.99115129123811	84.78849792480469	81.70176781353803	84.78849792480469	19363	2024/10/14 
2024/10/15 	82.56990948861247	84.7884964885245	81.70176642954569	81.99114990234375	36101	2024/10/15 
2024/10/16 	82.47345132743362	83.92035398230088	81.70176696777344	81.70176696777344	21000	2024/10/16 
2024/10/17 	82.47345132743362	82.47345132743362	81.70176696777344	81.70176696777344	22950	2024/10/17 
2024/10/18 	83.92035342945772	83.92035342945772	81.12300684327698	81.99114990234375	69185	2024/10/18 
2024/10/21 	81.50885040128965	84.78849792480469	81.50885040128965	84.78849792480469	84797	2024/10/21 
2024/10/22 	82.76283264160156	82.76283264160156	81.79823089687113	82.76283264160156	3001	2024/10/22 
2024/10/23 	81.70176457112488	82.85929107666016	81.70176457112488	82.85929107666016	32251	2024/10/23 
2024/10/24 	82.85929241939688	82.85929241939688	81.79823195829047	82.28053283691406	23180	2024/10/24 
2024/10/25 	82.47344970703125	82.85929187928049	81.79823142509058	82.47344970703125	40500	2024/10/25 
2024/10/28 	82.76283317605001	82.76283317605001	82.47344970703125	82.47344970703125	9229	2024/10/28 
2024/10/29 	84.20973914106642	84.69204003566743	83.72743824646543	84.40265655517578	58238	2024/10/29 
2024/10/30 	85.17433653741425	93.46991002484299	85.17433653741425	89.8044204711914	230959	2024/10/30 
2024/11/01 	89.61150122577686	93.08406594459046	88.45397474662094	90.67256164550781	138788	2024/11/01 
2024/11/04 	92.11947086879185	92.7946891775022	90.38318470449718	91.15486907958984	87233	2024/11/04 
2024/11/05 	92.40885379897249	92.40885379897249	90.76902635149796	91.34778594970703	32610	2024/11/05 
2024/11/06 	92.40885162353516	92.40885162353516	91.63716727120458	92.40885162353516	7001	2024/11/06 
2024/11/07 	92.40885325019174	92.7946880738214	90.57610840064069	91.63716888427734	126192	2024/11/07 
2024/11/08 	89.70796044700273	90.67256217223932	87.19999743325303	90.3831787109375	90397	2024/11/08 
2024/11/11 	90.38318303480531	90.38318303480531	88.55044555664062	88.55044555664062	12504	2024/11/11 
2024/11/12 	89.03274590014125	89.03274590014125	88.74336242675781	88.74336242675781	5500	2024/11/12 
2024/11/13 	88.93627698038004	89.03274304129528	86.52477264404297	86.52477264404297	70519	2024/11/13 
2024/11/14 	85.65663759921134	86.71769804312324	81.12300499802086	82.85929107666016	248043	2024/11/14 
2024/11/15 	81.50884948726144	81.50884948726144	76.78229934690387	78.3256607055664	324940	2024/11/15 
2024/11/18 	79.09734398074367	80.1584044403272	78.51858439909151	78.8079605102539	56260	2024/11/18 
2024/11/19 	79.77256172562228	79.77256172562228	78.80795997629515	79.09734344482422	42353	2024/11/19 
2024/11/20 	77.84336035899433	79.3867290876504	77.84336035899433	78.13274383544922	100525	2024/11/20 
2024/11/21 	78.13273960711008	80.06194305419922	78.13273960711008	80.06194305419922	5451	2024/11/21 
2024/11/22 	80.06194546575962	80.06194546575962	77.84335849104981	79.00088500976562	72185	2024/11/22 
2024/11/25 	79.00088745415664	79.00088745415664	77.65044348686735	77.93982696533203	275318	2024/11/25 
2024/11/26 	77.65044294757608	80.0619473869418	77.55398424186696	78.13274383544922	53308	2024/11/26 
2024/11/27 	77.45752716064453	77.843361991573	77.16814367812052	77.45752716064453	48040	2024/11/27 
2024/11/28 	77.16814395305703	77.65044485276364	75.43185777038217	77.26460266113281	36605	2024/11/28 
2024/11/29 	76.87875366769381	78.13273883971637	76.87875366769381	76.9752197265625	27979	2024/11/29 
2024/12/02 	78.03628567296767	78.13274437934825	77.65044348811772	77.8433609008789	7530	2024/12/02 
2024/12/03 	78.51858493575664	79.29026193012473	78.42212623137655	78.61504364013672	5810	2024/12/03 
2024/12/04 	79.38672452857371	80.15840148925781	79.09734106873773	80.15840148925781	22176	2024/12/04 
2024/12/05 	81.21946396257106	82.76283264160156	80.06194481262546	82.76283264160156	91277	2024/12/05 
2024/12/06 	81.79823303222656	83.63097050759644	81.70176696777344	81.79823303222656	16000	2024/12/06 
2024/12/09 	81.99115129123811	84.78849792480469	81.99115129123811	84.78849792480469	30121	2024/12/09 
2024/12/10 	84.78849374236802	84.78849374236802	81.99114724678861	83.14866638183594	38000	2024/12/10 
2024/12/11 	84.78849374236802	84.78849374236802	82.66636551567836	83.14866638183594	40790	2024/12/11 
2024/12/12 	84.78849792480469	84.78849792480469	84.78849792480469	84.78849792480469	7000	2024/12/12 
2024/12/13 	82.66636765235103	82.66636765235103	81.99114936600895	82.28053283691406	65240	2024/12/13 
2024/12/16 	82.66636395055221	82.66636395055221	79.77255880839529	80.44778442382812	120010	2024/12/16 
2024/12/17 	80.4477909616882	82.28053583919717	80.0619487728451	80.93009185791016	69611	2024/12/17 
2024/12/18 	80.7371668124771	82.18406949628012	80.44779069131306	81.02655029296875	16380	2024/12/18 
2024/12/19 	80.15840609265092	81.02654916268808	77.26460076541206	78.13274383544922	50681	2024/12/19 
2024/12/20 	77.36105399444058	79.57964086532593	76.78229444183089	77.16813659667969	69680	2024/12/20 
2024/12/23 	77.26460130326777	78.03628567296767	76.78230041203722	77.8433609008789	74600	2024/12/23 
2024/12/24 	77.36106109358475	77.843361991573	77.07168497038839	77.45752716064453	19600	2024/12/24 
2024/12/25 	77.65044485276364	77.65044485276364	77.26460266113281	77.26460266113281	6000	2024/12/25 
2024/12/26 	76.97522626524994	78.03628676899432	76.97522626524994	77.3610610961914	41400	2024/12/26 
2024/12/27 	77.16814368072068	78.42212895926345	77.16814368072068	77.3610610961914	47000	2024/12/27 
2024/12/30 	78.42212176010652	78.42212176010652	76.87875314071134	77.16813659667969	29000	2024/12/30 
2024/12/31 	76.68584224155971	77.93982751125337	76.68584224155971	77.65044403076172	8200	2024/12/31 
2025/01/02 	77.36105399444058	77.65043745040893	76.78229444183089	77.16813659667969	20200	2025/01/02 
2025/01/03 	77.45752005264804	77.45752005264804	77.16813659667969	77.16813659667969	7000	2025/01/03 
2025/01/06 	77.45752553615783	78.13274383544922	77.16814205970293	78.13274383544922	12320	2025/01/06 
2025/01/07 	77.65044082083354	79.48318561642053	77.65044082083354	79.09734344482422	20500	2025/01/07 
2025/01/08 	79.5796470749011	81.31593322753906	78.90442877072388	81.31593322753906	64530	2025/01/08 
2025/01/09 	82.95574924510197	85.17433618027162	81.9911475096938	83.05220794677734	87403	2025/01/09 
2025/01/10 	83.92035098051014	83.92035098051014	82.08760621136918	83.05220794677734	39000	2025/01/10 
2025/01/13 	82.08760700219327	82.95575004428966	81.99114829958862	82.66636657714844	33019	2025/01/13 
2025/01/14 	82.9557474070582	83.92034912109375	82.9557474070582	83.92034912109375	34001	2025/01/14 
2025/01/15 	83.53450748638164	85.36725222638412	83.53450748638164	83.63096618652344	45300	2025/01/15 
2025/01/16 	83.8238974975633	84.69204058534514	83.8238974975633	84.11327362060547	33300	2025/01/16 
2025/01/17 	84.11327199467897	84.88495635986328	83.63097110627065	84.88495635986328	50950	2025/01/17 
2025/01/20 	85.84955384996202	87.97167470926394	85.56017038763578	86.81415557861328	248560	2025/01/20 
2025/01/21 	87.20000107381011	90.19026507502016	86.81415889574133	88.74336242675781	102133	2025/01/21 
2025/01/22 	90.19026290729482	90.57610507608987	88.7433602938088	89.70796203613281	102532	2025/01/22 
2025/02/03 	90.38317924327302	90.67256270627924	88.74335924444351	90.19026184082031	123956	2025/02/03 
2025/02/04 	90.6725671065481	92.50531195609916	90.38318362949832	91.63716888427734	86328	2025/02/04 
2025/02/05 	92.40884949438558	93.37345123291016	91.54070645784802	93.37345123291016	137280	2025/02/05 
2025/02/06 	93.6628290687772	98.38937914671011	93.37345295747153	95.97787475585938	160312	2025/02/06 
2025/02/07 	95.4955699586593	95.97787081703636	94.2415847831481	94.33805084228516	141117	2025/02/07 
2025/02/10 	93.56637188779597	93.8557553631387	90.57610786634015	91.83008575439453	124957	2025/02/10 
2025/02/11 	92.60176822534167	93.56636997768898	91.63716647299437	92.69822692871094	63224	2025/02/11 
2025/02/12 	92.69822454890127	93.85575103759766	92.31238238600247	93.85575103759766	78615	2025/02/12 
2025/02/13 	94.5309693031752	94.5309693031752	92.60176584800836	93.85575103759766	16265	2025/02/13 
2025/02/14 	93.85575183414214	95.97787270910504	92.7946840373335	93.46990966796875	71943	2025/02/14 
2025/02/17 	95.59203258145779	96.2672582264924	95.2061904070562	95.97787475585938	66541	2025/02/17 
2025/02/18 	96.2672582264924	96.36371693026096	95.68849128522633	95.97787475585938	65320	2025/02/18 
2025/02/19 	95.49557441267119	96.07433399785221	94.53097265092704	95.68849182128906	42400	2025/02/19 
2025/02/20 	96.46017590436148	96.94247678388328	95.59203284935674	95.88141632080078	57944	2025/02/20 
2025/02/21 	96.07433292274703	96.46017509499248	95.88141551628799	96.17079162597656	38574	2025/02/21 
2025/02/24 	95.97787421951752	96.46017509499248	95.88141551628799	96.17079162597656	56600	2025/02/24 
2025/02/25 	96.26725742252529	96.36371612548828	96.26725742252529	96.36371612548828	2000	2025/02/25 
2025/02/26 	96.46017482845127	96.46017482845127	94.53097133188224	96.36371612548828	46531	2025/02/26 
2025/02/27 	96.46017563402953	98.87168002488026	95.97787475585938	95.97787475585938	178808	2025/02/27 
2025/03/03 	95.68849128522633	96.46017563402953	94.53097212134892	95.97787475585938	45400	2025/03/03 
2025/03/04 	96.46017699115043	96.46017699115043	95.39911651611328	95.39911651611328	23308	2025/03/04 
2025/03/05 	96.46017563402953	96.46017563402953	95.88141605209081	95.97787475585938	27600	2025/03/05 
2025/03/06 	95.49557387768922	96.46017563402953	95.49557387768922	95.97787475585938	19200	2025/03/06 
2025/03/07 	95.20618987502664	96.46017509499248	95.20618987502664	96.17079162597656	16100	2025/03/07 
2025/03/10 	96.46017509499248	96.94247597046744	95.97787421951752	96.17079162597656	51350	2025/03/10 
2025/03/11 	96.17079189441674	97.4247771178828	95.01327273377679	96.07433319091797	108680	2025/03/11 
2025/03/12 	96.46017456054688	97.90707717895508	95.49557281494141	96.46017456054688	246456	2025/03/12 
2025/03/13 	97.42477876106194	109.9646017699115	97.42477876106194	109.0	420223	2025/03/13 
2025/03/14 	108.03539927071387	110.44690371872088	100.31858503709145	105.14159393310547	173071	2025/03/14 
2025/03/17 	105.14159502301897	109.96460396902901	105.14159502301897	108.035400390625	98635	2025/03/17 
2025/03/18 	108.51769593084744	110.92920028486627	107.07079331843613	110.4468994140625	53055	2025/03/18 
2025/03/19 	110.44690265486724	110.44690265486724	107.07079646017698	109.0	56910	2025/03/19 
2025/03/20 	108.5177001953125	110.44690375434028	107.07079752604167	108.5177001953125	61692	2025/03/20 
2025/03/21 	107.55309402190886	109.96459837217589	107.07079315185547	107.07079315185547	49396	2025/03/21 
2025/03/24 	109.48229750212248	109.48229750212248	107.07079315185547	107.07079315185547	59333	2025/03/24 
2025/03/25 	108.03539489196227	108.03539489196227	105.62389054169526	107.07079315185547	125218	2025/03/25 
2025/03/26 	105.62389591761998	108.035400390625	103.69469233921596	108.035400390625	52130	2025/03/26 
2025/03/27 	108.51769576201568	108.51769576201568	106.58849228180206	107.07079315185547	23640	2025/03/27 
2025/03/28 	109.00000104991668	109.00000104991668	104.65929304350406	105.14159393310547	65450	2025/03/28 
2025/03/31 	104.17698669433594	106.10619015163846	101.7654823727078	104.17698669433594	96842	2025/03/31 
2025/04/01 	104.1769910838506	106.10619462244043	104.1769910838506	105.62389373779297	75785	2025/04/01 
2025/04/02 	106.10619462244043	106.10619462244043	104.65929196849805	105.62389373779297	72830	2025/04/02 
2025/04/07 	101.28318786621094	105.14159502301897	89.90088380989619	91.15486907958984	284543	2025/04/07 
2025/04/08 	89.70796219425497	93.469910467815	89.70796219425497	93.08406829833984	127634	2025/04/08 
2025/04/09 	93.37345338428467	95.97787519457742	91.83008467962352	92.40885162353516	215497	2025/04/09 
2025/04/10 	96.46017456054688	101.28318328857422	95.68849022033159	96.46017456054688	123509	2025/04/10 
2025/04/11 	96.46017456054688	97.90707717895508	94.53097106933593	96.46017456054688	125320	2025/04/11 
2025/04/14 	96.26725504430712	97.90707503214921	96.26725504430712	97.42477416992188	68780	2025/04/14 
2025/04/15 	96.9424798148019	98.3893824986049	96.46017892020089	97.9070816040039	94675	2025/04/15 
2025/04/16 	98.87167907567415	100.31858169629378	97.90707732859441	99.8362808227539	162512	2025/04/16 
2025/04/17 	100.31858407079645	113.34070796460176	100.31858407079645	109.0	384688	2025/04/17 
2025/04/18 	110.0	110.0	108.0	108.5	90443	2025/04/18 
2025/04/21 	106.5	109.0	106.5	108.5	34560	2025/04/21 
2025/04/22 	109.0	109.0	104.5	106.0	69254	2025/04/22 
2025/04/23 	106.5	108.5	106.0	106.5	61020	2025/04/23 
2025/04/24 	109.0	109.0	106.5	107.5	11009	2025/04/24 
2025/04/25 	107.0	108.5	106.5	106.5	11417	2025/04/25 
2025/04/28 	107.0	108.5	107.0	107.5	21201	2025/04/28 
2025/04/29 	107.0	107.0	105.0	106.5	31400	2025/04/29 
2025/04/30 	107.0	108.0	106.5	107.0	68380	2025/04/30 
2025/05/02 	107.5	107.5	106.5	107.0	22201	2025/05/02 
2025/05/05 	107.5	108.0	106.5	107.0	54473	2025/05/05 
2025/05/06 	107.5	107.5	106.0	106.0	45511	2025/05/06 
2025/05/07 	106.0	106.5	102.5	102.5	80396	2025/05/07 
2025/05/08 	103.0	103.0	99.0999984741211	99.69999694824219	176939	2025/05/08 
2025/05/09 	100.5	100.5	99.5999984741211	99.9000015258789	56424	2025/05/09 
2025/05/12 	100.0	100.0	99.4000015258789	99.4000015258789	40077	2025/05/12 
2025/05/13 	99.69999694824219	100.0	99.4000015258789	99.69999694824219	42340	2025/05/13 
2025/05/14 	99.30000305175781	99.9000015258789	99.30000305175781	99.5999984741211	20251	2025/05/14 
2025/05/15 	99.80000305175781	100.5	99.19999694824219	100.0	42229	2025/05/15 
2025/05/16 	99.30000305175781	100.5	99.30000305175781	99.69999694824219	30223	2025/05/16 
2025/05/19 	99.4000015258789	99.80000305175781	99.0	99.80000305175781	39200	2025/05/19 
2025/05/20 	99.0	99.69999694824219	99.0	99.69999694824219	53900	2025/05/20 
2025/05/21 	99.30000305175781	100.5	99.30000305175781	100.5	35945	2025/05/21 
2025/05/22 	100.5	100.5	99.30000305175781	100.0	29620	2025/05/22 
2025/05/23 	99.5	100.5	99.19999694824219	99.69999694824219	64366	2025/05/23 
2025/05/26 	100.0	100.5	99.19999694824219	100.0	17790	2025/05/26 
2025/05/27 	99.5999984741211	99.80000305175781	98.69999694824219	99.0	67486	2025/05/27 
2025/05/28 	99.5999984741211	99.9000015258789	99.0999984741211	99.5	58411	2025/05/28 
2025/05/29 	99.80000305175781	108.5	99.30000305175781	106.0	366075	2025/05/29 
2025/06/02 	107.0	108.0	102.5	104.0	201692	2025/06/02 
2025/06/03 	105.0	107.0	104.0	104.5	42435	2025/06/03 
2025/06/04 	105.0	108.0	103.0	105.0	36769	2025/06/04 
2025/06/05 	105.5	106.5	103.5	105.5	91995	2025/06/05 
2025/06/06 	104.5	105.5	103.5	105.5	206088	2025/06/06 
2025/06/09 	105.5	113.0	105.5	112.0	544939	2025/06/09 
2025/06/10 	115.0	136.0	115.0	135.0	3894000	2025/06/10 
2025/06/11 	133.5	135.0	115.5	123.0	1835731	2025/06/11 
2025/06/12 	120.0	122.0	110.0	115.0	1509100	2025/06/12 
2025/06/13 	111.0	113.5	110.0	110.5	563076	2025/06/13 
2025/06/16 	109.0	110.0	105.5	106.5	514600	2025/06/16 
2025/06/17 	108.5	116.5	107.0	115.5	974672	2025/06/17 
2025/06/18 	110.0	113.5	108.0	111.0	606090	2025/06/18 
2025/06/19 	112.0	112.0	108.0	109.0	322180	2025/06/19 
2025/06/20 	110.0	110.0	105.0	106.0	391117	2025/06/20 
2025/06/23 	104.0	105.0	100.5	100.5	457093	2025/06/23 
2025/06/24 	101.5	105.0	101.5	102.0	291000	2025/06/24 
2025/06/25 	101.5	105.0	100.5	103.5	374030	2025/06/25 
2025/06/26 	104.0	104.0	100.5	100.5	259152	2025/06/26 
