Date	Open	High	Low	Close	Volume	Date
2023/02/24 	159.13695578249346	165.5024340137932	154.24043406610903	157.66799926757812	128241	2023/02/24 
2023/03/01 	154.73008702847824	154.73008702847824	141.99913050081864	148.36460876464844	83966	2023/03/01 
2023/03/02 	145.91634789394467	150.8128696353522	145.91634789394467	148.36460876464844	41790	2023/03/02 
2023/03/03 	148.36461463341345	152.771484375	147.38531024639423	152.771484375	63083	2023/03/03 
2023/03/06 	149.83357341742953	162.0748784351934	149.83357341742953	159.62661743164062	55294	2023/03/06 
2023/03/07 	156.6886921672078	156.6886921672078	148.8542575588474	150.8128662109375	69960	2023/03/07 
2023/03/08 	155.21974412261463	155.21974412261463	148.85426565701843	149.3439178466797	90032	2023/03/08 
2023/03/09 	152.28183337442238	152.77148557176778	149.8335723876953	149.8335723876953	27460	2023/03/09 
2023/03/10 	152.28183337442238	152.28183337442238	146.89565920362287	149.8335723876953	27163	2023/03/10 
2023/03/13 	146.89566040039062	148.85426920572917	142.97844278971354	146.89566040039062	34431	2023/03/13 
2023/03/14 	144.93704585025185	148.85426330566406	144.93704585025185	148.85426330566406	10233	2023/03/14 
2023/03/15 	148.36461112373755	148.85426330566406	147.3853067598845	148.85426330566406	49939	2023/03/15 
2023/03/16 	147.87496127769595	149.3439178466797	143.95774376040598	149.3439178466797	35385	2023/03/16 
2023/03/17 	149.83356323242188	154.73008490668403	149.34391106499567	154.2404327392578	66021	2023/03/17 
2023/03/20 	157.17835169359802	157.17835169359802	149.83356890417755	152.28182983398438	36020	2023/03/20 
2023/03/21 	150.81286858123482	152.28182509338973	149.83356423979825	151.30252075195312	14255	2023/03/21 
2023/03/22 	149.3439235808743	153.75079345703125	149.3439235808743	153.75079345703125	2645	2023/03/22 
2023/03/23 	153.7507824075633	172.3575649919181	152.7714780610183	170.39895629882812	146871	2023/03/23 
2023/03/24 	172.35756221931138	178.23338820406062	161.5852145806044	163.5438232421875	90613	2023/03/24 
2023/03/27 	165.99208998246627	165.99208998246627	159.62661160555754	161.58522033691406	30223	2023/03/27 
2023/03/28 	163.0541841030121	163.0541841030121	150.81287899017335	156.68870544433594	79844	2023/03/28 
2023/03/29 	151.79218112861847	156.1990509033203	151.30252893142938	156.1990509033203	26403	2023/03/29 
2023/03/30 	156.19905202666675	159.62661743164062	155.70939982595618	159.62661743164062	15473	2023/03/30 
2023/03/31 	159.62661743164062	159.62661743164062	152.77148662169287	159.62661743164062	28105	2023/03/31 
2023/04/06 	156.68869492430125	157.66799926757812	154.73008623774749	157.66799926757812	23941	2023/04/06 
2023/04/07 	158.15764942283403	165.0127797383748	156.6886929266467	163.5438232421875	71583	2023/04/07 
2023/04/10 	167.4610549029182	167.4610549029182	158.64731517118565	166.48175048828125	37903	2023/04/10 
2023/04/11 	166.4817506749331	166.4817506749331	158.64731534905388	160.11627197265625	55806	2023/04/11 
2023/04/12 	158.6473106971154	165.9920935997596	158.6473106971154	165.50244140625	30538	2023/04/12 
2023/04/13 	164.52313343394886	164.52313343394886	159.62661160555754	161.58522033691406	29733	2023/04/13 
2023/04/14 	159.62661392811202	162.56452706789324	158.64730954818495	162.0748748779297	30084	2023/04/14 
2023/04/17 	159.6266150841346	162.5645282451923	158.6473106971154	159.136962890625	11906	2023/04/17 
2023/04/18 	162.07487142653693	164.52313232421875	160.6059148879278	164.52313232421875	54764	2023/04/18 
2023/04/19 	165.9920970497793	169.9093146792726	164.52314043871928	169.41966247558594	75533	2023/04/19 
2023/04/20 	169.90931114783652	169.90931114783652	162.5645282451923	165.50244140625	29548	2023/04/20 
2023/04/21 	162.56452470259234	164.52313343394886	161.58522033691406	161.58522033691406	14025	2023/04/21 
2023/04/24 	162.56451891139596	163.5438232421875	160.60591024981287	163.5438232421875	24183	2023/04/24 
2023/04/25 	161.58521559180284	162.56451992872286	158.15765041258277	160.6059112548828	17263	2023/04/25 
2023/04/26 	157.66799926757812	158.647303610855	154.73008623774749	157.66799926757812	30983	2023/04/26 
2023/04/27 	157.17835642808785	159.62661743164062	156.6887042273773	159.62661743164062	20386	2023/04/27 
2023/04/28 	161.58522146719474	161.58522146719474	157.1783517908167	158.64730834960938	20527	2023/04/28 
2023/05/02 	160.11627087593078	160.11627087593078	156.68870544433594	156.68870544433594	25795	2023/05/02 
2023/05/03 	155.70938924153646	156.68869357638889	154.2404327392578	154.2404327392578	35820	2023/05/03 
2023/05/04 	157.1783552976985	157.1783552976985	154.24044211456393	156.1990509033203	10359	2023/05/04 
2023/05/05 	157.6680003298989	157.6680003298989	154.73008728027344	154.73008728027344	6040	2023/05/05 
2023/05/08 	152.77148322339326	156.68870074194183	152.77148322339326	155.7093963623047	3627	2023/05/08 
2023/05/09 	156.6887019230769	156.6887019230769	152.771484375	152.771484375	1385	2023/05/09 
2023/05/10 	152.2818368316456	154.730097873955	152.2818368316456	153.75079345703125	2210	2023/05/10 
2023/05/11 	155.2197500824169	155.70940229087878	151.79218462318372	153.75079345703125	10167	2023/05/11 
2023/05/12 	153.75079345703125	153.75079345703125	153.75079345703125	153.75079345703125	0	2023/05/12 
2023/05/15 	150.8128780110677	150.8128780110677	143.9577471923828	146.89566040039062	21894	2023/05/15 
2023/05/16 	147.87495525463206	147.87495525463206	143.95773789689346	144.93704223632812	4453	2023/05/16 
2023/05/17 	147.87496605697945	147.87496605697945	142.97844400211255	143.95774841308594	15665	2023/05/17 
2023/05/18 	142.97843459556842	143.95773894211342	140.53017372920596	141.99913024902344	34827	2023/05/18 
2023/05/19 	143.95774371003452	143.95774371003452	142.9784393310547	142.9784393310547	68	2023/05/19 
2023/05/22 	142.97844289321102	142.97844289321102	140.53018188476562	140.53018188476562	5128	2023/05/22 
2023/05/23 	141.99913132358606	141.99913132358606	137.1026095538072	139.06121826171875	20136	2023/05/23 
2023/05/24 	140.04053200615778	141.01983642578125	138.0819231669108	141.01983642578125	10522	2023/05/24 
2023/05/25 	141.01983642578125	141.01983642578125	139.55087979634604	141.01983642578125	7480	2023/05/25 
2023/05/26 	141.50947606168836	148.36460638993623	141.50947606168836	147.8749542236328	20931	2023/05/26 
2023/05/29 	148.36460772764337	154.2404337762629	148.36460772764337	151.30252075195312	39014	2023/05/29 
2023/05/30 	148.36461810879288	151.30253133866995	148.36461810879288	150.32322692871094	2687	2023/05/30 
2023/05/31 	147.874958941811	150.81287203337018	147.874958941811	148.85426330566406	5242	2023/05/31 
2023/06/01 	149.8335723876953	149.8335723876953	149.8335723876953	149.8335723876953	34	2023/06/01 
2023/06/02 	150.81287678238613	151.30252897973156	149.8335723876953	149.8335723876953	8130	2023/06/02 
2023/06/05 	151.79218117707697	152.28183337442238	149.8335723876953	149.8335723876953	9980	2023/06/05 
2023/06/06 	147.8749542236328	149.8335628888465	147.3853020573294	147.8749542236328	4433	2023/06/06 
2023/06/07 	145.42669677734375	147.8749576658512	144.44739242194075	145.42669677734375	10940	2023/06/07 
2023/06/08 	148.85426920572917	148.85426920572917	146.89566040039062	146.89566040039062	28	2023/06/08 
2023/06/09 	148.85426330566406	148.85426330566406	148.85426330566406	148.85426330566406	272	2023/06/09 
2023/06/12 	148.85426920572917	148.85426920572917	146.89566040039062	146.89566040039062	10876	2023/06/12 
2023/06/13 	148.3646074243494	148.85425959406672	144.93704223632812	144.93704223632812	26800	2023/06/13 
2023/06/14 	147.8749671505139	148.36461935962157	147.38531494140625	147.38531494140625	6536	2023/06/14 
2023/06/15 	148.85426920572917	149.34392140706382	146.89566040039062	146.89566040039062	27375	2023/06/15 
2023/06/16 	145.4266991327273	148.85426443215187	145.4266991327273	145.91635131835938	14117	2023/06/16 
2023/06/19 	148.85425855623964	148.85425855623964	145.91634555841912	147.8749542236328	6703	2023/06/19 
2023/06/20 	147.87495525463206	147.87495525463206	144.93704223632812	144.93704223632812	4505	2023/06/20 
2023/06/21 	142.9784382045669	145.91635131835938	142.9784382045669	145.91635131835938	6029	2023/06/21 
2023/06/26 	142.9784393310547	144.44739589952442	138.08191743615555	142.9784393310547	11353	2023/06/26 
2023/06/27 	142.97844400211255	143.95774841308594	141.9991395911392	143.95774841308594	7082	2023/06/27 
2023/06/28 	147.8749542236328	148.36460638993623	146.89564989102598	147.8749542236328	12408	2023/06/28 
2023/06/29 	142.97844400211255	144.93705282405932	142.97844400211255	143.95774841308594	3300	2023/06/29 
2023/06/30 	146.8956580528846	146.8956580528846	144.93704927884616	146.406005859375	4212	2023/06/30 
2023/07/03 	143.95773789689346	145.91634657576276	143.95773789689346	144.93704223632812	5671	2023/07/03 
2023/07/04 	146.4059987454801	146.4059987454801	144.93704223632812	144.93704223632812	8300	2023/07/04 
2023/07/05 	144.44739476146316	145.91635131835938	144.44739476146316	145.91635131835938	12255	2023/07/05 
2023/07/06 	143.95774841308594	143.95774841308594	143.95774841308594	143.95774841308594	2000	2023/07/06 
2023/07/07 	139.55086938266095	141.99913024902344	139.55086938266095	141.99913024902344	9150	2023/07/07 
2023/07/10 	141.0198351801658	145.42670502954599	141.0198351801658	143.95774841308594	14063	2023/07/10 
2023/07/11 	145.91635131835938	145.91635131835938	145.91635131835938	145.91635131835938	10	2023/07/11 
2023/07/12 	144.93705282405932	144.93705282405932	143.95774841308594	143.95774841308594	2005	2023/07/12 
2023/07/13 	143.95774371003452	143.95774371003452	141.99913495207485	142.9784393310547	10000	2023/07/13 
2023/07/14 	145.91635131835938	145.91635131835938	145.91635131835938	145.91635131835938	1	2023/07/14 
2023/07/17 	142.48878714156476	143.95774371003452	142.48878714156476	142.9784393310547	11430	2023/07/17 
2023/07/18 	142.9784393310547	142.9784393310547	142.9784393310547	142.9784393310547	0	2023/07/18 
2023/07/19 	143.95773894211342	143.95773894211342	141.99913024902344	141.99913024902344	3500	2023/07/19 
2023/07/20 	141.99913024902344	141.99913024902344	141.99913024902344	141.99913024902344	0	2023/07/20 
2023/07/21 	140.04052155593345	141.99913024902344	139.55086938266095	141.99913024902344	5311	2023/07/21 
2023/07/24 	138.0819231669108	142.48879305521646	138.0819231669108	141.01983642578125	4701	2023/07/24 
2023/07/25 	142.48878831129807	142.48878831129807	140.04052734375	140.04052734375	4067	2023/07/25 
2023/07/26 	141.99912646138077	141.99912646138077	138.0819091796875	138.0819091796875	1004	2023/07/26 
2023/07/27 	137.10260721482993	140.0405202265763	137.10260721482993	138.57156372070312	21427	2023/07/27 
2023/07/28 	138.57157194955008	138.57157194955008	137.1026153564453	137.1026153564453	4000	2023/07/28 
2023/07/31 	134.65435557121776	138.08192098575788	133.67505116706346	134.16470336914062	11130	2023/07/31 
2023/08/01 	137.5922628169437	137.5922628169437	136.12330627441406	136.12330627441406	2304	2023/08/01 
2023/08/02 	137.59226989746094	137.59226989746094	137.59226989746094	137.59226989746094	3	2023/08/02 
2023/08/04 	137.5922580110854	138.08191017482594	135.1439971923828	135.1439971923828	12615	2023/08/04 
2023/08/07 	135.1439971923828	135.1439971923828	135.1439971923828	135.1439971923828	0	2023/08/07 
2023/08/08 	135.1439971923828	135.1439971923828	135.1439971923828	135.1439971923828	0	2023/08/08 
2023/08/09 	132.20609105619272	132.69574324528972	129.75783011070766	130.2474822998047	19217	2023/08/09 
2023/08/10 	130.73713136560775	130.73713136560775	124.37165305941713	124.8613052368164	14295	2023/08/10 
2023/08/11 	123.88200436401368	124.37165655517579	121.92339559936524	122.41304779052734	8258	2023/08/11 
2023/08/14 	119.96478860309016	121.43374519823004	116.53722321443044	118.00617980957031	13157	2023/08/14 
2023/08/15 	115.55791941410352	116.53722381591797	115.55791941410352	116.53722381591797	19497	2023/08/15 
2023/08/16 	116.53722381591797	116.53722381591797	115.55791941410352	116.53722381591797	3758	2023/08/16 
2023/08/17 	117.02687601682518	117.02687601682518	116.53722381591797	116.53722381591797	2005	2023/08/17 
2023/08/18 	115.06826255281092	115.55791473388672	115.06826255281092	115.55791473388672	3331	2023/08/18 
2023/08/21 	115.55791473388672	115.55791473388672	115.55791473388672	115.55791473388672	0	2023/08/21 
2023/08/22 	115.55791473388672	115.55791473388672	115.55791473388672	115.55791473388672	1000	2023/08/22 
2023/08/23 	115.55791473388672	115.55791473388672	115.55791473388672	115.55791473388672	0	2023/08/23 
2023/08/24 	114.57861328125	116.53722205528845	114.57861328125	114.57861328125	2052	2023/08/24 
2023/08/25 	113.59930889423076	114.57861328125	113.59930889423076	114.57861328125	3007	2023/08/25 
2023/08/28 	114.57861328125	114.57861328125	114.57861328125	114.57861328125	0	2023/08/28 
2023/08/29 	113.59930889423076	114.57861328125	113.59930889423076	114.57861328125	2150	2023/08/29 
2023/08/30 	116.53722381591797	116.53722381591797	116.53722381591797	116.53722381591797	1	2023/08/30 
2023/08/31 	116.53722381591797	116.53722381591797	116.53722381591797	116.53722381591797	2	2023/08/31 
2023/09/01 	116.53722381591797	116.53722381591797	116.53722381591797	116.53722381591797	302	2023/09/01 
2023/09/04 	116.53722089131674	117.51652526855469	116.53722089131674	117.51652526855469	2022	2023/09/04 
2023/09/05 	117.51652526855469	117.51652526855469	117.51652526855469	117.51652526855469	386	2023/09/05 
2023/09/06 	115.55791766826923	116.53722205528845	114.57861328125	114.57861328125	2604	2023/09/06 
2023/09/07 	116.53722089131674	117.51652526855469	116.04756870269775	117.51652526855469	4015	2023/09/07 
2023/09/08 	117.51652526855469	117.51652526855469	117.51652526855469	117.51652526855469	0	2023/09/08 
2023/09/11 	121.43374162379318	121.43374162379318	120.45443725585938	120.45443725585938	712	2023/09/11 
2023/09/12 	120.45444019505234	120.45444019505234	118.9854836073078	119.47513580322266	3205	2023/09/12 
2023/09/13 	120.45443840026856	120.45443840026856	117.51652526855469	117.51652526855469	2003	2023/09/13 
2023/09/14 	119.47513580322266	119.47513580322266	117.51652701956327	119.47513580322266	2017	2023/09/14 
2023/09/15 	117.0268754128104	118.00617980957031	117.0268754128104	118.00617980957031	6811	2023/09/15 
2023/09/18 	117.02687601682518	117.5165282177324	115.06826721319631	116.53722381591797	6342	2023/09/18 
2023/09/19 	115.0682643254598	117.51652526855469	115.0682643254598	117.51652526855469	3101	2023/09/19 
2023/09/20 	117.51652526855469	117.51652526855469	115.55791651407877	117.51652526855469	4818	2023/09/20 
2023/09/21 	117.51652345818988	117.51652345818988	114.57861037173514	115.55791473388672	5841	2023/09/21 
2023/09/22 	114.08896167969807	115.06826607179849	110.66139630734664	113.10965728759766	7752	2023/09/22 
2023/09/25 	113.10965202594626	113.59930419921875	110.66139115958379	113.59930419921875	2259	2023/09/25 
2023/09/26 	113.10965728759766	113.10965728759766	111.64070069944704	113.10965728759766	5511	2023/09/26 
2023/09/27 	113.10965728759766	113.10965728759766	113.10965728759766	113.10965728759766	2	2023/09/27 
2023/09/28 	113.10965150873712	115.55791236390459	113.10965150873712	115.0682601928711	4575	2023/09/28 
2023/10/02 	115.06826856243077	139.0612266882142	115.06826856243077	131.22679138183594	74819	2023/10/02 
2023/10/03 	128.28887243831858	137.102611766142	128.28887243831858	133.18539428710938	53650	2023/10/03 
2023/10/04 	128.7785186767578	130.73712732583397	127.3095621899507	128.7785186767578	11586	2023/10/04 
2023/10/05 	129.75783011070766	135.63365637987178	127.79922135431963	130.2474822998047	50151	2023/10/05 
2023/10/06 	132.695745577131	138.0819197518485	132.2060933794294	137.1026153564453	102916	2023/10/06 
2023/10/11 	138.57157537672256	143.46809747483996	138.0819231669108	141.01983642578125	110576	2023/10/11 
2023/10/12 	138.5715743095425	140.04053092766486	136.1233132793386	137.59226989746094	44545	2023/10/12 
2023/10/13 	134.1647046217278	135.14400903502508	127.79922593529545	131.22679138183594	30791	2023/10/13 
2023/10/16 	126.33026592548076	128.28887469951923	126.33026592548076	127.3095703125	23001	2023/10/16 
2023/10/17 	125.84061431884766	128.28887529781358	125.84061431884766	125.84061431884766	1109	2023/10/17 
2023/10/18 	125.35095608618951	125.35095608618951	120.45443436407274	121.4337387084961	27138	2023/10/18 
2023/10/19 	119.47513702136128	119.47513702136128	112.62000620866021	116.53722381591797	15652	2023/10/19 
2023/10/20 	117.5165282177324	117.5165282177324	115.55791941410352	116.53722381591797	4317	2023/10/20 
2023/10/23 	118.00617745717366	118.00617745717366	114.57861213684082	117.51652526855469	3572	2023/10/23 
2023/10/24 	116.53722321443044	118.00617980957031	114.5786144209106	118.00617980957031	4042	2023/10/24 
2023/10/25 	119.9647879991375	119.9647879991375	118.9854836073078	119.47513580322266	2111	2023/10/25 
2023/10/26 	114.08896228723358	117.51652767783716	110.66139689663	111.64070129394531	33442	2023/10/26 
2023/10/27 	109.6820919491829	110.66139634158633	102.82696120235897	106.74417877197266	34410	2023/10/27 
2023/10/30 	106.74417705787961	111.15104675292969	105.76487268120181	111.15104675292969	20277	2023/10/30 
2023/10/31 	111.15104853778804	111.15104853778804	105.27522218336752	106.74417877197266	19860	2023/10/31 
2023/11/01 	108.7027816772461	108.7027816772461	106.7441729983768	108.7027816772461	6161	2023/11/01 
2023/11/02 	105.76487149325284	108.21313240744851	105.2752193104137	107.72348022460938	16102	2023/11/02 
2023/11/03 	105.76487149325284	109.19243677312677	105.76487149325284	107.72348022460938	14613	2023/11/03 
2023/11/06 	109.68208732771562	112.1303482055664	109.68208732771562	112.1303482055664	7390	2023/11/06 
2023/11/07 	110.17174530029297	110.17174530029297	107.72348429361979	110.17174530029297	22424	2023/11/07 
2023/11/08 	110.17174003398523	112.62000092362935	109.68208785605641	110.66139221191406	45898	2023/11/08 
2023/11/09 	97.93043590727306	108.21313167753674	97.63664161095151	102.82695770263672	777000	2023/11/09 
2023/11/10 	97.63664036193573	103.31660856049636	96.95113030795393	99.3993911743164	318000	2023/11/10 
2023/11/13 	100.86835417679052	102.33731079101562	97.93044094834032	102.33731079101562	195000	2023/11/13 
2023/11/14 	102.33730607332238	102.33730607332238	99.39939298030835	101.35800170898438	79000	2023/11/14 
2023/11/15 	101.35800405649039	104.7855694110577	101.35800405649039	101.84765625	125000	2023/11/15 
2023/11/16 	102.33730951944986	111.64070129394531	102.33730951944986	111.64070129394531	365000	2023/11/16 
2023/11/17 	113.59930834960937	122.41304779052734	111.64069958496094	122.41304779052734	591000	2023/11/17 
2023/11/20 	123.39235392893393	133.18539789154775	121.92339733454186	124.37165832519531	609000	2023/11/20 
2023/11/21 	122.90270173080324	132.20609349528635	119.47513634388841	124.37165832519531	384000	2023/11/21 
2023/11/22 	124.37165655517579	124.37165655517579	120.45443902587891	122.41304779052734	189000	2023/11/22 
2023/11/23 	122.90269817569391	125.35095909552845	120.45443725585938	120.45443725585938	116000	2023/11/23 
2023/11/24 	121.4337397803945	121.92339195692836	117.51652236812372	118.4958267211914	117000	2023/11/24 
2023/11/27 	118.49583261954683	119.9647892222685	116.53722381591797	116.53722381591797	105000	2023/11/27 
2023/11/28 	117.51652470341435	120.94409000726394	115.55791595835744	118.98548126220703	81000	2023/11/28 
2023/11/29 	120.45443782099971	120.45443782099971	118.00617688967857	118.98548126220703	42000	2023/11/29 
2023/11/30 	118.49582726386801	118.98547944264432	116.53721854876275	117.02687072753906	59000	2023/11/30 
2023/12/01 	118.00618295451157	128.28887939453125	118.00618295451157	128.28887939453125	408000	2023/12/01 
2023/12/04 	130.2474828491211	130.73713504028322	121.43374340820313	122.41304779052734	310000	2023/12/04 
2023/12/05 	121.4337397803945	121.4337397803945	116.04756583852216	118.4958267211914	150000	2023/12/05 
2023/12/06 	118.0061786358173	122.90270057091345	117.5165264423077	120.944091796875	85000	2023/12/06 
2023/12/07 	120.9440923909672	120.9440923909672	118.00617921547811	119.47513580322266	62000	2023/12/07 
2023/12/08 	120.4544354273268	120.4544354273268	116.53721801505601	118.4958267211914	65000	2023/12/08 
2023/12/11 	116.04757161501075	117.5165282177324	116.04757161501075	116.53722381591797	73000	2023/12/11 
2023/12/12 	116.53722146593569	117.02687365696903	116.04756927490234	116.04756927490234	52000	2023/12/12 
2023/12/13 	116.04756927490234	116.53722146593569	115.557917083869	116.04756927490234	20000	2023/12/13 
2023/12/14 	117.51652345818988	117.51652345818988	114.57861037173514	115.55791473388672	49000	2023/12/14 
2023/12/15 	115.55791236390459	116.53721670597157	115.0682601928711	115.0682601928711	33000	2023/12/15 
2023/12/18 	115.55791236390459	116.53721670597157	114.0889558508041	115.0682601928711	27000	2023/12/18 
2023/12/19 	114.57861387574827	114.57861387574827	112.62000509154745	113.10965728759766	82000	2023/12/19 
2023/12/20 	113.59930473227689	113.59930473227689	111.64069602999625	112.1303482055664	32000	2023/12/20 
2023/12/21 	112.13035410563151	112.13035410563151	109.1924408976237	110.17174530029297	70000	2023/12/21 
2023/12/22 	110.66139035611539	110.66139035611539	107.23382516809411	108.7027816772461	107000	2023/12/22 
2023/12/25 	107.72348439918375	107.72348439918375	102.82696238103902	103.80626678466797	230000	2023/12/25 
2023/12/26 	104.78556767476869	106.25452423095703	103.31661111858034	106.25452423095703	30000	2023/12/26 
2023/12/27 	106.25452717625818	106.25452717625818	104.78557057935139	105.27522277832031	37000	2023/12/27 
2023/12/28 	105.27522277832031	105.76487497728925	104.78557057935139	105.27522277832031	29000	2023/12/28 
2023/12/29 	105.27522339011138	105.27522339011138	103.3166145828535	103.80626678466797	42000	2023/12/29 
2024/01/02 	103.80626443438055	104.29591662510876	103.31661224365234	103.31661224365234	26000	2024/01/02 
2024/01/03 	103.31660881748907	109.1924349113747	103.31660881748907	105.7648696899414	77000	2024/01/03 
2024/01/04 	105.76487261335427	105.76487261335427	104.2959160492799	104.78556823730469	24000	2024/01/04 
2024/01/05 	105.27521805024483	105.76487022722272	104.29591369628906	104.29591369628906	38000	2024/01/05 
2024/01/08 	104.78556767476869	106.25452423095703	104.29591548937256	106.25452423095703	22000	2024/01/08 
2024/01/09 	104.29591369628906	105.27521805024483	104.29591369628906	104.29591369628906	13000	2024/01/09 
2024/01/10 	102.82696063701923	104.29591721754807	100.86835186298076	101.84765625	56000	2024/01/10 
2024/01/11 	102.82695716535541	105.27521805024483	102.82695716535541	104.29591369628906	20000	2024/01/11 
2024/01/12 	104.29591369628906	105.27521805024483	104.29591369628906	104.29591369628906	7000	2024/01/12 
2024/01/15 	104.29591369628906	104.29591369628906	104.29591369628906	104.29591369628906	0	2024/01/15 
2024/01/16 	103.8062627618963	109.68208895596591	102.82695839621805	107.72348022460938	47000	2024/01/16 
2024/01/17 	107.72347838790328	107.72347838790328	105.27521751545095	105.7648696899414	18000	2024/01/17 
2024/01/18 	104.78556823730469	104.78556823730469	104.2959160492799	104.78556823730469	4000	2024/01/18 
2024/01/19 	106.74417877197266	108.70278755677948	106.25452657577094	106.74417877197266	24000	2024/01/19 
2024/01/22 	104.78556767476869	108.21313297254149	104.78556767476869	106.25452423095703	8000	2024/01/22 
2024/01/23 	106.25452367609198	107.72348022460938	106.25452367609198	107.72348022460938	16000	2024/01/23 
2024/01/24 	108.21313297254149	108.7027851579376	106.25452423095703	106.25452423095703	23000	2024/01/24 
2024/01/25 	106.74417641635314	107.72348078714538	106.25452423095703	106.25452423095703	6000	2024/01/25 
2024/01/26 	104.78556534096047	106.25452186443188	104.78556534096047	105.7648696899414	10000	2024/01/26 
2024/01/29 	105.2752198601648	106.25452423095703	105.2752198601648	106.25452423095703	7000	2024/01/29 
2024/01/30 	106.74417403892235	106.74417403892235	105.27521751545095	105.7648696899414	10000	2024/01/30 
2024/01/31 	104.78556823730469	105.27522042532948	104.2959160492799	104.78556823730469	26000	2024/01/31 
2024/02/01 	104.78556998716581	106.74417877197266	102.82696120235897	106.74417877197266	16000	2024/02/01 
2024/02/02 	107.72347983667406	117.0268712771141	106.74417547452248	115.55791473388672	139000	2024/02/02 
2024/02/05 	115.55791766826923	116.04756986177884	109.68209134615384	114.57861328125	95000	2024/02/05 
2024/02/15 	115.55791766826923	120.45443960336537	113.59930889423076	114.57861328125	115000	2024/02/15 
2024/02/16 	114.57860930892062	120.4544354273268	113.10965277931908	118.4958267211914	173000	2024/02/16 
2024/02/19 	120.4544354273268	122.4130441334622	118.4958267211914	118.4958267211914	99000	2024/02/19 
2024/02/20 	118.49582726386801	118.49582726386801	116.04756636998643	117.02687072753906	52000	2024/02/20 
2024/02/21 	116.04756532007335	120.45443488919005	114.57860879703445	119.96478271484375	81000	2024/02/21 
2024/02/22 	119.96478621164958	119.96478621164958	117.02687307993571	117.51652526855469	40000	2024/02/22 
2024/02/23 	118.00617745717366	119.47513402303059	117.02687307993571	117.51652526855469	69000	2024/02/23 
2024/02/26 	119.47513107425911	119.47513107425911	118.00617454465755	118.4958267211914	61000	2024/02/26 
2024/02/27 	119.96478380019694	119.96478380019694	115.55791419121012	117.02687072753906	58000	2024/02/27 
2024/02/29 	116.53722381591797	117.02687601682518	115.55791941410352	116.53722381591797	35000	2024/02/29 
2024/03/01 	115.55791941410352	117.5165282177324	115.55791941410352	116.53722381591797	24000	2024/03/01 
2024/03/04 	117.51652133080268	121.92339088070777	117.51652133080268	121.4337387084961	129000	2024/03/04 
2024/03/05 	121.43374513641118	127.30957151397946	121.43374513641118	124.37165832519531	208000	2024/03/05 
2024/03/06 	124.37165597304997	127.30956910627162	122.41304721756886	123.88200378417969	128000	2024/03/06 
2024/03/07 	122.90270117462659	122.90270117462659	119.47513580322266	119.47513580322266	73000	2024/03/07 
2024/03/08 	118.49583023006906	122.90269994936915	115.557917083869	116.04756927490234	69000	2024/03/08 
2024/03/11 	116.04757101605048	120.45444080147011	115.55791881767051	118.00617980957031	89000	2024/03/11 
2024/03/12 	117.51652470341435	120.94409000726394	117.51652470341435	118.98548126220703	64000	2024/03/12 
2024/03/13 	118.00617620771024	118.00617620771024	112.62000218993093	114.08895874023438	67000	2024/03/13 
2024/03/14 	113.10965382850776	118.00617563926568	113.10965382850776	115.55791473388672	35000	2024/03/14 
2024/03/15 	114.57861328125	115.55791766826923	114.57861328125	114.57861328125	27000	2024/03/15 
2024/03/18 	115.06826255281092	116.5372190960383	115.06826255281092	115.55791473388672	26000	2024/03/18 
2024/03/19 	116.5372190960383	116.5372190960383	114.57861037173514	115.55791473388672	27000	2024/03/19 
2024/03/20 	116.53722146593569	117.02687365696903	115.557917083869	116.04756927490234	23000	2024/03/20 
2024/03/21 	115.55791529053782	115.55791529053782	113.59930655679989	114.08895874023438	35000	2024/03/21 
2024/03/22 	114.08895637249124	114.57860854576374	113.59930419921875	113.59930419921875	13000	2024/03/22 
2024/03/25 	113.59930419921875	113.59930419921875	113.59930419921875	113.59930419921875	0	2024/03/25 
2024/03/26 	122.413045991727	123.88200254362773	118.00617633602484	120.45443725585938	87000	2024/03/26 
2024/03/27 	120.45443782099971	121.92339437979238	118.49582907594281	118.98548126220703	39000	2024/03/27 
2024/03/28 	117.5165282177324	117.5165282177324	116.53722381591797	116.53722381591797	19000	2024/03/28 
2024/03/29 	118.49583261954683	118.49583261954683	116.53722381591797	116.53722381591797	7000	2024/03/29 
2024/04/01 	117.0268712771141	117.0268712771141	115.06826255281092	115.55791473388672	17000	2024/04/01 
2024/04/02 	115.55791289230872	116.53721723885371	112.13034767940127	113.59930419921875	77000	2024/04/02 
2024/04/03 	113.59930419921875	113.59930419921875	112.61999985267376	113.59930419921875	8000	2024/04/03 
2024/04/08 	114.57861092366886	115.06826310710333	114.08895874023438	114.08895874023438	13000	2024/04/08 
2024/04/09 	114.57861149000085	114.57861149000085	112.62000274658203	112.62000274658203	19000	2024/04/09 
2024/04/10 	114.57861037173514	116.5372190960383	113.10965382850776	115.55791473388672	29000	2024/04/10 
2024/04/11 	121.43374033652589	123.39234905163114	117.02687072753906	117.02687072753906	128000	2024/04/11 
2024/04/12 	118.00618041863962	118.00618041863962	115.06826721319631	116.53722381591797	66000	2024/04/12 
2024/04/15 	116.04756636998643	117.51652290631537	115.55791419121012	117.02687072753906	33000	2024/04/15 
2024/04/16 	118.00617563926568	118.00617563926568	113.10965382850776	115.55791473388672	52000	2024/04/16 
2024/04/17 	118.00617745717366	119.47513402303059	116.04756870269775	117.51652526855469	38000	2024/04/17 
2024/04/18 	118.49583082932692	122.41304837740384	118.0061786358173	120.944091796875	85000	2024/04/18 
2024/04/19 	119.47513702136128	119.47513702136128	113.59931061047466	116.53722381591797	63000	2024/04/19 
2024/04/22 	116.04756636998643	117.02687072753906	114.5786098336575	117.02687072753906	63000	2024/04/22 
2024/04/23 	118.49583200795028	118.98548420633024	118.00617980957031	118.00617980957031	29000	2024/04/23 
2024/04/24 	119.9647868347168	122.90269998168945	118.00617807006836	122.41304779052734	122000	2024/04/24 
2024/04/25 	124.37165228396046	124.37165228396046	119.96478271484375	119.96478271484375	34000	2024/04/25 
2024/04/26 	119.9647879991375	121.43374458688204	118.49583141139296	119.47513580322266	36000	2024/04/26 
2024/04/29 	119.47513580322266	119.9647879991375	118.49583141139296	119.47513580322266	33000	2024/04/29 
2024/04/30 	120.45443488919005	120.94408706353636	118.98547836615116	119.96478271484375	26000	2024/04/30 
2024/05/02 	118.00617688967857	119.96478563473548	118.00617688967857	118.98548126220703	22000	2024/05/02 
2024/05/03 	118.9854836073078	119.47513580322266	118.49583141139296	119.47513580322266	20000	2024/05/03 
2024/05/06 	119.96478740985576	120.45443960336537	118.49583082932692	120.944091796875	28000	2024/05/06 
2024/05/07 	117.51652104803856	118.00617321907205	115.0682601928711	115.0682601928711	48000	2024/05/07 
2024/05/08 	115.55791473388672	116.5372190960383	114.57861037173514	115.55791473388672	14000	2024/05/08 
2024/05/09 	116.04756532007335	120.45443488919005	115.55791314572704	119.96478271484375	70000	2024/05/09 
2024/05/10 	119.96478452261194	123.88200197641152	119.96478452261194	121.92339324951172	140000	2024/05/10 
2024/05/13 	124.37165655517579	124.8613087463379	121.43374340820313	122.41304779052734	77000	2024/05/13 
2024/05/14 	122.41304721756886	124.86130816192023	120.94409065095803	123.88200378417969	80000	2024/05/14 
2024/05/15 	124.37165305941713	130.73713136560775	123.88200088201785	124.8613052368164	327000	2024/05/15 
2024/05/16 	125.84061833738372	129.26818381739028	125.3509661259542	128.28887939453125	101000	2024/05/16 
2024/05/17 	127.79921775640443	128.7785221070282	125.84060905515685	126.33026123046875	54000	2024/05/17 
2024/05/20 	126.33026358703849	127.30956795593025	125.8406114025926	126.81991577148438	41000	2024/05/20 
2024/05/21 	127.79921775640443	128.28886993171633	123.88200035390928	126.33026123046875	47000	2024/05/21 
2024/05/22 	127.79922014037614	129.75782887815967	126.81991577148438	126.81991577148438	79000	2024/05/22 
2024/05/23 	128.77852132088012	135.63365173339844	126.33026045926641	135.63365173339844	135000	2024/05/23 
2024/05/24 	135.63364935612333	140.040518829788	133.67504070116127	135.1439971923828	174000	2024/05/24 
2024/05/27 	136.6129531084481	147.87495282706567	136.6129531084481	144.4473876953125	315000	2024/05/27 
2024/05/28 	150.3232136354608	151.79217012049787	142.4887790485964	144.4473876953125	263000	2024/05/28 
2024/05/29 	146.8956519817484	146.8956519817484	140.53017372920596	141.99913024902344	252000	2024/05/29 
2024/05/30 	142.97844167455472	150.81287683480429	140.04052848946114	143.4680938720703	182000	2024/05/30 
2024/05/31 	151.79218462318372	155.70940229087878	146.8956625385649	153.75079345703125	660000	2024/05/31 
2024/06/03 	168.9300079345703	168.9300079345703	168.9300079345703	168.9300079345703	144000	2024/06/03 
2024/06/04 	185.57818603515625	185.57818603515625	185.57818603515625	185.57818603515625	269000	2024/06/04 
2024/06/05 	185.57818505757365	185.57818505757365	167.4610535348026	175.78514099121094	1372000	2024/06/05 
2024/06/06 	180.6816494196911	180.6816494196911	168.92999742491443	169.9093017578125	719000	2024/06/06 
2024/06/07 	170.39896702122044	171.86792363347234	160.11627073545714	163.05418395996094	435000	2024/06/07 
2024/06/11 	168.4403510357826	174.31617723470526	163.05417702010354	167.95069885253906	687000	2024/06/11 
2024/06/12 	169.4196532343475	176.27478371203784	163.5438271106129	173.82652282714844	485000	2024/06/12 
2024/06/13 	174.3161747804162	175.29547913311518	165.99208778247498	167.46104431152344	395000	2024/06/13 
2024/06/14 	167.9507060008006	168.93001040896854	162.56453175587697	163.05418395996094	227000	2024/06/14 
2024/06/17 	164.5231299556903	165.50243430066465	160.60591257579293	164.03347778320312	142000	2024/06/17 
2024/06/18 	165.50243668329148	167.9506975809733	164.0334801446824	164.52313232421875	122000	2024/06/18 
2024/06/19 	165.5024379363213	172.35756850173107	165.5024379363213	167.95069885253906	313000	2024/06/19 
2024/06/20 	167.95070466128263	172.35757446289062	167.95070466128263	172.35757446289062	270000	2024/06/20 
2024/06/21 	172.35756363407256	172.35756363407256	166.48173760109282	166.9713897705078	178000	2024/06/21 
2024/06/24 	166.4817445876015	166.4817445876015	161.09557049800262	162.0748748779297	157000	2024/06/24 
2024/06/25 	162.56452470259234	162.56452470259234	159.1369594227184	161.58522033691406	65000	2024/06/25 
2024/06/26 	162.5645294189453	165.0127904041704	162.0748772219003	162.5645294189453	32000	2024/06/26 
2024/06/27 	163.05418521986095	163.05418521986095	159.62661976478879	160.11627197265625	53000	2024/06/27 
2024/06/28 	160.60592174248708	170.39896575117533	160.60592174248708	165.99209594726562	181000	2024/06/28 
2024/07/01 	166.4817423028084	172.35756850173107	166.4817423028084	167.95069885253906	166000	2024/07/01 
2024/07/02 	167.95070237379807	168.44035456730768	165.0127892127404	165.50244140625	81000	2024/07/02 
2024/07/03 	165.50244255618773	170.8886167222175	165.50244255618773	168.9300079345703	131000	2024/07/03 
2024/07/04 	172.0	185.5	171.5	185.5	291000	2024/07/04 
2024/07/05 	204.0	204.0	196.5	204.0	1074000	2024/07/05 
2024/07/08 	206.0	223.0	198.0	209.0	1585000	2024/07/08 
2024/07/09 	210.5	210.5	193.5	203.5	578000	2024/07/09 
2024/07/10 	205.5	213.0	198.0	207.5	471000	2024/07/10 
2024/07/11 	201.0	204.5	190.0	192.0	540000	2024/07/11 
2024/07/12 	189.0	191.0	181.5	181.5	301000	2024/07/12 
2024/07/15 	181.5	198.0	180.0	194.0	413000	2024/07/15 
2024/07/16 	194.0	200.5	188.0	188.5	223000	2024/07/16 
2024/07/17 	188.5	192.0	186.0	187.0	109000	2024/07/17 
2024/07/18 	182.5	182.5	175.0	178.0	301000	2024/07/18 
2024/07/19 	177.5	181.5	176.0	179.0	113000	2024/07/19 
2024/07/22 	177.5	179.0	168.5	172.5	235000	2024/07/22 
2024/07/23 	180.0	180.0	174.0	175.0	96000	2024/07/23 
2024/07/26 	171.0	173.0	167.5	170.5	68000	2024/07/26 
2024/07/29 	174.0	174.0	165.0	166.0	128000	2024/07/29 
2024/07/30 	170.0	172.5	165.0	171.0	37000	2024/07/30 
2024/07/31 	170.0	172.0	170.0	170.0	46000	2024/07/31 
2024/08/01 	173.0	177.0	171.5	173.5	53000	2024/08/01 
2024/08/02 	171.0	171.0	162.5	162.5	96000	2024/08/02 
2024/08/05 	158.5	158.5	146.5	146.5	141000	2024/08/05 
2024/08/06 	146.0	146.5	133.0	139.5	166000	2024/08/06 
2024/08/07 	140.0	152.5	140.0	150.0	111000	2024/08/07 
2024/08/08 	149.0	150.0	144.0	148.0	46000	2024/08/08 
2024/08/09 	156.5	158.0	149.5	150.0	84000	2024/08/09 
2024/08/12 	152.0	165.0	152.0	165.0	195000	2024/08/12 
2024/08/13 	170.5	171.0	161.0	162.0	234000	2024/08/13 
2024/08/14 	164.0	166.0	158.0	158.5	103000	2024/08/14 
2024/08/15 	159.0	168.0	159.0	161.5	146000	2024/08/15 
2024/08/16 	162.5	166.0	162.5	164.5	83000	2024/08/16 
2024/08/19 	166.0	174.0	163.5	165.0	182000	2024/08/19 
2024/08/20 	167.5	168.0	164.5	166.0	55000	2024/08/20 
2024/08/21 	163.0	165.5	161.5	163.5	67000	2024/08/21 
2024/08/22 	164.5	166.0	163.5	165.5	43000	2024/08/22 
2024/08/23 	165.5	165.5	161.0	165.0	53000	2024/08/23 
2024/08/26 	165.5	165.5	162.0	162.5	32000	2024/08/26 
2024/08/27 	161.0	164.5	161.0	164.5	15000	2024/08/27 
2024/08/28 	170.0	177.0	165.0	171.0	186000	2024/08/28 
2024/08/29 	171.0	175.5	168.0	173.5	133000	2024/08/29 
2024/08/30 	176.5	176.5	170.5	170.5	83000	2024/08/30 
2024/09/02 	172.5	174.0	170.5	174.0	82000	2024/09/02 
2024/09/03 	176.0	176.0	170.0	170.0	58000	2024/09/03 
2024/09/04 	156.5	162.0	154.5	159.5	94000	2024/09/04 
2024/09/05 	163.0	163.5	157.5	157.5	61000	2024/09/05 
2024/09/06 	157.5	160.0	157.5	160.0	14000	2024/09/06 
2024/09/09 	153.0	160.0	153.0	159.5	26000	2024/09/09 
2024/09/10 	161.0	161.0	154.0	155.5	45000	2024/09/10 
2024/09/11 	151.5	155.0	146.5	148.5	123000	2024/09/11 
2024/09/12 	151.5	154.5	151.0	153.0	74000	2024/09/12 
2024/09/13 	153.0	153.0	149.0	151.0	35000	2024/09/13 
2024/09/16 	151.0	151.0	149.0	149.5	29000	2024/09/16 
2024/09/18 	149.0	151.0	147.0	147.0	60000	2024/09/18 
2024/09/19 	147.5	152.5	147.5	152.5	32000	2024/09/19 
2024/09/20 	153.0	153.0	149.0	149.0	25000	2024/09/20 
2024/09/23 	149.5	151.5	148.0	151.0	45000	2024/09/23 
2024/09/24 	151.0	154.0	150.0	150.0	19000	2024/09/24 
2024/09/25 	151.0	156.5	151.0	156.0	58000	2024/09/25 
2024/09/26 	155.0	155.0	149.5	149.5	75000	2024/09/26 
2024/09/27 	149.5	151.5	149.5	150.0	39000	2024/09/27 
2024/09/30 	147.0	148.5	147.0	148.0	27000	2024/09/30 
2024/10/01 	148.0	151.5	146.5	147.5	20000	2024/10/01 
2024/10/04 	146.0	147.5	145.0	146.0	29000	2024/10/04 
2024/10/07 	149.0	159.0	147.0	155.0	86000	2024/10/07 
2024/10/08 	155.0	155.0	150.0	152.5	15000	2024/10/08 
2024/10/09 	152.0	152.0	150.0	150.0	10000	2024/10/09 
2024/10/11 	152.5	153.0	149.0	150.0	27000	2024/10/11 
2024/10/14 	148.5	149.5	147.0	149.5	15000	2024/10/14 
2024/10/15 	150.5	154.0	150.0	152.0	27000	2024/10/15 
2024/10/16 	148.5	151.0	148.5	151.0	17000	2024/10/16 
2024/10/17 	151.0	153.5	150.0	153.5	21000	2024/10/17 
2024/10/18 	156.5	162.0	154.0	154.0	116000	2024/10/18 
2024/10/21 	153.5	153.5	150.5	151.5	48000	2024/10/21 
2024/10/22 	151.0	152.5	151.0	152.5	19000	2024/10/22 
2024/10/23 	152.0	153.0	151.0	152.0	20000	2024/10/23 
2024/10/24 	150.5	152.0	149.0	151.0	45000	2024/10/24 
2024/10/25 	149.0	149.0	148.0	148.5	36000	2024/10/25 
2024/10/28 	146.5	147.0	143.5	146.0	30000	2024/10/28 
2024/10/29 	144.0	144.5	141.0	141.5	27000	2024/10/29 
2024/10/30 	140.0	146.0	140.0	144.0	49000	2024/10/30 
2024/11/01 	144.0	144.0	144.0	144.0	5000	2024/11/01 
2024/11/04 	144.0	145.0	143.5	143.5	4000	2024/11/04 
2024/11/05 	143.5	143.5	141.5	141.5	23000	2024/11/05 
2024/11/06 	141.5	146.0	141.5	143.0	23000	2024/11/06 
2024/11/07 	146.0	148.0	146.0	147.0	21000	2024/11/07 
2024/11/08 	148.0	148.0	143.5	144.5	14000	2024/11/08 
2024/11/11 	148.0	151.0	146.0	146.0	54000	2024/11/11 
2024/11/12 	146.0	146.0	144.0	146.0	11000	2024/11/12 
2024/11/13 	146.0	146.0	142.5	142.5	19000	2024/11/13 
2024/11/14 	142.5	143.0	140.0	142.0	26000	2024/11/14 
2024/11/15 	142.0	142.0	141.0	141.0	8000	2024/11/15 
2024/11/18 	139.5	139.5	136.0	136.0	57000	2024/11/18 
2024/11/19 	140.0	140.0	136.5	140.0	5000	2024/11/19 
2024/11/20 	139.5	139.5	139.5	139.5	1558	2024/11/20 
2024/11/21 	138.5	139.5	137.5	139.0	17000	2024/11/21 
2024/11/22 	139.0	141.0	139.0	140.0	18000	2024/11/22 
2024/11/25 	141.0	145.0	140.5	144.5	23000	2024/11/25 
2024/11/26 	144.5	145.0	142.0	144.5	19000	2024/11/26 
2024/11/27 	146.5	146.5	142.0	143.5	18000	2024/11/27 
2024/11/28 	143.0	143.0	142.5	142.5	4000	2024/11/28 
2024/11/29 	144.0	156.5	144.0	156.5	157000	2024/11/29 
2024/12/02 	158.5	162.0	153.0	159.0	357000	2024/12/02 
2024/12/03 	160.5	160.5	156.0	156.5	64000	2024/12/03 
2024/12/04 	156.5	159.0	156.0	157.5	37000	2024/12/04 
2024/12/05 	159.5	173.0	159.0	164.0	233000	2024/12/05 
2024/12/06 	164.0	172.0	163.0	163.0	205000	2024/12/06 
2024/12/09 	169.0	173.5	165.0	165.0	187000	2024/12/09 
2024/12/10 	164.0	165.0	162.0	162.5	37000	2024/12/10 
2024/12/11 	163.0	165.0	157.0	162.0	53000	2024/12/11 
2024/12/12 	159.0	165.0	159.0	160.5	40000	2024/12/12 
2024/12/13 	160.5	160.5	152.5	153.0	118000	2024/12/13 
2024/12/16 	153.5	155.0	150.5	151.0	50000	2024/12/16 
2024/12/17 	151.5	155.0	151.0	154.0	40000	2024/12/17 
2024/12/18 	155.0	155.0	153.0	153.5	14000	2024/12/18 
2024/12/19 	151.0	163.0	150.5	160.0	36000	2024/12/19 
2024/12/20 	159.0	171.0	159.0	168.5	274000	2024/12/20 
2024/12/23 	179.5	185.0	178.0	185.0	319000	2024/12/23 
2024/12/24 	189.5	203.5	182.0	203.5	1689000	2024/12/24 
2024/12/25 	209.0	223.5	209.0	223.5	1960000	2024/12/25 
2024/12/26 	237.0	238.5	203.5	211.0	3691000	2024/12/26 
2024/12/27 	211.0	211.0	201.5	211.0	335000	2024/12/27 
2024/12/30 	211.0	212.5	206.0	212.0	281000	2024/12/30 
2024/12/31 	212.5	212.5	204.0	206.0	244000	2024/12/31 
2025/01/02 	204.0	204.0	194.5	195.0	292000	2025/01/02 
2025/01/03 	197.0	199.0	191.0	192.5	150000	2025/01/03 
2025/01/06 	198.0	206.0	188.0	205.5	227000	2025/01/06 
2025/01/07 	203.0	210.0	201.0	201.0	271000	2025/01/07 
2025/01/08 	201.0	210.0	200.0	208.0	160000	2025/01/08 
2025/01/09 	209.5	215.0	196.5	198.0	306000	2025/01/09 
2025/01/10 	195.0	197.0	189.0	191.0	220000	2025/01/10 
2025/01/13 	192.5	192.5	172.0	176.0	575000	2025/01/13 
2025/01/14 	179.0	181.5	174.0	179.0	239000	2025/01/14 
2025/01/15 	180.0	186.0	176.5	184.0	282000	2025/01/15 
2025/01/16 	189.0	191.5	185.5	187.0	278000	2025/01/16 
2025/01/17 	195.0	204.0	194.0	194.0	711000	2025/01/17 
2025/01/20 	195.0	198.5	194.0	196.0	214000	2025/01/20 
2025/01/21 	198.0	213.0	196.5	212.0	454000	2025/01/21 
2025/01/22 	214.0	214.0	207.0	207.0	468000	2025/01/22 
2025/02/03 	194.0	205.0	192.5	196.0	214032	2025/02/03 
2025/02/04 	196.5	201.5	193.5	199.5	191050	2025/02/04 
2025/02/05 	200.0	218.5	200.0	213.5	588045	2025/02/05 
2025/02/06 	214.0	222.5	211.5	214.5	410174	2025/02/06 
2025/02/07 	216.5	235.5	216.5	235.5	1310029	2025/02/07 
2025/02/10 	236.0	239.0	227.0	234.5	1000126	2025/02/10 
2025/02/11 	238.5	243.5	223.5	226.0	777194	2025/02/11 
2025/02/12 	227.0	233.5	222.0	223.0	401117	2025/02/12 
2025/02/13 	219.5	226.0	212.5	213.0	572038	2025/02/13 
2025/02/14 	212.0	216.0	207.5	210.0	453000	2025/02/14 
2025/02/17 	216.5	231.0	215.0	231.0	429340	2025/02/17 
2025/02/18 	242.5	254.0	240.0	254.0	1356030	2025/02/18 
2025/02/19 	258.0	268.0	246.5	246.5	2530929	2025/02/19 
2025/02/20 	250.0	255.5	241.0	242.0	885410	2025/02/20 
2025/02/21 	239.5	251.0	239.0	248.5	581359	2025/02/21 
2025/02/24 	243.5	248.5	242.0	242.0	263666	2025/02/24 
2025/02/25 	238.5	241.5	231.0	231.5	393114	2025/02/25 
2025/02/26 	231.5	241.0	231.0	234.5	301056	2025/02/26 
2025/02/27 	240.0	252.5	233.0	239.0	764015	2025/02/27 
2025/03/03 	236.0	236.0	215.5	215.5	664092	2025/03/03 
2025/03/04 	208.5	217.0	203.5	216.0	478057	2025/03/04 
2025/03/05 	224.5	224.5	215.5	218.5	250785	2025/03/05 
2025/03/06 	218.5	220.0	210.0	212.0	207305	2025/03/06 
2025/03/07 	209.5	219.5	209.5	213.0	266061	2025/03/07 
2025/03/10 	219.0	219.0	210.5	212.5	237030	2025/03/10 
2025/03/11 	206.0	206.5	196.0	201.5	354041	2025/03/11 
2025/03/12 	203.0	206.0	198.0	201.5	323097	2025/03/12 
2025/03/13 	208.0	221.5	207.0	212.0	822425	2025/03/13 
2025/03/14 	219.0	223.0	211.0	211.0	1013015	2025/03/14 
2025/03/17 	215.0	218.5	208.5	211.0	447000	2025/03/17 
2025/03/18 	212.5	224.5	211.5	216.5	542060	2025/03/18 
2025/03/19 	217.5	217.5	201.0	205.0	463165	2025/03/19 
2025/03/20 	208.0	215.5	207.0	213.0	320010	2025/03/20 
2025/03/21 	212.0	213.0	208.5	209.5	130013	2025/03/21 
2025/03/24 	209.0	210.0	199.0	199.0	194080	2025/03/24 
2025/03/25 	205.0	205.0	198.0	202.0	92050	2025/03/25 
2025/03/26 	199.0	204.5	199.0	203.0	60013	2025/03/26 
2025/03/27 	199.5	199.5	196.0	197.5	85284	2025/03/27 
2025/03/28 	196.0	196.0	185.0	189.0	170000	2025/03/28 
2025/03/31 	181.0	185.0	173.0	173.5	205013	2025/03/31 
2025/04/01 	175.5	178.0	174.0	175.0	193020	2025/04/01 
2025/04/02 	176.0	184.0	173.0	181.0	167056	2025/04/02 
2025/04/07 	163.0	163.0	163.0	163.0	8000	2025/04/07 
2025/04/08 	150.0	154.0	147.0	147.0	250011	2025/04/08 
2025/04/09 	147.0	147.0	132.5	132.5	415061	2025/04/09 
2025/04/10 	145.5	145.5	145.5	145.5	25000	2025/04/10 
2025/04/11 	145.0	156.5	138.0	153.0	403152	2025/04/11 
2025/04/14 	160.5	167.5	157.5	161.0	272640	2025/04/14 
2025/04/15 	161.0	173.0	160.0	169.0	215242	2025/04/15 
2025/04/16 	169.0	169.5	162.5	162.5	148017	2025/04/16 
2025/04/17 	162.0	163.0	158.5	159.0	153100	2025/04/17 
2025/04/18 	158.0	163.0	156.0	159.5	83000	2025/04/18 
2025/04/21 	157.0	158.0	150.0	150.0	76000	2025/04/21 
2025/04/22 	144.0	153.0	144.0	145.0	67001	2025/04/22 
2025/04/23 	154.0	159.5	152.0	158.5	120014	2025/04/23 
2025/04/24 	162.5	162.5	156.0	156.5	91057	2025/04/24 
2025/04/25 	165.0	170.5	163.5	163.5	183015	2025/04/25 
2025/04/28 	166.0	169.5	166.0	168.0	82032	2025/04/28 
2025/04/29 	168.0	179.5	167.5	179.0	215122	2025/04/29 
2025/04/30 	179.0	182.5	170.5	172.0	275037	2025/04/30 
2025/05/02 	176.0	178.5	173.5	177.0	74015	2025/05/02 
2025/05/05 	175.0	176.0	161.5	166.5	157100	2025/05/05 
2025/05/06 	169.0	172.0	168.0	169.5	48034	2025/05/06 
2025/05/07 	170.0	170.0	166.0	166.5	56001	2025/05/07 
2025/05/08 	171.0	178.5	171.0	177.5	143091	2025/05/08 
2025/05/09 	179.0	181.5	173.0	180.5	144275	2025/05/09 
2025/05/12 	185.0	198.5	185.0	196.5	762102	2025/05/12 
2025/05/13 	200.0	202.5	190.0	193.0	632167	2025/05/13 
2025/05/14 	194.0	200.5	193.0	200.0	213700	2025/05/14 
2025/05/15 	200.0	212.0	195.0	207.0	402250	2025/05/15 
2025/05/16 	208.0	219.0	206.0	207.0	565068	2025/05/16 
2025/05/19 	212.5	216.5	205.0	205.0	1216120	2025/05/19 
2025/05/20 	206.0	208.5	198.5	206.0	317220	2025/05/20 
2025/05/21 	205.5	206.5	202.5	203.0	159004	2025/05/21 
2025/05/22 	199.0	202.5	197.0	199.0	194021	2025/05/22 
2025/05/23 	200.0	203.0	196.0	196.0	82200	2025/05/23 
2025/05/26 	195.5	197.5	192.0	193.0	127031	2025/05/26 
2025/05/27 	194.5	196.0	191.0	191.0	102117	2025/05/27 
2025/05/28 	194.0	195.5	191.5	192.0	64250	2025/05/28 
2025/05/29 	194.0	196.0	190.5	193.5	102035	2025/05/29 
2025/06/02 	194.5	194.5	187.0	189.0	99000	2025/06/02 
2025/06/03 	189.5	192.0	189.5	192.0	52146	2025/06/03 
2025/06/04 	195.0	199.5	189.0	189.0	214034	2025/06/04 
2025/06/05 	189.0	189.0	180.5	180.5	223109	2025/06/05 
2025/06/06 	178.5	182.0	174.0	182.0	182076	2025/06/06 
2025/06/09 	183.0	184.0	176.5	181.5	82100	2025/06/09 
2025/06/10 	182.5	185.5	180.0	180.0	175000	2025/06/10 
2025/06/11 	179.0	198.0	179.0	185.5	680200	2025/06/11 
2025/06/12 	185.0	189.0	183.5	183.5	139000	2025/06/12 
2025/06/13 	182.0	182.5	178.0	178.0	113005	2025/06/13 
2025/06/16 	176.5	182.5	175.0	182.0	60005	2025/06/16 
2025/06/17 	183.5	184.0	181.0	181.5	74022	2025/06/17 
2025/06/18 	181.0	183.0	181.0	182.0	39015	2025/06/18 
2025/06/19 	182.5	182.5	179.0	179.0	57000	2025/06/19 
2025/06/20 	177.5	179.5	172.0	178.0	112002	2025/06/20 
2025/06/23 	175.5	178.0	174.0	178.0	34000	2025/06/23 
2025/06/24 	181.0	185.5	181.0	185.5	128149	2025/06/24 
2025/06/25 	190.5	190.5	184.5	185.0	136000	2025/06/25 
2025/06/26 	187.0	195.0	186.5	192.0	428208	2025/06/26 
