Date	Open	High	Low	Close	Volume	Date
2022/12/28 	52.98471199838739	52.98471199838739	52.247534099698996	52.52397537231445	6074	2022/12/28 
2022/12/29 	52.52397438030839	53.44544761505064	52.155383680354916	53.16900634765625	4025	2022/12/29 
2022/12/30 	52.984710997679514	53.16900634765625	52.52397438030839	53.16900634765625	2055	2022/12/30 
2023/01/03 	52.33968001885698	52.98471199838739	51.78679747362606	52.52397537231445	3054	2023/01/03 
2023/01/04 	52.708272930746986	52.800418853759766	52.708272930746986	52.800418853759766	7	2023/01/04 
2023/01/05 	52.80041409972556	52.80041409972556	51.694645547424955	52.063236236572266	8028	2023/01/05 
2023/01/06 	51.97109161383768	51.97109161383768	50.865323034048096	51.602500915527344	1102	2023/01/06 
2023/01/09 	49.75955970312752	52.06324302271676	49.75955970312752	51.32606506347656	10377	2023/01/09 
2023/01/10 	49.94385096933432	54.64336314922165	49.94385096933432	52.52397537231445	1136063	2023/01/10 
2023/01/11 	54.551221489500215	54.551221489500215	51.60250614936527	52.708274841308594	27008	2023/01/11 
2023/01/12 	52.9847121023917	52.9847121023917	50.58888304816624	51.14176559448242	23002	2023/01/12 
2023/01/13 	51.69465228552577	51.69465228552577	51.32606506347656	51.32606506347656	109	2023/01/13 
2023/01/16 	51.60250222145974	51.60250222145974	51.14176559448242	51.14176559448242	1001	2023/01/16 
2023/01/17 	51.60250222145974	51.60250222145974	49.75955571355046	51.14176559448242	110	2023/01/17 
2023/01/30 	51.60250385115107	51.60250385115107	50.6810305680948	50.865325927734375	2003	2023/01/30 
2023/01/31 	51.602500915527344	51.602500915527344	51.602500915527344	51.602500915527344	301	2023/01/31 
2023/02/01 	51.602500915527344	51.602500915527344	51.602500915527344	51.602500915527344	2505	2023/02/01 
2023/02/02 	51.60250502070492	51.786800384521484	51.60250502070492	51.786800384521484	6509	2023/02/02 
2023/02/03 	51.78679747362606	53.26115327100285	51.78679747362606	52.52397537231445	12314	2023/02/03 
2023/02/06 	52.98471199838739	52.98471199838739	51.14176549409565	52.52397537231445	4003	2023/02/06 
2023/02/07 	52.52397537231445	52.52397537231445	51.14176549409565	52.52397537231445	3	2023/02/07 
2023/02/08 	55.288394584005516	61.09367882743926	52.61612077305533	61.00152587890625	49214	2023/02/08 
2023/02/09 	61.73871020682688	75.10007286352823	61.73871020682688	75.00792694091797	178618	2023/02/09 
2023/02/10 	71.41417853576316	83.39333106434277	71.41417853576316	81.55038452148438	260653	2023/02/10 
2023/02/13 	80.16817577167521	82.9325956258709	73.71786277855192	82.28756713867188	154211	2023/02/13 
2023/02/14 	81.45824125678213	83.85407043457032	80.44462203121212	80.62891387939453	198802	2023/02/14 
2023/02/15 	82.01113025053048	82.01113025053048	73.25713320131655	74.63934326171875	171714	2023/02/15 
2023/02/16 	73.1649824088643	75.10007495880127	70.9534450531006	73.71786499023438	43180	2023/02/16 
2023/02/17 	71.41418396435304	81.45824479249298	70.95344729361527	78.6938247680664	111615	2023/02/17 
2023/02/20 	77.40375436024277	79.2467008926295	72.51994323730469	72.51994323730469	154788	2023/02/20 
2023/02/21 	70.95343780517578	72.79638424167386	70.03196458692675	70.95343780517578	75962	2023/02/21 
2023/02/22 	69.202643767437	69.202643767437	64.96386797245411	68.83405303955078	85190	2023/02/22 
2023/02/23 	67.3597027338483	72.70425115487365	67.3597027338483	71.87492370605469	32732	2023/02/23 
2023/02/24 	69.66337677460062	70.95344073955829	65.88533782958984	65.88533782958984	60070	2023/02/24 
2023/03/01 	68.64975944854928	74.17859913568077	68.64975944854928	73.25712585449219	122075	2023/03/01 
2023/03/02 	73.71785602481266	80.16816842698377	71.78276371021785	76.75872039794922	231804	2023/03/02 
2023/03/03 	77.40376107903975	77.40376107903975	70.58485691125809	72.79639434814453	162967	2023/03/03 
2023/03/06 	71.87491593270931	75.8372538539335	70.95344265152073	73.25712585449219	86201	2023/03/06 
2023/03/07 	73.90215644334367	73.90215644334367	71.78277205443703	71.9670639038086	86472	2023/03/07 
2023/03/08 	71.8749141693132	72.79638742789415	71.41417754002273	71.78276824951172	54658	2023/03/08 
2023/03/09 	73.62570824541281	73.62570824541281	67.35968782995036	70.12410736083984	124745	2023/03/09 
2023/03/10 	67.91257597034603	69.11049401200057	66.9911027168527	68.6497573852539	61260	2023/03/10 
2023/03/13 	70.21625777290636	70.21625777290636	65.42459975769533	68.92620086669922	27221	2023/03/13 
2023/03/14 	66.8068136109246	67.2675502565172	65.148158874678	66.34607696533203	35330	2023/03/14 
2023/03/15 	66.62251914110774	67.4518394462879	65.51674701706251	67.26754760742188	14570	2023/03/15 
2023/03/16 	64.04239373736911	66.6225217648009	64.04239373736911	66.34607696533203	15030	2023/03/16 
2023/03/17 	64.2266857406349	65.33245791093255	64.04239389406028	64.9638671875	25250	2023/03/17 
2023/03/20 	64.04238821852152	69.47908157406407	64.04238821852152	66.43821716308594	41085	2023/03/20 
2023/03/21 	66.34607830947178	66.53037015932915	63.95024910990865	65.7010498046875	28969	2023/03/21 
2023/03/22 	64.50313455672665	64.50313455672665	62.199451179700695	63.765953063964844	17227	2023/03/22 
2023/03/23 	63.76594893790025	66.34607696533203	63.120920446183945	66.34607696533203	20115	2023/03/23 
2023/03/24 	66.8068106866652	71.78276764731478	66.34607406123992	71.41417694091797	111884	2023/03/24 
2023/03/27 	71.78277474742781	73.6257214314168	68.18902730759255	71.04559326171875	91024	2023/03/27 
2023/03/28 	69.11050225352345	70.95344898028408	67.26755552676283	69.01835632324219	44329	2023/03/28 
2023/03/29 	66.80681799910822	69.11050137838781	66.80681799910822	66.89896392822266	8693	2023/03/29 
2023/03/30 	66.99110412597656	69.11049546570477	66.99110412597656	66.99110412597656	1318	2023/03/30 
2023/03/31 	68.92620227834821	68.92620227834821	66.80681097997378	67.26754760742188	2505	2023/03/31 
2023/04/06 	66.34607435252568	67.26754760742188	66.06962956394362	67.26754760742188	11240	2023/04/06 
2023/04/07 	67.63613831543695	67.63613831543695	66.34607435252568	67.26754760742188	4510	2023/04/07 
2023/04/10 	65.88533336396331	66.8068065578649	65.60888859367982	66.71466064453125	20005	2023/04/10 
2023/04/11 	65.60889536629868	67.72828674316406	64.50313023158482	67.72828674316406	25111	2023/04/11 
2023/04/12 	67.54399642439505	67.54399642439505	64.96386834469111	65.7010498046875	3106	2023/04/12 
2023/04/13 	67.26755059283713	67.26755059283713	63.30521260881695	63.58165740966797	32588	2023/04/13 
2023/04/14 	64.04239503483734	65.7010498046875	64.04239503483734	65.7010498046875	21838	2023/04/14 
2023/04/17 	64.04239012966931	65.70104477247894	63.67379942790241	64.77957153320312	29595	2023/04/17 
2023/04/18 	64.96386468069893	65.42460130964007	63.58165479387556	64.50312805175781	21366	2023/04/18 
2023/04/19 	64.68742484833166	65.42460632324219	64.50313299474583	65.42460632324219	30815	2023/04/19 
2023/04/20 	65.70104477247894	65.70104477247894	63.58165351003141	64.77957153320312	21615	2023/04/20 
2023/04/21 	64.68741989122104	64.7795728412357	63.12091816493443	64.50312805175781	16019	2023/04/21 
2023/04/24 	64.50313070546026	64.50313070546026	62.66018411387568	63.58165740966797	6315	2023/04/24 
2023/04/25 	62.383738742152715	63.120920184153945	61.27797360943412	63.02877426147461	12839	2023/04/25 
2023/04/26 	62.660179138183594	62.660179138183594	61.27796930425307	62.660179138183594	10665	2023/04/26 
2023/04/27 	61.277971865525885	61.73870849609375	60.08005381393622	61.73870849609375	3993	2023/04/27 
2023/04/28 	62.66018211494398	64.96386528093457	61.738708848547745	64.87171936035156	20571	2023/04/28 
2023/05/02 	64.96386468069893	66.62251935700021	64.50312805175781	64.50312805175781	42362	2023/05/02 
2023/05/03 	65.70104609911796	65.70104609911796	63.85809958335344	64.50312805175781	14890	2023/05/03 
2023/05/04 	64.77957153320312	64.77957153320312	63.120916890393495	64.77957153320312	8516	2023/05/04 
2023/05/05 	65.42460130964007	65.42460130964007	64.50312805175781	64.50312805175781	13305	2023/05/05 
2023/05/08 	64.9638671875	64.9638671875	63.21306652390788	64.9638671875	2010	2023/05/08 
2023/05/09 	65.42459880604463	65.42459880604463	62.660179138183594	62.660179138183594	3311	2023/05/09 
2023/05/10 	63.58166035179907	63.58166035179907	60.54079552286044	61.093685150146484	18125	2023/05/10 
2023/05/11 	63.58165740966797	64.50313070546026	63.30521260881695	63.58165740966797	25865	2023/05/11 
2023/05/12 	64.50313054078013	64.9638671875	62.660183953900706	64.9638671875	16610	2023/05/12 
2023/05/15 	64.9638673533564	64.9638673533564	63.58165740966797	63.58165740966797	13665	2023/05/15 
2023/05/16 	62.66018543104186	63.213068014082594	61.83085804133902	63.12092208862305	11055	2023/05/16 
2023/05/17 	63.120922099975665	63.120922099975665	61.83085805245962	62.93663024902344	25585	2023/05/17 
2023/05/18 	63.120922099975665	63.120922099975665	62.19944878464756	62.93663024902344	5485	2023/05/18 
2023/05/19 	63.213066692718265	63.39736557006836	63.213066692718265	63.39736557006836	180	2023/05/19 
2023/05/22 	63.397362954412316	64.50312805175781	61.27797164916992	64.50312805175781	13745	2023/05/22 
2023/05/23 	64.50312674930723	64.77957153320312	62.66018027075559	64.77957153320312	7105	2023/05/23 
2023/05/24 	64.77957343976855	65.05601120151756	63.58165538134021	64.87171936035156	10115	2023/05/24 
2023/05/25 	65.424604999618	66.34607830947178	64.6874235396216	65.7010498046875	42850	2023/05/25 
2023/05/26 	65.424604999618	66.34607830947178	65.24031314976061	65.7010498046875	63550	2023/05/26 
2023/05/29 	65.1481564123903	66.62251924678937	65.1481564123903	65.88533782958984	47350	2023/05/29 
2023/05/30 	67.72828690210979	67.72828690210979	64.77957518243056	66.34607696533203	37737	2023/05/30 
2023/05/31 	66.34608342097356	72.15136853242232	66.34608342097356	71.87492370605469	120268	2023/05/31 
2023/06/01 	72.70424223284584	72.79638815356589	69.57123171638258	71.13773345947266	68978	2023/06/01 
2023/06/02 	72.79638424167386	72.79638424167386	69.84767275539004	70.95343780517578	48123	2023/06/02 
2023/06/05 	70.3084132675085	70.58485103015931	69.75552368164062	69.75552368164062	24743	2023/06/05 
2023/06/06 	69.663376456171	70.58484970831687	69.663376456171	70.03196716308594	29455	2023/06/06 
2023/06/07 	69.663376456171	70.03196716308594	69.663376456171	70.03196716308594	11270	2023/06/07 
2023/06/08 	70.21625646846431	70.21625646846431	69.11049141789114	69.57122802734375	23035	2023/06/08 
2023/06/09 	69.5712331644694	69.5712331644694	68.8340517227988	69.1104965209961	31700	2023/06/09 
2023/06/12 	68.6497578305688	68.6497578305688	61.738708384538384	63.30521011352539	37018	2023/06/12 
2023/06/13 	63.305207581904725	64.7795703623235	62.38373435928438	62.660179138183594	79601	2023/06/13 
2023/06/14 	62.19944381713867	63.58165367974175	61.92299903250489	62.19944381713867	41351	2023/06/14 
2023/06/15 	64.50313054078013	64.9638671875	63.581657247340424	64.9638671875	21200	2023/06/15 
2023/06/16 	66.34607965173856	66.34607965173856	64.04239633049764	65.42460632324219	37435	2023/06/16 
2023/06/19 	65.42460654279311	65.42460654279311	63.397368025411545	64.04239654541016	4281	2023/06/19 
2023/06/20 	63.67380011667817	64.50312744705403	62.3837361616805	63.95024490356445	28506	2023/06/20 
2023/06/21 	63.12092076177183	64.04239405756411	63.12092076177183	63.58165740966797	18539	2023/06/21 
2023/06/26 	62.660182819220786	63.85810089111328	62.660182819220786	63.85810089111328	1017	2023/06/26 
2023/06/27 	62.66018411387568	63.58165740966797	62.38373931302466	63.58165740966797	17204	2023/06/27 
2023/06/28 	63.858102966236096	63.858102966236096	62.47589300619015	62.7523307800293	3910	2023/06/28 
2023/06/29 	62.93662654768342	62.93662654768342	61.73870849609375	61.73870849609375	20267	2023/06/29 
2023/06/30 	62.66018505187931	62.66018505187931	60.54079362771708	61.185829162597656	44519	2023/06/30 
2023/07/03 	62.6601865480272	64.04239654541016	62.475894693822916	64.04239654541016	3722	2023/07/03 
2023/07/04 	64.5031308692529	64.5031308692529	62.38373947143555	62.38373947143555	8085	2023/07/04 
2023/07/05 	64.04239541530379	64.04239541530379	62.660185442311615	62.93663024902344	6136	2023/07/05 
2023/07/06 	63.12091574949376	64.04238897211411	62.660179138183594	62.660179138183594	24570	2023/07/06 
2023/07/07 	62.9366239170828	62.9366239170828	62.38373435928438	62.660179138183594	3060	2023/07/07 
2023/07/10 	61.923003977935736	64.04239541530379	61.923003977935736	62.93663024902344	1056	2023/07/10 
2023/07/11 	62.19944365111768	65.42459998858304	62.19944365111768	64.77957153320312	78749	2023/07/11 
2023/07/12 	63.581659879615835	64.04239654541016	62.84447840223149	64.04239654541016	46318	2023/07/12 
2023/07/13 	65.92599837254171	68.09214119321352	64.98419839579111	65.6434555053711	84878	2023/07/13 
2023/07/14 	68.09213153374611	70.63498823610071	65.92598902036066	68.75138854980469	84141	2023/07/14 
2023/07/17 	70.63498823610071	70.63498823610071	66.02016756760295	68.75138854980469	30968	2023/07/17 
2023/07/18 	68.09213564683776	69.50483549689362	68.09213564683776	69.033935546875	43828	2023/07/18 
2023/07/19 	69.1281177986102	70.91753914149925	68.75139638136567	69.31647491455078	38319	2023/07/19 
2023/07/20 	70.63499034529191	70.91753318081818	69.41064763849506	70.35244750976562	45899	2023/07/20 
2023/07/21 	67.99794899844797	70.91753439777762	65.92599212024264	67.90377044677734	65031	2023/07/21 
2023/07/24 	67.90377373632117	67.90377373632117	64.70165252685547	64.70165252685547	55825	2023/07/24 
2023/07/25 	66.11435664150075	66.11435664150075	64.70165665185019	64.98419952392578	18249	2023/07/25 
2023/07/26 	66.11434936523438	66.11434936523438	66.11434936523438	66.11434936523438	48	2023/07/26 
2023/07/27 	65.73763515774478	66.11434936523438	64.7016495310596	66.11434936523438	6036	2023/07/27 
2023/07/28 	66.11435027128633	67.24451446533203	65.83181461179717	67.24451446533203	7578	2023/07/28 
2023/07/31 	67.33869324790106	67.8095932006836	66.86779329511855	67.8095932006836	1201	2023/07/31 
2023/08/01 	67.71541595458984	67.71541595458984	65.83181610709283	67.71541595458984	2019	2023/08/01 
2023/08/02 	66.86779128061173	66.86779128061173	63.571491710440725	66.20853424072266	9027	2023/08/02 
2023/08/04 	66.11435242644063	67.33869521355976	64.70165252685547	64.70165252685547	7562	2023/08/04 
2023/08/07 	67.15033411791437	67.15033411791437	65.45509146482415	66.20853424072266	7057	2023/08/07 
2023/08/08 	66.86779951012653	67.15034238220213	64.60747808961288	64.98419952392578	20268	2023/08/08 
2023/08/09 	65.92599333619043	65.92599333619043	64.51329347898634	65.45509338378906	14034	2023/08/09 
2023/08/10 	66.39688715253557	66.39688715253557	64.51328751700265	65.92598724365234	3009	2023/08/10 
2023/08/11 	64.04238864338615	66.20853113341037	61.68788906090871	63.47731018066406	44257	2023/08/11 
2023/08/14 	63.38313863670419	63.38313863670419	59.99265670776367	59.99265670776367	33642	2023/08/14 
2023/08/15 	59.333393215443316	59.71011460943935	58.39159332313469	59.61593246459961	14837	2023/08/15 
2023/08/16 	59.615932345515745	59.615932345515745	57.920693261282786	59.33339309692383	8017	2023/08/16 
2023/08/17 	59.33339309692383	59.33339309692383	59.33339309692383	59.33339309692383	47	2023/08/17 
2023/08/18 	59.333393564355845	60.46355056762695	59.333393564355845	60.46355056762695	2018	2023/08/18 
2023/08/21 	60.463548655959315	61.68789135859563	60.463548655959315	61.21699142456055	6013	2023/08/21 
2023/08/22 	61.59371280886116	61.59371280886116	61.21699142456055	61.21699142456055	6	2023/08/22 
2023/08/23 	61.21699296791135	61.68789291381836	61.21699296791135	61.68789291381836	13	2023/08/23 
2023/08/24 	61.687891006451736	62.44133377075196	61.21699107510477	62.44133377075195	2057	2023/08/24 
2023/08/25 	62.44133377075196	62.44133377075196	62.44133377075196	62.44133377075195	15	2023/08/25 
2023/08/28 	62.44133350723606	62.44133350723606	60.36936950683594	60.36936950683594	1045	2023/08/28 
2023/08/29 	62.629690869145655	62.629690869145655	60.3693697616077	62.44133377075195	2020	2023/08/29 
2023/08/30 	62.62969280563238	62.62969280563238	61.68789291381836	61.68789291381836	15	2023/08/30 
2023/08/31 	61.68789498257145	62.15879494427047	60.275195097474395	60.65191650390625	7020	2023/08/31 
2023/09/01 	60.65191650390625	60.65191650390625	60.275195097474395	60.65191650390625	16010	2023/09/01 
2023/09/04 	60.65191650390625	60.65191650390625	60.65191650390625	60.65191650390625	1005	2023/09/04 
2023/09/05 	60.65191519352817	60.65191519352817	54.81275507607844	56.31963348388672	59537	2023/09/05 
2023/09/06 	57.73233328306636	58.39159393310547	54.812755023483696	58.39159393310547	14830	2023/09/06 
2023/09/07 	58.39159453098265	58.39159453098265	52.26989510434737	54.8127555847168	35571	2023/09/07 
2023/09/08 	54.8127555847168	54.8127555847168	54.8127555847168	54.8127555847168	0	2023/09/08 
2023/09/11 	55.75455638259882	59.33339538574219	55.75455638259882	58.86249542236328	13283	2023/09/11 
2023/09/12 	58.86249542236328	58.86249542236328	57.16725627273554	58.86249542236328	3552	2023/09/12 
2023/09/13 	58.86249456088761	59.615933772730656	58.86249456088761	59.52175521850586	3020	2023/09/13 
2023/09/14 	59.615933087360084	60.27519373739919	57.920693982032034	58.39159393310547	8131	2023/09/14 
2023/09/15 	57.920694096116044	58.768315446790346	57.449794144115096	58.67413330078125	5619	2023/09/15 
2023/09/18 	58.76831533103682	58.76831533103682	58.39159393310547	58.39159393310547	100	2023/09/18 
2023/09/19 	56.60217024722534	58.67413066135987	56.13127031640755	58.29741287231445	5029	2023/09/19 
2023/09/20 	58.391591421405465	58.391591421405465	57.167252319815496	58.29741287231445	5011	2023/09/20 
2023/09/21 	57.920691585540766	57.920691585540766	56.03709185918172	56.507991790771484	13418	2023/09/21 
2023/09/22 	56.507991790771484	56.507991790771484	56.507991790771484	56.507991790771484	305	2023/09/22 
2023/09/25 	56.507991790771484	56.507991790771484	56.507991790771484	56.507991790771484	5	2023/09/25 
2023/09/26 	56.507991790771484	56.507991790771484	56.507991790771484	56.507991790771484	0	2023/09/26 
2023/09/27 	56.507991790771484	56.507991790771484	54.247670682068076	56.507991790771484	107	2023/09/27 
2023/09/28 	56.507991790771484	56.507991790771484	56.507991790771484	56.507991790771484	15	2023/09/28 
2023/10/02 	56.507991790771484	56.507991790771484	56.507991790771484	56.507991790771484	65	2023/10/02 
2023/10/03 	56.50799406676733	56.50799406676733	56.03709411621094	56.03709411621094	36	2023/10/03 
2023/10/04 	56.03709411621094	56.03709411621094	56.03709411621094	56.03709411621094	10	2023/10/04 
2023/10/05 	56.03709411621094	56.03709411621094	56.03709411621094	56.03709411621094	159	2023/10/05 
2023/10/06 	56.03709098620293	56.03709098620293	54.153491289187706	55.09529113769531	8082	2023/10/06 
2023/10/11 	55.566192626953125	55.566192626953125	54.15349281440347	55.566192626953125	39	2023/10/11 
2023/10/12 	55.566192626953125	55.566192626953125	55.566192626953125	55.566192626953125	1	2023/10/12 
2023/10/13 	55.566192626953125	55.566192626953125	55.566192626953125	55.566192626953125	0	2023/10/13 
2023/10/16 	55.566192626953125	55.566192626953125	55.566192626953125	55.566192626953125	0	2023/10/16 
2023/10/17 	55.566192626953125	55.566192626953125	55.566192626953125	55.566192626953125	0	2023/10/17 
2023/10/18 	55.566192626953125	55.566192626953125	55.566192626953125	55.566192626953125	2000	2023/10/18 
2023/10/19 	55.56619335043019	55.56619335043019	54.624393463134766	54.624393463134766	6500	2023/10/19 
2023/10/20 	55.566194218956035	55.566194218956035	53.21169446391553	53.96513366699219	9200	2023/10/20 
2023/10/23 	53.96513366699219	53.96513366699219	53.96513366699219	53.96513366699219	0	2023/10/23 
2023/10/24 	54.15349578857422	54.15349578857422	54.15349578857422	54.15349578857422	210	2023/10/24 
2023/10/25 	52.08153533935547	52.74079600799169	52.08153533935547	52.08153533935547	4000	2023/10/25 
2023/10/26 	52.08153447776801	52.74079513549805	52.08153447776801	52.74079513549805	2000	2023/10/26 
2023/10/27 	52.74079513549805	52.74079513549805	52.74079513549805	52.74079513549805	1	2023/10/27 
2023/10/30 	51.798993583361394	51.98735427856445	51.798993583361394	51.98735427856445	13000	2023/10/30 
2023/10/31 	49.91539456294133	50.103755260960426	48.220155466132454	48.973594665527344	20102	2023/10/31 
2023/11/01 	48.031792431947665	49.16195297241211	48.031792431947665	49.16195297241211	1100	2023/11/01 
2023/11/02 	49.16195297241211	49.25613152050027	49.16195297241211	49.16195297241211	1810	2023/11/02 
2023/11/03 	49.16195297241211	49.16195297241211	49.16195297241211	49.16195297241211	1010	2023/11/03 
2023/11/06 	47.560892506144256	49.16195297241211	47.560892506144256	49.16195297241211	1048	2023/11/06 
2023/11/07 	48.973594665527344	48.973594665527344	48.973594665527344	48.973594665527344	1000	2023/11/07 
2023/11/08 	49.16195297241211	49.16195297241211	49.16195297241211	49.16195297241211	15	2023/11/08 
2023/11/09 	49.256135450897276	49.444496154785156	49.256135450897276	49.444496154785156	452	2023/11/09 
2023/11/10 	49.444496154785156	49.444496154785156	49.444496154785156	49.444496154785156	0	2023/11/10 
2023/11/13 	49.538673400878906	49.538673400878906	49.538673400878906	49.538673400878906	20	2023/11/13 
2023/11/14 	49.538673400878906	49.538673400878906	49.538673400878906	49.538673400878906	0	2023/11/14 
2023/11/15 	49.727030534367564	49.727030534367564	47.184170263126006	47.74925231933594	24630	2023/11/15 
2023/11/16 	46.71327418811887	48.031795501708984	46.71327418811887	48.031795501708984	2610	2023/11/16 
2023/11/17 	48.031795501708984	48.031795501708984	47.08999558991077	48.031795501708984	5897	2023/11/17 
2023/11/20 	48.22015620260494	48.50269545760809	48.031795501708984	48.031795501708984	3225	2023/11/20 
2023/11/21 	47.56089458952745	48.40851593017578	47.56089458952745	48.40851593017578	478	2023/11/21 
2023/11/22 	48.50269304956953	48.50269304956953	47.56089318452935	48.22015380859375	4410	2023/11/22 
2023/11/23 	48.22015751832768	48.22015751832768	47.56089684354421	47.937618255615234	4272	2023/11/23 
2023/11/24 	48.2201539345557	48.50269317626953	48.2201539345557	48.50269317626953	2122	2023/11/24 
2023/11/27 	48.50269471682035	48.973594665527344	48.50269471682035	48.973594665527344	2518	2023/11/27 
2023/11/28 	48.97359619140625	49.444496154785156	48.69105693191523	49.444496154785156	7610	2023/11/28 
2023/11/29 	49.72703382242085	51.045555114746094	49.16195532152802	51.045555114746094	6389	2023/11/29 
2023/11/30 	52.269892085682265	54.43603103916526	50.57465306089911	51.79899215698242	26750	2023/11/30 
2023/12/01 	53.682593474517	53.682593474517	51.798993703481315	52.269893646240234	5069	2023/12/01 
2023/12/04 	51.610633850097656	51.79899454881146	50.38629469748023	51.610633850097656	6010	2023/12/04 
2023/12/05 	51.610633850097656	51.610633850097656	51.32809459836771	51.610633850097656	5010	2023/12/05 
2023/12/06 	51.610633850097656	51.610633850097656	51.610633850097656	51.610633850097656	1006	2023/12/06 
2023/12/07 	51.61063146696622	51.79899215698242	50.85719229958274	51.79899215698242	18088	2023/12/07 
2023/12/08 	51.79899454881146	51.79899454881146	50.857194647923976	51.610633850097656	10008	2023/12/08 
2023/12/11 	51.79899664228505	51.79899664228505	48.502696855957815	50.57465744018555	16090	2023/12/11 
2023/12/12 	50.857191424503505	50.857191424503505	50.38629150390625	50.38629150390625	2006	2023/12/12 
2023/12/13 	51.045555114746094	51.045555114746094	51.045555114746094	51.045555114746094	6	2023/12/13 
2023/12/14 	51.04555382128275	53.494232053345634	51.04555382128275	53.211692810058594	12055	2023/12/14 
2023/12/15 	53.211696550711004	53.211696550711004	50.57465744018555	50.57465744018555	15035	2023/12/15 
2023/12/18 	50.95137526015681	50.95137526015681	50.57465744018555	50.57465744018555	4064	2023/12/18 
2023/12/19 	48.97359619140625	50.951374600525014	48.97359619140625	49.444496154785156	2570	2023/12/19 
2023/12/20 	48.50269235775107	49.16195297241211	48.50269235775107	49.16195297241211	6620	2023/12/20 
2023/12/21 	49.91539764404297	49.91539764404297	49.91539764404297	49.91539764404297	16	2023/12/21 
2023/12/22 	48.50269317626953	49.25613235173356	48.03179324251934	48.50269317626953	5178	2023/12/22 
2023/12/25 	49.16195297241211	49.16195297241211	49.16195297241211	49.16195297241211	12	2023/12/25 
2023/12/26 	47.08999258034085	49.16195297241211	47.08999258034085	49.16195297241211	107	2023/12/26 
2023/12/27 	47.560894932367894	49.256134033203125	47.560894932367894	49.256134033203125	4108	2023/12/27 
2023/12/28 	49.25613097593658	50.38629150390625	49.25613097593658	50.38629150390625	28	2023/12/28 
2023/12/29 	50.38629150390625	50.38629150390625	48.03179190091998	50.38629150390625	5027	2023/12/29 
2024/01/02 	50.48047529068149	50.57465744018555	48.40851829913541	50.57465744018555	1013	2024/01/02 
2024/01/03 	48.22015312080529	49.16195297241211	48.22015312080529	49.16195297241211	16026	2024/01/03 
2024/01/04 	48.50269235775107	49.35031366126974	48.50269235775107	49.16195297241211	18085	2024/01/04 
2024/01/05 	49.16195548031064	49.72703398302855	48.7852340833777	49.256134033203125	58002	2024/01/05 
2024/01/08 	49.63285531225343	49.63285531225343	48.973594665527344	48.973594665527344	9008	2024/01/08 
2024/01/09 	49.91539532530542	49.91539532530542	48.031795501708984	48.031795501708984	12030	2024/01/09 
2024/01/10 	48.973594665527344	48.973594665527344	48.973594665527344	48.973594665527344	1010	2024/01/10 
2024/01/11 	48.97359311001972	48.97359311001972	48.12597179219683	48.50269317626953	8017	2024/01/11 
2024/01/12 	48.50269317626953	48.50269317626953	48.50269317626953	48.50269317626953	0	2024/01/12 
2024/01/15 	48.50269317626953	48.50269317626953	48.50269317626953	48.50269317626953	0	2024/01/15 
2024/01/16 	49.9153921351613	49.9153921351613	48.31433166889345	49.16195297241211	13514	2024/01/16 
2024/01/17 	49.1619547782328	49.1619547782328	48.125972747802734	48.125972747802734	1026	2024/01/17 
2024/01/18 	49.16195297241211	49.16195297241211	49.16195297241211	49.16195297241211	1013	2024/01/18 
2024/01/19 	49.16195536354644	49.16195536354644	48.973594665527344	48.973594665527344	5000	2024/01/19 
2024/01/22 	49.16195297241211	49.16195297241211	49.16195297241211	49.16195297241211	1000	2024/01/22 
2024/01/23 	49.16195297241211	49.16195297241211	49.16195297241211	49.16195297241211	1010	2024/01/23 
2024/01/24 	48.12597416804954	48.314334869384766	48.03179561372271	48.314334869384766	3270	2024/01/24 
2024/01/25 	49.16195536354644	49.91539456294133	48.973594665527344	48.973594665527344	11005	2024/01/25 
2024/01/26 	49.161953802056075	49.161953802056075	48.12597179219683	48.50269317626953	2003	2024/01/26 
2024/01/29 	48.50269317626953	48.50269317626953	48.31433248423318	48.50269317626953	6000	2024/01/29 
2024/01/30 	49.16195367363394	49.16195367363394	48.03179311704944	48.22015380859375	6012	2024/01/30 
2024/01/31 	49.16195297241211	49.16195297241211	49.16195297241211	49.16195297241211	2050	2024/01/31 
2024/02/01 	49.256134945851194	53.30587387084961	49.256134945851194	53.30587387084961	19022	2024/02/01 
2024/02/02 	53.49423241588754	59.99265301893765	53.30587172152582	58.20323181152344	118795	2024/02/02 
2024/02/05 	58.39159179968855	62.62969120450465	56.97889199808318	59.1450309753418	87451	2024/02/05 
2024/02/15 	59.145030689137876	59.333391380310054	52.74079233805338	56.507991790771484	92562	2024/02/15 
2024/02/16 	56.03709185918172	56.507991790771484	54.62439206441243	56.507991790771484	19166	2024/02/16 
2024/02/19 	56.50799298680553	56.50799298680553	53.30587194714731	54.0593147277832	33241	2024/02/19 
2024/02/20 	54.153491800481625	54.153491800481625	51.045552989598946	51.79899215698242	24359	2024/02/20 
2024/02/21 	52.74079513549805	52.74079513549805	51.04555601039335	52.74079513549805	1073	2024/02/21 
2024/02/22 	52.74079357205669	54.341854095458984	51.79899368684139	54.341854095458984	21138	2024/02/22 
2024/02/23 	54.436031341552734	54.436031341552734	53.21169223866832	54.436031341552734	16179	2024/02/23 
2024/02/26 	54.43603276713939	55.095293406782474	54.24767207114401	54.624393463134766	8232	2024/02/26 
2024/02/27 	54.8127555847168	55.566194795612525	53.68259497203243	54.8127555847168	9118	2024/02/27 
2024/02/29 	55.095291996002196	56.507991790771484	54.90693130483002	56.507991790771484	8024	2024/02/29 
2024/03/01 	56.507991790771484	57.449791653951	55.56619192759196	56.507991790771484	27458	2024/03/01 
2024/03/04 	56.507991790771484	56.696352481943656	53.68259220123291	56.507991790771484	40773	2024/03/04 
2024/03/05 	56.50799383068263	56.50799383068263	54.247672640382724	55.472015380859375	9427	2024/03/05 
2024/03/06 	55.095293406782474	55.28365410277785	54.43603276713939	54.624393463134766	13185	2024/03/06 
2024/03/07 	54.15349578857422	54.34185649246211	54.05931723297108	54.15349578857422	18370	2024/03/07 
2024/03/08 	54.62439575195313	54.62439575195313	54.15349578857422	54.15349578857422	3002	2024/03/08 
2024/03/11 	54.34185249049783	54.34185249049783	50.85719229958274	51.79899215698242	50681	2024/03/11 
2024/03/12 	52.08153368289361	52.26989438118191	50.85719453304186	51.328094482421875	16134	2024/03/12 
2024/03/13 	52.7407920143821	52.7407920143821	50.85719229958274	51.79899215698242	13844	2024/03/13 
2024/03/14 	51.798993583361394	52.74079346669524	51.798993583361394	51.98735427856445	11313	2024/03/14 
2024/03/15 	52.081532829825264	52.081532829825264	51.98735427856445	51.98735427856445	2012	2024/03/15 
2024/03/18 	51.98735427856445	51.98735427856445	51.98735427856445	51.98735427856445	0	2024/03/18 
2024/03/19 	51.13973153826638	51.987352846998625	51.13973153826638	51.79899215698242	6075	2024/03/19 
2024/03/20 	51.798992879209244	52.92915344238281	51.798992879209244	52.92915344238281	29226	2024/03/20 
2024/03/21 	52.9291571518286	52.9291571518286	51.798996509449736	52.6466178894043	8014	2024/03/21 
2024/03/22 	52.92915428463902	52.92915428463902	51.328093760722396	52.269893646240234	6513	2024/03/22 
2024/03/25 	52.269893646240234	52.269893646240234	52.269893646240234	52.269893646240234	0	2024/03/25 
2024/03/26 	48.879414560342234	50.2921143615928	48.50269317626953	48.50269317626953	16082	2024/03/26 
2024/03/27 	49.350317380728015	49.350317380728015	47.089996129442156	48.879417419433594	21376	2024/03/27 
2024/03/28 	48.87941468654735	48.87941468654735	47.74925412409258	48.78523254394531	5009	2024/03/28 
2024/03/29 	48.785232417983366	48.785232417983366	47.3725326167328	48.50269317626953	12547	2024/03/29 
2024/04/01 	48.97359228355448	49.9153921351613	48.6910530466087	49.16195297241211	24165	2024/04/01 
2024/04/02 	49.16195297241211	49.9153921351613	48.59687090583923	49.16195297241211	22087	2024/04/02 
2024/04/03 	49.16195839814093	49.91539764404297	48.596876269203115	49.91539764404297	13048	2024/04/03 
2024/04/08 	50.386293648152744	50.48047219920756	48.97359382624192	49.63285446166992	24029	2024/04/08 
2024/04/09 	49.9153921351613	49.9153921351613	48.78523159469686	49.16195297241211	20323	2024/04/09 
2024/04/10 	49.16195297241211	49.35031366126974	48.40851380966292	49.16195297241211	34481	2024/04/10 
2024/04/11 	49.16195667767393	49.16195667767393	48.50269601332542	48.879417419433594	10020	2024/04/11 
2024/04/12 	48.97359418082149	50.668833260852104	48.97359418082149	50.480472564697266	16568	2024/04/12 
2024/04/15 	50.386295205506414	50.480473759472126	48.97359533993147	50.103755950927734	10135	2024/04/15 
2024/04/16 	51.32809491201409	64.32493649782526	50.197934305506834	61.31117248535156	157543	2024/04/16 
2024/04/17 	61.311171179859016	65.54927066950866	59.8042927983895	61.40534973144531	158234	2024/04/17 
2024/04/18 	60.46355282809996	68.18631659038351	60.46355282809996	64.70165252685547	141925	2024/04/18 
2024/04/19 	60.746092330910315	67.8095914391557	51.79899346046616	58.48577117919922	225069	2024/04/19 
2024/04/22 	60.65191499630026	61.02863639336807	50.10375539789828	53.682594299316406	140418	2024/04/22 
2024/04/23 	53.68259220123291	56.97889172236124	52.83497088729879	56.507991790771484	23651	2024/04/23 
2024/04/24 	56.88471413314801	61.49953497768365	56.88471413314801	60.27519226074219	73152	2024/04/24 
2024/04/25 	60.08683214588514	62.44133545895929	60.08683214588514	61.1228141784668	88223	2024/04/25 
2024/04/26 	59.615933087360084	60.08683303843352	57.26143333199293	58.39159393310547	65511	2024/04/26 
2024/04/29 	58.67413318521322	58.67413318521322	58.01487253517412	58.39159393310547	37060	2024/04/29 
2024/04/30 	58.76831561156214	61.31117248535156	58.39159421183254	61.31117248535156	14007	2024/04/30 
2024/05/02 	61.31117118127565	61.31117118127565	58.768314361572266	58.768314361572266	19555	2024/05/02 
2024/05/03 	60.46355242370628	60.46355242370628	57.92069549560547	58.86249542236328	36758	2024/05/03 
2024/05/06 	58.86249144872029	58.86249144872029	55.94291330993631	56.507991790771484	32628	2024/05/06 
2024/05/07 	57.44979322449235	57.9206931689554	56.50799333556625	56.9788932800293	32814	2024/05/07 
2024/05/08 	57.92069403760896	57.92069403760896	56.03709423150785	56.31963348388672	26558	2024/05/08 
2024/05/09 	56.69635412226351	60.18101443538104	55.66037208718453	59.33339309692383	49180	2024/05/09 
2024/05/10 	59.427571767601584	60.74609305390625	57.44979343082607	59.61593246459961	55967	2024/05/10 
2024/05/13 	60.2751953125	60.74609527587891	58.6741347184754	58.86249542236328	12142	2024/05/13 
2024/05/14 	59.05085458314457	59.33339383525233	57.920693982032034	58.39159393310547	36110	2024/05/14 
2024/05/15 	57.44979403095861	58.67413318521322	57.44979403095861	58.39159393310547	22604	2024/05/15 
2024/05/16 	58.67413330078125	58.67413330078125	57.63815484345178	58.67413330078125	9607	2024/05/16 
2024/05/17 	58.674131501736554	58.674131501736554	57.2614316890494	57.638153076171875	12043	2024/05/17 
2024/05/20 	58.579956162872264	60.08683460861212	58.48577401458752	58.86249542236328	28213	2024/05/20 
2024/05/21 	59.992651294573	62.723868709929775	59.050851442515906	61.87624740600586	105200	2024/05/21 
2024/05/22 	61.40535080802533	61.40535080802533	59.239215342111365	60.74609375	22074	2024/05/22 
2024/05/23 	60.93444964859768	60.93444964859768	58.01487144393142	60.557735443115234	39197	2024/05/23 
2024/05/24 	60.55773404539989	60.9344482421875	58.014870104907175	60.9344482421875	42883	2024/05/24 
2024/05/27 	60.934451418258185	62.06461562361645	59.80429439826302	61.59371566772461	104878	2024/05/27 
2024/05/28 	61.87624953302956	62.15879237250428	60.557735443115234	60.557735443115234	59414	2024/05/28 
2024/05/29 	61.49953406372443	65.26673352403557	61.216991230056	63.28894805908203	179566	2024/05/29 
2024/05/30 	62.629693149940316	63.38313594167878	60.934450461210275	61.970436096191406	64618	2024/05/30 
2024/05/31 	61.970434543631825	62.158791644165994	60.840270384338396	61.499534606933594	20556	2024/05/31 
2024/06/03 	62.158791644165994	62.158791644165994	60.36937044764017	61.499534606933594	24818	2024/06/03 
2024/06/04 	61.4995342591267	61.4995342591267	59.992652314605614	61.21699142456055	11085	2024/06/04 
2024/06/05 	61.499535327547115	62.06461382113367	60.086831908217846	60.557735443115234	15368	2024/06/05 
2024/06/06 	61.49953497768365	61.216992139816284	59.80429232120514	60.27519226074219	17112	2024/06/06 
2024/06/07 	60.27519310775194	60.27519310775194	58.39159332313469	59.61593246459961	60028	2024/06/07 
2024/06/11 	59.23921704582278	59.521756306342496	58.391595671582	59.427574157714844	46132	2024/06/11 
2024/06/12 	59.52175465145555	59.52175465145555	58.391594048116986	58.67413330078125	21604	2024/06/12 
2024/06/13 	58.76831318385587	59.1450309753418	58.48577034938969	59.1450309753418	23302	2024/06/13 
2024/06/14 	58.95667462141449	60.74609593885657	58.8624960647835	59.99265670776367	20365	2024/06/14 
2024/06/17 	59.99265472048899	59.99265472048899	58.6741334152416	58.95667266845703	12083	2024/06/17 
2024/06/18 	59.99265361777614	59.99265361777614	58.203232392500176	59.05085372924805	28055	2024/06/18 
2024/06/19 	59.6159300820143	59.804290771484375	58.391590989480804	59.804290771484375	24109	2024/06/19 
2024/06/20 	59.61593258256004	59.89847183227539	58.862493385758626	59.89847183227539	10106	2024/06/20 
2024/06/21 	59.8984717137559	60.18101455559366	58.48577187529296	59.61593246459961	24011	2024/06/21 
2024/06/24 	59.804290771484375	59.804290771484375	58.862490916815325	59.804290771484375	8003	2024/06/24 
2024/06/25 	59.99265373875927	59.99265373875927	58.768314599739995	59.33339309692383	2003	2024/06/25 
2024/06/26 	60.08683395385742	60.08683395385742	58.76831622637308	60.08683395385742	6015	2024/06/26 
2024/06/27 	60.18101610111588	60.18101610111588	58.86249478094997	60.08683395385742	25008	2024/06/27 
2024/06/28 	60.18101346299566	60.18101346299566	59.710113525390625	59.710113525390625	6780	2024/06/28 
2024/07/01 	60.18101455559366	60.18101455559366	58.20323262613667	59.61593246459961	22433	2024/07/01 
2024/07/02 	59.80429160129391	59.80429160129391	58.862491733557	59.1450309753418	11001	2024/07/02 
2024/07/03 	60.086832290729426	60.086832290729426	58.57995390311823	59.33339309692383	17001	2024/07/03 
2024/07/04 	58.20323412086702	60.08683395385742	58.20323412086702	60.08683395385742	14048	2024/07/04 
2024/07/05 	60.08683156639108	61.122813588981444	59.33339238166809	60.27519226074219	35309	2024/07/05 
2024/07/08 	59.33339238166809	60.934449301948916	59.05085313648215	60.27519226074219	48019	2024/07/08 
2024/07/09 	60.46355090492456	60.74609375	59.80429384689923	60.74609375	27115	2024/07/09 
2024/07/10 	60.746095697505325	62.34715270996094	60.46355284337162	62.34715270996094	55396	2024/07/10 
2024/07/11 	61.405349241485965	62.44133485675775	60.27519226074219	60.27519226074219	82722	2024/07/11 
2024/07/12 	61.02863589574402	61.02863589574402	59.333393215443316	59.61593246459961	5001	2024/07/12 
2024/07/15 	60.55773582862457	60.55773582862457	59.33339309692383	59.33339309692383	8106	2024/07/15 
2024/07/16 	60.55773582862457	60.55773582862457	58.86249315171015	59.33339309692383	14902	2024/07/16 
2024/07/17 	59.52175391244133	59.61593246459961	59.333393215443316	59.61593246459961	6530	2024/07/17 
2024/07/18 	59.333393215443316	59.992653858595645	58.674132572290986	59.61593246459961	10530	2024/07/18 
2024/07/19 	58.862491733557	59.615930909210256	58.862491733557	59.1450309753418	14007	2024/07/19 
2024/07/22 	59.61593212479644	59.61593212479644	56.50799321642913	56.696353912353516	33344	2024/07/22 
2024/07/23 	58.39159093849457	58.39159093849457	56.225451993183455	57.732330322265625	15914	2024/07/23 
2024/07/26 	57.73233174886719	57.73233174886719	55.566192750029444	55.848731994628906	8309	2024/07/26 
2024/07/29 	55.56619347189474	55.84873272016469	54.62439358254059	54.90693283081055	41045	2024/07/29 
2024/07/30 	55.09529410059009	55.754554748535156	54.24767275427764	55.754554748535156	3125	2024/07/30 
2024/07/31 	54.62439275192002	55.566192626953125	54.62439275192002	55.566192626953125	3330	2024/07/31 
2024/08/01 	54.62439177420567	54.81275246437713	53.87095260620117	53.87095260620117	16219	2024/08/01 
2024/08/02 	53.682594817603075	54.43603402633137	51.704816445606106	52.175716400146484	50324	2024/08/02 
2024/08/05 	51.70481180092761	53.494229311827524	47.08999122391177	47.18416976928711	76996	2024/08/05 
2024/08/06 	47.08999487069937	48.973594665527344	47.08999487069937	48.973594665527344	12080	2024/08/06 
2024/08/07 	48.97359478184417	49.35031617877711	48.7852340833777	49.256134033203125	15122	2024/08/07 
2024/08/08 	49.350315349866946	49.350315349866946	47.84343338012695	47.84343338012695	3001	2024/08/08 
2024/08/09 	47.655073372075165	48.973594665527344	47.655073372075165	48.973594665527344	9521	2024/08/09 
2024/08/12 	48.973594665527344	48.973594665527344	48.973594665527344	48.973594665527344	2000	2024/08/12 
2024/08/13 	48.502693301501964	48.973593236468005	48.502693301501964	48.78523254394531	11000	2024/08/13 
2024/08/14 	49.35031509399414	50.85719346323979	49.06777225616434	49.35031509399414	10253	2024/08/14 
2024/08/15 	50.10375682205195	50.10375682205195	49.067774747009395	49.444496154785156	5110	2024/08/15 
2024/08/16 	50.19793691217102	50.19793691217102	49.91539764404297	49.91539764404297	10100	2024/08/16 
2024/08/19 	51.32809757736494	51.32809757736494	49.91539764404297	49.91539764404297	14001	2024/08/19 
2024/08/20 	50.10375835368891	50.10375835368891	49.91539764404297	49.91539764404297	3020	2024/08/20 
2024/08/21 	50.386294583661844	51.328094482421875	50.10375533257013	51.328094482421875	4111	2024/08/21 
2024/08/22 	51.32809534502696	51.32809534502696	50.6688346862793	50.6688346862793	17011	2024/08/22 
2024/08/23 	51.328092928285955	51.328092928285955	50.85719299316406	50.85719299316406	20095	2024/08/23 
2024/08/26 	51.516456604003906	51.516456604003906	51.516456604003906	51.516456604003906	14	2024/08/26 
2024/08/27 	50.83860454032935	51.32278172642772	50.83860454032935	51.03227615356445	6000	2024/08/27 
2024/08/28 	50.74177324756505	51.322784423828125	50.74177324756505	51.322784423828125	5035	2024/08/28 
2024/08/29 	51.322784423828125	51.322784423828125	51.322784423828125	51.322784423828125	0	2024/08/29 
2024/08/30 	51.32278329354745	52.2911376953125	51.32278329354745	52.2911376953125	2220	2024/08/30 
2024/09/02 	52.48480987548828	52.48480987548828	52.48480987548828	52.48480987548828	1	2024/09/02 
2024/09/03 	52.67848209374725	52.67848209374725	50.354430000737025	51.322784423828125	13062	2024/09/03 
2024/09/04 	49.67658116577746	51.322784423828125	49.67658116577746	51.322784423828125	3200	2024/09/04 
2024/09/05 	51.12911181585702	51.12911181585702	49.386074626653276	49.57974624633789	6096	2024/09/05 
2024/09/06 	48.90189912124213	49.386076340264324	48.8050651550293	48.8050651550293	5165	2024/09/06 
2024/09/09 	48.80506302678124	48.80506302678124	46.481010999228275	46.6746826171875	37291	2024/09/09 
2024/09/10 	47.449366923641996	48.611392974853516	47.449366923641996	48.611392974853516	3003	2024/09/10 
2024/09/11 	48.41772172081517	48.41772172081517	46.335758209228516	46.335758209228516	13252	2024/09/11 
2024/09/12 	47.44936637878418	48.417720794677734	47.255694756809675	48.417720794677734	2555	2024/09/12 
2024/09/13 	46.481011419013	48.90189743041992	46.481011419013	48.90189743041992	14003	2024/09/13 
2024/09/16 	48.90189686772397	48.90189686772397	48.70822525024414	48.70822525024414	4100	2024/09/16 
2024/09/18 	49.289241790771484	49.289241790771484	49.289241790771484	49.289241790771484	94	2024/09/18 
2024/09/19 	48.90189686943503	49.38607406616211	48.90189686943503	49.38607406616211	2500	2024/09/19 
2024/09/20 	49.87025068272423	49.87025068272423	48.51455307006836	48.51455307006836	4205	2024/09/20 
2024/09/23 	49.38607406616211	49.38607406616211	49.38607406616211	49.38607406616211	20	2024/09/23 
2024/09/24 	48.51455475867551	48.70822638065001	48.22404917270323	48.417720794677734	14122	2024/09/24 
2024/09/25 	48.90189743041992	48.90189743041992	48.90189743041992	48.90189743041992	4000	2024/09/25 
2024/09/26 	49.3860757776682	49.3860757776682	48.4177213506551	48.611392974853516	4265	2024/09/26 
2024/09/27 	47.93354415893555	47.93354415893555	47.643038569495374	47.93354415893555	15310	2024/09/27 
2024/09/30 	48.22404977092359	48.22404977092359	46.96518975344157	47.25569534301758	15581	2024/09/30 
2024/10/01 	46.48101311410802	46.77151870727539	46.48101311410802	46.77151870727539	17290	2024/10/01 
2024/10/04 	46.481010999228275	46.6746826171875	46.481010999228275	46.6746826171875	13146	2024/10/04 
2024/10/07 	46.6746826171875	46.6746826171875	46.6746826171875	46.6746826171875	3025	2024/10/07 
2024/10/08 	46.48101251775569	47.93354415893555	46.287340893469235	47.93354415893555	15004	2024/10/08 
2024/10/09 	46.62626507221891	46.62626507221891	46.190504860576155	46.48101043701172	14100	2024/10/09 
2024/10/11 	46.4810124760832	49.87025296913093	46.4810124760832	49.289241790771484	36233	2024/10/11 
2024/10/14 	49.28924010268362	49.96708522289473	48.417719671013835	48.70822525024414	11200	2024/10/14 
2024/10/15 	48.12721520870545	48.417720794677734	47.44936637878418	48.417720794677734	51301	2024/10/15 
2024/10/16 	47.93354303189233	48.61139185396739	47.73987141215961	48.22404861450195	105710	2024/10/16 
2024/10/17 	48.61139185396739	50.45126300648097	47.93354303189233	48.22404861450195	142761	2024/10/17 
2024/10/18 	47.93354415893555	48.12721578322199	47.7398725346491	47.93354415893555	60152	2024/10/18 
2024/10/21 	48.03037812408928	48.22404974837573	47.7398725346491	47.93354415893555	32044	2024/10/21 
2024/10/22 	47.933544712587896	48.12721633911133	47.933544712587896	48.12721633911133	9000	2024/10/22 
2024/10/23 	48.12721307515435	48.12721307515435	47.44936427528312	47.643035888671875	12560	2024/10/23 
2024/10/24 	47.836708068847656	47.933542029699964	47.643036453164214	47.836708068847656	13325	2024/10/24 
2024/10/25 	47.83671019378182	48.12721578322199	47.44936694520893	47.93354415893555	12325	2024/10/25 
2024/10/28 	47.546200356728455	47.739871978759766	47.546200356728455	47.739871978759766	3225	2024/10/28 
2024/10/29 	47.35253355686009	47.44936752319336	46.96519030356894	47.44936752319336	5352	2024/10/29 
2024/10/30 	47.35253300219557	47.73987255697058	47.25569534301758	47.25569534301758	7267	2024/10/30 
2024/11/01 	47.25569264574838	47.44936425907096	46.48100988643686	46.965187072753906	32003	2024/11/01 
2024/11/04 	46.96519030356894	47.44936752319336	46.57784705027779	47.44936752319336	5200	2024/11/04 
2024/11/05 	46.965187072753906	46.965187072753906	46.771515459431335	46.965187072753906	6025	2024/11/05 
2024/11/06 	46.96519030356894	47.44936752319336	46.771518676923364	47.44936752319336	5050	2024/11/06 
2024/11/07 	47.255694743331155	49.67658078237454	46.48101194963306	49.0955696105957	48040	2024/11/07 
2024/11/08 	49.38607501792099	52.77531546032733	49.38607501792099	52.48480987548828	95061	2024/11/08 
2024/11/11 	52.48481086537808	53.45316529575783	51.80696202531646	52.87215042114258	96663	2024/11/11 
2024/11/12 	52.96898594493159	53.453163140600104	51.80695993653138	52.09746551513672	78904	2024/11/12 
2024/11/13 	50.54810106233916	51.80696105957031	50.354429441077684	51.80696105957031	18588	2024/11/13 
2024/11/14 	50.354427902478506	50.548099517822266	49.5797451350823	50.548099517822266	52335	2024/11/14 
2024/11/15 	50.64493613621141	52.77531662883161	50.4512645107043	51.516456604003906	23545	2024/11/15 
2024/11/18 	50.74177382227166	52.581645030595936	50.74177382227166	50.83860778808594	11001	2024/11/18 
2024/11/19 	52.58164439703758	52.67848205566406	50.451263928981504	52.67848205566406	118	2024/11/19 
2024/11/20 	52.09746551513672	52.872148289410575	51.322782740862856	52.09746551513672	103370	2024/11/20 
2024/11/21 	52.58164497676141	52.58164497676141	51.322784952569656	52.194305419921875	24651	2024/11/21 
2024/11/22 	52.09746551513672	52.48480874926307	52.09746551513672	52.09746551513672	49011	2024/11/22 
2024/11/25 	52.484807641671544	53.259490399597205	52.29113602869543	53.065818786621094	17103	2024/11/25 
2024/11/26 	54.22784691526179	55.68037852906345	54.03417529462578	55.19620132446289	45326	2024/11/26 
2024/11/27 	54.22784706691479	54.22784706691479	50.838606625232615	53.16265869140625	113174	2024/11/27 
2024/11/28 	52.581643839108324	52.77531546032733	52.097466633050274	52.48480987548828	105350	2024/11/28 
2024/11/29 	52.29113825426928	52.48480987548828	52.00063266943023	52.48480987548828	56500	2024/11/29 
2024/12/02 	52.77531433105469	52.77531433105469	51.71012597811118	52.77531433105469	105471	2024/12/02 
2024/12/03 	52.09746551513672	53.453163140600104	52.09746551513672	52.09746551513672	20101	2024/12/03 
2024/12/04 	52.77531376587973	53.16265699588138	52.097464960366246	52.581642150878906	50200	2024/12/04 
2024/12/05 	52.58164327704623	52.58164327704623	52.09746607616371	52.2911376953125	53010	2024/12/05 
2024/12/06 	52.58164439703758	53.4531648547811	52.58164439703758	52.67848205566406	40702	2024/12/06 
2024/12/09 	52.581641618283	55.19619915936444	52.581641618283	53.74366760253906	50053	2024/12/09 
2024/12/10 	53.840501544546754	53.840501544546754	53.065818786621094	53.065818786621094	6374	2024/12/10 
2024/12/11 	54.71202526773725	54.71202526773725	53.74367083821978	54.227848052978516	23667	2024/12/11 
2024/12/12 	53.259490399597205	53.45316201257331	52.484807641671544	53.065818786621094	16631	2024/12/12 
2024/12/13 	52.58164271397982	52.872148292602695	51.9037939012072	52.77531433105469	30208	2024/12/13 
2024/12/16 	53.065818786621094	53.065818786621094	53.065818786621094	53.065818786621094	100	2024/12/16 
2024/12/17 	53.06582047792876	53.74366929796007	52.2911376953125	52.2911376953125	19550	2024/12/17 
2024/12/18 	52.77531489619502	52.77531489619502	51.80696049442997	52.2911376953125	73400	2024/12/18 
2024/12/19 	51.71012709592904	52.09746664447305	51.71012709592904	51.80696105957031	28206	2024/12/19 
2024/12/20 	52.000633239746094	52.000633239746094	52.000633239746094	52.000633239746094	3000	2024/12/20 
2024/12/23 	52.77531433105469	53.259491526752434	52.58164271397982	52.77531433105469	16110	2024/12/23 
2024/12/24 	52.581642150878906	52.77531376587973	52.48480819036789	52.581642150878906	9000	2024/12/24 
2024/12/25 	52.775316039139504	52.775316039139504	51.806961616403	52.000633239746094	17517	2024/12/25 
2024/12/26 	51.32278500511533	51.516456630722885	50.64493616247838	50.83860778808594	31900	2024/12/26 
2024/12/27 	50.354430039115435	51.322784462944576	49.773418862409535	49.96708679199219	24520	2024/12/27 
2024/12/30 	50.160756842129665	50.64493403885674	49.38607406616211	49.38607406616211	33700	2024/12/30 
2024/12/31 	50.354427337646484	50.354427337646484	50.354427337646484	50.354427337646484	3000	2024/12/31 
2025/01/02 	50.2575944961039	50.2575944961039	48.224048053534005	48.70822525024414	19929	2025/01/02 
2025/01/03 	49.28924123251497	49.57974681840438	48.901897988676446	49.0955696105957	19455	2025/01/03 
2025/01/06 	49.289241790771484	49.57974737995121	47.44936690266827	49.289241790771484	31765	2025/01/06 
2025/01/07 	49.28924243535778	49.28924243535778	47.44936752319336	47.44936752319336	44159	2025/01/07 
2025/01/08 	47.933543586730956	48.417720794677734	47.933543586730956	48.417720794677734	6355	2025/01/08 
2025/01/09 	48.61139241665223	48.901898002624506	48.417720794677734	48.417720794677734	66706	2025/01/09 
2025/01/10 	48.611391847846875	49.095569050128255	48.41772022813854	48.90189743041992	30025	2025/01/10 
2025/01/13 	49.386075210571285	49.386075210571285	48.417720794677734	48.417720794677734	8631	2025/01/13 
2025/01/14 	48.41772022813854	48.90189743041992	48.41772022813854	48.90189743041992	65254	2025/01/14 
2025/01/15 	48.41772190221993	48.8050651550293	48.41772190221993	48.8050651550293	20200	2025/01/15 
2025/01/16 	48.41772022813854	48.90189743041992	48.41772022813854	48.90189743041992	14000	2025/01/16 
2025/01/17 	48.4177213506551	48.80506459905193	48.4177213506551	48.611392974853516	81000	2025/01/17 
2025/01/20 	48.80506234942258	49.38607350125761	48.61139073415129	49.19240188598633	21009	2025/01/20 
2025/01/21 	48.417719671013835	48.90189686772397	48.417719671013835	48.70822525024414	7600	2025/01/21 
2025/01/22 	49.289241650494965	50.16075841555381	48.90189840337172	49.96708679199219	86100	2025/01/22 
2025/02/03 	50.16075841555381	50.354430039115435	49.38607561528629	49.96708679199219	8128	2025/02/03 
2025/02/04 	50.160755724475166	50.354427337646484	49.87025015170758	50.354427337646484	6384	2025/02/04 
2025/02/05 	50.257595488747974	51.41961782862047	49.96708620980092	51.129112243652344	31515	2025/02/05 
2025/02/06 	51.22595103930105	51.32278500511533	50.25759660524227	50.83860778808594	11015	2025/02/06 
2025/02/07 	50.06392441260549	51.613290011959656	50.06392441260549	51.322784423828125	14070	2025/02/07 
2025/02/10 	51.51645531709997	55.38987295456645	51.51645531709997	54.51835250854492	216223	2025/02/10 
2025/02/11 	56.16455383137378	64.29873207075046	55.68037664317228	64.10505676269531	255906	2025/02/11 
2025/02/12 	64.39557067382574	68.46265639277887	60.522152888933974	67.88164520263672	506094	2025/02/12 
2025/02/13 	68.46265617901331	71.27088554188315	64.58923840621577	65.65443420410156	277193	2025/02/13 
2025/02/14 	64.87974783090445	70.30253124664215	64.39557060828575	69.23734283447266	121136	2025/02/14 
2025/02/17 	70.01202650643927	70.01202650643927	66.13860888258	68.94683074951172	91214	2025/02/17 
2025/02/18 	69.43100903906112	76.88734251445348	68.75316389946089	70.68987274169922	162734	2025/02/18 
2025/02/19 	73.88544379199851	73.88544379199851	65.84809930410809	68.0753173828125	270405	2025/02/19 
2025/02/20 	69.72151402064732	70.6898683820452	66.0417644921524	67.78480529785156	127027	2025/02/20 
2025/02/21 	66.1386085797505	68.17215134537405	66.1386085797505	68.0753173828125	50471	2025/02/21 
2025/02/24 	68.07531681846324	68.07531681846324	66.52594387849183	67.20379638671875	54528	2025/02/24 
2025/02/25 	66.52594621085463	66.52594621085463	61.97468335700758	63.91139221191406	193931	2025/02/25 
2025/02/26 	63.91139225706195	64.10506018750621	61.00632897265004	62.555694580078125	102529	2025/02/26 
2025/02/27 	62.65252641384588	64.20189935652189	61.97468129239341	62.458858489990234	84375	2025/02/27 
2025/03/03 	61.68417685195088	61.781010815667244	60.03797361092019	60.81265640258789	61580	2025/03/03 
2025/03/04 	59.36012268066406	60.03797148460863	58.19809668732749	59.36012268066406	24574	2025/03/04 
2025/03/05 	59.74746592168465	60.812654260967975	59.74746592168465	60.03797149658203	8622	2025/03/05 
2025/03/06 	59.553796404380506	61.29683360912757	59.553796404380506	60.81265640258789	999	2025/03/06 
2025/03/07 	60.03797473144532	60.522151947021484	59.74746914089541	60.522151947021484	50753	2025/03/07 
2025/03/10 	61.006328012060926	61.49050521850586	60.037973599171075	61.49050521850586	26500	2025/03/10 
2025/03/11 	60.618985516733964	61.00632876425735	57.61708827735416	58.97278594970703	59962	2025/03/11 
2025/03/12 	61.00632689622802	61.1031608581543	59.55379530346069	61.1031608581543	18219	2025/03/12 
2025/03/13 	60.715822014745925	60.715822014745925	59.26329040527344	59.26329040527344	32010	2025/03/13 
2025/03/14 	60.52215137178936	62.45886021568662	60.03797416081505	61.00632858276367	75600	2025/03/14 
2025/03/17 	61.10316307937043	63.1367059055763	60.52215189873418	61.87784957885742	43870	2025/03/17 
2025/03/18 	62.45885639572745	72.14240002297201	62.168347131727124	70.49620056152344	154825	2025/03/18 
2025/03/19 	68.46265445127243	69.72151815084587	63.4272144288945	64.39556884765625	138554	2025/03/19 
2025/03/20 	64.87974157875959	66.13860519144086	63.62087796607831	65.55758666992188	115200	2025/03/20 
2025/03/21 	67.10696301512398	69.33417370699381	62.555692892858374	62.65252685546875	218492	2025/03/21 
2025/03/24 	65.17025316997987	65.36392109210675	62.16834866130958	62.94303512573242	106325	2025/03/24 
2025/03/25 	63.23354496132824	63.911390082780706	61.97468129239341	62.458858489990234	151061	2025/03/25 
2025/03/26 	63.23354721069336	63.52404910681065	61.684177906881516	63.23354721069336	101428	2025/03/26 
2025/03/27 	62.94303735458062	67.1069643193745	62.65252807314554	63.71772384643555	189406	2025/03/27 
2025/03/28 	64.20189888423265	64.20189888423265	59.069617672277886	60.23164367675781	101523	2025/03/28 
2025/03/31 	61.00632760544453	62.458859215097974	57.90759276605475	58.58544158935547	79863	2025/03/31 
2025/04/01 	61.00632760544453	61.00632760544453	57.52025321986784	58.58544158935547	98491	2025/04/01 
2025/04/02 	58.68227540314956	64.49240182698531	58.68227540314956	61.97468185424805	104903	2025/04/02 
2025/04/07 	61.00632931406223	61.00632931406223	48.80506492884138	51.516456604003906	238047	2025/04/07 
2025/04/08 	51.32278227574617	52.58164223428003	48.41771912806242	49.8702507019043	176107	2025/04/08 
2025/04/09 	50.25759339962676	50.548098972519064	45.318983884542384	46.28733825683594	175170	2025/04/09 
2025/04/10 	48.70822555068413	56.16455516480785	48.70822555068413	54.32468032836914	292166	2025/04/10 
2025/04/11 	54.22784636124321	55.87404957886244	51.90379432531266	55.68037796020508	88879	2025/04/11 
2025/04/14 	55.58354568481445	56.64873407878984	54.22784800704669	55.58354568481445	72984	2025/04/14 
2025/04/15 	56.358228631862204	61.00632916259766	55.29303654120723	60.522151947021484	45836	2025/04/15 
2025/04/16 	61.0063291379913	62.26519285316479	58.00443188022142	61.20000076293945	145275	2025/04/16 
2025/04/17 	62.5	63.5	60.900001525878906	62.0	124092	2025/04/17 
2025/04/18 	62.5	63.20000076293945	61.79999923706055	61.79999923706055	49619	2025/04/18 
2025/04/21 	62.5	62.5	61.29999923706055	61.29999923706055	40903	2025/04/21 
2025/04/22 	62.5	62.5	61.599998474121094	61.70000076293945	16301	2025/04/22 
2025/04/23 	63.0	63.900001525878906	63.0	63.29999923706055	48023	2025/04/23 
2025/04/24 	63.0	63.79999923706055	62.5	63.0	16015	2025/04/24 
2025/04/25 	64.0	66.30000305175781	62.79999923706055	65.0	76894	2025/04/25 
2025/04/28 	66.30000305175781	66.30000305175781	64.0	65.5	40774	2025/04/28 
2025/04/29 	65.5	69.5	65.5	67.80000305175781	146100	2025/04/29 
2025/04/30 	66.69999694824219	67.80000305175781	64.0	66.0	78717	2025/04/30 
2025/05/02 	66.30000305175781	68.5	66.0	67.30000305175781	105303	2025/05/02 
2025/05/05 	67.5	69.0999984741211	66.19999694824219	67.30000305175781	85733	2025/05/05 
2025/05/06 	67.5999984741211	69.5	67.0	67.19999694824219	55075	2025/05/06 
2025/05/07 	67.30000305175781	67.30000305175781	64.80000305175781	65.80000305175781	91268	2025/05/07 
2025/05/08 	65.5	67.30000305175781	64.69999694824219	65.19999694824219	87453	2025/05/08 
2025/05/09 	65.0	65.30000305175781	61.0	62.0	238407	2025/05/09 
2025/05/12 	61.0	62.0	59.79999923706055	60.29999923706055	154554	2025/05/12 
2025/05/13 	60.599998474121094	61.0	55.79999923706055	56.70000076293945	431193	2025/05/13 
2025/05/14 	57.5	58.400001525878906	57.5	58.0	129450	2025/05/14 
2025/05/15 	58.400001525878906	62.099998474121094	57.79999923706055	61.0	84734	2025/05/15 
2025/05/16 	61.0	62.5	59.29999923706055	61.599998474121094	100876	2025/05/16 
2025/05/19 	63.0	68.30000305175781	62.79999923706055	64.19999694824219	187253	2025/05/19 
2025/05/20 	63.900001525878906	64.30000305175781	62.5	62.79999923706055	99223	2025/05/20 
2025/05/21 	63.5	65.30000305175781	63.29999923706055	65.30000305175781	90251	2025/05/21 
2025/05/22 	65.30000305175781	65.30000305175781	62.0	64.69999694824219	77394	2025/05/22 
2025/05/23 	65.30000305175781	65.80000305175781	63.5	64.5	45083	2025/05/23 
2025/05/26 	64.19999694824219	65.30000305175781	62.70000076293945	64.0	66792	2025/05/26 
2025/05/27 	64.30000305175781	64.30000305175781	59.20000076293945	62.400001525878906	106321	2025/05/27 
2025/05/28 	60.0	77.0	60.0	74.80000305175781	1802440	2025/05/28 
2025/05/29 	76.0	105.0	76.0	103.5	2520602	2025/05/29 
2025/06/02 	97.5	123.5	89.5	114.0	2001528	2025/06/02 
2025/06/03 	108.0	111.0	103.0	103.5	1102435	2025/06/03 
2025/06/04 	105.0	122.0	100.5	122.0	1586153	2025/06/04 
2025/06/05 	117.0	134.0	113.0	134.0	1494884	2025/06/05 
2025/06/06 	128.5	146.5	126.5	143.0	1563068	2025/06/06 
2025/06/09 	144.0	149.0	136.5	143.0	1263050	2025/06/09 
2025/06/10 	139.5	143.5	131.5	133.5	1177862	2025/06/10 
2025/06/11 	130.0	133.5	120.5	125.5	1650289	2025/06/11 
2025/06/12 	124.0	137.5	115.0	137.5	1911642	2025/06/12 
2025/06/13 	131.5	136.5	126.0	128.0	1223277	2025/06/13 
2025/06/16 	126.5	126.5	115.5	119.5	961314	2025/06/16 
2025/06/17 	119.5	131.0	116.5	128.0	1303111	2025/06/17 
2025/06/18 	128.0	140.5	128.0	140.5	1845419	2025/06/18 
2025/06/19 	147.0	154.5	142.0	154.5	1777140	2025/06/19 
2025/06/20 	154.0	169.5	148.0	169.5	2242180	2025/06/20 
2025/06/23 	164.0	186.0	158.5	182.5	1782479	2025/06/23 
2025/06/24 	180.5	183.5	165.0	175.0	1928255	2025/06/24 
2025/06/25 	168.5	175.0	166.0	169.5	1092727	2025/06/25 
2025/06/26 	170.0	183.5	168.0	180.5	1475422	2025/06/26 
2025/06/27 	184.5	193.0	174.0	181.0	1555040	2025/06/27 
2025/06/30 	178.0	178.0	167.0	167.0	1104425	2025/06/30 
2025/07/01 	168.5	183.0	166.5	178.0	1446376	2025/07/01 
2025/07/02 	174.5	176.0	168.5	169.0	986473	2025/07/02 
2025/07/03 	172.5	176.5	167.0	167.0	869703	2025/07/03 
2025/07/04 	166.5	169.5	158.5	159.5	1065227	2025/07/04 
2025/07/07 	159.0	172.5	154.5	166.0	1596091	2025/07/07 
2025/07/08 	165.0	178.0	165.0	173.0	2494510	2025/07/08 
2025/07/09 	175.0	181.0	166.0	166.5	2567670	2025/07/09 
2025/07/10 	168.5	174.0	167.0	169.0	1199300	2025/07/10 
2025/07/11 	170.5	176.0	167.0	172.0	1432260	2025/07/11 
2025/07/14 	173.0	173.0	167.5	167.5	608152	2025/07/14 
2025/07/15 	168.0	170.5	159.0	160.5	1090219	2025/07/15 
2025/07/16 	161.5	162.5	155.0	155.0	823110	2025/07/16 
2025/07/17 	155.0	159.5	154.0	155.5	838230	2025/07/17 
2025/07/18 	158.0	158.0	149.0	149.0	720843	2025/07/18 
2025/07/21 	151.0	158.0	151.0	151.0	953050	2025/07/21 
2025/07/22 	152.0	153.0	137.0	142.0	985080	2025/07/22 
2025/07/23 	142.5	146.5	139.0	143.5	748300	2025/07/23 
2025/07/24 	144.5	144.5	138.5	140.5	399040	2025/07/24 
2025/07/25 	140.5	140.5	139.5	139.5	4000	2025/07/25 
