Date	Open	High	Low	Close	Volume	Date
2024/01/23 	45.021497324742164	92.06318860730252	45.021497324742164	89.4657974243164	174735	2024/01/23 
2024/01/24 	86.57980436061715	137.56568915075837	78.59521946713141	114.958740234375	446077	2024/01/24 
2024/01/25 	116.40173155920846	117.36372934068952	93.40998311391895	107.7437515258789	391399	2024/01/25 
2024/01/26 	107.7437533674569	108.22475226641876	95.81497920531059	97.64277648925781	280500	2024/01/26 
2024/01/29 	97.16178131103516	103.89576615437421	87.06080404602655	97.16178131103516	384009	2024/01/29 
2024/01/30 	97.16178043030548	101.49077064749731	93.31378912613496	96.10358428955078	226442	2024/01/30 
2024/01/31 	93.79478307060114	95.23777973322578	85.32919971408575	87.06079864501953	237423	2024/01/31 
2024/02/01 	86.09880210846873	87.54179879185088	83.30900705270442	86.29119873046875	125518	2024/02/01 
2024/02/02 	84.4634079881755	94.08338578457541	84.4634079881755	88.98479461669922	156362	2024/02/02 
2024/02/05 	88.21519628261488	89.17719409306635	81.28881498314868	83.69380950927734	130593	2024/02/05 
2024/02/15 	83.30900767037647	97.16177740144492	83.30900767037647	96.68077850341797	589460	2024/02/15 
2024/02/16 	97.64277721242317	106.30075745785972	92.3517892846564	101.49076843261719	395338	2024/02/16 
2024/02/19 	101.9717706418505	106.78175982306986	96.19978362438727	98.123779296875	269319	2024/02/19 
2024/02/20 	100.04776907444614	100.04776907444614	92.54418345807844	95.52638244628906	171837	2024/02/20 
2024/02/21 	94.94918305405787	96.68078208692147	92.06318955892588	95.23778533935547	54317	2024/02/21 
2024/02/22 	94.37198015289646	106.30075401730008	94.37198015289646	103.89575958251953	197827	2024/02/22 
2024/02/23 	105.33875866790316	105.33875866790316	92.35178842117537	96.68077850341797	227801	2024/02/23 
2024/02/26 	98.1237801708767	98.1237801708767	94.37198710821566	94.46818542480469	73338	2024/02/26 
2024/02/27 	95.04538855341035	95.7187840987225	92.44799000836139	94.27578735351562	36966	2024/02/27 
2024/02/29 	93.79478473953789	95.91117694659447	91.87078915513712	94.75678253173828	24498	2024/02/29 
2024/03/01 	94.75678657531738	98.12377899169921	93.69859042663244	96.19978332519531	75050	2024/03/01 
2024/03/04 	96.68077904238994	100.0477713473488	95.52638461647408	95.81497955322266	59120	2024/03/04 
2024/03/05 	97.64277629947188	100.04777078960666	95.62258239565081	96.68077850341797	45057	2024/03/05 
2024/03/06 	97.16178043030548	97.16178043030548	95.23778477822022	96.10358428955078	24616	2024/03/06 
2024/03/07 	97.16177740144492	97.16177740144492	92.44798673288862	96.68077850341797	54253	2024/03/07 
2024/03/08 	94.27578382635836	97.64277610587116	93.60238830624009	95.71878051757812	56926	2024/03/08 
2024/03/11 	94.27578653315062	94.75678544403405	85.61780613724903	89.4657974243164	118340	2024/03/11 
2024/03/12 	89.46579758664396	90.42779541015625	87.54180193961935	90.42779541015625	29701	2024/03/12 
2024/03/13 	90.33159676433728	90.90879398843516	86.67600211261585	88.50379943847656	25636	2024/03/13 
2024/03/14 	89.46579382798814	89.46579382798814	84.75200322292244	87.15699768066406	39431	2024/03/14 
2024/03/15 	88.50379999964825	89.75440010934071	86.579804347482	87.63800048828125	20864	2024/03/15 
2024/03/18 	87.63800048828125	87.63800048828125	87.63800048828125	87.63800048828125	0	2024/03/18 
2024/03/19 	89.4657974243164	89.6581940528854	88.21519732023515	89.4657974243164	20521	2024/03/19 
2024/03/20 	89.4657974243164	89.4657974243164	87.44560346649823	89.4657974243164	1303	2024/03/20 
2024/03/21 	88.79239799655547	88.98479461669922	86.57980016759925	88.98479461669922	11171	2024/03/21 
2024/03/22 	87.15700157523968	88.98479891268983	87.06080326052356	87.63800048828125	6006	2024/03/22 
2024/03/25 	87.63800048828125	87.63800048828125	87.63800048828125	87.63800048828125	0	2024/03/25 
2024/03/26 	87.63800048828125	87.63800048828125	87.63800048828125	87.63800048828125	0	2024/03/26 
2024/03/27 	87.83040618896484	88.02280282219066	86.19500544870104	87.83040618896484	4991	2024/03/27 
2024/03/28 	88.98479440824582	88.98479440824582	85.61780218739327	88.02279663085938	18351	2024/03/28 
2024/03/29 	85.61780218739327	88.02279663085938	85.61780218739327	88.02279663085938	5176	2024/03/29 
2024/04/01 	88.02280036171715	89.46579708895841	86.38740700662807	87.54180145263672	18871	2024/04/01 
2024/04/02 	88.50379572687922	90.9087901759792	87.06079905741923	88.98479461669922	38929	2024/04/02 
2024/04/03 	90.90879576887696	91.38979468828902	88.98480009122878	90.62019348144531	26946	2024/04/03 
2024/04/08 	90.62018851648178	92.64038973889699	89.46579410892507	91.87078857421875	54422	2024/04/08 
2024/04/09 	94.75678309548665	99.0857731861434	93.31378639860107	97.64277648925781	121913	2024/04/09 
2024/04/10 	97.64277975899833	99.0857765042052	91.87079277817084	94.27578735351562	27701	2024/04/10 
2024/04/11 	91.8707923086066	92.3517912212171	88.02280100772255	91.3897933959961	36055	2024/04/11 
2024/04/12 	91.3897880193429	91.3897880193429	88.79239697984052	90.71639251708984	6945	2024/04/12 
2024/04/15 	87.63800009506723	89.94679633519983	86.38740733044688	89.4657974243164	16286	2024/04/15 
2024/04/16 	85.81019860162729	89.27339646349486	84.6558042073118	87.06079864501953	18214	2024/04/16 
2024/04/17 	90.23539445463241	90.23539445463241	87.06079885347293	88.02279663085938	5341	2024/04/17 
2024/04/18 	89.65819332919594	89.65819332919594	87.73419770119207	89.36959838867188	3201	2024/04/18 
2024/04/19 	89.27339709103157	90.23539487287691	83.2128081296217	89.94679260253906	20595	2024/04/19 
2024/04/22 	90.23539632512949	90.42779294881075	87.54179955682743	90.13919067382812	11023	2024/04/22 
2024/04/23 	86.48360144786179	87.54179753256108	83.30900585430336	87.06079864501953	20383	2024/04/23 
2024/04/24 	87.15700031127597	88.50379871615307	86.00260587250177	88.40760040283203	8350	2024/04/24 
2024/04/25 	88.40759826977231	88.50379658077232	86.29119873046875	86.29119873046875	2468	2024/04/25 
2024/04/26 	87.92660450557776	87.92660450557776	85.13680928703687	87.83040618896484	4351	2024/04/26 
2024/04/29 	86.09880511349259	87.73419847595333	85.233005605353	85.71400451660156	17629	2024/04/29 
2024/04/30 	88.02279981008702	88.50379871615307	88.02279981008702	88.40760040283203	8423	2024/04/30 
2024/05/02 	88.88860249157013	88.88860249157013	88.79240417480469	88.79240417480469	60	2024/05/02 
2024/05/03 	88.50379871615307	88.50379871615307	86.19500249914387	88.40760040283203	2570	2024/05/03 
2024/05/06 	88.50379943847656	91.10119061664749	86.67600211261585	88.50379943847656	21973	2024/05/06 
2024/05/07 	90.42779468820274	90.71639696873667	88.98479796445481	90.33159637451172	21771	2024/05/07 
2024/05/08 	90.42779208959075	92.8327865600586	89.46579430140362	92.8327865600586	8363	2024/05/08 
2024/05/09 	92.64039294183458	95.14158580432381	91.3897928408595	92.2555923461914	27840	2024/05/09 
2024/05/10 	93.60238772639256	93.60238772639256	91.38978987777789	92.8327865600586	6820	2024/05/10 
2024/05/13 	92.83278551779158	92.83278551779158	88.02279663085938	88.02279663085938	12318	2024/05/13 
2024/05/14 	89.94679616845173	89.94679616845173	88.50379943847656	88.50379943847656	5220	2024/05/14 
2024/05/15 	89.3695955175706	89.3695955175706	86.5798004786982	87.15699768066406	17606	2024/05/15 
2024/05/16 	86.57979996477971	89.27339667724598	86.57979996477971	88.02279663085938	14370	2024/05/16 
2024/05/17 	88.88859839707776	88.88859839707776	86.57980220375222	87.34940338134766	6634	2024/05/17 
2024/05/20 	88.79240172025595	88.79240172025595	86.57980379850969	88.50379943847656	7766	2024/05/20 
2024/05/21 	88.50379943847656	88.50379943847656	86.57980379850969	88.50379943847656	4460	2024/05/21 
2024/05/22 	86.57979925009897	88.31139817088516	86.57979925009897	87.92659759521484	15216	2024/05/22 
2024/05/23 	87.63799993259929	88.50379943847656	86.96460439439524	88.50379943847656	8530	2024/05/23 
2024/05/24 	87.25319900242094	88.21519681871868	86.57980346679688	86.57980346679688	9981	2024/05/24 
2024/05/27 	87.73419735638203	87.73419735638203	86.67600123303096	87.44560241699219	11178	2024/05/27 
2024/05/28 	88.02280165586625	88.02280165586625	86.77220153808594	86.77220153808594	18781	2024/05/28 
2024/05/29 	87.73419872437186	91.3897933959961	86.77220089915086	91.3897933959961	22155	2024/05/29 
2024/05/30 	91.10119078553568	91.38979306785009	87.34940515221372	89.4657974243164	28687	2024/05/30 
2024/05/31 	89.46579798704924	92.35179147050245	88.5999984741211	88.5999984741211	28886	2024/05/31 
2024/06/03 	92.0999984741211	92.0999984741211	88.5999984741211	89.0	24707	2024/06/03 
2024/06/04 	88.0	88.0	84.19999694824219	86.69999694824219	26510	2024/06/04 
2024/06/05 	83.69999694824219	84.19999694824219	80.0	80.69999694824219	51015	2024/06/05 
2024/06/06 	82.30000305175781	82.30000305175781	77.5	77.5	20650	2024/06/06 
2024/06/07 	75.0	76.19999694824219	72.0	75.9000015258789	280511	2024/06/07 
2024/06/11 	74.0	78.0	72.30000305175781	72.30000305175781	271234	2024/06/11 
2024/06/12 	72.5	75.80000305175781	72.0	73.5999984741211	260565	2024/06/12 
2024/06/13 	72.0	76.0	72.0	75.0	261124	2024/06/13 
2024/06/14 	72.0	78.0	72.0	78.0	263396	2024/06/14 
2024/06/17 	75.0	79.0	72.5	77.5	55109	2024/06/17 
2024/06/18 	77.5	80.5999984741211	77.19999694824219	80.5999984741211	13344	2024/06/18 
2024/06/19 	81.5	82.0	79.19999694824219	81.80000305175781	25671	2024/06/19 
2024/06/20 	82.0	84.69999694824219	79.5	84.69999694824219	17121	2024/06/20 
2024/06/21 	84.69999694824219	85.0999984741211	81.0999984741211	81.5	7894	2024/06/21 
2024/06/24 	81.5	86.5999984741211	81.5	84.0	38937	2024/06/24 
2024/06/25 	85.80000305175781	85.80000305175781	83.19999694824219	83.19999694824219	16612	2024/06/25 
2024/06/26 	83.19999694824219	85.0	82.0	85.0	19710	2024/06/26 
2024/06/27 	84.5	84.5	82.69999694824219	82.69999694824219	1200	2024/06/27 
2024/06/28 	82.5999984741211	85.5	82.19999694824219	82.19999694824219	7230	2024/06/28 
2024/07/01 	84.0	84.0	84.0	84.0	1	2024/07/01 
2024/07/02 	84.0	84.0	84.0	84.0	0	2024/07/02 
2024/07/03 	81.9000015258789	82.5999984741211	81.0999984741211	81.80000305175781	12531	2024/07/03 
2024/07/04 	80.4000015258789	81.69999694824219	79.0	80.4000015258789	10502	2024/07/04 
2024/07/05 	79.0	79.5	77.0	77.0999984741211	14653	2024/07/05 
2024/07/08 	77.0999984741211	78.0	74.19999694824219	77.80000305175781	13388	2024/07/08 
2024/07/09 	74.4000015258789	78.4000015258789	74.4000015258789	74.5999984741211	4259	2024/07/09 
2024/07/10 	78.4000015258789	78.5999984741211	74.69999694824219	75.5999984741211	23574	2024/07/10 
2024/07/11 	75.80000305175781	83.0	72.4000015258789	80.0	35398	2024/07/11 
2024/07/12 	83.30000305175781	83.5	80.30000305175781	82.19999694824219	19106	2024/07/12 
2024/07/15 	81.5	86.0	81.4000015258789	83.0999984741211	37947	2024/07/15 
2024/07/16 	83.5999984741211	89.5	83.5999984741211	86.19999694824219	56673	2024/07/16 
2024/07/17 	88.4000015258789	92.0999984741211	88.0999984741211	91.30000305175781	39598	2024/07/17 
2024/07/18 	88.5999984741211	90.0	86.0	87.0	18224	2024/07/18 
2024/07/19 	89.0	92.0	88.0	91.0	30250	2024/07/19 
2024/07/22 	93.0	93.5999984741211	89.0	90.0	43136	2024/07/22 
2024/07/23 	92.5	92.5	88.5999984741211	92.5	5439	2024/07/23 
2024/07/26 	89.0	91.0	89.0	90.0	14052	2024/07/26 
2024/07/29 	89.0	89.80000305175781	85.5	86.0999984741211	18183	2024/07/29 
2024/07/30 	87.69999694824219	87.69999694824219	82.80000305175781	82.80000305175781	10727	2024/07/30 
2024/07/31 	82.9000015258789	84.4000015258789	82.80000305175781	84.4000015258789	12753	2024/07/31 
2024/08/01 	82.0	84.19999694824219	82.0	83.30000305175781	2375	2024/08/01 
2024/08/02 	82.5999984741211	83.0999984741211	82.19999694824219	83.0	7305	2024/08/02 
2024/08/05 	85.4000015258789	85.4000015258789	78.5999984741211	79.0	16370	2024/08/05 
2024/08/06 	78.4000015258789	81.4000015258789	78.4000015258789	81.30000305175781	2857	2024/08/06 
2024/08/07 	81.30000305175781	81.4000015258789	80.0	80.4000015258789	5110	2024/08/07 
2024/08/08 	78.5999984741211	79.9000015258789	78.5999984741211	79.9000015258789	3400	2024/08/08 
2024/08/09 	82.4000015258789	82.5	79.5	82.5	4696	2024/08/09 
2024/08/12 	79.5999984741211	83.30000305175781	79.5999984741211	79.5999984741211	15141	2024/08/12 
2024/08/13 	79.5999984741211	81.0	79.0999984741211	79.0999984741211	3700	2024/08/13 
2024/08/14 	79.5999984741211	81.0	79.5999984741211	80.0	2550	2024/08/14 
2024/08/15 	82.69999694824219	82.69999694824219	82.69999694824219	82.69999694824219	100	2024/08/15 
2024/08/16 	79.9000015258789	82.0	79.0	81.0	1621	2024/08/16 
2024/08/19 	81.0	81.0	81.0	81.0	0	2024/08/19 
2024/08/20 	82.4000015258789	82.4000015258789	82.30000305175781	82.30000305175781	204	2024/08/20 
2024/08/21 	79.5	82.0	79.5	82.0	1505	2024/08/21 
2024/08/22 	79.0	82.5	79.0	82.5	1010	2024/08/22 
2024/08/23 	82.30000305175781	82.30000305175781	79.0	79.0	51	2024/08/23 
2024/08/26 	79.0	79.0	79.0	79.0	0	2024/08/26 
2024/08/27 	82.4000015258789	82.4000015258789	82.30000305175781	82.30000305175781	1104	2024/08/27 
2024/08/28 	82.30000305175781	82.30000305175781	82.0	82.0	16500	2024/08/28 
2024/08/29 	82.0	82.0	82.0	82.0	0	2024/08/29 
2024/08/30 	82.4000015258789	82.5	82.0999984741211	82.0999984741211	11200	2024/08/30 
2024/09/02 	82.19999694824219	83.0	82.0999984741211	82.0999984741211	16704	2024/09/02 
2024/09/03 	85.0	85.0	81.80000305175781	81.80000305175781	150	2024/09/03 
2024/09/04 	82.0	83.0	82.0	83.0	1100	2024/09/04 
2024/09/05 	80.30000305175781	83.9000015258789	80.30000305175781	83.9000015258789	606	2024/09/05 
2024/09/06 	83.9000015258789	83.9000015258789	83.9000015258789	83.9000015258789	0	2024/09/06 
2024/09/09 	83.9000015258789	83.9000015258789	83.9000015258789	83.9000015258789	0	2024/09/09 
2024/09/10 	80.80000305175781	82.0	80.69999694824219	80.69999694824219	1130	2024/09/10 
2024/09/11 	83.5999984741211	83.80000305175781	81.30000305175781	81.5999984741211	20041	2024/09/11 
2024/09/12 	81.0999984741211	83.5999984741211	81.0999984741211	83.5999984741211	59	2024/09/12 
2024/09/13 	81.19999694824219	82.80000305175781	80.80000305175781	81.5	25000	2024/09/13 
2024/09/16 	82.5999984741211	82.5999984741211	80.30000305175781	80.30000305175781	22	2024/09/16 
2024/09/18 	80.0	82.30000305175781	80.0	82.0999984741211	6006	2024/09/18 
2024/09/19 	82.0999984741211	82.0999984741211	82.0999984741211	82.0999984741211	2	2024/09/19 
2024/09/20 	81.0	82.5	78.5999984741211	80.5999984741211	24163	2024/09/20 
2024/09/23 	78.0999984741211	81.5	78.0999984741211	78.5	9345	2024/09/23 
2024/09/24 	78.5	78.5	78.5	78.5	0	2024/09/24 
2024/09/25 	78.5999984741211	80.0	78.5999984741211	80.0	10318	2024/09/25 
2024/09/26 	80.0	80.0	80.0	80.0	0	2024/09/26 
2024/09/27 	81.9000015258789	81.9000015258789	79.0	81.0	4063	2024/09/27 
2024/09/30 	81.0	81.0	81.0	81.0	0	2024/09/30 
2024/10/01 	78.9000015258789	81.80000305175781	78.9000015258789	81.80000305175781	2435	2024/10/01 
2024/10/04 	81.69999694824219	81.69999694824219	81.69999694824219	81.69999694824219	30	2024/10/04 
2024/10/07 	79.0999984741211	81.69999694824219	79.0999984741211	81.69999694824219	5	2024/10/07 
2024/10/08 	82.0	82.0	79.19999694824219	80.5	6104	2024/10/08 
2024/10/09 	79.69999694824219	83.4000015258789	79.69999694824219	83.4000015258789	3304	2024/10/09 
2024/10/11 	79.4000015258789	82.5	79.4000015258789	82.5	1952	2024/10/11 
2024/10/14 	82.5	82.5	82.5	82.5	0	2024/10/14 
2024/10/15 	80.0	82.5	80.0	80.0	5905	2024/10/15 
2024/10/16 	80.0999984741211	83.0	80.0999984741211	80.5	2440	2024/10/16 
2024/10/17 	81.0	81.0	80.0	80.0	3225	2024/10/17 
2024/10/18 	82.5	82.5	81.0	81.0	1010	2024/10/18 
2024/10/21 	82.5	82.5	80.0	80.0	510	2024/10/21 
2024/10/22 	82.5	85.4000015258789	80.0999984741211	85.4000015258789	16270	2024/10/22 
2024/10/23 	85.30000305175781	89.4000015258789	84.5	88.4000015258789	55721	2024/10/23 
2024/10/24 	86.19999694824219	89.4000015258789	85.0999984741211	87.0	26814	2024/10/24 
2024/10/25 	87.80000305175781	87.9000015258789	85.30000305175781	86.30000305175781	26123	2024/10/25 
2024/10/28 	87.5	87.5	82.19999694824219	84.5	31195	2024/10/28 
2024/10/29 	84.9000015258789	84.9000015258789	81.0	84.0	2300	2024/10/29 
2024/10/30 	84.0	84.0	84.0	84.0	0	2024/10/30 
2024/11/01 	84.80000305175781	84.80000305175781	84.80000305175781	84.80000305175781	64	2024/11/01 
2024/11/04 	84.80000305175781	84.80000305175781	84.80000305175781	84.80000305175781	50	2024/11/04 
2024/11/05 	82.30000305175781	84.5	82.30000305175781	84.5	1260	2024/11/05 
2024/11/06 	84.5	84.80000305175781	84.0	84.80000305175781	2228	2024/11/06 
2024/11/07 	84.80000305175781	84.80000305175781	82.19999694824219	82.19999694824219	1580	2024/11/07 
2024/11/08 	82.0999984741211	83.0	82.0999984741211	82.5999984741211	10000	2024/11/08 
2024/11/11 	84.69999694824219	84.69999694824219	84.69999694824219	84.69999694824219	32	2024/11/11 
2024/11/12 	84.69999694824219	85.0	84.0	84.69999694824219	10321	2024/11/12 
2024/11/13 	84.69999694824219	84.69999694824219	84.0	84.0	2000	2024/11/13 
2024/11/14 	82.5999984741211	83.0	82.5	82.5	7000	2024/11/14 
2024/11/15 	82.9000015258789	83.0	80.0999984741211	80.0999984741211	21308	2024/11/15 
2024/11/18 	80.19999694824219	81.5999984741211	80.19999694824219	81.5999984741211	6426	2024/11/18 
2024/11/19 	80.30000305175781	82.0	80.30000305175781	82.0	7563	2024/11/19 
2024/11/20 	82.0	82.0	82.0	82.0	0	2024/11/20 
2024/11/21 	80.4000015258789	80.4000015258789	80.4000015258789	80.4000015258789	2000	2024/11/21 
2024/11/22 	80.4000015258789	81.0	80.4000015258789	81.0	3000	2024/11/22 
2024/11/25 	83.80000305175781	83.80000305175781	83.80000305175781	83.80000305175781	1030	2024/11/25 
2024/11/26 	83.80000305175781	83.80000305175781	76.0999984741211	79.5	24817	2024/11/26 
2024/11/27 	78.5	80.0	77.19999694824219	77.19999694824219	3901	2024/11/27 
2024/11/28 	79.9000015258789	79.9000015258789	79.9000015258789	79.9000015258789	1000	2024/11/28 
2024/11/29 	79.9000015258789	79.9000015258789	78.0	78.0	4030	2024/11/29 
2024/12/02 	78.0	78.0	78.0	78.0	0	2024/12/02 
2024/12/03 	78.0	78.0	78.0	78.0	0	2024/12/03 
2024/12/04 	78.19999694824219	79.0	78.19999694824219	79.0	230	2024/12/04 
2024/12/05 	80.0	81.0	78.19999694824219	79.5999984741211	8447	2024/12/05 
2024/12/06 	79.69999694824219	84.9000015258789	79.69999694824219	84.9000015258789	5250	2024/12/06 
2024/12/09 	84.9000015258789	84.9000015258789	84.9000015258789	84.9000015258789	0	2024/12/09 
2024/12/10 	85.0	85.0	85.0	85.0	1050	2024/12/10 
2024/12/11 	85.0	91.80000305175781	84.0	91.19999694824219	113095	2024/12/11 
2024/12/12 	90.5	95.19999694824219	88.0	90.0	45246	2024/12/12 
2024/12/13 	86.5	87.19999694824219	86.5	87.19999694824219	20146	2024/12/13 
2024/12/16 	86.5999984741211	86.5999984741211	84.5999984741211	85.4000015258789	10200	2024/12/16 
2024/12/17 	85.4000015258789	85.4000015258789	85.4000015258789	85.4000015258789	950	2024/12/17 
2024/12/18 	81.9000015258789	86.0	81.9000015258789	86.0	15	2024/12/18 
2024/12/19 	81.69999694824219	82.0	81.5999984741211	81.5999984741211	3112	2024/12/19 
2024/12/20 	81.5999984741211	81.5999984741211	81.5999984741211	81.5999984741211	0	2024/12/20 
2024/12/23 	81.30000305175781	82.0	80.0	80.9000015258789	9441	2024/12/23 
2024/12/24 	80.0	81.5	80.0	81.0	2250	2024/12/24 
2024/12/25 	82.30000305175781	82.5	81.5	81.9000015258789	9116	2024/12/25 
2024/12/26 	82.0	82.5	81.9000015258789	81.9000015258789	3350	2024/12/26 
2024/12/27 	81.80000305175781	82.19999694824219	81.69999694824219	82.0999984741211	13001	2024/12/27 
2024/12/30 	81.0	82.0	81.0	82.0	7700	2024/12/30 
2024/12/31 	81.5	82.0	81.0	81.0	15300	2024/12/31 
2025/01/02 	81.0	81.0	81.0	81.0	0	2025/01/02 
2025/01/03 	81.0	81.0	81.0	81.0	0	2025/01/03 
2025/01/06 	83.19999694824219	83.19999694824219	81.0	81.5	3541	2025/01/06 
2025/01/07 	82.30000305175781	82.30000305175781	81.0	81.0	4000	2025/01/07 
2025/01/08 	80.5999984741211	84.0	80.5999984741211	81.19999694824219	1353	2025/01/08 
2025/01/09 	80.5999984741211	82.0	80.5	82.0	10702	2025/01/09 
2025/01/10 	82.0	82.0	80.69999694824219	81.5	6200	2025/01/10 
2025/01/13 	83.0	94.5999984741211	83.0	86.0	111941	2025/01/13 
2025/01/14 	83.5999984741211	87.69999694824219	82.5	82.5	46547	2025/01/14 
2025/01/15 	82.0	85.19999694824219	82.0	85.19999694824219	8	2025/01/15 
2025/01/16 	85.19999694824219	86.69999694824219	82.5	85.30000305175781	15113	2025/01/16 
2025/01/17 	87.0	89.4000015258789	84.5	85.0	12035	2025/01/17 
2025/01/20 	89.4000015258789	89.4000015258789	88.80000305175781	88.80000305175781	3300	2025/01/20 
2025/01/21 	85.0999984741211	85.0999984741211	85.0999984741211	85.0999984741211	3000	2025/01/21 
2025/01/22 	89.4000015258789	91.4000015258789	87.0	90.19999694824219	42005	2025/01/22 
2025/02/03 	90.30000305175781	90.5	88.5	90.0	24324	2025/02/03 
2025/02/04 	88.69999694824219	91.5	88.69999694824219	91.5	8460	2025/02/04 
2025/02/05 	88.5	92.69999694824219	88.5	92.5	3508	2025/02/05 
2025/02/06 	90.0	92.0	90.0	91.0	9042	2025/02/06 
2025/02/07 	92.5	96.0	92.0	94.69999694824219	50312	2025/02/07 
2025/02/10 	95.0	96.5999984741211	93.5	95.5	26443	2025/02/10 
2025/02/11 	92.19999694824219	95.69999694824219	90.19999694824219	91.0	31185	2025/02/11 
2025/02/12 	90.80000305175781	91.0	87.4000015258789	89.4000015258789	19760	2025/02/12 
2025/02/13 	90.0	92.0999984741211	89.0999984741211	92.0999984741211	8452	2025/02/13 
2025/02/14 	92.5	92.5	89.0999984741211	90.0	17570	2025/02/14 
2025/02/17 	88.0	90.0	88.0	89.69999694824219	6200	2025/02/17 
2025/02/18 	88.5999984741211	90.0	88.5999984741211	89.69999694824219	4300	2025/02/18 
2025/02/19 	88.0999984741211	92.19999694824219	88.0999984741211	92.19999694824219	6	2025/02/19 
2025/02/20 	88.30000305175781	92.0999984741211	88.30000305175781	92.0999984741211	21	2025/02/20 
2025/02/21 	92.0999984741211	93.0	88.30000305175781	92.80000305175781	8126	2025/02/21 
2025/02/24 	91.0	110.5	89.0999984741211	106.5	69218	2025/02/24 
2025/02/25 	107.5	120.5	98.4000015258789	115.0	146326	2025/02/25 
2025/02/26 	115.5	115.5	102.0	109.5	94568	2025/02/26 
2025/02/27 	105.5	110.5	101.0	104.0	43331	2025/02/27 
2025/03/03 	106.5	106.5	101.5	103.0	31569	2025/03/03 
2025/03/04 	102.5	107.5	102.0	104.5	52343	2025/03/04 
2025/03/05 	105.0	110.5	101.5	104.5	30072	2025/03/05 
2025/03/06 	102.0	103.0	98.0	101.5	24850	2025/03/06 
2025/03/07 	97.5	102.0	97.5	101.5	2061	2025/03/07 
2025/03/10 	101.5	102.0	96.0	97.9000015258789	17783	2025/03/10 
2025/03/11 	97.80000305175781	97.80000305175781	90.4000015258789	94.30000305175781	26213	2025/03/11 
2025/03/12 	91.19999694824219	93.9000015258789	90.5	90.5999984741211	39566	2025/03/12 
2025/03/13 	93.5	94.0	84.19999694824219	92.5	64253	2025/03/13 
2025/03/14 	92.5	93.0	91.9000015258789	93.0	8196	2025/03/14 
2025/03/17 	93.0	94.80000305175781	92.0999984741211	94.80000305175781	6930	2025/03/17 
2025/03/18 	96.30000305175781	96.30000305175781	91.69999694824219	93.5	2162	2025/03/18 
2025/03/19 	96.30000305175781	96.30000305175781	91.69999694824219	96.0999984741211	6142	2025/03/19 
2025/03/20 	96.0	98.5	94.0	96.80000305175781	20306	2025/03/20 
2025/03/21 	100.0	100.0	94.5999984741211	95.5999984741211	11542	2025/03/21 
2025/03/24 	97.30000305175781	97.30000305175781	90.30000305175781	94.0	21425	2025/03/24 
2025/03/25 	94.30000305175781	94.5	90.0	91.80000305175781	8779	2025/03/25 
2025/03/26 	90.30000305175781	100.0	90.30000305175781	96.5	11475	2025/03/26 
2025/03/27 	95.4000015258789	99.0	95.0	99.0	4212	2025/03/27 
2025/03/28 	96.0999984741211	96.0999984741211	91.30000305175781	95.0	45678	2025/03/28 
2025/03/31 	95.0	95.0	90.0	90.5	28390	2025/03/31 
2025/04/01 	94.30000305175781	94.30000305175781	89.69999694824219	89.69999694824219	2	2025/04/01 
2025/04/02 	90.0	94.30000305175781	89.5999984741211	94.19999694824219	8579	2025/04/02 
2025/04/07 	86.0	86.0	70.0	74.80000305175781	113709	2025/04/07 
2025/04/08 	73.5	83.0	73.19999694824219	82.0	45790	2025/04/08 
2025/04/09 	83.69999694824219	83.69999694824219	72.69999694824219	76.9000015258789	25682	2025/04/09 
2025/04/10 	80.0	84.5	80.0	84.30000305175781	18597	2025/04/10 
2025/04/11 	80.69999694824219	82.0	80.30000305175781	80.30000305175781	4756	2025/04/11 
2025/04/14 	83.0	85.30000305175781	80.69999694824219	85.30000305175781	2251	2025/04/14 
2025/04/15 	85.80000305175781	86.4000015258789	81.69999694824219	86.4000015258789	1316	2025/04/15 
2025/04/16 	86.5999984741211	86.9000015258789	84.0	84.0	4327	2025/04/16 
2025/04/17 	83.0999984741211	87.0	83.0999984741211	87.0	16559	2025/04/17 
2025/04/18 	82.0	86.0999984741211	82.0	86.0999984741211	8006	2025/04/18 
2025/04/21 	82.0	86.5	82.0	86.5	10009	2025/04/21 
2025/04/22 	87.19999694824219	87.30000305175781	87.19999694824219	87.30000305175781	62	2025/04/22 
2025/04/23 	87.80000305175781	88.0	84.30000305175781	88.0	665	2025/04/23 
2025/04/24 	88.5	92.30000305175781	87.0	92.30000305175781	12141	2025/04/24 
2025/04/25 	92.5999984741211	93.0	89.0	92.0	10758	2025/04/25 
2025/04/28 	93.5999984741211	93.5999984741211	89.5999984741211	93.0	4134	2025/04/28 
2025/04/29 	92.5	94.0	88.19999694824219	94.0	12234	2025/04/29 
2025/04/30 	93.69999694824219	93.69999694824219	92.0	93.0999984741211	10025	2025/04/30 
2025/05/02 	92.0	94.0	91.5	94.0	16656	2025/05/02 
2025/05/05 	94.0	94.0	89.69999694824219	93.80000305175781	12110	2025/05/05 
2025/05/06 	93.9000015258789	93.9000015258789	89.9000015258789	93.5	12020	2025/05/06 
2025/05/07 	89.4000015258789	93.80000305175781	89.4000015258789	93.0999984741211	7679	2025/05/07 
2025/05/08 	93.9000015258789	93.9000015258789	89.4000015258789	93.5	3020	2025/05/08 
2025/05/09 	93.5	94.5	90.69999694824219	94.4000015258789	14253	2025/05/09 
2025/05/12 	90.9000015258789	94.4000015258789	90.9000015258789	91.0	10012	2025/05/12 
2025/05/13 	91.0	95.5999984741211	91.0	95.5999984741211	526	2025/05/13 
2025/05/14 	96.0	96.0	95.0	95.0	503	2025/05/14 
2025/05/15 	91.5999984741211	94.0	91.0	94.0	87936	2025/05/15 
2025/05/16 	95.69999694824219	95.69999694824219	95.0	95.0	105	2025/05/16 
2025/05/19 	91.0	95.19999694824219	91.0	95.19999694824219	2501	2025/05/19 
