Date	Open	High	Low	Close	Volume	Date
2023/05/16 	65.26252770495414	67.18201739752293	59.50407004997134	62.38330078125	328289	2023/05/16 
2023/05/17 	62.86317245190171	64.20680836698203	61.231607755778356	62.095375061035156	119903	2023/05/17 
2023/05/18 	61.42355569297627	64.01486143713089	61.42355569297627	62.28732681274414	97399	2023/05/18 
2023/05/19 	62.09537531430764	62.57524773366291	61.80745414723917	62.19135284423828	46803	2023/05/19 
2023/05/22 	61.42355545024006	62.38330028895059	61.327581727883896	62.19135284423828	112372	2023/05/22 
2023/05/23 	61.51953578999594	61.99940442369411	61.23161080220239	61.807456970214844	55900	2023/05/23 
2023/05/24 	62.28732941148767	62.57525059170656	61.23161080220239	61.807456970214844	68641	2023/05/24 
2023/05/25 	62.67122345414708	67.94980881262717	62.3833022778989	67.46994018554688	228693	2023/05/25 
2023/05/26 	67.66188555233624	68.90955155946506	66.22227210028744	68.14176177978516	244838	2023/05/26 
2023/05/29 	68.71760437755877	71.98073379913477	68.71760437755877	71.21293640136719	208574	2023/05/29 
2023/05/30 	71.78877784089629	71.78877784089629	69.10149840502703	69.3894271850586	146400	2023/05/30 
2023/05/31 	70.0612447197532	70.0612447197532	68.62163124971225	69.96527099609375	79154	2023/05/31 
2023/06/01 	68.14176485509377	68.62163348905068	67.27799369882202	67.85383605957031	82368	2023/06/01 
2023/06/02 	67.27798910227455	69.19747112210922	67.27798910227455	69.00552368164062	36921	2023/06/02 
2023/06/05 	69.58137721939123	70.829043262159	68.23773745142202	68.90955352783203	115856	2023/06/05 
2023/06/06 	69.9652695148239	69.9652695148239	68.42968235363416	69.3894271850586	51329	2023/06/06 
2023/06/07 	68.52565910958012	69.38943025762481	68.14176420607103	69.10150146484375	50336	2023/06/07 
2023/06/08 	67.94981144911372	68.04578517825361	66.31825043858613	66.99007415771484	81536	2023/06/08 
2023/06/09 	66.41422076299659	67.37396562034358	65.64643096923828	65.64643096923828	55796	2023/06/09 
2023/06/12 	66.22227478027344	66.70214341199345	64.30278502309484	66.22227478027344	47216	2023/06/12 
2023/06/13 	64.30278015136719	65.74240116775675	64.01485899414875	64.30278015136719	49869	2023/06/13 
2023/06/14 	63.055120532490754	63.9188878464689	62.95914680955701	63.822914123535156	18928	2023/06/14 
2023/06/15 	63.918885275075944	64.78265636187994	63.82291155600313	64.30278015136719	16640	2023/06/15 
2023/06/16 	63.918885275075944	66.126296044048	63.34303915306472	64.30278015136719	26312	2023/06/16 
2023/06/19 	64.30278298525087	65.0705803868196	63.34304194465172	63.918888092041016	30681	2023/06/19 
2023/06/20 	64.30278298525087	64.30278298525087	63.34304194465172	63.918888092041016	41081	2023/06/20 
2023/06/21 	63.34304428100586	64.20681163016187	63.34304428100586	63.34304428100586	21425	2023/06/21 
2023/06/26 	63.05512139130576	63.05512139130576	62.67122268676758	62.67122268676758	2080	2023/06/26 
2023/06/27 	64.30278535700424	64.30278535700424	63.34304428100586	63.34304428100586	15600	2023/06/27 
2023/06/28 	64.30278199258461	66.22227165930006	63.343040966801354	63.53499221801758	39575	2023/06/28 
2023/06/29 	65.1665565137349	66.2222751241503	63.34304428100586	63.34304428100586	5207	2023/06/29 
2023/06/30 	65.83838021678082	65.83838021678082	63.34304428100586	63.34304428100586	28085	2023/06/30 
2023/07/03 	63.055120532490754	64.30278273820385	63.055120532490754	63.822914123535156	10401	2023/07/03 
2023/07/04 	63.343046198197705	64.11083984375	62.38330509315103	64.11083984375	62660	2023/07/04 
2023/07/05 	63.34304014402238	64.68668365478516	63.34304014402238	64.68668365478516	24024	2023/07/05 
2023/07/06 	63.53499456676996	64.20681064435172	62.95914840698242	62.95914840698242	40560	2023/07/06 
2023/07/07 	62.383303205007486	63.63096926910763	62.383303205007486	63.34304428100586	17162	2023/07/07 
2023/07/10 	62.67122318090673	63.343043063464684	62.57524945590911	62.86317443847656	20800	2023/07/10 
2023/07/11 	62.38330151404486	62.86317394282395	62.38330151404486	62.67122268676758	33280	2023/07/11 
2023/07/12 	62.38330151404486	62.86317394282395	62.28732778980395	62.67122268676758	33488	2023/07/12 
2023/07/13 	62.09537766313549	62.38330264866953	61.039662869709666	61.615509033203125	29172	2023/07/13 
2023/07/14 	61.039660802034554	62.28732681274414	60.655762103518335	62.28732681274414	53520	2023/07/14 
2023/07/17 	60.463814764146356	60.84770965576172	60.463814764146356	60.84770965576172	18200	2023/07/17 
2023/07/18 	60.84770965576172	60.84770965576172	60.84770965576172	60.84770965576172	0	2023/07/18 
2023/07/19 	60.463817112687146	60.463817112687146	59.40809850458958	60.27186965942383	13210	2023/07/19 
2023/07/20 	59.504070777542786	62.5752489926006	58.16043102237523	59.696022033691406	104631	2023/07/20 
2023/07/21 	59.02420376381843	59.31212494452196	58.16043260655848	58.832252502441406	93808	2023/07/21 
2023/07/24 	58.54432911850196	58.54432911850196	57.58458427045953	57.968482971191406	34803	2023/07/24 
2023/07/25 	58.54432811404662	58.54432811404662	57.392635839185296	57.5845832824707	46987	2023/07/25 
2023/07/26 	57.58458378165586	57.77653503417969	57.392636336706516	57.77653503417969	36452	2023/07/26 
2023/07/27 	57.10471368918352	57.7765373890374	55.56912645185229	57.20069122314453	73820	2023/07/27 
2023/07/28 	57.58458378165586	57.77653503417969	56.624842749334654	57.77653503417969	31448	2023/07/28 
2023/07/31 	56.62484448070387	57.584585542370256	55.37717843523535	55.47315216064453	46633	2023/07/31 
2023/08/01 	56.62484546645679	56.62484546645679	55.18522813753375	55.85704803466797	82472	2023/08/01 
2023/08/02 	55.761070999944394	56.624842107575844	55.66509727855744	56.04899597167969	47944	2023/08/02 
2023/08/04 	56.33691752707928	57.68055725097656	56.14497008297238	57.68055725097656	57991	2023/08/04 
2023/08/07 	57.968485330907704	59.504072581195146	56.43289427304559	57.39263916015625	67028	2023/08/07 
2023/08/08 	56.72081732132419	57.10471221697252	56.336918618101315	56.62484359741211	45349	2023/08/08 
2023/08/09 	56.14497117027715	56.91276476914835	55.665098743142195	56.62484359741211	70410	2023/08/09 
2023/08/10 	55.569127100271366	56.624845717989594	55.569127100271366	55.953025817871094	10088	2023/08/10 
2023/08/11 	55.66510082777763	56.43289445540239	55.66510082777763	55.953025817871094	26213	2023/08/11 
2023/08/14 	55.85704706228125	55.85704706228125	54.70535854979651	55.47315216064453	6552	2023/08/14 
2023/08/15 	54.70535950213407	55.85704803466797	54.70535950213407	55.85704803466797	14480	2023/08/15 
2023/08/16 	55.85704803466797	55.85704803466797	55.85704803466797	55.85704803466797	1040	2023/08/16 
2023/08/17 	55.85704645698984	55.85704645698984	53.45769192503704	53.74561309814453	65088	2023/08/17 
2023/08/18 	53.93755880287438	54.70535618815098	53.07379150390625	53.07379150390625	33540	2023/08/18 
2023/08/21 	54.70535708921856	54.89730453491211	53.74561224560179	54.89730453491211	7281	2023/08/21 
2023/08/22 	54.41743172194989	54.41743172194989	52.59391957824509	53.26573944091797	41593	2023/08/22 
2023/08/23 	54.225486755371094	54.225486755371094	54.225486755371094	54.225486755371094	4160	2023/08/23 
2023/08/24 	52.593922151804954	52.78587341308594	52.114049709964476	52.78587341308594	13546	2023/08/24 
2023/08/25 	53.64964076233907	53.64964076233907	52.40197469809863	52.78587341308594	6489	2023/08/25 
2023/08/28 	53.649640262066704	53.74561398802493	52.59392166137695	52.59392166137695	13609	2023/08/28 
2023/08/29 	52.49794536873602	53.64963763907648	52.305997926204086	53.07379150390625	49260	2023/08/29 
2023/08/30 	53.74561260812107	53.74561260812107	53.16976645958177	53.55366516113281	11596	2023/08/30 
2023/08/31 	52.59391957824509	53.6496381371201	52.59391957824509	53.26573944091797	6240	2023/08/31 
2023/09/01 	52.49794585608817	53.45769069280627	52.30599841177435	53.26573944091797	33488	2023/09/01 
2023/09/04 	53.26574204735176	53.26574204735176	52.49794842495179	52.78587341308594	36665	2023/09/04 
2023/09/05 	52.78587389464023	53.45769379631591	52.78587389464023	52.977821350097656	20082	2023/09/05 
2023/09/06 	53.55366728020859	53.55366728020859	52.78587365430006	52.8818473815918	59616	2023/09/06 
2023/09/07 	52.977820866792264	52.977820866792264	52.30600097124546	52.78587341308594	31751	2023/09/07 
2023/09/08 	52.78587341308594	52.78587341308594	52.78587341308594	52.78587341308594	0	2023/09/08 
2023/09/11 	52.78587341308594	52.78587341308594	52.78587341308594	52.78587341308594	0	2023/09/11 
2023/09/12 	53.74561185927701	53.84158558143393	52.78587083013339	53.26573944091797	84895	2023/09/12 
2023/09/13 	52.97781876978117	53.45769119262695	52.30599890082689	53.45769119262695	55452	2023/09/13 
2023/09/14 	53.07379507782637	53.16976880555508	52.78587389464023	52.977821350097656	29120	2023/09/14 
2023/09/15 	53.26574253328379	53.26574253328379	52.593922631608116	52.977821350097656	25064	2023/09/15 
2023/09/18 	53.64964076233907	53.64964076233907	52.30600097124546	52.78587341308594	19772	2023/09/18 
2023/09/19 	53.16976733249806	53.16976733249806	52.401973724365234	52.401973724365234	6244	2023/09/19 
2023/09/20 	52.4019742094605	53.26574155065917	52.4019742094605	52.59392166137695	13104	2023/09/20 
2023/09/21 	53.07379150390625	53.45769019654455	52.97781778264028	53.07379150390625	7280	2023/09/21 
2023/09/22 	53.55366604035177	53.55366604035177	52.401973724365234	52.401973724365234	6884	2023/09/22 
2023/09/25 	52.114046676097715	53.64963763907648	52.114046676097715	53.07379150390625	1150	2023/09/25 
2023/09/26 	53.26573993894394	53.5536649156812	53.26573993894394	53.45769119262695	4395	2023/09/26 
2023/09/27 	54.5	55.20000076293945	53.0	54.5	30733	2023/09/27 
2023/09/28 	54.900001525878906	54.900001525878906	54.900001525878906	54.900001525878906	1000	2023/09/28 
2023/10/02 	53.599998474121094	53.599998474121094	53.599998474121094	53.599998474121094	9	2023/10/02 
2023/10/03 	55.5	56.0	55.0	55.29999923706055	68020	2023/10/03 
2023/10/04 	55.29999923706055	55.29999923706055	54.20000076293945	54.900001525878906	16772	2023/10/04 
2023/10/05 	54.0	55.0	54.0	54.5	9000	2023/10/05 
2023/10/06 	54.5	54.5	54.0	54.400001525878906	3080	2023/10/06 
2023/10/11 	53.70000076293945	54.5	52.599998474121094	52.599998474121094	11361	2023/10/11 
2023/10/12 	54.5	54.5	52.79999923706055	53.0	42600	2023/10/12 
2023/10/13 	53.29999923706055	53.29999923706055	53.0	53.0	31000	2023/10/13 
2023/10/16 	52.29999923706055	53.29999923706055	50.70000076293945	51.20000076293945	32941	2023/10/16 
2023/10/17 	53.0	53.0	53.0	53.0	10	2023/10/17 
2023/10/18 	53.0	53.0	53.0	53.0	0	2023/10/18 
2023/10/19 	53.099998474121094	53.20000076293945	53.099998474121094	53.20000076293945	4000	2023/10/19 
2023/10/20 	53.0	53.20000076293945	52.5	52.900001525878906	19000	2023/10/20 
2023/10/23 	52.099998474121094	52.5	51.400001525878906	52.099998474121094	23000	2023/10/23 
2023/10/24 	52.400001525878906	52.599998474121094	52.099998474121094	52.29999923706055	8130	2023/10/24 
2023/10/25 	50.900001525878906	52.599998474121094	50.900001525878906	52.29999923706055	16000	2023/10/25 
2023/10/26 	52.0	52.20000076293945	52.0	52.0	3000	2023/10/26 
2023/10/27 	51.0	51.79999923706055	50.79999923706055	51.5	41016	2023/10/27 
2023/10/30 	51.400001525878906	51.70000076293945	50.099998474121094	50.400001525878906	36467	2023/10/30 
2023/10/31 	49.79999923706055	50.0	48.45000076293945	49.0	20719	2023/10/31 
2023/11/01 	48.0	50.0	47.54999923706055	49.04999923706055	45375	2023/11/01 
2023/11/02 	47.849998474121094	48.0	47.599998474121094	47.70000076293945	12280	2023/11/02 
2023/11/03 	47.70000076293945	48.0	47.54999923706055	47.54999923706055	23500	2023/11/03 
2023/11/06 	47.5	47.70000076293945	47.45000076293945	47.599998474121094	31025	2023/11/06 
2023/11/07 	47.400001525878906	48.0	43.70000076293945	45.349998474121094	130470	2023/11/07 
2023/11/08 	44.04999923706055	45.0	44.0	44.29999923706055	17140	2023/11/08 
2023/11/09 	44.0	45.0	43.79999923706055	44.20000076293945	36820	2023/11/09 
2023/11/10 	43.849998474121094	45.75	43.849998474121094	45.0	17301	2023/11/10 
2023/11/13 	45.20000076293945	46.25	45.20000076293945	45.79999923706055	30300	2023/11/13 
2023/11/14 	45.099998474121094	46.25	45.099998474121094	45.95000076293945	28850	2023/11/14 
2023/11/15 	45.0	47.349998474121094	45.0	47.29999923706055	12174	2023/11/15 
2023/11/16 	46.0	47.29999923706055	46.0	46.95000076293945	56728	2023/11/16 
2023/11/17 	47.349998474121094	47.349998474121094	46.0	46.0	25114	2023/11/17 
2023/11/20 	47.349998474121094	47.349998474121094	44.650001525878906	45.599998474121094	33532	2023/11/20 
2023/11/21 	44.04999923706055	45.20000076293945	44.0	45.20000076293945	28621	2023/11/21 
2023/11/22 	44.5	46.099998474121094	44.0	44.79999923706055	54118	2023/11/22 
2023/11/23 	44.79999923706055	44.79999923706055	42.79999923706055	43.0	116488	2023/11/23 
2023/11/24 	43.150001525878906	43.150001525878906	39.70000076293945	42.04999923706055	215757	2023/11/24 
2023/11/27 	41.29999923706055	41.5	40.900001525878906	41.20000076293945	58526	2023/11/27 
2023/11/28 	42.29999923706055	46.900001525878906	42.29999923706055	46.5	131500	2023/11/28 
2023/11/29 	47.25	51.70000076293945	47.099998474121094	51.5	180652	2023/11/29 
2023/11/30 	52.29999923706055	53.0	48.349998474121094	48.79999923706055	190806	2023/11/30 
2023/12/01 	48.0	49.400001525878906	45.849998474121094	49.400001525878906	43533	2023/12/01 
2023/12/04 	49.400001525878906	50.5	48.04999923706055	50.0	81190	2023/12/04 
2023/12/05 	50.400001525878906	50.400001525878906	49.0	49.400001525878906	14000	2023/12/05 
2023/12/06 	49.0	49.95000076293945	48.79999923706055	49.95000076293945	11220	2023/12/06 
2023/12/07 	48.79999923706055	49.25	48.79999923706055	49.25	13300	2023/12/07 
2023/12/08 	48.79999923706055	48.79999923706055	48.79999923706055	48.79999923706055	1000	2023/12/08 
2023/12/11 	48.54999923706055	50.0	48.54999923706055	49.5	5400	2023/12/11 
2023/12/12 	50.5	50.5	48.79999923706055	49.29999923706055	17750	2023/12/12 
2023/12/13 	48.79999923706055	49.0	48.5	48.599998474121094	17040	2023/12/13 
2023/12/14 	48.29999923706055	49.0	47.5	48.0	12300	2023/12/14 
2023/12/15 	47.0	47.400001525878906	45.29999923706055	45.5	64949	2023/12/15 
2023/12/18 	46.0	47.29999923706055	45.599998474121094	46.0	6603	2023/12/18 
2023/12/19 	46.599998474121094	46.599998474121094	46.599998474121094	46.599998474121094	2101	2023/12/19 
2023/12/20 	46.0	46.0	46.0	46.0	1000	2023/12/20 
2023/12/21 	45.70000076293945	46.0	45.70000076293945	46.0	2500	2023/12/21 
2023/12/22 	45.400001525878906	46.099998474121094	45.400001525878906	46.099998474121094	6650	2023/12/22 
2023/12/25 	47.45000076293945	47.45000076293945	45.20000076293945	45.20000076293945	1001	2023/12/25 
2023/12/26 	47.45000076293945	47.45000076293945	47.45000076293945	47.45000076293945	1100	2023/12/26 
2023/12/27 	47.45000076293945	47.45000076293945	45.20000076293945	46.0	5767	2023/12/27 
2023/12/28 	45.650001525878906	45.650001525878906	45.599998474121094	45.599998474121094	3000	2023/12/28 
2023/12/29 	45.599998474121094	45.599998474121094	45.599998474121094	45.599998474121094	0	2023/12/29 
2024/01/02 	45.599998474121094	45.599998474121094	45.599998474121094	45.599998474121094	0	2024/01/02 
2024/01/03 	47.29999923706055	47.29999923706055	45.45000076293945	45.45000076293945	1001	2024/01/03 
2024/01/04 	45.400001525878906	47.29999923706055	45.29999923706055	47.29999923706055	5003	2024/01/04 
2024/01/05 	45.349998474121094	45.95000076293945	44.849998474121094	45.95000076293945	31000	2024/01/05 
2024/01/08 	45.95000076293945	45.95000076293945	44.04999923706055	44.349998474121094	11300	2024/01/08 
2024/01/09 	44.349998474121094	45.95000076293945	44.349998474121094	45.20000076293945	9000	2024/01/09 
2024/01/10 	45.5	45.79999923706055	45.25	45.5	6210	2024/01/10 
2024/01/11 	45.5	45.5	45.5	45.5	0	2024/01/11 
2024/01/12 	45.5	45.5	45.5	45.5	0	2024/01/12 
2024/01/15 	45.5	45.5	45.5	45.5	0	2024/01/15 
2024/01/16 	45.95000076293945	45.95000076293945	45.95000076293945	45.95000076293945	2200	2024/01/16 
2024/01/17 	45.95000076293945	45.95000076293945	45.95000076293945	45.95000076293945	1	2024/01/17 
2024/01/18 	44.04999923706055	45.0	44.0	45.0	10000	2024/01/18 
2024/01/19 	44.04999923706055	44.04999923706055	44.04999923706055	44.04999923706055	1	2024/01/19 
2024/01/22 	45.95000076293945	45.95000076293945	44.0	45.0	8432	2024/01/22 
2024/01/23 	44.0	45.25	44.0	45.0	9000	2024/01/23 
2024/01/24 	45.0	45.0	45.0	45.0	900	2024/01/24 
2024/01/25 	45.20000076293945	45.20000076293945	42.95000076293945	43.099998474121094	119500	2024/01/25 
2024/01/26 	43.849998474121094	43.849998474121094	40.70000076293945	40.849998474121094	140356	2024/01/26 
2024/01/29 	41.0	42.79999923706055	38.54999923706055	42.0	80560	2024/01/29 
2024/01/30 	41.849998474121094	42.20000076293945	41.20000076293945	42.20000076293945	52240	2024/01/30 
2024/01/31 	42.29999923706055	42.29999923706055	42.0	42.0	8586	2024/01/31 
2024/02/01 	41.70000076293945	41.79999923706055	41.099998474121094	41.75	11140	2024/02/01 
2024/02/02 	41.04999923706055	41.5	41.04999923706055	41.5	4000	2024/02/02 
2024/02/05 	41.0	42.0	41.0	41.04999923706055	9140	2024/02/05 
2024/02/15 	42.29999923706055	44.75	42.20000076293945	44.099998474121094	31101	2024/02/15 
2024/02/16 	45.54999923706055	46.0	45.0	45.20000076293945	64404	2024/02/16 
2024/02/19 	45.20000076293945	45.5	44.400001525878906	44.79999923706055	39000	2024/02/19 
2024/02/20 	44.0	44.5	42.75	43.29999923706055	20130	2024/02/20 
2024/02/21 	43.349998474121094	43.5	41.400001525878906	41.400001525878906	165101	2024/02/21 
2024/02/22 	42.0	42.54999923706055	41.29999923706055	42.54999923706055	3602	2024/02/22 
2024/02/23 	42.0	42.599998474121094	41.75	42.45000076293945	20002	2024/02/23 
2024/02/26 	42.0	42.0	41.5	41.79999923706055	22370	2024/02/26 
2024/02/27 	41.400001525878906	42.0	41.400001525878906	42.0	2000	2024/02/27 
2024/02/29 	42.650001525878906	47.29999923706055	42.650001525878906	44.79999923706055	120565	2024/02/29 
2024/03/01 	46.5	47.0	42.650001525878906	44.0	50230	2024/03/01 
2024/03/04 	43.0	44.45000076293945	42.849998474121094	44.25	16943	2024/03/04 
2024/03/05 	44.20000076293945	44.70000076293945	43.150001525878906	43.150001525878906	27183	2024/03/05 
2024/03/06 	42.5	43.95000076293945	42.5	43.95000076293945	81	2024/03/06 
2024/03/07 	42.5	45.79999923706055	42.5	45.29999923706055	137795	2024/03/07 
2024/03/08 	45.849998474121094	47.79999923706055	45.70000076293945	46.849998474121094	301673	2024/03/08 
2024/03/11 	47.54999923706055	47.54999923706055	45.0	46.25	134554	2024/03/11 
2024/03/12 	46.25	46.25	43.79999923706055	44.79999923706055	59388	2024/03/12 
2024/03/13 	45.150001525878906	45.20000076293945	44.0	44.20000076293945	56685	2024/03/13 
2024/03/14 	44.599998474121094	45.150001525878906	43.79999923706055	44.150001525878906	28004	2024/03/14 
2024/03/15 	45.0	45.099998474121094	42.0	42.0	59342	2024/03/15 
2024/03/18 	42.849998474121094	42.900001525878906	41.099998474121094	41.849998474121094	322174	2024/03/18 
2024/03/19 	42.099998474121094	42.150001525878906	41.400001525878906	41.650001525878906	37159	2024/03/19 
2024/03/20 	41.79999923706055	43.150001525878906	41.150001525878906	41.29999923706055	199203	2024/03/20 
2024/03/21 	41.70000076293945	42.099998474121094	39.650001525878906	40.349998474121094	113749	2024/03/21 
2024/03/22 	41.349998474121094	42.150001525878906	41.0	41.099998474121094	35500	2024/03/22 
2024/03/25 	41.099998474121094	41.099998474121094	41.099998474121094	41.099998474121094	0	2024/03/25 
2024/03/26 	41.099998474121094	41.099998474121094	41.099998474121094	41.099998474121094	0	2024/03/26 
2024/03/27 	42.0	42.0	42.0	42.0	1000	2024/03/27 
2024/03/28 	41.04999923706055	42.25	41.0	42.25	47091	2024/03/28 
2024/03/29 	42.25	42.25	42.0	42.0	7100	2024/03/29 
2024/04/01 	42.29999923706055	42.29999923706055	41.79999923706055	42.0	11440	2024/04/01 
2024/04/02 	41.849998474121094	42.45000076293945	41.849998474121094	42.45000076293945	16500	2024/04/02 
2024/04/03 	44.0	44.0	42.0	43.849998474121094	28151	2024/04/03 
2024/04/08 	41.79999923706055	42.150001525878906	41.400001525878906	42.0	72930	2024/04/08 
2024/04/09 	42.0	42.150001525878906	41.400001525878906	41.599998474121094	17060	2024/04/09 
2024/04/10 	41.599998474121094	42.0	40.099998474121094	42.0	16010	2024/04/10 
2024/04/11 	41.599998474121094	42.0	41.0	41.5	37719	2024/04/11 
2024/04/12 	41.0	43.0	41.0	42.349998474121094	130211	2024/04/12 
2024/04/15 	42.349998474121094	42.95000076293945	42.0	42.599998474121094	23089	2024/04/15 
2024/04/16 	42.95000076293945	42.95000076293945	41.349998474121094	41.650001525878906	15001	2024/04/16 
2024/04/17 	42.04999923706055	42.29999923706055	41.599998474121094	42.25	20290	2024/04/17 
2024/04/18 	41.5	43.099998474121094	41.5	43.099998474121094	12001	2024/04/18 
2024/04/19 	41.0	41.599998474121094	41.0	41.5	5000	2024/04/19 
2024/04/22 	42.0	42.0	40.599998474121094	40.95000076293945	8001	2024/04/22 
2024/04/23 	41.849998474121094	42.04999923706055	41.5	41.5	14041	2024/04/23 
2024/04/24 	40.099998474121094	42.099998474121094	40.099998474121094	42.099998474121094	1001	2024/04/24 
2024/04/25 	42.150001525878906	42.20000076293945	41.79999923706055	41.79999923706055	13051	2024/04/25 
2024/04/26 	42.29999923706055	42.650001525878906	41.650001525878906	42.099998474121094	47033	2024/04/26 
2024/04/29 	42.45000076293945	44.45000076293945	42.45000076293945	43.5	128745	2024/04/29 
2024/04/30 	42.29999923706055	42.599998474121094	40.650001525878906	41.400001525878906	69193	2024/04/30 
2024/05/02 	40.79999923706055	42.75	40.79999923706055	42.29999923706055	6010	2024/05/02 
2024/05/03 	42.04999923706055	42.650001525878906	41.650001525878906	41.650001525878906	9110	2024/05/03 
2024/05/06 	42.75	42.75	42.75	42.75	2001	2024/05/06 
2024/05/07 	42.79999923706055	42.79999923706055	42.79999923706055	42.79999923706055	1002	2024/05/07 
2024/05/08 	42.79999923706055	42.79999923706055	42.79999923706055	42.79999923706055	0	2024/05/08 
2024/05/09 	42.95000076293945	43.29999923706055	42.79999923706055	42.79999923706055	28425	2024/05/09 
2024/05/10 	42.04999923706055	43.5	42.04999923706055	43.5	4702	2024/05/10 
2024/05/13 	43.45000076293945	43.45000076293945	41.79999923706055	42.79999923706055	4207	2024/05/13 
2024/05/14 	42.75	42.75	40.849998474121094	41.400001525878906	80201	2024/05/14 
2024/05/15 	43.099998474121094	43.099998474121094	43.099998474121094	43.099998474121094	1	2024/05/15 
2024/05/16 	43.099998474121094	43.099998474121094	43.099998474121094	43.099998474121094	0	2024/05/16 
2024/05/17 	41.5	42.29999923706055	41.349998474121094	42.0	8259	2024/05/17 
2024/05/20 	42.70000076293945	42.70000076293945	42.70000076293945	42.70000076293945	1	2024/05/20 
2024/05/21 	42.75	42.75	41.5	41.70000076293945	47546	2024/05/21 
2024/05/22 	41.349998474121094	41.5	41.20000076293945	41.20000076293945	227000	2024/05/22 
2024/05/23 	42.0	42.45000076293945	40.79999923706055	41.0	70760	2024/05/23 
2024/05/24 	41.150001525878906	41.150001525878906	40.70000076293945	40.75	5354	2024/05/24 
2024/05/27 	41.20000076293945	42.400001525878906	41.20000076293945	42.349998474121094	1106	2024/05/27 
2024/05/28 	42.29999923706055	42.29999923706055	40.400001525878906	42.0	4403	2024/05/28 
2024/05/29 	42.29999923706055	42.29999923706055	42.29999923706055	42.29999923706055	1	2024/05/29 
2024/05/30 	42.29999923706055	42.29999923706055	40.349998474121094	41.0	4018	2024/05/30 
2024/05/31 	42.29999923706055	42.29999923706055	42.29999923706055	42.29999923706055	1	2024/05/31 
2024/06/03 	40.400001525878906	41.95000076293945	40.29999923706055	41.0	33004	2024/06/03 
2024/06/04 	42.0	42.349998474121094	41.0	42.349998474121094	17146	2024/06/04 
2024/06/05 	41.5	42.349998474121094	41.04999923706055	42.349998474121094	4002	2024/06/05 
2024/06/06 	41.5	42.349998474121094	41.5	42.349998474121094	3043	2024/06/06 
2024/06/07 	41.70000076293945	42.0	40.0	41.54999923706055	30003	2024/06/07 
2024/06/11 	42.0	42.0	41.5	41.5	39562	2024/06/11 
2024/06/12 	41.5	41.79999923706055	40.04999923706055	41.0	14003	2024/06/12 
2024/06/13 	41.20000076293945	41.20000076293945	41.20000076293945	41.20000076293945	1	2024/06/13 
2024/06/14 	41.95000076293945	41.95000076293945	41.95000076293945	41.95000076293945	1	2024/06/14 
2024/06/17 	40.0	41.79999923706055	40.0	41.79999923706055	7001	2024/06/17 
2024/06/18 	42.0	42.0	40.04999923706055	40.5	8351	2024/06/18 
2024/06/19 	41.5	41.5	39.900001525878906	41.0	6759	2024/06/19 
2024/06/20 	41.0	41.0	40.0	40.95000076293945	14214	2024/06/20 
2024/06/21 	41.20000076293945	41.20000076293945	40.20000076293945	40.79999923706055	21306	2024/06/21 
2024/06/24 	41.95000076293945	41.95000076293945	40.0	41.04999923706055	8112	2024/06/24 
2024/06/25 	41.95000076293945	41.95000076293945	41.5	41.5	51	2024/06/25 
2024/06/26 	40.20000076293945	41.45000076293945	40.20000076293945	41.45000076293945	8002	2024/06/26 
2024/06/27 	41.20000076293945	41.20000076293945	41.20000076293945	41.20000076293945	1	2024/06/27 
2024/06/28 	41.0	41.29999923706055	40.04999923706055	41.20000076293945	10502	2024/06/28 
2024/07/01 	41.20000076293945	41.5	41.20000076293945	41.29999923706055	2051	2024/07/01 
2024/07/02 	41.95000076293945	41.95000076293945	40.0	41.5	7403	2024/07/02 
2024/07/03 	41.5	41.5	39.79999923706055	41.0	32104	2024/07/03 
2024/07/04 	41.0	41.150001525878906	39.79999923706055	40.0	47665	2024/07/04 
2024/07/05 	40.20000076293945	41.0	40.20000076293945	41.0	6002	2024/07/05 
2024/07/08 	42.0	42.0	40.20000076293945	41.25	6006	2024/07/08 
2024/07/09 	40.5	41.0	39.5	39.5	38058	2024/07/09 
2024/07/10 	40.5	40.5	38.849998474121094	40.45000076293945	5103	2024/07/10 
2024/07/11 	40.45000076293945	41.20000076293945	40.0	41.20000076293945	7057	2024/07/11 
2024/07/12 	41.150001525878906	41.150001525878906	41.150001525878906	41.150001525878906	6	2024/07/12 
2024/07/15 	41.150001525878906	41.150001525878906	41.150001525878906	41.150001525878906	0	2024/07/15 
2024/07/16 	39.849998474121094	41.150001525878906	39.70000076293945	41.150001525878906	10088	2024/07/16 
2024/07/17 	39.70000076293945	41.150001525878906	39.54999923706055	41.150001525878906	32579	2024/07/17 
2024/07/18 	41.150001525878906	41.150001525878906	39.400001525878906	40.25	5059	2024/07/18 
2024/07/19 	40.25	40.25	39.54999923706055	40.0	9258	2024/07/19 
2024/07/22 	41.0	41.04999923706055	39.29999923706055	41.0	15004	2024/07/22 
2024/07/23 	41.0	41.0	41.0	41.0	1	2024/07/23 
2024/07/26 	41.04999923706055	41.04999923706055	41.04999923706055	41.04999923706055	1010	2024/07/26 
2024/07/29 	41.04999923706055	41.04999923706055	41.04999923706055	41.04999923706055	47	2024/07/29 
2024/07/30 	41.04999923706055	41.04999923706055	41.04999923706055	41.04999923706055	1	2024/07/30 
2024/07/31 	41.04999923706055	41.04999923706055	41.04999923706055	41.04999923706055	0	2024/07/31 
2024/08/01 	41.04999923706055	41.04999923706055	41.04999923706055	41.04999923706055	0	2024/08/01 
2024/08/02 	39.70000076293945	41.0	39.099998474121094	40.0	16003	2024/08/02 
2024/08/05 	40.5	40.5	37.29999923706055	37.349998474121094	25455	2024/08/05 
2024/08/06 	38.0	38.0	37.0	37.650001525878906	53281	2024/08/06 
2024/08/07 	38.150001525878906	38.150001525878906	37.650001525878906	38.0	15100	2024/08/07 
2024/08/08 	37.70000076293945	38.150001525878906	37.70000076293945	38.150001525878906	9001	2024/08/08 
2024/08/09 	38.20000076293945	38.5	37.599998474121094	38.45000076293945	3103	2024/08/09 
2024/08/12 	37.599998474121094	38.150001525878906	37.29999923706055	38.0	15061	2024/08/12 
2024/08/13 	38.400001525878906	38.400001525878906	38.400001525878906	38.400001525878906	1	2024/08/13 
2024/08/14 	38.400001525878906	38.400001525878906	37.70000076293945	38.29999923706055	6002	2024/08/14 
2024/08/15 	38.20000076293945	38.20000076293945	38.20000076293945	38.20000076293945	1	2024/08/15 
2024/08/16 	37.20000076293945	38.29999923706055	37.20000076293945	38.150001525878906	9056	2024/08/16 
2024/08/19 	38.29999923706055	38.29999923706055	38.29999923706055	38.29999923706055	101	2024/08/19 
2024/08/20 	37.599998474121094	38.29999923706055	37.599998474121094	38.29999923706055	4	2024/08/20 
2024/08/21 	37.599998474121094	38.0	36.099998474121094	38.0	3313	2024/08/21 
2024/08/22 	38.0	38.0	36.29999923706055	37.75	3239	2024/08/22 
2024/08/23 	37.0	37.75	37.0	37.75	2246	2024/08/23 
2024/08/26 	37.29999923706055	38.0	37.099998474121094	37.650001525878906	12020	2024/08/26 
2024/08/27 	37.75	37.75	36.849998474121094	36.849998474121094	14074	2024/08/27 
2024/08/28 	37.95000076293945	37.95000076293945	36.849998474121094	37.95000076293945	13028	2024/08/28 
2024/08/29 	38.0	38.650001525878906	36.79999923706055	38.0	12018	2024/08/29 
2024/08/30 	38.650001525878906	38.79999923706055	37.5	38.0	5067	2024/08/30 
2024/09/02 	38.75	38.75	37.5	37.5	3067	2024/09/02 
2024/09/03 	38.20000076293945	38.70000076293945	37.79999923706055	38.70000076293945	44002	2024/09/03 
2024/09/04 	37.900001525878906	38.70000076293945	37.599998474121094	38.70000076293945	8025	2024/09/04 
2024/09/05 	38.5	38.5	37.599998474121094	38.0	28631	2024/09/05 
2024/09/06 	38.45000076293945	38.45000076293945	37.5	38.150001525878906	8122	2024/09/06 
2024/09/09 	38.099998474121094	38.099998474121094	37.5	38.099998474121094	3	2024/09/09 
2024/09/10 	38.099998474121094	38.099998474121094	38.099998474121094	38.099998474121094	1	2024/09/10 
2024/09/11 	37.20000076293945	38.0	37.0	37.95000076293945	16039	2024/09/11 
2024/09/12 	37.95000076293945	38.0	36.099998474121094	38.0	26049	2024/09/12 
2024/09/13 	37.650001525878906	38.150001525878906	37.650001525878906	38.150001525878906	3013	2024/09/13 
2024/09/16 	38.150001525878906	38.150001525878906	36.349998474121094	37.849998474121094	6107	2024/09/16 
2024/09/18 	37.650001525878906	38.0	36.599998474121094	36.599998474121094	3002	2024/09/18 
2024/09/19 	38.0	38.0	36.29999923706055	38.0	3	2024/09/19 
2024/09/20 	38.0	38.0	37.0	37.400001525878906	5001	2024/09/20 
2024/09/23 	38.0	38.0	37.0	37.5	4040	2024/09/23 
2024/09/24 	38.0	38.0	37.0	38.0	6002	2024/09/24 
2024/09/25 	38.0	38.0	38.0	38.0	1	2024/09/25 
2024/09/26 	37.5	37.79999923706055	37.0	37.79999923706055	2001	2024/09/26 
2024/09/27 	38.0	38.0	36.79999923706055	38.0	5242	2024/09/27 
2024/09/30 	38.0	38.0	38.0	38.0	1	2024/09/30 
2024/10/01 	37.20000076293945	38.0	37.20000076293945	38.0	4001	2024/10/01 
2024/10/04 	38.0	38.0	37.599998474121094	37.650001525878906	6102	2024/10/04 
2024/10/07 	37.650001525878906	38.0	37.650001525878906	37.79999923706055	2002	2024/10/07 
2024/10/08 	37.400001525878906	38.0	37.20000076293945	38.0	2037	2024/10/08 
2024/10/09 	38.0	38.0	38.0	38.0	1001	2024/10/09 
2024/10/11 	36.79999923706055	37.95000076293945	36.79999923706055	37.95000076293945	2101	2024/10/11 
2024/10/14 	36.79999923706055	38.0	36.79999923706055	38.0	41	2024/10/14 
2024/10/15 	38.0	38.0	37.5	37.5	8001	2024/10/15 
2024/10/16 	38.0	38.0	38.0	38.0	1	2024/10/16 
2024/10/17 	36.650001525878906	38.0	36.650001525878906	38.0	101	2024/10/17 
2024/10/18 	38.0	38.0	37.599998474121094	37.95000076293945	4202	2024/10/18 
2024/10/21 	38.0	38.0	37.79999923706055	37.79999923706055	3001	2024/10/21 
2024/10/22 	37.79999923706055	37.79999923706055	37.400001525878906	37.79999923706055	14003	2024/10/22 
2024/10/23 	37.349998474121094	37.900001525878906	37.349998474121094	37.900001525878906	11002	2024/10/23 
2024/10/24 	37.900001525878906	38.25	37.70000076293945	38.0	91711	2024/10/24 
2024/10/25 	38.25	38.5	37.849998474121094	38.29999923706055	38065	2024/10/25 
2024/10/28 	38.29999923706055	39.5	38.0	38.650001525878906	53674	2024/10/28 
2024/10/29 	37.70000076293945	38.45000076293945	37.0	38.29999923706055	16114	2024/10/29 
2024/10/30 	38.150001525878906	38.150001525878906	37.650001525878906	38.04999923706055	13002	2024/10/30 
2024/11/01 	38.099998474121094	38.150001525878906	37.5	38.0	13003	2024/11/01 
2024/11/04 	38.150001525878906	38.29999923706055	38.0	38.0	17121	2024/11/04 
2024/11/05 	38.150001525878906	38.20000076293945	37.0	38.20000076293945	12202	2024/11/05 
2024/11/06 	38.150001525878906	38.150001525878906	37.29999923706055	38.0	14065	2024/11/06 
2024/11/07 	38.150001525878906	38.150001525878906	38.0	38.0	3002	2024/11/07 
2024/11/08 	38.20000076293945	38.20000076293945	37.25	38.0	2004	2024/11/08 
2024/11/11 	38.0	38.25	38.0	38.25	3214	2024/11/11 
2024/11/12 	38.0	38.20000076293945	37.04999923706055	38.20000076293945	15028	2024/11/12 
2024/11/13 	38.20000076293945	38.20000076293945	38.20000076293945	38.20000076293945	1	2024/11/13 
2024/11/14 	38.20000076293945	38.20000076293945	38.20000076293945	38.20000076293945	0	2024/11/14 
2024/11/15 	37.0	38.0	36.79999923706055	36.79999923706055	2006	2024/11/15 
2024/11/18 	38.0	38.0	36.79999923706055	38.0	25149	2024/11/18 
2024/11/19 	38.29999923706055	38.5	36.5	38.0	32156	2024/11/19 
2024/11/20 	38.0	38.0	38.0	38.0	0	2024/11/20 
2024/11/21 	37.75	37.75	37.75	37.75	2001	2024/11/21 
2024/11/22 	38.0	38.0	38.0	38.0	1	2024/11/22 
2024/11/25 	38.0	38.099998474121094	36.29999923706055	38.0	6002	2024/11/25 
2024/11/26 	38.0	38.099998474121094	36.29999923706055	38.0	15022	2024/11/26 
2024/11/27 	38.099998474121094	38.099998474121094	36.79999923706055	37.79999923706055	10405	2024/11/27 
2024/11/28 	37.79999923706055	38.0	36.25	38.0	4604	2024/11/28 
2024/11/29 	38.099998474121094	38.150001525878906	37.70000076293945	38.0	10101	2024/11/29 
2024/12/02 	38.150001525878906	38.150001525878906	38.150001525878906	38.150001525878906	1	2024/12/02 
2024/12/03 	38.150001525878906	38.150001525878906	38.150001525878906	38.150001525878906	0	2024/12/03 
2024/12/04 	38.150001525878906	38.150001525878906	38.150001525878906	38.150001525878906	0	2024/12/04 
2024/12/05 	38.099998474121094	38.25	37.900001525878906	38.25	16701	2024/12/05 
2024/12/06 	38.20000076293945	39.0	37.04999923706055	37.95000076293945	21076	2024/12/06 
2024/12/09 	38.0	38.0	38.0	38.0	1000	2024/12/09 
2024/12/10 	36.5	38.0	36.5	37.95000076293945	6002	2024/12/10 
2024/12/11 	38.0	38.0	36.099998474121094	37.0	19105	2024/12/11 
2024/12/12 	37.5	37.79999923706055	37.5	37.79999923706055	3125	2024/12/12 
2024/12/13 	36.79999923706055	37.099998474121094	36.099998474121094	36.349998474121094	13001	2024/12/13 
2024/12/16 	37.0	37.0	35.150001525878906	36.0	16101	2024/12/16 
2024/12/17 	34.20000076293945	34.849998474121094	32.79999923706055	33.70000076293945	36404	2024/12/17 
2024/12/18 	33.29999923706055	33.599998474121094	31.350000381469727	31.950000762939453	36770	2024/12/18 
2024/12/19 	31.950000762939453	34.099998474121094	30.399999618530273	31.049999237060547	63614	2024/12/19 
2024/12/20 	31.200000762939453	31.5	28.200000762939453	28.25	45718	2024/12/20 
2024/12/23 	29.450000762939453	29.649999618530273	28.200000762939453	28.600000381469727	24951	2024/12/23 
2024/12/24 	29.649999618530273	32.95000076293945	29.649999618530273	31.5	62044	2024/12/24 
2024/12/25 	30.899999618530273	31.5	30.399999618530273	30.399999618530273	3002	2024/12/25 
2024/12/26 	28.0	28.899999618530273	27.350000381469727	28.75	27759	2024/12/26 
2024/12/27 	28.5	29.450000762939453	28.5	28.5	7003	2024/12/27 
2024/12/30 	28.5	28.5	28.5	28.5	100	2024/12/30 
2024/12/31 	28.399999618530273	28.5	28.25	28.399999618530273	8002	2024/12/31 
2025/01/02 	29.399999618530273	29.399999618530273	28.200000762939453	28.200000762939453	6701	2025/01/02 
2025/01/03 	28.0	28.0	28.0	28.0	112	2025/01/03 
2025/01/06 	29.399999618530273	29.399999618530273	27.950000762939453	28.200000762939453	13803	2025/01/06 
2025/01/07 	28.200000762939453	29.450000762939453	28.0	28.5	43604	2025/01/07 
2025/01/08 	27.25	28.600000381469727	27.25	27.25	22503	2025/01/08 
2025/01/09 	28.299999237060547	28.299999237060547	27.200000762939453	27.350000381469727	10817	2025/01/09 
2025/01/10 	27.350000381469727	27.899999618530273	27.0	27.0	33104	2025/01/10 
2025/01/13 	26.799999237060547	26.899999618530273	26.350000381469727	26.399999618530273	40317	2025/01/13 
2025/01/14 	26.899999618530273	27.700000762939453	26.799999237060547	27.700000762939453	4001	2025/01/14 
2025/01/15 	27.799999237060547	28.399999618530273	27.799999237060547	28.0	17301	2025/01/15 
2025/01/16 	29.149999618530273	29.149999618530273	27.850000381469727	27.850000381469727	19501	2025/01/16 
2025/01/17 	29.100000381469727	29.100000381469727	27.850000381469727	28.399999618530273	25001	2025/01/17 
2025/01/20 	27.799999237060547	29.0	27.200000762939453	27.25	59001	2025/01/20 
2025/01/21 	28.399999618530273	28.399999618530273	27.0	27.600000381469727	16401	2025/01/21 
2025/01/22 	28.0	28.0	27.200000762939453	27.200000762939453	1001	2025/01/22 
2025/02/03 	28.100000381469727	28.100000381469727	28.0	28.0	5000	2025/02/03 
2025/02/04 	29.049999237060547	29.049999237060547	28.200000762939453	28.649999618530273	5001	2025/02/04 
2025/02/05 	29.100000381469727	29.600000381469727	28.049999237060547	29.5	33303	2025/02/05 
2025/02/06 	29.5	29.5	28.25	28.25	5001	2025/02/06 
2025/02/07 	29.5	29.5	28.149999618530273	28.25	7302	2025/02/07 
2025/02/10 	29.450000762939453	29.450000762939453	28.350000381469727	28.5	5902	2025/02/10 
2025/02/11 	29.5	29.5	28.299999237060547	28.350000381469727	2501	2025/02/11 
2025/02/12 	28.049999237060547	28.049999237060547	28.049999237060547	28.049999237060547	96	2025/02/12 
2025/02/13 	29.399999618530273	29.399999618530273	29.399999618530273	29.399999618530273	1	2025/02/13 
2025/02/14 	29.399999618530273	29.399999618530273	29.0	29.0	3400	2025/02/14 
2025/02/17 	29.450000762939453	29.950000762939453	29.049999237060547	29.049999237060547	11004	2025/02/17 
2025/02/18 	29.950000762939453	29.950000762939453	28.549999237060547	28.549999237060547	27115	2025/02/18 
2025/02/19 	28.700000762939453	29.899999618530273	28.700000762939453	28.700000762939453	9841	2025/02/19 
2025/02/20 	29.899999618530273	29.899999618530273	28.399999618530273	29.799999237060547	22001	2025/02/20 
2025/02/21 	29.799999237060547	29.799999237060547	28.450000762939453	29.799999237060547	8449	2025/02/21 
2025/02/24 	29.850000381469727	29.850000381469727	28.5	29.850000381469727	8002	2025/02/24 
2025/02/25 	29.850000381469727	29.850000381469727	29.0	29.5	5601	2025/02/25 
2025/02/26 	29.799999237060547	29.799999237060547	29.049999237060547	29.049999237060547	3201	2025/02/26 
2025/02/27 	29.850000381469727	29.850000381469727	29.850000381469727	29.850000381469727	1001	2025/02/27 
2025/03/03 	29.850000381469727	29.850000381469727	28.549999237060547	29.850000381469727	292	2025/03/03 
2025/03/04 	28.549999237060547	29.850000381469727	28.399999618530273	29.0	10965	2025/03/04 
2025/03/05 	29.0	29.0	28.100000381469727	29.0	2298	2025/03/05 
2025/03/06 	29.0	29.0	29.0	29.0	152	2025/03/06 
2025/03/07 	29.0	29.0	28.899999618530273	28.899999618530273	1100	2025/03/07 
2025/03/10 	29.0	29.0	29.0	29.0	1	2025/03/10 
2025/03/11 	29.399999618530273	29.450000762939453	27.549999237060547	28.200000762939453	47551	2025/03/11 
2025/03/12 	28.950000762939453	28.950000762939453	28.950000762939453	28.950000762939453	3000	2025/03/12 
2025/03/13 	28.799999237060547	28.799999237060547	28.799999237060547	28.799999237060547	3000	2025/03/13 
2025/03/14 	27.600000381469727	28.399999618530273	27.549999237060547	28.200000762939453	18947	2025/03/14 
2025/03/17 	28.200000762939453	28.200000762939453	28.200000762939453	28.200000762939453	0	2025/03/17 
2025/03/18 	27.799999237060547	29.0	27.799999237060547	29.0	1001	2025/03/18 
2025/03/19 	29.0	29.0	27.799999237060547	28.049999237060547	10000	2025/03/19 
2025/03/20 	27.850000381469727	27.850000381469727	27.850000381469727	27.850000381469727	500	2025/03/20 
2025/03/21 	27.799999237060547	28.950000762939453	27.799999237060547	28.5	8000	2025/03/21 
2025/03/24 	27.75	27.850000381469727	27.75	27.850000381469727	2004	2025/03/24 
2025/03/25 	27.850000381469727	29.0	27.850000381469727	27.899999618530273	3300	2025/03/25 
2025/03/26 	29.0	29.0	28.200000762939453	28.5	16000	2025/03/26 
2025/03/27 	28.399999618530273	28.5	28.399999618530273	28.5	4000	2025/03/27 
2025/03/28 	28.399999618530273	28.649999618530273	28.149999618530273	28.149999618530273	18100	2025/03/28 
2025/03/31 	28.149999618530273	28.149999618530273	28.149999618530273	28.149999618530273	0	2025/03/31 
2025/04/01 	27.799999237060547	28.899999618530273	27.799999237060547	28.899999618530273	457	2025/04/01 
2025/04/02 	27.799999237060547	28.850000381469727	27.799999237060547	28.850000381469727	2	2025/04/02 
2025/04/07 	27.600000381469727	27.600000381469727	25.850000381469727	26.75	34300	2025/04/07 
2025/04/08 	25.850000381469727	26.100000381469727	25.350000381469727	25.350000381469727	28100	2025/04/08 
2025/04/09 	24.700000762939453	24.700000762939453	23.0	23.0	37000	2025/04/09 
2025/04/10 	23.5	25.399999618530273	23.5	25.399999618530273	26982	2025/04/10 
2025/04/11 	25.200000762939453	25.399999618530273	24.0	24.0	19034	2025/04/11 
2025/04/14 	24.450000762939453	24.450000762939453	23.799999237060547	24.450000762939453	12000	2025/04/14 
2025/04/15 	24.450000762939453	24.5	24.450000762939453	24.5	8100	2025/04/15 
2025/04/16 	24.5	24.5	24.5	24.5	0	2025/04/16 
2025/04/17 	25.299999237060547	25.299999237060547	25.299999237060547	25.299999237060547	1	2025/04/17 
2025/04/18 	24.049999237060547	24.049999237060547	24.049999237060547	24.049999237060547	1000	2025/04/18 
2025/04/21 	25.149999618530273	25.149999618530273	24.049999237060547	25.049999237060547	8	2025/04/21 
2025/04/22 	24.0	24.450000762939453	23.950000762939453	24.450000762939453	4002	2025/04/22 
2025/04/23 	24.450000762939453	25.0	24.450000762939453	25.0	6001	2025/04/23 
2025/04/24 	25.049999237060547	25.049999237060547	23.850000381469727	23.850000381469727	7003	2025/04/24 
2025/04/25 	25.049999237060547	25.100000381469727	25.049999237060547	25.100000381469727	3001	2025/04/25 
2025/04/28 	25.149999618530273	25.149999618530273	25.149999618530273	25.149999618530273	1001	2025/04/28 
2025/04/29 	25.200000762939453	25.299999237060547	25.0	25.299999237060547	11302	2025/04/29 
2025/04/30 	25.350000381469727	25.399999618530273	24.149999618530273	25.399999618530273	4203	2025/04/30 
2025/05/02 	25.399999618530273	25.399999618530273	25.399999618530273	25.399999618530273	1	2025/05/02 
2025/05/05 	25.399999618530273	25.399999618530273	24.149999618530273	24.25	10002	2025/05/05 
2025/05/06 	24.25	24.799999237060547	24.0	24.799999237060547	14437	2025/05/06 
2025/05/07 	24.799999237060547	24.799999237060547	24.0	24.5	9003	2025/05/07 
2025/05/08 	24.5	24.5	24.5	24.5	1	2025/05/08 
2025/05/09 	24.700000762939453	24.700000762939453	24.700000762939453	24.700000762939453	1	2025/05/09 
2025/05/12 	24.700000762939453	24.700000762939453	23.299999237060547	24.450000762939453	11603	2025/05/12 
2025/05/13 	24.450000762939453	24.450000762939453	24.450000762939453	24.450000762939453	101	2025/05/13 
2025/05/14 	24.450000762939453	24.450000762939453	23.25	23.299999237060547	18502	2025/05/14 
2025/05/15 	23.299999237060547	23.299999237060547	23.299999237060547	23.299999237060547	0	2025/05/15 
2025/05/16 	23.950000762939453	23.950000762939453	23.0	23.950000762939453	3003	2025/05/16 
2025/05/19 	24.0	24.0	22.850000381469727	23.75	12304	2025/05/19 
2025/05/20 	23.950000762939453	23.950000762939453	23.950000762939453	23.950000762939453	1001	2025/05/20 
2025/05/21 	23.950000762939453	23.950000762939453	22.600000381469727	22.950000762939453	31402	2025/05/21 
2025/05/22 	23.0	23.049999237060547	22.799999237060547	23.0	8002	2025/05/22 
2025/05/23 	22.899999618530273	22.899999618530273	21.799999237060547	21.799999237060547	23520	2025/05/23 
2025/05/26 	22.549999237060547	22.850000381469727	21.700000762939453	21.850000381469727	18360	2025/05/26 
2025/05/27 	22.200000762939453	22.200000762939453	21.950000762939453	22.100000381469727	19200	2025/05/27 
2025/05/28 	21.5	22.0	21.450000762939453	21.600000381469727	10000	2025/05/28 
2025/05/29 	22.450000762939453	22.450000762939453	22.100000381469727	22.100000381469727	4000	2025/05/29 
2025/06/02 	21.399999618530273	22.450000762939453	21.399999618530273	22.450000762939453	6002	2025/06/02 
2025/06/03 	22.700000762939453	22.700000762939453	22.700000762939453	22.700000762939453	1	2025/06/03 
2025/06/04 	22.649999618530273	22.649999618530273	22.649999618530273	22.649999618530273	1	2025/06/04 
2025/06/05 	22.649999618530273	22.649999618530273	22.649999618530273	22.649999618530273	50	2025/06/05 
2025/06/06 	22.649999618530273	22.649999618530273	22.0	22.0	1001	2025/06/06 
2025/06/09 	22.649999618530273	22.649999618530273	22.649999618530273	22.649999618530273	1	2025/06/09 
2025/06/10 	22.649999618530273	22.700000762939453	22.649999618530273	22.700000762939453	6010	2025/06/10 
2025/06/11 	23.0	23.149999618530273	23.0	23.049999237060547	21000	2025/06/11 
2025/06/12 	23.75	23.799999237060547	23.5	23.799999237060547	6001	2025/06/12 
2025/06/13 	23.799999237060547	23.799999237060547	22.850000381469727	22.850000381469727	3000	2025/06/13 
2025/06/16 	23.75	24.25	23.600000381469727	23.600000381469727	9102	2025/06/16 
2025/06/17 	23.600000381469727	23.600000381469727	23.600000381469727	23.600000381469727	0	2025/06/17 
2025/06/18 	24.25	24.25	24.25	24.25	200	2025/06/18 
2025/06/19 	24.25	24.25	23.049999237060547	23.149999618530273	7801	2025/06/19 
2025/06/20 	23.149999618530273	23.149999618530273	23.149999618530273	23.149999618530273	0	2025/06/20 
