Date	Open	High	Low	Close	Volume	Date
2023/05/12 	37.5	45.25	37.04999923706055	38.20000076293945	7239350	2023/05/12 
2023/05/15 	38.0	39.79999923706055	36.25	36.79999923706055	2506011	2023/05/15 
2023/05/16 	36.79999923706055	38.099998474121094	35.29999923706055	38.099998474121094	2174475	2023/05/16 
2023/05/17 	37.79999923706055	39.54999923706055	37.5	39.20000076293945	1507642	2023/05/17 
2023/05/18 	39.25	41.29999923706055	39.25	40.04999923706055	1808186	2023/05/18 
2023/05/19 	39.95000076293945	40.650001525878906	38.849998474121094	39.45000076293945	1169336	2023/05/19 
2023/05/22 	39.5	39.75	38.349998474121094	38.79999923706055	976713	2023/05/22 
2023/05/23 	38.79999923706055	38.900001525878906	37.849998474121094	38.150001525878906	1034747	2023/05/23 
2023/05/24 	37.900001525878906	38.150001525878906	36.849998474121094	37.25	1348392	2023/05/24 
2023/05/25 	37.75	39.0	36.79999923706055	38.79999923706055	938907	2023/05/25 
2023/05/26 	38.79999923706055	39.29999923706055	38.45000076293945	38.849998474121094	1282929	2023/05/26 
2023/05/29 	39.0	39.04999923706055	38.150001525878906	38.95000076293945	483879	2023/05/29 
2023/05/30 	38.5	38.70000076293945	37.70000076293945	37.849998474121094	613163	2023/05/30 
2023/05/31 	37.849998474121094	38.25	37.599998474121094	38.099998474121094	380260	2023/05/31 
2023/06/01 	37.75	38.20000076293945	37.349998474121094	37.349998474121094	738297	2023/06/01 
2023/06/02 	37.79999923706055	38.150001525878906	37.20000076293945	37.54999923706055	588714	2023/06/02 
2023/06/05 	37.900001525878906	38.20000076293945	37.79999923706055	38.20000076293945	417655	2023/06/05 
2023/06/06 	38.150001525878906	38.650001525878906	37.900001525878906	38.5	810125	2023/06/06 
2023/06/07 	38.79999923706055	39.599998474121094	38.45000076293945	39.04999923706055	1167066	2023/06/07 
2023/06/08 	39.150001525878906	39.650001525878906	39.0	39.400001525878906	1819435	2023/06/08 
2023/06/09 	39.54999923706055	41.70000076293945	39.349998474121094	41.599998474121094	2503324	2023/06/09 
2023/06/12 	41.650001525878906	45.45000076293945	41.599998474121094	45.25	4065898	2023/06/12 
2023/06/13 	45.25	47.349998474121094	45.099998474121094	45.79999923706055	3304676	2023/06/13 
2023/06/14 	45.95000076293945	46.70000076293945	45.5	46.70000076293945	2017750	2023/06/14 
2023/06/15 	46.54999923706055	50.599998474121094	46.54999923706055	50.599998474121094	4622266	2023/06/15 
2023/06/16 	51.0	62.0	50.599998474121094	59.099998474121094	5620956	2023/06/16 
2023/06/19 	59.0	64.5999984741211	57.099998474121094	63.5	6246236	2023/06/19 
2023/06/20 	63.5	65.30000305175781	62.70000076293945	63.70000076293945	4134409	2023/06/20 
2023/06/21 	64.30000305175781	65.0	57.900001525878906	60.20000076293945	3956769	2023/06/21 
2023/06/26 	60.20000076293945	61.0	54.599998474121094	59.20000076293945	2725147	2023/06/26 
2023/06/27 	60.0	60.29999923706055	58.29999923706055	58.70000076293945	1524006	2023/06/27 
2023/06/28 	59.599998474121094	60.0	57.900001525878906	58.70000076293945	1624521	2023/06/28 
2023/06/29 	58.5	60.20000076293945	58.5	59.79999923706055	1418107	2023/06/29 
2023/06/30 	59.70000076293945	61.20000076293945	59.099998474121094	59.5	1990805	2023/06/30 
2023/07/03 	60.20000076293945	60.400001525878906	58.599998474121094	59.099998474121094	1811386	2023/07/03 
2023/07/04 	59.29999923706055	60.5	59.099998474121094	60.099998474121094	1055865	2023/07/04 
2023/07/05 	60.20000076293945	60.29999923706055	59.20000076293945	59.70000076293945	1023072	2023/07/05 
2023/07/06 	59.20000076293945	59.20000076293945	54.20000076293945	57.099998474121094	2248330	2023/07/06 
2023/07/07 	56.599998474121094	57.29999923706055	55.0	56.0	1501971	2023/07/07 
2023/07/10 	56.0	56.20000076293945	55.099998474121094	55.70000076293945	924486	2023/07/10 
2023/07/12 	59.099998474121094	60.0	58.099998474121094	58.5	789779	2023/07/12 
2023/07/13 	58.900001525878906	58.900001525878906	57.5	58.20000076293945	781129	2023/07/13 
2023/07/14 	57.400001525878906	58.79999923706055	57.0	57.70000076293945	581746	2023/07/14 
2023/07/17 	57.900001525878906	57.900001525878906	54.29999923706055	54.900001525878906	2222352	2023/07/17 
2023/07/18 	56.0	56.0	53.0	53.5	1523589	2023/07/18 
2023/07/19 	53.900001525878906	54.599998474121094	52.79999923706055	53.0	896705	2023/07/19 
2023/07/20 	52.900001525878906	53.0	49.849998474121094	50.400001525878906	2810514	2023/07/20 
2023/07/21 	49.849998474121094	52.70000076293945	48.650001525878906	50.900001525878906	1026581	2023/07/21 
2023/07/24 	50.70000076293945	51.599998474121094	50.0	50.29999923706055	604476	2023/07/24 
2023/07/25 	50.70000076293945	52.0	50.70000076293945	52.0	744433	2023/07/25 
2023/07/26 	52.5	52.5	50.400001525878906	51.5	675951	2023/07/26 
2023/07/27 	51.599998474121094	55.099998474121094	51.29999923706055	55.099998474121094	1267873	2023/07/27 
2023/07/28 	55.0	55.70000076293945	54.400001525878906	55.20000076293945	1002486	2023/07/28 
2023/07/31 	55.79999923706055	58.0	55.20000076293945	56.599998474121094	1248580	2023/07/31 
2023/08/01 	56.70000076293945	57.20000076293945	54.099998474121094	55.400001525878906	969946	2023/08/01 
2023/08/02 	56.0	56.0	53.70000076293945	54.20000076293945	720582	2023/08/02 
2023/08/04 	54.0	54.900001525878906	53.79999923706055	54.900001525878906	601663	2023/08/04 
2023/08/07 	55.0	56.5	54.79999923706055	56.0	571215	2023/08/07 
2023/08/08 	55.900001525878906	55.900001525878906	54.0	55.400001525878906	468489	2023/08/08 
2023/08/09 	55.400001525878906	55.599998474121094	53.70000076293945	54.29999923706055	531775	2023/08/09 
2023/08/10 	53.900001525878906	54.099998474121094	51.70000076293945	52.900001525878906	818733	2023/08/10 
2023/08/11 	52.70000076293945	53.0	51.400001525878906	52.900001525878906	496545	2023/08/11 
2023/08/14 	52.0	52.400001525878906	50.70000076293945	51.20000076293945	499095	2023/08/14 
2023/08/15 	51.0	52.20000076293945	50.599998474121094	50.599998474121094	454577	2023/08/15 
2023/08/16 	51.70000076293945	54.900001525878906	51.70000076293945	54.099998474121094	1011126	2023/08/16 
2023/08/17 	53.599998474121094	54.70000076293945	53.099998474121094	53.099998474121094	714127	2023/08/17 
2023/08/18 	54.400001525878906	54.5	52.79999923706055	53.20000076293945	274633	2023/08/18 
2023/08/21 	53.400001525878906	53.400001525878906	51.79999923706055	52.5	445721	2023/08/21 
2023/08/22 	53.0	54.599998474121094	51.79999923706055	52.20000076293945	366368	2023/08/22 
2023/08/23 	52.29999923706055	52.70000076293945	51.29999923706055	51.70000076293945	407181	2023/08/23 
2023/08/24 	51.70000076293945	52.099998474121094	51.20000076293945	51.599998474121094	408376	2023/08/24 
2023/08/25 	51.70000076293945	51.70000076293945	50.79999923706055	51.400001525878906	424116	2023/08/25 
2023/08/28 	51.29999923706055	52.0	50.599998474121094	50.599998474121094	224382	2023/08/28 
2023/08/29 	52.20000076293945	52.20000076293945	50.900001525878906	51.0	178365	2023/08/29 
2023/08/30 	51.29999923706055	51.79999923706055	51.0	51.0	312583	2023/08/30 
2023/08/31 	51.099998474121094	54.599998474121094	51.0	53.70000076293945	597977	2023/08/31 
2023/09/01 	53.70000076293945	54.20000076293945	52.79999923706055	53.5	801278	2023/09/01 
2023/09/04 	53.5	54.20000076293945	52.599998474121094	52.79999923706055	528043	2023/09/04 
2023/09/05 	53.0	53.0	52.400001525878906	52.70000076293945	240473	2023/09/05 
2023/09/06 	52.599998474121094	52.79999923706055	52.0	52.099998474121094	259217	2023/09/06 
2023/09/07 	52.20000076293945	52.70000076293945	51.70000076293945	52.29999923706055	319816	2023/09/07 
2023/09/08 	52.0	52.400001525878906	51.5	51.900001525878906	305153	2023/09/08 
2023/09/11 	51.29999923706055	51.900001525878906	50.400001525878906	50.79999923706055	689456	2023/09/11 
2023/09/12 	50.599998474121094	51.599998474121094	50.599998474121094	51.099998474121094	363206	2023/09/12 
2023/09/13 	51.20000076293945	51.20000076293945	50.79999923706055	51.20000076293945	434626	2023/09/13 
2023/09/14 	51.0	51.29999923706055	50.900001525878906	51.0	401561	2023/09/14 
2023/09/15 	51.0	51.29999923706055	50.599998474121094	50.900001525878906	600433	2023/09/15 
2023/09/18 	50.900001525878906	51.29999923706055	50.5	50.70000076293945	459811	2023/09/18 
2023/09/19 	50.70000076293945	51.0	50.599998474121094	50.900001525878906	242625	2023/09/19 
2023/09/20 	50.70000076293945	51.0	50.5	50.70000076293945	313377	2023/09/20 
2023/09/21 	50.0	50.70000076293945	46.0	46.849998474121094	2232508	2023/09/21 
2023/09/22 	46.650001525878906	46.900001525878906	45.150001525878906	46.099998474121094	868674	2023/09/22 
2023/09/25 	46.099998474121094	46.5	45.849998474121094	46.04999923706055	380835	2023/09/25 
2023/09/26 	46.45000076293945	46.5	44.75	44.79999923706055	799999	2023/09/26 
2023/09/27 	44.900001525878906	45.150001525878906	43.849998474121094	44.599998474121094	512744	2023/09/27 
2023/09/28 	44.75	44.900001525878906	44.04999923706055	44.150001525878906	613496	2023/09/28 
2023/10/02 	44.20000076293945	44.20000076293945	39.75	40.75	2433908	2023/10/02 
2023/10/03 	40.599998474121094	43.150001525878906	40.45000076293945	42.150001525878906	1049851	2023/10/03 
2023/10/04 	41.75	42.150001525878906	41.099998474121094	41.45000076293945	432305	2023/10/04 
2023/10/05 	41.45000076293945	42.0	41.45000076293945	41.54999923706055	277078	2023/10/05 
2023/10/06 	41.95000076293945	41.95000076293945	40.5	40.650001525878906	485912	2023/10/06 
2023/10/11 	41.0	41.150001525878906	40.150001525878906	40.29999923706055	508764	2023/10/11 
2023/10/12 	40.599998474121094	40.650001525878906	39.900001525878906	39.95000076293945	354158	2023/10/12 
2023/10/13 	40.099998474121094	40.79999923706055	39.900001525878906	40.25	723337	2023/10/13 
2023/10/16 	40.0	40.5	38.650001525878906	39.5	617143	2023/10/16 
2023/10/17 	39.5	39.849998474121094	38.849998474121094	39.650001525878906	380097	2023/10/17 
2023/10/18 	39.70000076293945	39.75	39.349998474121094	39.599998474121094	319430	2023/10/18 
2023/10/19 	39.599998474121094	39.75	39.45000076293945	39.5	210504	2023/10/19 
2023/10/20 	39.599998474121094	41.25	39.099998474121094	40.70000076293945	986102	2023/10/20 
2023/10/23 	40.650001525878906	41.79999923706055	40.650001525878906	41.04999923706055	571552	2023/10/23 
2023/10/24 	41.0	41.099998474121094	40.150001525878906	40.79999923706055	283810	2023/10/24 
2023/10/25 	40.900001525878906	41.29999923706055	40.849998474121094	41.20000076293945	205180	2023/10/25 
2023/10/26 	40.849998474121094	41.0	40.45000076293945	40.5	183590	2023/10/26 
2023/10/27 	40.5	41.099998474121094	40.349998474121094	41.0	315472	2023/10/27 
2023/10/30 	41.0	41.45000076293945	40.70000076293945	41.25	647082	2023/10/30 
2023/10/31 	41.25	41.45000076293945	41.04999923706055	41.04999923706055	406426	2023/10/31 
2023/11/01 	41.400001525878906	41.400001525878906	40.849998474121094	41.099998474121094	370329	2023/11/01 
2023/11/02 	41.0	41.29999923706055	40.79999923706055	40.849998474121094	219765	2023/11/02 
2023/11/03 	40.900001525878906	41.150001525878906	40.70000076293945	40.70000076293945	227411	2023/11/03 
2023/11/06 	40.70000076293945	40.95000076293945	40.5	40.599998474121094	243285	2023/11/06 
2023/11/07 	40.650001525878906	40.95000076293945	40.54999923706055	40.70000076293945	212500	2023/11/07 
2023/11/08 	40.599998474121094	40.79999923706055	40.5	40.70000076293945	296946	2023/11/08 
2023/11/09 	40.599998474121094	40.70000076293945	40.25	40.29999923706055	353442	2023/11/09 
2023/11/10 	40.29999923706055	40.54999923706055	39.849998474121094	39.849998474121094	332115	2023/11/10 
2023/11/13 	40.150001525878906	40.150001525878906	39.5	39.70000076293945	475429	2023/11/13 
2023/11/14 	39.70000076293945	39.70000076293945	38.95000076293945	39.04999923706055	665717	2023/11/14 
2023/11/15 	38.95000076293945	39.099998474121094	38.70000076293945	39.0	672292	2023/11/15 
2023/11/16 	39.0	39.0	38.650001525878906	38.79999923706055	449290	2023/11/16 
2023/11/17 	38.70000076293945	39.150001525878906	38.70000076293945	38.95000076293945	563659	2023/11/17 
2023/11/20 	38.95000076293945	40.29999923706055	38.900001525878906	39.95000076293945	438528	2023/11/20 
2023/11/21 	40.150001525878906	41.70000076293945	39.70000076293945	41.20000076293945	1134625	2023/11/21 
2023/11/22 	41.400001525878906	41.70000076293945	40.70000076293945	41.349998474121094	926603	2023/11/22 
2023/11/23 	41.5	41.54999923706055	40.150001525878906	40.150001525878906	797162	2023/11/23 
2023/11/24 	40.650001525878906	42.04999923706055	40.04999923706055	42.04999923706055	697258	2023/11/24 
2023/11/27 	41.0	41.04999923706055	39.70000076293945	39.70000076293945	1059857	2023/11/27 
2023/11/28 	40.20000076293945	40.29999923706055	39.75	40.0	237409	2023/11/28 
2023/11/29 	40.20000076293945	40.349998474121094	39.849998474121094	39.849998474121094	238435	2023/11/29 
2023/11/30 	40.29999923706055	40.29999923706055	39.849998474121094	39.95000076293945	192588	2023/11/30 
2023/12/01 	40.0	40.150001525878906	39.849998474121094	39.900001525878906	193944	2023/12/01 
2023/12/04 	40.150001525878906	40.349998474121094	39.650001525878906	40.099998474121094	353781	2023/12/04 
2023/12/05 	40.099998474121094	40.099998474121094	39.54999923706055	39.70000076293945	506520	2023/12/05 
2023/12/06 	39.849998474121094	39.900001525878906	39.0	39.20000076293945	438237	2023/12/06 
2023/12/07 	39.45000076293945	39.599998474121094	39.0	39.150001525878906	432509	2023/12/07 
2023/12/08 	39.0	39.349998474121094	38.0	38.5	1248130	2023/12/08 
2023/12/11 	39.0	39.150001525878906	37.849998474121094	38.150001525878906	761524	2023/12/11 
2023/12/12 	37.95000076293945	38.099998474121094	37.04999923706055	37.400001525878906	1134573	2023/12/12 
2023/12/13 	37.5	38.599998474121094	37.349998474121094	38.599998474121094	724370	2023/12/13 
2023/12/14 	38.599998474121094	38.650001525878906	38.150001525878906	38.29999923706055	315539	2023/12/14 
2023/12/15 	38.5	38.5	37.900001525878906	38.20000076293945	346223	2023/12/15 
2023/12/18 	37.900001525878906	38.150001525878906	37.849998474121094	38.0	270100	2023/12/18 
2023/12/19 	38.0	38.04999923706055	37.349998474121094	37.349998474121094	464238	2023/12/19 
2023/12/20 	37.349998474121094	37.79999923706055	37.25	37.5	640605	2023/12/20 
2023/12/21 	37.54999923706055	37.599998474121094	37.0	37.45000076293945	421410	2023/12/21 
2023/12/22 	37.5	37.5	37.150001525878906	37.349998474121094	354051	2023/12/22 
2023/12/25 	37.400001525878906	37.5	37.0	37.29999923706055	386480	2023/12/25 
2023/12/26 	37.29999923706055	37.400001525878906	36.900001525878906	37.20000076293945	327122	2023/12/26 
2023/12/27 	37.20000076293945	37.20000076293945	36.900001525878906	37.099998474121094	253015	2023/12/27 
2023/12/28 	37.20000076293945	37.29999923706055	36.900001525878906	37.150001525878906	300360	2023/12/28 
2023/12/29 	37.150001525878906	37.29999923706055	36.95000076293945	37.099998474121094	514407	2023/12/29 
2024/01/02 	37.20000076293945	38.650001525878906	37.099998474121094	38.04999923706055	910945	2024/01/02 
2024/01/03 	38.04999923706055	38.150001525878906	37.099998474121094	37.54999923706055	730339	2024/01/03 
2024/01/04 	37.599998474121094	37.650001525878906	37.150001525878906	37.5	415257	2024/01/04 
2024/01/05 	37.20000076293945	37.5	37.04999923706055	37.45000076293945	455189	2024/01/05 
2024/01/08 	37.45000076293945	38.20000076293945	37.400001525878906	37.849998474121094	517891	2024/01/08 
2024/01/09 	37.95000076293945	40.20000076293945	37.75	40.04999923706055	1251437	2024/01/09 
2024/01/10 	40.25	41.20000076293945	39.54999923706055	40.75	1310281	2024/01/10 
2024/01/11 	41.150001525878906	41.150001525878906	39.04999923706055	39.599998474121094	988241	2024/01/11 
2024/01/12 	39.75	39.79999923706055	39.0	39.25	461219	2024/01/12 
2024/01/15 	39.29999923706055	39.95000076293945	39.25	39.5	464062	2024/01/15 
2024/01/16 	39.400001525878906	40.150001525878906	39.04999923706055	39.849998474121094	350447	2024/01/16 
2024/01/17 	39.849998474121094	39.900001525878906	39.25	39.54999923706055	195724	2024/01/17 
2024/01/18 	39.5	39.75	39.20000076293945	39.54999923706055	228473	2024/01/18 
2024/01/19 	39.650001525878906	39.70000076293945	38.79999923706055	39.5	364103	2024/01/19 
2024/01/22 	39.400001525878906	41.150001525878906	39.150001525878906	41.04999923706055	1422662	2024/01/22 
2024/01/23 	41.0	42.900001525878906	39.25	39.95000076293945	1196475	2024/01/23 
2024/01/24 	39.95000076293945	42.0	39.70000076293945	40.25	619907	2024/01/24 
2024/01/25 	40.20000076293945	42.0	39.79999923706055	40.150001525878906	439693	2024/01/25 
2024/01/26 	40.150001525878906	41.0	39.70000076293945	39.849998474121094	481406	2024/01/26 
2024/01/29 	40.04999923706055	41.0	39.75	40.0	432028	2024/01/29 
2024/01/30 	40.150001525878906	40.150001525878906	39.75	40.04999923706055	290334	2024/01/30 
2024/01/31 	39.849998474121094	40.20000076293945	39.849998474121094	40.04999923706055	406119	2024/01/31 
2024/02/01 	40.150001525878906	41.349998474121094	39.849998474121094	41.20000076293945	1056762	2024/02/01 
2024/02/02 	41.650001525878906	45.5	41.0	44.900001525878906	2620610	2024/02/02 
2024/02/05 	44.900001525878906	48.150001525878906	44.70000076293945	48.150001525878906	3440237	2024/02/05 
2024/02/15 	48.0	50.70000076293945	48.0	50.20000076293945	3644465	2024/02/15 
2024/02/16 	50.0	50.5	47.75	49.099998474121094	2530087	2024/02/16 
2024/02/19 	48.79999923706055	49.099998474121094	46.400001525878906	46.900001525878906	2068191	2024/02/19 
2024/02/20 	46.75	47.0	45.25	45.849998474121094	1473486	2024/02/20 
2024/02/21 	45.849998474121094	48.150001525878906	45.349998474121094	47.650001525878906	1053303	2024/02/21 
2024/02/22 	47.54999923706055	48.04999923706055	46.849998474121094	47.099998474121094	675778	2024/02/22 
2024/02/23 	46.95000076293945	48.0	46.04999923706055	46.29999923706055	963598	2024/02/23 
2024/02/26 	46.20000076293945	46.95000076293945	45.0	46.25	936079	2024/02/26 
2024/02/27 	46.29999923706055	47.0	45.349998474121094	45.70000076293945	582359	2024/02/27 
2024/02/29 	45.70000076293945	47.150001525878906	45.599998474121094	46.45000076293945	478439	2024/02/29 
2024/03/01 	46.45000076293945	46.70000076293945	45.79999923706055	46.20000076293945	274889	2024/03/01 
2024/03/04 	46.20000076293945	47.0	45.900001525878906	46.20000076293945	465557	2024/03/04 
2024/03/05 	46.349998474121094	47.0	45.70000076293945	46.0	500060	2024/03/05 
2024/03/06 	46.04999923706055	46.150001525878906	44.900001525878906	45.29999923706055	723863	2024/03/06 
2024/03/07 	45.29999923706055	45.29999923706055	43.849998474121094	43.849998474121094	1025688	2024/03/07 
2024/03/08 	43.849998474121094	44.150001525878906	42.79999923706055	43.150001525878906	796494	2024/03/08 
2024/03/11 	42.849998474121094	45.0	42.849998474121094	44.25	603687	2024/03/11 
2024/03/12 	45.0	45.0	43.849998474121094	44.150001525878906	444128	2024/03/12 
2024/03/13 	44.150001525878906	44.150001525878906	43.45000076293945	43.75	526294	2024/03/13 
2024/03/14 	44.0	44.04999923706055	43.0	43.599998474121094	285773	2024/03/14 
2024/03/15 	43.150001525878906	43.150001525878906	38.349998474121094	39.20000076293945	9411380	2024/03/15 
2024/03/18 	39.349998474121094	40.650001525878906	39.150001525878906	40.20000076293945	2196908	2024/03/18 
2024/03/19 	40.04999923706055	40.349998474121094	39.849998474121094	40.29999923706055	1189365	2024/03/19 
2024/03/20 	40.349998474121094	40.349998474121094	39.900001525878906	40.349998474121094	1336559	2024/03/20 
2024/03/21 	40.349998474121094	42.04999923706055	40.0	41.20000076293945	1427125	2024/03/21 
2024/03/22 	41.20000076293945	41.849998474121094	40.900001525878906	41.849998474121094	1862652	2024/03/22 
2024/03/25 	42.0	42.54999923706055	41.70000076293945	42.54999923706055	1199103	2024/03/25 
2024/03/26 	42.54999923706055	42.79999923706055	42.04999923706055	42.599998474121094	1834651	2024/03/26 
2024/03/27 	42.599998474121094	42.849998474121094	42.25	42.70000076293945	1008551	2024/03/27 
2024/03/28 	42.70000076293945	44.45000076293945	42.599998474121094	43.5	1810071	2024/03/28 
2024/03/29 	43.5	45.650001525878906	43.349998474121094	45.54999923706055	2036519	2024/03/29 
2024/04/01 	45.650001525878906	48.70000076293945	45.5	48.599998474121094	4595279	2024/04/01 
2024/04/02 	48.70000076293945	49.75	45.04999923706055	46.400001525878906	4229546	2024/04/02 
2024/04/03 	46.25	46.54999923706055	44.54999923706055	45.650001525878906	2069746	2024/04/03 
2024/04/08 	46.0	46.0	44.0	44.70000076293945	1417285	2024/04/08 
2024/04/09 	44.95000076293945	46.0	44.349998474121094	45.04999923706055	1249843	2024/04/09 
2024/04/10 	45.04999923706055	45.54999923706055	43.650001525878906	44.79999923706055	1503356	2024/04/10 
2024/04/11 	44.900001525878906	45.04999923706055	43.650001525878906	44.20000076293945	1609483	2024/04/11 
2024/04/12 	45.0	45.0	41.849998474121094	42.75	1695442	2024/04/12 
2024/04/15 	42.75	43.29999923706055	42.29999923706055	42.70000076293945	776674	2024/04/15 
2024/04/16 	42.45000076293945	42.650001525878906	41.29999923706055	41.70000076293945	1218772	2024/04/16 
2024/04/17 	41.70000076293945	43.45000076293945	41.70000076293945	43.25	1522235	2024/04/17 
2024/04/18 	43.650001525878906	44.0	42.54999923706055	43.25	2016021	2024/04/18 
2024/04/19 	43.25	43.45000076293945	41.75	43.400001525878906	2726567	2024/04/19 
2024/04/22 	43.5	43.54999923706055	41.0	41.400001525878906	3652839	2024/04/22 
2024/04/23 	42.099998474121094	42.45000076293945	40.900001525878906	41.150001525878906	1028803	2024/04/23 
2024/04/24 	41.29999923706055	42.099998474121094	41.0	41.45000076293945	1545999	2024/04/24 
2024/04/25 	41.45000076293945	42.0	40.849998474121094	41.20000076293945	674943	2024/04/25 
2024/04/26 	41.20000076293945	41.650001525878906	40.95000076293945	41.45000076293945	541994	2024/04/26 
2024/04/29 	41.45000076293945	41.650001525878906	40.849998474121094	41.04999923706055	825015	2024/04/29 
2024/04/30 	41.04999923706055	41.150001525878906	40.650001525878906	40.79999923706055	645144	2024/04/30 
2024/05/02 	41.0	41.150001525878906	40.650001525878906	41.150001525878906	699753	2024/05/02 
2024/05/03 	41.150001525878906	41.5	40.849998474121094	41.150001525878906	1150159	2024/05/03 
2024/05/06 	41.150001525878906	41.150001525878906	40.5	40.95000076293945	800338	2024/05/06 
2024/05/07 	40.95000076293945	41.0	40.25	40.25	721159	2024/05/07 
2024/05/08 	40.20000076293945	40.400001525878906	39.70000076293945	39.79999923706055	932165	2024/05/08 
2024/05/09 	39.79999923706055	39.95000076293945	39.400001525878906	39.849998474121094	963307	2024/05/09 
2024/05/10 	39.849998474121094	40.95000076293945	39.45000076293945	40.5	1007586	2024/05/10 
2024/05/13 	40.75	44.45000076293945	40.0	41.20000076293945	2153027	2024/05/13 
2024/05/14 	40.95000076293945	40.95000076293945	39.79999923706055	40.400001525878906	760135	2024/05/14 
2024/05/15 	40.0	40.5	39.849998474121094	40.099998474121094	470838	2024/05/15 
2024/05/16 	40.099998474121094	40.349998474121094	39.79999923706055	39.79999923706055	653393	2024/05/16 
2024/05/17 	40.0	40.150001525878906	39.54999923706055	39.650001525878906	624831	2024/05/17 
2024/05/20 	39.95000076293945	40.0	39.400001525878906	39.54999923706055	842034	2024/05/20 
2024/05/21 	39.5	39.900001525878906	39.400001525878906	39.70000076293945	363250	2024/05/21 
2024/05/22 	39.70000076293945	39.849998474121094	39.349998474121094	39.599998474121094	542672	2024/05/22 
2024/05/23 	39.599998474121094	40.04999923706055	39.25	39.70000076293945	1175435	2024/05/23 
2024/05/24 	39.400001525878906	39.54999923706055	38.75	38.95000076293945	1752954	2024/05/24 
2024/05/27 	38.95000076293945	39.099998474121094	37.5	37.849998474121094	2115984	2024/05/27 
2024/05/28 	37.849998474121094	38.0	37.0	37.599998474121094	2289838	2024/05/28 
2024/05/29 	37.45000076293945	37.849998474121094	36.650001525878906	37.599998474121094	1467463	2024/05/29 
2024/05/30 	37.45000076293945	38.599998474121094	37.04999923706055	38.29999923706055	1675249	2024/05/30 
2024/05/31 	38.29999923706055	38.650001525878906	38.0	38.25	664164	2024/05/31 
2024/06/03 	38.29999923706055	38.349998474121094	37.599998474121094	37.95000076293945	456164	2024/06/03 
2024/06/04 	38.0	38.150001525878906	37.150001525878906	37.75	406833	2024/06/04 
2024/06/05 	37.849998474121094	38.150001525878906	37.5	37.900001525878906	462383	2024/06/05 
2024/06/06 	37.650001525878906	37.79999923706055	37.25	37.25	867295	2024/06/06 
2024/06/07 	37.5	37.75	37.25	37.400001525878906	580372	2024/06/07 
2024/06/11 	37.45000076293945	37.650001525878906	37.0	37.04999923706055	595403	2024/06/11 
2024/06/12 	37.29999923706055	37.95000076293945	37.099998474121094	37.45000076293945	1043978	2024/06/12 
2024/06/13 	37.45000076293945	37.54999923706055	37.04999923706055	37.349998474121094	512704	2024/06/13 
2024/06/14 	37.349998474121094	37.45000076293945	35.849998474121094	36.45000076293945	2458219	2024/06/14 
2024/06/17 	36.349998474121094	36.54999923706055	35.5	35.650001525878906	2393231	2024/06/17 
2024/06/18 	35.650001525878906	36.70000076293945	35.5	36.150001525878906	1176966	2024/06/18 
2024/06/19 	36.45000076293945	37.599998474121094	36.0	36.900001525878906	935810	2024/06/19 
2024/06/20 	36.79999923706055	36.900001525878906	35.849998474121094	35.849998474121094	556318	2024/06/20 
2024/06/21 	35.849998474121094	36.79999923706055	35.5	35.79999923706055	799124	2024/06/21 
2024/06/24 	35.79999923706055	36.650001525878906	35.45000076293945	35.70000076293945	712243	2024/06/24 
2024/06/25 	36.0	36.150001525878906	35.599998474121094	36.04999923706055	463787	2024/06/25 
2024/06/26 	36.04999923706055	36.25	35.849998474121094	36.20000076293945	483660	2024/06/26 
2024/06/27 	36.20000076293945	37.650001525878906	36.04999923706055	37.599998474121094	1897183	2024/06/27 
2024/06/28 	37.5	38.20000076293945	37.349998474121094	37.70000076293945	975921	2024/06/28 
2024/07/01 	37.45000076293945	38.0	36.900001525878906	37.150001525878906	748785	2024/07/01 
2024/07/02 	37.150001525878906	37.150001525878906	36.45000076293945	36.45000076293945	533593	2024/07/02 
2024/07/03 	36.900001525878906	36.900001525878906	36.349998474121094	36.650001525878906	688322	2024/07/03 
2024/07/04 	36.400001525878906	36.849998474121094	36.25	36.54999923706055	519183	2024/07/04 
2024/07/05 	36.54999923706055	36.599998474121094	35.95000076293945	36.29999923706055	648190	2024/07/05 
2024/07/08 	36.29999923706055	36.29999923706055	35.75	35.95000076293945	643068	2024/07/08 
2024/07/09 	35.95000076293945	36.150001525878906	35.650001525878906	35.900001525878906	670389	2024/07/09 
2024/07/10 	35.650001525878906	35.900001525878906	35.54999923706055	35.849998474121094	441571	2024/07/10 
2024/07/11 	35.70000076293945	35.849998474121094	35.400001525878906	35.70000076293945	693730	2024/07/11 
2024/07/12 	35.70000076293945	36.150001525878906	35.349998474121094	35.650001525878906	555822	2024/07/12 
2024/07/15 	35.70000076293945	35.75	35.29999923706055	35.54999923706055	1118821	2024/07/15 
2024/07/16 	35.45000076293945	35.599998474121094	35.099998474121094	35.400001525878906	744832	2024/07/16 
2024/07/17 	35.20000076293945	35.650001525878906	35.099998474121094	35.45000076293945	828790	2024/07/17 
2024/07/18 	35.20000076293945	35.29999923706055	35.0	35.150001525878906	881799	2024/07/18 
2024/07/19 	35.150001525878906	35.29999923706055	34.79999923706055	35.04999923706055	548407	2024/07/19 
2024/07/22 	34.95000076293945	35.04999923706055	29.899999618530273	31.850000381469727	3902160	2024/07/22 
2024/07/23 	32.150001525878906	33.29999923706055	31.850000381469727	33.0	736004	2024/07/23 
2024/07/26 	32.0	32.29999923706055	31.299999237060547	32.0	510880	2024/07/26 
2024/07/29 	31.899999618530273	32.099998474121094	30.700000762939453	31.0	772288	2024/07/29 
2024/07/30 	31.100000381469727	31.100000381469727	30.549999237060547	30.850000381469727	574571	2024/07/30 
2024/07/31 	30.850000381469727	31.200000762939453	30.75	31.0	734822	2024/07/31 
2024/08/01 	31.100000381469727	31.5	30.399999618530273	31.299999237060547	1939309	2024/08/01 
2024/08/02 	31.299999237060547	31.299999237060547	30.75	30.950000762939453	519456	2024/08/02 
2024/08/05 	31.0	31.0	26.350000381469727	26.899999618530273	2514862	2024/08/05 
2024/08/06 	27.0	27.350000381469727	24.200000762939453	25.149999618530273	2873207	2024/08/06 
2024/08/07 	25.5	26.100000381469727	24.350000381469727	25.799999237060547	1709877	2024/08/07 
2024/08/08 	25.5	31.049999237060547	25.399999618530273	29.549999237060547	1537822	2024/08/08 
2024/08/09 	29.450000762939453	32.25	29.450000762939453	30.700000762939453	1396597	2024/08/09 
2024/08/12 	30.700000762939453	31.0	30.049999237060547	30.649999618530273	802912	2024/08/12 
2024/08/13 	30.549999237060547	30.700000762939453	29.299999237060547	29.549999237060547	568564	2024/08/13 
2024/08/14 	29.399999618530273	29.549999237060547	28.950000762939453	29.149999618530273	434144	2024/08/14 
2024/08/15 	28.899999618530273	29.200000762939453	28.700000762939453	28.899999618530273	404168	2024/08/15 
2024/08/16 	28.75	29.399999618530273	28.75	29.399999618530273	319388	2024/08/16 
2024/08/19 	29.350000381469727	30.25	29.0	29.450000762939453	482097	2024/08/19 
2024/08/20 	29.399999618530273	29.399999618530273	28.700000762939453	28.899999618530273	521156	2024/08/20 
2024/08/21 	28.950000762939453	28.950000762939453	28.149999618530273	28.25	345920	2024/08/21 
2024/08/22 	28.549999237060547	29.399999618530273	28.350000381469727	28.5	267884	2024/08/22 
2024/08/23 	28.299999237060547	29.350000381469727	27.850000381469727	29.100000381469727	480292	2024/08/23 
2024/08/26 	29.200000762939453	29.25	28.75	29.0	310415	2024/08/26 
2024/08/27 	28.600000381469727	29.350000381469727	28.549999237060547	29.200000762939453	252423	2024/08/27 
2024/08/28 	29.200000762939453	29.399999618530273	28.700000762939453	28.899999618530273	342517	2024/08/28 
2024/08/29 	28.700000762939453	29.100000381469727	28.649999618530273	28.899999618530273	181196	2024/08/29 
2024/08/30 	29.0	29.100000381469727	28.600000381469727	28.899999618530273	368328	2024/08/30 
2024/09/02 	29.0	29.100000381469727	28.5	28.799999237060547	300808	2024/09/02 
2024/09/03 	28.5	28.899999618530273	28.450000762939453	28.600000381469727	271880	2024/09/03 
2024/09/04 	28.600000381469727	29.0	27.600000381469727	28.100000381469727	321692	2024/09/04 
2024/09/05 	27.899999618530273	29.0	27.899999618530273	28.0	221787	2024/09/05 
2024/09/06 	27.899999618530273	28.200000762939453	27.850000381469727	28.200000762939453	289852	2024/09/06 
2024/09/09 	28.0	32.5	28.0	30.0	1333184	2024/09/09 
2024/09/10 	30.0	30.100000381469727	28.399999618530273	29.149999618530273	543142	2024/09/10 
2024/09/11 	29.200000762939453	30.899999618530273	29.049999237060547	29.700000762939453	615546	2024/09/11 
2024/09/12 	29.200000762939453	29.799999237060547	29.149999618530273	29.450000762939453	341065	2024/09/12 
2024/09/13 	29.149999618530273	29.799999237060547	29.149999618530273	29.600000381469727	120463	2024/09/13 
2024/09/16 	29.399999618530273	29.649999618530273	29.0	29.399999618530273	860186	2024/09/16 
2024/09/18 	29.399999618530273	29.899999618530273	29.149999618530273	29.450000762939453	309195	2024/09/18 
2024/09/19 	29.149999618530273	29.75	29.149999618530273	29.75	329166	2024/09/19 
2024/09/20 	29.5	30.049999237060547	29.5	29.75	367771	2024/09/20 
2024/09/23 	29.600000381469727	30.0	29.5	29.899999618530273	618487	2024/09/23 
2024/09/24 	29.700000762939453	29.950000762939453	29.5	29.850000381469727	243078	2024/09/24 
2024/09/25 	29.600000381469727	31.0	29.600000381469727	30.75	648155	2024/09/25 
2024/09/26 	30.75	33.29999923706055	30.399999618530273	32.849998474121094	2115631	2024/09/26 
2024/09/27 	32.849998474121094	33.0	31.600000381469727	32.0	1050601	2024/09/27 
2024/09/30 	32.0	33.54999923706055	31.899999618530273	33.04999923706055	1181912	2024/09/30 
2024/10/01 	33.04999923706055	34.95000076293945	32.95000076293945	33.95000076293945	1100125	2024/10/01 
2024/10/04 	33.95000076293945	34.5	33.349998474121094	33.650001525878906	422008	2024/10/04 
2024/10/07 	33.650001525878906	34.25	33.5	33.900001525878906	706130	2024/10/07 
2024/10/08 	33.75	34.0	33.5	33.849998474121094	545204	2024/10/08 
2024/10/09 	33.849998474121094	35.5	33.70000076293945	34.95000076293945	1575927	2024/10/09 
2024/10/11 	34.95000076293945	35.0	32.79999923706055	33.75	1040065	2024/10/11 
2024/10/14 	34.150001525878906	35.099998474121094	33.45000076293945	33.95000076293945	769504	2024/10/14 
2024/10/15 	34.0	34.54999923706055	33.45000076293945	33.79999923706055	689695	2024/10/15 
2024/10/16 	33.79999923706055	33.849998474121094	33.25	33.54999923706055	725725	2024/10/16 
2024/10/17 	33.54999923706055	33.650001525878906	33.20000076293945	33.400001525878906	282564	2024/10/17 
2024/10/18 	33.400001525878906	34.849998474121094	33.400001525878906	33.79999923706055	416953	2024/10/18 
2024/10/21 	33.95000076293945	34.0	33.45000076293945	33.70000076293945	369416	2024/10/21 
2024/10/22 	33.70000076293945	33.70000076293945	33.04999923706055	33.45000076293945	469350	2024/10/22 
2024/10/23 	33.599998474121094	33.650001525878906	33.04999923706055	33.29999923706055	374828	2024/10/23 
2024/10/24 	33.20000076293945	34.0	33.099998474121094	33.349998474121094	241046	2024/10/24 
2024/10/25 	33.400001525878906	33.400001525878906	32.70000076293945	32.95000076293945	914497	2024/10/25 
2024/10/28 	33.099998474121094	33.099998474121094	32.29999923706055	32.29999923706055	287289	2024/10/28 
2024/10/29 	32.5	32.5	30.899999618530273	31.399999618530273	1232573	2024/10/29 
2024/10/30 	31.399999618530273	31.5	30.950000762939453	31.200000762939453	526043	2024/10/30 
2024/11/01 	31.200000762939453	32.0	30.649999618530273	32.0	530029	2024/11/01 
2024/11/04 	31.950000762939453	33.20000076293945	31.049999237060547	32.5	499811	2024/11/04 
2024/11/05 	32.5	32.95000076293945	31.899999618530273	32.5	430465	2024/11/05 
2024/11/06 	32.54999923706055	32.599998474121094	31.600000381469727	32.150001525878906	388538	2024/11/06 
2024/11/07 	32.20000076293945	33.0	31.75	31.899999618530273	282053	2024/11/07 
2024/11/08 	32.0	33.0	31.799999237060547	32.29999923706055	166602	2024/11/08 
2024/11/11 	32.0	32.099998474121094	31.200000762939453	31.549999237060547	410026	2024/11/11 
2024/11/12 	31.549999237060547	31.799999237060547	31.399999618530273	31.700000762939453	575335	2024/11/12 
2024/11/13 	31.5	31.799999237060547	31.299999237060547	31.649999618530273	486389	2024/11/13 
2024/11/14 	31.700000762939453	31.75	31.200000762939453	31.350000381469727	488198	2024/11/14 
2024/11/15 	31.350000381469727	31.450000762939453	31.100000381469727	31.200000762939453	226799	2024/11/15 
2024/11/18 	31.200000762939453	31.25	30.899999618530273	31.0	525497	2024/11/18 
2024/11/19 	31.100000381469727	31.100000381469727	30.799999237060547	31.0	240790	2024/11/19 
2024/11/20 	30.899999618530273	31.100000381469727	30.450000762939453	30.700000762939453	282893	2024/11/20 
2024/11/21 	30.799999237060547	30.799999237060547	29.899999618530273	30.0	594060	2024/11/21 
2024/11/22 	30.149999618530273	30.950000762939453	30.0	30.649999618530273	460933	2024/11/22 
2024/11/25 	31.100000381469727	33.25	30.899999618530273	31.950000762939453	1005240	2024/11/25 
2024/11/26 	31.399999618530273	33.0	31.0	32.0	612503	2024/11/26 
2024/11/27 	31.950000762939453	32.04999923706055	29.899999618530273	30.399999618530273	608522	2024/11/27 
2024/11/28 	30.399999618530273	31.0	29.950000762939453	30.200000762939453	585963	2024/11/28 
2024/11/29 	30.200000762939453	30.950000762939453	29.600000381469727	30.0	877161	2024/11/29 
2024/12/02 	30.700000762939453	30.950000762939453	29.799999237060547	30.350000381469727	428755	2024/12/02 
2024/12/03 	30.049999237060547	30.350000381469727	29.700000762939453	29.950000762939453	707765	2024/12/03 
2024/12/04 	30.049999237060547	30.049999237060547	29.549999237060547	29.75	539826	2024/12/04 
2024/12/05 	29.600000381469727	29.75	28.899999618530273	29.149999618530273	1035860	2024/12/05 
2024/12/06 	29.100000381469727	29.399999618530273	28.850000381469727	29.100000381469727	679151	2024/12/06 
2024/12/09 	29.149999618530273	29.5	28.700000762939453	28.850000381469727	749744	2024/12/09 
2024/12/10 	28.850000381469727	29.299999237060547	28.75	29.100000381469727	461125	2024/12/10 
2024/12/11 	29.100000381469727	29.100000381469727	28.649999618530273	28.850000381469727	566478	2024/12/11 
2024/12/12 	29.200000762939453	29.700000762939453	28.75	29.0	385853	2024/12/12 
2024/12/13 	29.0	29.100000381469727	27.799999237060547	28.799999237060547	1101540	2024/12/13 
2024/12/16 	29.0	29.0	27.950000762939453	28.299999237060547	699565	2024/12/16 
2024/12/17 	28.299999237060547	29.100000381469727	28.100000381469727	29.049999237060547	314432	2024/12/17 
2024/12/18 	29.049999237060547	29.25	28.450000762939453	28.600000381469727	255452	2024/12/18 
2024/12/19 	28.600000381469727	28.75	28.0	28.299999237060547	292452	2024/12/19 
2024/12/20 	28.200000762939453	28.850000381469727	28.0	28.200000762939453	281824	2024/12/20 
2024/12/23 	28.350000381469727	28.399999618530273	27.850000381469727	28.049999237060547	467666	2024/12/23 
2024/12/24 	28.049999237060547	28.100000381469727	27.850000381469727	28.100000381469727	131442	2024/12/24 
2024/12/25 	27.850000381469727	28.25	27.75	27.950000762939453	306002	2024/12/25 
2024/12/26 	27.950000762939453	28.0	27.799999237060547	28.0	105541	2024/12/26 
2024/12/27 	28.0	28.5	27.899999618530273	28.100000381469727	446429	2024/12/27 
2024/12/30 	28.149999618530273	28.450000762939453	27.75	27.899999618530273	228502	2024/12/30 
2024/12/31 	27.899999618530273	28.0	27.649999618530273	27.850000381469727	291864	2024/12/31 
2025/01/02 	27.850000381469727	27.850000381469727	27.25	27.450000762939453	648342	2025/01/02 
2025/01/03 	27.450000762939453	27.450000762939453	26.799999237060547	27.100000381469727	386138	2025/01/03 
2025/01/06 	27.100000381469727	27.299999237060547	26.5	26.75	806995	2025/01/06 
2025/01/07 	26.850000381469727	27.049999237060547	26.450000762939453	26.799999237060547	480591	2025/01/07 
2025/01/08 	26.549999237060547	26.799999237060547	26.200000762939453	26.399999618530273	379444	2025/01/08 
2025/01/09 	26.399999618530273	26.399999618530273	25.399999618530273	26.0	920557	2025/01/09 
2025/01/10 	25.950000762939453	27.0	25.700000762939453	27.0	485185	2025/01/10 
2025/01/13 	27.0	27.100000381469727	24.450000762939453	25.799999237060547	655445	2025/01/13 
2025/01/14 	25.600000381469727	25.850000381469727	24.700000762939453	25.100000381469727	519161	2025/01/14 
2025/01/15 	24.850000381469727	26.100000381469727	24.600000381469727	26.049999237060547	528427	2025/01/15 
2025/01/16 	26.049999237060547	26.200000762939453	25.399999618530273	25.799999237060547	180864	2025/01/16 
2025/01/17 	25.549999237060547	25.700000762939453	25.100000381469727	25.600000381469727	206358	2025/01/17 
2025/01/20 	25.600000381469727	26.799999237060547	25.399999618530273	26.350000381469727	320270	2025/01/20 
2025/01/21 	26.299999237060547	26.600000381469727	26.25	26.399999618530273	210983	2025/01/21 
2025/01/22 	26.299999237060547	26.799999237060547	26.299999237060547	26.799999237060547	334273	2025/01/22 
2025/02/03 	26.799999237060547	27.799999237060547	26.700000762939453	27.100000381469727	628075	2025/02/03 
2025/02/04 	27.549999237060547	27.549999237060547	26.899999618530273	27.100000381469727	334961	2025/02/04 
2025/02/05 	27.200000762939453	27.950000762939453	27.149999618530273	27.399999618530273	303839	2025/02/05 
2025/02/06 	27.600000381469727	27.700000762939453	27.0	27.25	253023	2025/02/06 
2025/02/07 	26.899999618530273	27.100000381469727	26.399999618530273	26.75	574522	2025/02/07 
2025/02/10 	26.649999618530273	26.899999618530273	26.549999237060547	26.700000762939453	97585	2025/02/10 
2025/02/11 	26.549999237060547	26.950000762939453	25.850000381469727	26.200000762939453	738258	2025/02/11 
2025/02/12 	26.149999618530273	26.200000762939453	25.350000381469727	25.649999618530273	609792	2025/02/12 
2025/02/13 	26.049999237060547	26.049999237060547	25.299999237060547	25.549999237060547	545994	2025/02/13 
2025/02/14 	25.450000762939453	25.450000762939453	25.0	25.299999237060547	381778	2025/02/14 
2025/02/17 	25.299999237060547	27.0	25.299999237060547	26.5	507541	2025/02/17 
2025/02/18 	26.649999618530273	28.049999237060547	26.600000381469727	27.700000762939453	625285	2025/02/18 
2025/02/19 	27.700000762939453	27.950000762939453	27.5	27.850000381469727	603184	2025/02/19 
2025/02/20 	28.0	28.149999618530273	27.100000381469727	28.149999618530273	534275	2025/02/20 
2025/02/21 	28.149999618530273	30.75	28.0	30.299999237060547	2279967	2025/02/21 
2025/02/24 	30.149999618530273	30.299999237060547	29.200000762939453	30.100000381469727	748269	2025/02/24 
2025/02/25 	30.100000381469727	30.200000762939453	29.399999618530273	29.600000381469727	584690	2025/02/25 
2025/02/26 	29.600000381469727	29.600000381469727	28.649999618530273	28.899999618530273	753702	2025/02/26 
2025/02/27 	28.899999618530273	30.049999237060547	28.899999618530273	29.450000762939453	443384	2025/02/27 
2025/03/03 	29.450000762939453	29.450000762939453	28.299999237060547	28.649999618530273	430022	2025/03/03 
2025/03/04 	28.649999618530273	28.899999618530273	28.100000381469727	28.600000381469727	398152	2025/03/04 
2025/03/05 	28.75	28.75	28.0	28.299999237060547	610325	2025/03/05 
2025/03/06 	28.299999237060547	28.950000762939453	28.0	28.200000762939453	447293	2025/03/06 
2025/03/07 	28.200000762939453	28.299999237060547	26.75	27.25	1316486	2025/03/07 
2025/03/10 	27.0	27.350000381469727	26.700000762939453	27.200000762939453	273365	2025/03/10 
2025/03/11 	27.0	27.5	25.850000381469727	27.350000381469727	498530	2025/03/11 
2025/03/12 	27.350000381469727	28.100000381469727	27.0	27.5	323529	2025/03/12 
2025/03/13 	27.5	27.799999237060547	26.75	27.299999237060547	238041	2025/03/13 
2025/03/14 	27.799999237060547	27.799999237060547	26.399999618530273	26.850000381469727	290403	2025/03/14 
2025/03/17 	26.850000381469727	26.850000381469727	26.100000381469727	26.350000381469727	534569	2025/03/17 
2025/03/18 	26.350000381469727	26.850000381469727	26.200000762939453	26.399999618530273	286322	2025/03/18 
2025/03/19 	26.399999618530273	26.399999618530273	25.950000762939453	26.100000381469727	326845	2025/03/19 
2025/03/20 	26.100000381469727	26.950000762939453	25.950000762939453	26.899999618530273	361358	2025/03/20 
2025/03/21 	26.899999618530273	27.200000762939453	26.299999237060547	26.549999237060547	319179	2025/03/21 
2025/03/24 	26.549999237060547	27.0	26.049999237060547	26.25	309086	2025/03/24 
2025/03/25 	26.299999237060547	26.399999618530273	25.950000762939453	26.149999618530273	278720	2025/03/25 
2025/03/26 	26.149999618530273	26.299999237060547	25.950000762939453	26.049999237060547	210088	2025/03/26 
2025/03/27 	26.100000381469727	26.100000381469727	25.600000381469727	25.899999618530273	325267	2025/03/27 
2025/03/28 	25.899999618530273	25.899999618530273	24.399999618530273	25.25	1445178	2025/03/28 
2025/03/31 	25.25	25.25	24.0	24.350000381469727	593368	2025/03/31 
2025/04/01 	24.399999618530273	25.25	24.100000381469727	25.25	319533	2025/04/01 
2025/04/02 	25.0	25.399999618530273	24.700000762939453	25.049999237060547	222925	2025/04/02 
2025/04/07 	24.899999618530273	24.899999618530273	17.899999618530273	20.299999237060547	2490654	2025/04/07 
2025/04/08 	20.299999237060547	22.649999618530273	20.149999618530273	21.049999237060547	1099379	2025/04/08 
2025/04/09 	21.0	21.100000381469727	19.649999618530273	19.75	1310270	2025/04/09 
2025/04/10 	21.049999237060547	24.100000381469727	21.0	24.0	929286	2025/04/10 
2025/04/11 	23.700000762939453	24.100000381469727	20.899999618530273	23.149999618530273	503077	2025/04/11 
2025/04/14 	23.149999618530273	23.549999237060547	22.899999618530273	23.100000381469727	457405	2025/04/14 
2025/04/15 	23.149999618530273	23.5	23.149999618530273	23.350000381469727	268366	2025/04/15 
2025/04/16 	23.299999237060547	23.350000381469727	22.850000381469727	22.899999618530273	433171	2025/04/16 
2025/04/17 	23.0	23.0	22.600000381469727	22.799999237060547	352916	2025/04/17 
2025/04/18 	22.799999237060547	23.5	22.549999237060547	23.049999237060547	296085	2025/04/18 
2025/04/21 	23.100000381469727	23.149999618530273	22.399999618530273	22.75	383532	2025/04/21 
2025/04/22 	22.399999618530273	22.649999618530273	22.0	22.200000762939453	414492	2025/04/22 
2025/04/23 	22.200000762939453	23.0	22.200000762939453	22.700000762939453	281481	2025/04/23 
2025/04/24 	22.799999237060547	23.0	22.450000762939453	22.700000762939453	136616	2025/04/24 
2025/04/25 	22.700000762939453	25.799999237060547	22.700000762939453	25.0	2409227	2025/04/25 
2025/04/28 	25.0	25.649999618530273	23.899999618530273	24.399999618530273	711979	2025/04/28 
2025/04/29 	24.700000762939453	25.25	24.049999237060547	25.049999237060547	311483	2025/04/29 
2025/04/30 	25.0	25.899999618530273	24.75	24.950000762939453	339768	2025/04/30 
2025/05/02 	25.100000381469727	25.600000381469727	24.899999618530273	25.149999618530273	390339	2025/05/02 
2025/05/05 	25.200000762939453	25.350000381469727	24.100000381469727	24.600000381469727	389700	2025/05/05 
2025/05/06 	24.600000381469727	24.950000762939453	24.0	24.399999618530273	215806	2025/05/06 
2025/05/07 	24.399999618530273	25.049999237060547	24.25	24.450000762939453	186667	2025/05/07 
2025/05/08 	24.450000762939453	25.100000381469727	24.450000762939453	24.950000762939453	323688	2025/05/08 
2025/05/09 	24.950000762939453	25.0	24.0	24.600000381469727	294580	2025/05/09 
2025/05/12 	24.600000381469727	25.100000381469727	24.450000762939453	24.899999618530273	810983	2025/05/12 
2025/05/13 	24.549999237060547	24.899999618530273	24.399999618530273	24.549999237060547	302304	2025/05/13 
2025/05/14 	24.399999618530273	24.700000762939453	24.149999618530273	24.600000381469727	556944	2025/05/14 
2025/05/15 	24.200000762939453	24.899999618530273	24.100000381469727	24.700000762939453	477000	2025/05/15 
2025/05/16 	24.700000762939453	25.600000381469727	24.600000381469727	24.850000381469727	631856	2025/05/16 
2025/05/19 	24.850000381469727	24.850000381469727	24.350000381469727	24.450000762939453	258609	2025/05/19 
2025/05/20 	24.5	24.600000381469727	24.100000381469727	24.350000381469727	368523	2025/05/20 
2025/05/21 	24.350000381469727	24.399999618530273	24.0	24.299999237060547	219241	2025/05/21 
2025/05/22 	24.299999237060547	24.600000381469727	23.899999618530273	24.200000762939453	478522	2025/05/22 
2025/05/23 	24.200000762939453	24.600000381469727	24.0	24.200000762939453	228207	2025/05/23 
2025/05/26 	24.200000762939453	24.25	24.0	24.100000381469727	189973	2025/05/26 
2025/05/27 	24.100000381469727	24.399999618530273	23.950000762939453	24.100000381469727	188078	2025/05/27 
2025/05/28 	24.100000381469727	24.399999618530273	23.899999618530273	24.100000381469727	349131	2025/05/28 
2025/05/29 	24.149999618530273	24.5	23.899999618530273	24.200000762939453	248828	2025/05/29 
2025/06/02 	23.850000381469727	24.299999237060547	23.850000381469727	24.049999237060547	154020	2025/06/02 
2025/06/03 	24.049999237060547	24.200000762939453	23.700000762939453	23.850000381469727	289174	2025/06/03 
2025/06/04 	24.0	24.100000381469727	23.850000381469727	24.0	165408	2025/06/04 
2025/06/05 	24.0	24.200000762939453	23.700000762939453	23.850000381469727	176267	2025/06/05 
2025/06/06 	23.899999618530273	24.100000381469727	23.799999237060547	24.0	186825	2025/06/06 
2025/06/09 	24.049999237060547	24.100000381469727	23.5	23.75	194216	2025/06/09 
2025/06/10 	23.799999237060547	24.100000381469727	23.549999237060547	23.799999237060547	354235	2025/06/10 
2025/06/11 	23.799999237060547	25.049999237060547	23.799999237060547	24.799999237060547	1223233	2025/06/11 
2025/06/12 	24.549999237060547	24.899999618530273	24.200000762939453	24.549999237060547	635466	2025/06/12 
2025/06/13 	24.200000762939453	24.350000381469727	23.899999618530273	24.149999618530273	462503	2025/06/13 
2025/06/16 	24.149999618530273	24.549999237060547	23.700000762939453	23.899999618530273	575284	2025/06/16 
2025/06/17 	23.899999618530273	25.899999618530273	23.799999237060547	24.450000762939453	651709	2025/06/17 
2025/06/18 	24.450000762939453	24.450000762939453	23.700000762939453	24.350000381469727	440660	2025/06/18 
2025/06/19 	24.350000381469727	24.850000381469727	24.0	24.200000762939453	347187	2025/06/19 
2025/06/20 	24.200000762939453	24.450000762939453	23.899999618530273	24.450000762939453	363064	2025/06/20 
2025/06/23 	24.200000762939453	25.0	23.799999237060547	24.700000762939453	671044	2025/06/23 
2025/06/24 	24.600000381469727	25.0	24.0	24.350000381469727	476822	2025/06/24 
2025/06/25 	24.350000381469727	25.350000381469727	24.100000381469727	25.149999618530273	1504565	2025/06/25 
2025/06/26 	24.950000762939453	26.700000762939453	24.950000762939453	26.700000762939453	2281624	2025/06/26 
2025/06/27 	26.700000762939453	28.399999618530273	26.5	27.950000762939453	3979888	2025/06/27 
2025/06/30 	28.049999237060547	29.5	27.75	27.899999618530273	1980157	2025/06/30 
2025/07/01 	27.75	28.399999618530273	27.25	27.799999237060547	829398	2025/07/01 
2025/07/02 	27.549999237060547	27.549999237060547	26.600000381469727	26.899999618530273	682410	2025/07/02 
2025/07/03 	26.899999618530273	27.100000381469727	26.399999618530273	26.700000762939453	436638	2025/07/03 
2025/07/04 	26.649999618530273	28.0	26.100000381469727	27.149999618530273	733213	2025/07/04 
2025/07/07 	27.299999237060547	28.350000381469727	26.899999618530273	27.600000381469727	868833	2025/07/07 
2025/07/08 	27.600000381469727	28.5	27.299999237060547	27.649999618530273	439788	2025/07/08 
2025/07/09 	27.649999618530273	27.950000762939453	26.950000762939453	27.649999618530273	405430	2025/07/09 
2025/07/10 	27.649999618530273	28.299999237060547	27.399999618530273	28.25	1418902	2025/07/10 
2025/07/11 	28.299999237060547	31.0	28.299999237060547	29.049999237060547	2187687	2025/07/11 
2025/07/14 	28.850000381469727	29.600000381469727	28.25	29.200000762939453	1140985	2025/07/14 
2025/07/15 	28.899999618530273	29.5	28.799999237060547	29.149999618530273	564763	2025/07/15 
2025/07/16 	29.049999237060547	29.450000762939453	28.549999237060547	28.850000381469727	491717	2025/07/16 
2025/07/17 	28.850000381469727	28.850000381469727	28.0	28.799999237060547	898120	2025/07/17 
2025/07/18 	28.299999237060547	28.850000381469727	28.100000381469727	28.350000381469727	471986	2025/07/18 
2025/07/21 	28.450000762939453	28.549999237060547	27.649999618530273	27.799999237060547	695462	2025/07/21 
2025/07/22 	27.649999618530273	28.299999237060547	26.75	27.5	1242395	2025/07/22 
2025/07/23 	27.149999618530273	28.049999237060547	27.149999618530273	27.950000762939453	496651	2025/07/23 
2025/07/24 	27.950000762939453	29.200000762939453	27.950000762939453	28.700000762939453	941701	2025/07/24 
2025/07/25 	28.700000762939453	28.700000762939453	27.350000381469727	27.649999618530273	668266	2025/07/25 
2025/07/28 	27.649999618530273	27.950000762939453	27.399999618530273	27.799999237060547	307100	2025/07/28 
2025/07/29 	27.600000381469727	28.25	27.299999237060547	27.399999618530273	419640	2025/07/29 
2025/07/30 	27.399999618530273	29.299999237060547	27.299999237060547	29.100000381469727	2137083	2025/07/30 
2025/07/31 	29.100000381469727	30.100000381469727	29.0	29.649999618530273	2864033	2025/07/31 
2025/08/01 	29.450000762939453	30.200000762939453	28.399999618530273	29.799999237060547	1213517	2025/08/01 
2025/08/04 	29.649999618530273	30.0	29.049999237060547	29.950000762939453	805437	2025/08/04 
2025/08/05 	30.0	30.100000381469727	29.0	29.200000762939453	1099019	2025/08/05 
2025/08/06 	29.0	29.600000381469727	29.0	29.200000762939453	502113	2025/08/06 
2025/08/07 	29.200000762939453	30.100000381469727	29.100000381469727	30.100000381469727	1396339	2025/08/07 
2025/08/08 	30.5	30.5	29.649999618530273	29.950000762939453	1188662	2025/08/08 
2025/08/11 	30.100000381469727	30.100000381469727	29.649999618530273	29.899999618530273	1346850	2025/08/11 
2025/08/12 	29.899999618530273	33.0	29.799999237060547	33.0	5535946	2025/08/12 
2025/08/13 	32.849998474121094	36.650001525878906	32.849998474121094	36.650001525878906	8023892	2025/08/13 
2025/08/14 	37.0	39.400001525878906	36.650001525878906	37.150001525878906	8697612	2025/08/14 
2025/08/15 	37.0	38.04999923706055	35.25	37.70000076293945	4581027	2025/08/15 
2025/08/18 	37.849998474121094	39.5	37.70000076293945	39.400001525878906	5544720	2025/08/18 
2025/08/19 	39.900001525878906	40.599998474121094	38.75	39.099998474121094	3906770	2025/08/19 
2025/08/20 	39.45000076293945	39.849998474121094	37.25	39.04999923706055	3210951	2025/08/20 
2025/08/21 	39.04999923706055	42.349998474121094	38.900001525878906	41.75	7763395	2025/08/21 
2025/08/22 	41.75	43.150001525878906	40.45000076293945	41.900001525878906	6535735	2025/08/22 
2025/08/25 	42.5	42.650001525878906	40.04999923706055	40.599998474121094	7338913	2025/08/25 
2025/08/26 	40.04999923706055	41.0	38.849998474121094	39.400001525878906	4055675	2025/08/26 
2025/08/27 	39.54999923706055	42.150001525878906	38.75	41.349998474121094	4572475	2025/08/27 
2025/08/28 	41.599998474121094	42.150001525878906	39.849998474121094	41.150001525878906	3750543	2025/08/28 
2025/08/29 	41.5	42.25	40.849998474121094	41.400001525878906	3795471	2025/08/29 
