Date	Open	High	Low	Close	Volume	Date
2023/07/14 	72.0	84.19999694824219	72.0	78.9000015258789	755923	2023/07/14 
2023/07/17 	76.9000015258789	77.5	64.69999694824219	68.80000305175781	606903	2023/07/17 
2023/07/18 	66.5	68.19999694824219	60.0	60.5	655977	2023/07/18 
2023/07/19 	60.400001525878906	67.19999694824219	60.0	65.19999694824219	528177	2023/07/19 
2023/07/20 	66.0	66.0	61.599998474121094	63.0	221781	2023/07/20 
2023/07/21 	62.599998474121094	63.900001525878906	60.900001525878906	62.70000076293945	140056	2023/07/21 
2023/07/24 	61.900001525878906	62.70000076293945	59.0	60.5	164838	2023/07/24 
2023/07/25 	60.900001525878906	61.900001525878906	59.099998474121094	61.0	127894	2023/07/25 
2023/07/26 	64.0	70.0	62.20000076293945	68.0999984741211	384101	2023/07/26 
2023/07/27 	68.0	68.0	63.099998474121094	66.19999694824219	189573	2023/07/27 
2023/07/28 	65.80000305175781	66.19999694824219	63.79999923706055	66.19999694824219	53893	2023/07/28 
2023/07/31 	64.5	66.19999694824219	63.29999923706055	65.19999694824219	119604	2023/07/31 
2023/08/01 	65.19999694824219	66.30000305175781	64.4000015258789	65.0999984741211	112215	2023/08/01 
2023/08/02 	65.19999694824219	65.19999694824219	61.29999923706055	61.599998474121094	113998	2023/08/02 
2023/08/04 	62.099998474121094	62.099998474121094	60.0	62.099998474121094	35224	2023/08/04 
2023/08/07 	62.099998474121094	62.5	60.400001525878906	62.5	19129	2023/08/07 
2023/08/08 	61.900001525878906	62.099998474121094	60.0	62.099998474121094	52091	2023/08/08 
2023/08/09 	61.5	61.900001525878906	60.0	61.599998474121094	67219	2023/08/09 
2023/08/10 	61.599998474121094	61.599998474121094	59.0	59.29999923706055	115068	2023/08/10 
2023/08/11 	59.29999923706055	59.29999923706055	56.099998474121094	57.0	104324	2023/08/11 
2023/08/14 	56.099998474121094	56.5	50.5	51.0	230407	2023/08/14 
2023/08/15 	51.599998474121094	51.70000076293945	50.099998474121094	51.20000076293945	48716	2023/08/15 
2023/08/16 	50.5	51.599998474121094	50.29999923706055	50.70000076293945	39778	2023/08/16 
2023/08/17 	51.0	52.79999923706055	50.599998474121094	51.0	25840	2023/08/17 
2023/08/18 	51.0	52.70000076293945	50.900001525878906	51.599998474121094	17904	2023/08/18 
2023/08/21 	51.20000076293945	55.5	51.20000076293945	53.599998474121094	64866	2023/08/21 
2023/08/22 	55.29999923706055	55.29999923706055	53.5	53.599998474121094	34833	2023/08/22 
2023/08/23 	54.400001525878906	54.400001525878906	52.900001525878906	54.29999923706055	19168	2023/08/23 
2023/08/24 	53.79999923706055	54.29999923706055	52.900001525878906	54.29999923706055	12008	2023/08/24 
2023/08/25 	53.0	53.0	52.400001525878906	52.79999923706055	17150	2023/08/25 
2023/08/28 	53.0	53.70000076293945	52.400001525878906	52.400001525878906	8701	2023/08/28 
2023/08/29 	52.0	53.599998474121094	51.5	51.5	9502	2023/08/29 
2023/08/30 	52.79999923706055	54.599998474121094	52.0	54.599998474121094	41253	2023/08/30 
2023/08/31 	54.0	56.79999923706055	54.0	54.900001525878906	29027	2023/08/31 
2023/09/01 	55.20000076293945	57.0	53.5	53.5	67322	2023/09/01 
2023/09/04 	53.20000076293945	54.70000076293945	52.79999923706055	52.79999923706055	17101	2023/09/04 
2023/09/05 	52.79999923706055	53.0	52.599998474121094	53.0	23000	2023/09/05 
2023/09/06 	53.900001525878906	53.900001525878906	52.79999923706055	52.79999923706055	3001	2023/09/06 
2023/09/07 	53.0	54.5	52.70000076293945	54.5	17501	2023/09/07 
2023/09/08 	54.5	54.5	54.5	54.5	0	2023/09/08 
2023/09/11 	56.79999923706055	56.79999923706055	54.29999923706055	54.599998474121094	50523	2023/09/11 
2023/09/12 	55.70000076293945	55.79999923706055	54.20000076293945	54.400001525878906	15790	2023/09/12 
2023/09/13 	55.70000076293945	55.70000076293945	53.29999923706055	54.29999923706055	4001	2023/09/13 
2023/09/14 	55.599998474121094	55.70000076293945	54.5	55.70000076293945	3002	2023/09/14 
2023/09/15 	55.70000076293945	55.70000076293945	53.29999923706055	55.70000076293945	18104	2023/09/15 
2023/09/18 	55.79999923706055	56.29999923706055	54.79999923706055	56.0	12304	2023/09/18 
2023/09/19 	57.20000076293945	58.20000076293945	57.0	58.099998474121094	17906	2023/09/19 
2023/09/20 	59.0	59.0	57.0	58.099998474121094	33803	2023/09/20 
2023/09/21 	58.099998474121094	58.099998474121094	56.70000076293945	57.0	21253	2023/09/21 
2023/09/22 	57.0	57.70000076293945	56.20000076293945	57.70000076293945	9009	2023/09/22 
2023/09/25 	57.70000076293945	57.70000076293945	57.5	57.70000076293945	1190	2023/09/25 
2023/09/26 	57.70000076293945	57.70000076293945	56.20000076293945	57.599998474121094	8010	2023/09/26 
2023/09/27 	56.20000076293945	57.599998474121094	56.0	57.5	19904	2023/09/27 
2023/09/28 	56.0	57.5	56.0	57.5	9906	2023/09/28 
2023/10/02 	57.5	57.5	55.79999923706055	57.5	8517	2023/10/02 
2023/10/03 	55.79999923706055	57.0	55.400001525878906	55.400001525878906	1003	2023/10/03 
2023/10/04 	55.400001525878906	56.900001525878906	55.0	55.400001525878906	6302	2023/10/04 
2023/10/05 	55.599998474121094	55.599998474121094	52.29999923706055	53.900001525878906	35833	2023/10/05 
2023/10/06 	52.599998474121094	53.900001525878906	51.29999923706055	52.0	61827	2023/10/06 
2023/10/11 	51.20000076293945	53.20000076293945	51.20000076293945	53.20000076293945	5050	2023/10/11 
2023/10/12 	52.5	53.29999923706055	51.400001525878906	53.29999923706055	4050	2023/10/12 
2023/10/13 	51.400001525878906	53.20000076293945	50.79999923706055	51.099998474121094	13910	2023/10/13 
2023/10/16 	52.70000076293945	52.70000076293945	50.79999923706055	52.70000076293945	10294	2023/10/16 
2023/10/17 	50.900001525878906	52.70000076293945	50.79999923706055	52.400001525878906	14506	2023/10/17 
2023/10/18 	50.79999923706055	52.400001525878906	50.5	50.70000076293945	16472	2023/10/18 
2023/10/19 	50.29999923706055	51.0	50.20000076293945	51.0	9090	2023/10/19 
2023/10/20 	50.20000076293945	51.900001525878906	50.20000076293945	50.20000076293945	7031	2023/10/20 
2023/10/23 	51.900001525878906	52.099998474121094	51.0	51.5	38460	2023/10/23 
2023/10/24 	51.20000076293945	52.0	50.79999923706055	51.900001525878906	14005	2023/10/24 
2023/10/25 	51.900001525878906	51.900001525878906	50.79999923706055	51.900001525878906	24768	2023/10/25 
2023/10/26 	50.70000076293945	51.900001525878906	50.70000076293945	51.900001525878906	2	2023/10/26 
2023/10/27 	51.900001525878906	53.0	51.70000076293945	51.70000076293945	46715	2023/10/27 
2023/10/30 	52.0	52.5	52.0	52.5	10703	2023/10/30 
2023/10/31 	53.20000076293945	53.20000076293945	51.70000076293945	53.099998474121094	3042	2023/10/31 
2023/11/01 	51.70000076293945	53.20000076293945	51.599998474121094	52.0	14203	2023/11/01 
2023/11/02 	52.900001525878906	52.900001525878906	51.5	51.5	9300	2023/11/02 
2023/11/03 	51.099998474121094	51.900001525878906	51.099998474121094	51.29999923706055	4120	2023/11/03 
2023/11/06 	51.0	51.70000076293945	50.70000076293945	50.70000076293945	8300	2023/11/06 
2023/11/07 	51.70000076293945	53.0	51.599998474121094	52.599998474121094	21091	2023/11/07 
2023/11/08 	52.599998474121094	52.599998474121094	51.599998474121094	51.599998474121094	4081	2023/11/08 
2023/11/09 	52.599998474121094	52.900001525878906	51.900001525878906	52.599998474121094	14507	2023/11/09 
2023/11/10 	52.599998474121094	52.900001525878906	51.79999923706055	52.29999923706055	31525	2023/11/10 
2023/11/13 	51.599998474121094	52.0	51.0	51.900001525878906	26506	2023/11/13 
2023/11/14 	51.79999923706055	51.79999923706055	51.79999923706055	51.79999923706055	1	2023/11/14 
2023/11/15 	52.0	52.900001525878906	51.20000076293945	52.900001525878906	17015	2023/11/15 
2023/11/16 	52.900001525878906	52.900001525878906	51.0	51.20000076293945	17657	2023/11/16 
2023/11/17 	51.5	52.79999923706055	51.0	52.70000076293945	11068	2023/11/17 
2023/11/20 	52.70000076293945	52.900001525878906	50.900001525878906	51.5	2003	2023/11/20 
2023/11/21 	52.900001525878906	52.900001525878906	50.79999923706055	51.900001525878906	24033	2023/11/21 
2023/11/22 	50.79999923706055	51.599998474121094	50.70000076293945	51.400001525878906	19854	2023/11/22 
2023/11/23 	51.400001525878906	51.70000076293945	51.0	51.70000076293945	14002	2023/11/23 
2023/11/24 	51.0	51.70000076293945	50.79999923706055	51.0	18112	2023/11/24 
2023/11/27 	51.5	51.900001525878906	50.599998474121094	51.900001525878906	24255	2023/11/27 
2023/11/28 	51.900001525878906	52.0	50.400001525878906	50.900001525878906	51499	2023/11/28 
2023/11/29 	51.900001525878906	51.900001525878906	50.29999923706055	51.900001525878906	34210	2023/11/29 
2023/11/30 	51.900001525878906	51.900001525878906	50.29999923706055	50.29999923706055	24151	2023/11/30 
2023/12/01 	50.70000076293945	51.900001525878906	49.75	50.099998474121094	354304	2023/12/01 
2023/12/04 	50.400001525878906	50.70000076293945	49.349998474121094	50.0	108723	2023/12/04 
2023/12/05 	50.0	50.0	48.45000076293945	49.0	26202	2023/12/05 
2023/12/06 	49.650001525878906	49.95000076293945	48.25	49.0	30304	2023/12/06 
2023/12/07 	49.75	49.79999923706055	48.25	49.25	52558	2023/12/07 
2023/12/08 	48.349998474121094	49.25	48.150001525878906	48.5	58059	2023/12/08 
2023/12/11 	48.79999923706055	48.79999923706055	47.5	47.54999923706055	41151	2023/12/11 
2023/12/12 	47.25	48.0	43.95000076293945	44.79999923706055	229004	2023/12/12 
2023/12/13 	45.099998474121094	45.099998474121094	41.04999923706055	41.849998474121094	291416	2023/12/13 
2023/12/14 	42.70000076293945	45.45000076293945	41.900001525878906	44.599998474121094	169548	2023/12/14 
2023/12/15 	45.20000076293945	45.5	43.900001525878906	44.900001525878906	50803	2023/12/15 
2023/12/18 	44.900001525878906	44.95000076293945	43.70000076293945	43.849998474121094	26203	2023/12/18 
2023/12/19 	43.599998474121094	43.599998474121094	41.849998474121094	42.900001525878906	45901	2023/12/19 
2023/12/20 	43.0	44.0	42.04999923706055	42.5	35417	2023/12/20 
2023/12/21 	42.099998474121094	43.400001525878906	41.5	43.0	44709	2023/12/21 
2023/12/22 	41.95000076293945	43.0	41.95000076293945	42.0	12001	2023/12/22 
2023/12/25 	41.95000076293945	44.70000076293945	41.95000076293945	44.5	75619	2023/12/25 
2023/12/26 	44.400001525878906	49.599998474121094	44.400001525878906	47.70000076293945	139452	2023/12/26 
2023/12/27 	46.5	47.849998474121094	46.0	47.849998474121094	99113	2023/12/27 
2023/12/28 	46.20000076293945	47.79999923706055	46.20000076293945	47.650001525878906	29464	2023/12/28 
2023/12/29 	47.099998474121094	47.75	46.5	46.599998474121094	17025	2023/12/29 
2024/01/02 	47.0	47.70000076293945	46.70000076293945	47.70000076293945	14102	2024/01/02 
2024/01/03 	47.70000076293945	47.70000076293945	46.650001525878906	47.70000076293945	7312	2024/01/03 
2024/01/04 	47.54999923706055	47.75	46.650001525878906	47.75	21234	2024/01/04 
2024/01/05 	47.04999923706055	47.95000076293945	46.849998474121094	47.5	23291	2024/01/05 
2024/01/08 	47.0	47.75	47.0	47.599998474121094	15093	2024/01/08 
2024/01/09 	47.0	47.70000076293945	46.150001525878906	46.5	41239	2024/01/09 
2024/01/10 	46.5	46.95000076293945	46.0	46.04999923706055	38546	2024/01/10 
2024/01/11 	46.04999923706055	46.79999923706055	45.25	46.0	45277	2024/01/11 
2024/01/12 	45.150001525878906	46.0	45.150001525878906	45.5	13042	2024/01/12 
2024/01/15 	45.5	45.5	45.5	45.5	0	2024/01/15 
2024/01/16 	45.150001525878906	45.599998474121094	45.0	45.20000076293945	26061	2024/01/16 
2024/01/17 	45.04999923706055	46.599998474121094	45.04999923706055	46.54999923706055	29728	2024/01/17 
2024/01/18 	45.150001525878906	46.599998474121094	45.0	45.79999923706055	32073	2024/01/18 
2024/01/19 	45.150001525878906	46.95000076293945	45.099998474121094	45.599998474121094	16606	2024/01/19 
2024/01/22 	46.95000076293945	46.95000076293945	45.5	46.20000076293945	15012	2024/01/22 
2024/01/23 	46.29999923706055	46.349998474121094	45.599998474121094	46.29999923706055	12179	2024/01/23 
2024/01/24 	46.04999923706055	47.20000076293945	46.04999923706055	46.599998474121094	85606	2024/01/24 
2024/01/25 	47.0	50.20000076293945	46.25	50.099998474121094	82243	2024/01/25 
2024/01/26 	50.599998474121094	54.20000076293945	50.0	53.70000076293945	188321	2024/01/26 
2024/01/29 	53.70000076293945	55.0	53.29999923706055	53.900001525878906	120443	2024/01/29 
2024/01/30 	54.099998474121094	55.099998474121094	53.599998474121094	53.599998474121094	81877	2024/01/30 
2024/01/31 	55.0	55.400001525878906	54.599998474121094	55.099998474121094	82133	2024/01/31 
2024/02/01 	55.20000076293945	55.20000076293945	53.5	54.599998474121094	78025	2024/02/01 
2024/02/02 	54.599998474121094	54.79999923706055	54.0	54.79999923706055	87259	2024/02/02 
2024/02/05 	54.70000076293945	57.20000076293945	54.599998474121094	57.20000076293945	70112	2024/02/05 
2024/02/15 	57.099998474121094	57.099998474121094	52.599998474121094	57.0	68252	2024/02/15 
2024/02/16 	55.599998474121094	61.0	55.599998474121094	59.900001525878906	213023	2024/02/16 
2024/02/19 	59.70000076293945	62.20000076293945	59.20000076293945	61.5	138048	2024/02/19 
2024/02/20 	62.20000076293945	70.0	61.400001525878906	69.30000305175781	325913	2024/02/20 
2024/02/21 	67.5999984741211	69.9000015258789	66.5	67.80000305175781	180688	2024/02/21 
2024/02/22 	67.80000305175781	67.80000305175781	65.5	66.0999984741211	133859	2024/02/22 
2024/02/23 	67.9000015258789	67.9000015258789	64.5999984741211	66.0	39226	2024/02/23 
2024/02/26 	65.9000015258789	67.80000305175781	64.5999984741211	66.0999984741211	64664	2024/02/26 
2024/02/27 	64.9000015258789	66.19999694824219	61.29999923706055	62.0	120335	2024/02/27 
2024/02/29 	62.0	64.30000305175781	62.0	64.19999694824219	91629	2024/02/29 
2024/03/01 	63.29999923706055	66.19999694824219	61.79999923706055	64.4000015258789	113055	2024/03/01 
2024/03/04 	62.5	64.0	61.400001525878906	62.0	123140	2024/03/04 
2024/03/05 	63.20000076293945	63.900001525878906	61.599998474121094	62.900001525878906	149128	2024/03/05 
2024/03/06 	61.599998474121094	64.0999984741211	61.599998474121094	63.79999923706055	94318	2024/03/06 
2024/03/07 	62.70000076293945	63.900001525878906	62.0	63.70000076293945	68465	2024/03/07 
2024/03/08 	63.099998474121094	64.5	61.20000076293945	61.20000076293945	88201	2024/03/08 
2024/03/11 	61.20000076293945	63.0	59.099998474121094	59.400001525878906	102644	2024/03/11 
2024/03/12 	60.20000076293945	60.29999923706055	58.099998474121094	58.70000076293945	56213	2024/03/12 
2024/03/13 	58.70000076293945	60.099998474121094	58.0	59.900001525878906	28519	2024/03/13 
2024/03/14 	58.0	60.0	57.400001525878906	59.29999923706055	32082	2024/03/14 
2024/03/15 	58.0	59.29999923706055	57.29999923706055	59.099998474121094	44873	2024/03/15 
2024/03/18 	58.0	59.900001525878906	57.20000076293945	57.70000076293945	29514	2024/03/18 
2024/03/19 	57.400001525878906	62.5	57.400001525878906	60.599998474121094	114866	2024/03/19 
2024/03/20 	62.0	63.599998474121094	61.0	62.400001525878906	165559	2024/03/20 
2024/03/21 	61.599998474121094	63.599998474121094	60.79999923706055	63.0	141064	2024/03/21 
2024/03/22 	61.79999923706055	63.599998474121094	61.0	61.29999923706055	70061	2024/03/22 
2024/03/25 	61.29999923706055	61.29999923706055	61.29999923706055	61.29999923706055	0	2024/03/25 
2024/03/26 	61.29999923706055	61.29999923706055	61.29999923706055	61.29999923706055	0	2024/03/26 
2024/03/27 	61.900001525878906	61.900001525878906	60.0	61.0	38765	2024/03/27 
2024/03/28 	60.5	61.79999923706055	60.0	61.79999923706055	29752	2024/03/28 
2024/03/29 	61.599998474121094	61.599998474121094	59.099998474121094	60.400001525878906	24377	2024/03/29 
2024/04/01 	60.400001525878906	60.400001525878906	58.900001525878906	59.900001525878906	35488	2024/04/01 
2024/04/02 	60.900001525878906	60.900001525878906	59.599998474121094	60.900001525878906	42991	2024/04/02 
2024/04/03 	60.29999923706055	60.900001525878906	59.70000076293945	60.0	27008	2024/04/03 
2024/04/08 	61.29999923706055	61.29999923706055	59.29999923706055	61.29999923706055	52031	2024/04/08 
2024/04/09 	61.29999923706055	61.400001525878906	60.0	61.400001525878906	40106	2024/04/09 
2024/04/10 	61.400001525878906	61.900001525878906	60.099998474121094	61.099998474121094	106303	2024/04/10 
2024/04/11 	60.099998474121094	61.400001525878906	60.0	61.400001525878906	55108	2024/04/11 
2024/04/12 	60.599998474121094	61.400001525878906	59.599998474121094	60.900001525878906	77212	2024/04/12 
2024/04/15 	60.20000076293945	60.900001525878906	59.099998474121094	60.70000076293945	32596	2024/04/15 
2024/04/16 	59.099998474121094	60.599998474121094	58.400001525878906	58.79999923706055	89113	2024/04/16 
2024/04/17 	59.400001525878906	59.900001525878906	58.099998474121094	59.900001525878906	24521	2024/04/17 
2024/04/18 	60.099998474121094	60.099998474121094	58.099998474121094	58.900001525878906	96193	2024/04/18 
2024/04/19 	58.400001525878906	59.599998474121094	57.0	58.29999923706055	77956	2024/04/19 
2024/04/22 	56.70000076293945	58.400001525878906	56.599998474121094	57.900001525878906	57209	2024/04/22 
2024/04/23 	56.599998474121094	57.900001525878906	56.400001525878906	57.79999923706055	32513	2024/04/23 
2024/04/24 	56.20000076293945	58.29999923706055	56.099998474121094	58.29999923706055	45021	2024/04/24 
2024/04/25 	56.5	58.900001525878906	56.5	58.599998474121094	46039	2024/04/25 
2024/04/26 	58.20000076293945	58.599998474121094	57.29999923706055	57.29999923706055	30027	2024/04/26 
2024/04/29 	58.400001525878906	60.70000076293945	57.29999923706055	60.70000076293945	54546	2024/04/29 
2024/04/30 	59.29999923706055	60.900001525878906	59.099998474121094	60.79999923706055	29119	2024/04/30 
2024/05/02 	59.099998474121094	60.79999923706055	59.099998474121094	60.70000076293945	16523	2024/05/02 
2024/05/03 	59.099998474121094	61.900001525878906	59.099998474121094	61.599998474121094	116298	2024/05/03 
2024/05/06 	61.599998474121094	61.599998474121094	60.0	61.599998474121094	7490	2024/05/06 
2024/05/07 	61.599998474121094	61.900001525878906	59.79999923706055	61.79999923706055	15023	2024/05/07 
2024/05/08 	59.900001525878906	61.900001525878906	59.79999923706055	61.79999923706055	14493	2024/05/08 
2024/05/09 	61.79999923706055	61.79999923706055	59.79999923706055	59.79999923706055	7213	2024/05/09 
2024/05/10 	61.0	61.099998474121094	59.900001525878906	60.599998474121094	48619	2024/05/10 
2024/05/13 	60.099998474121094	60.29999923706055	59.0	59.5	104163	2024/05/13 
2024/05/14 	59.5	60.599998474121094	59.099998474121094	59.599998474121094	41352	2024/05/14 
2024/05/15 	59.599998474121094	60.20000076293945	59.29999923706055	60.20000076293945	30422	2024/05/15 
2024/05/16 	59.599998474121094	60.20000076293945	59.400001525878906	59.599998474121094	32008	2024/05/16 
2024/05/17 	59.79999923706055	60.099998474121094	59.29999923706055	59.70000076293945	60420	2024/05/17 
2024/05/20 	59.400001525878906	60.400001525878906	59.400001525878906	60.20000076293945	30258	2024/05/20 
2024/05/21 	60.0	60.5	59.900001525878906	60.20000076293945	34271	2024/05/21 
2024/05/22 	59.79999923706055	60.20000076293945	59.79999923706055	60.0	15693	2024/05/22 
2024/05/23 	60.0	60.20000076293945	59.70000076293945	60.0	17516	2024/05/23 
2024/05/24 	59.900001525878906	60.20000076293945	59.79999923706055	60.20000076293945	10260	2024/05/24 
2024/05/27 	59.79999923706055	60.29999923706055	59.599998474121094	59.79999923706055	46366	2024/05/27 
2024/05/28 	59.599998474121094	60.20000076293945	59.29999923706055	59.70000076293945	30424	2024/05/28 
2024/05/29 	59.20000076293945	59.70000076293945	59.099998474121094	59.70000076293945	42345	2024/05/29 
2024/05/30 	59.29999923706055	59.5	59.0	59.20000076293945	65778	2024/05/30 
2024/05/31 	59.099998474121094	59.5	58.79999923706055	58.79999923706055	59344	2024/05/31 
2024/06/03 	58.70000076293945	60.0	58.5	60.0	61440	2024/06/03 
2024/06/04 	59.599998474121094	60.400001525878906	59.599998474121094	60.400001525878906	21324	2024/06/04 
2024/06/05 	59.79999923706055	60.099998474121094	59.79999923706055	60.0	15023	2024/06/05 
2024/06/06 	59.79999923706055	60.0	59.099998474121094	59.5	33032	2024/06/06 
2024/06/07 	59.5	59.900001525878906	59.20000076293945	59.79999923706055	21152	2024/06/07 
2024/06/11 	59.29999923706055	59.70000076293945	58.79999923706055	59.0	69417	2024/06/11 
2024/06/12 	58.29999923706055	59.0	58.20000076293945	59.0	22005	2024/06/12 
2024/06/13 	58.599998474121094	59.5	58.599998474121094	59.0	16504	2024/06/13 
2024/06/14 	58.79999923706055	59.400001525878906	58.29999923706055	59.0	122230	2024/06/14 
2024/06/17 	58.599998474121094	59.099998474121094	57.0	58.0	79784	2024/06/17 
2024/06/18 	57.5	58.0	57.0	57.79999923706055	38818	2024/06/18 
2024/06/19 	57.20000076293945	57.70000076293945	57.099998474121094	57.29999923706055	31562	2024/06/19 
2024/06/20 	57.400001525878906	57.599998474121094	57.099998474121094	57.400001525878906	60200	2024/06/20 
2024/06/21 	57.900001525878906	57.900001525878906	57.20000076293945	57.29999923706055	33829	2024/06/21 
2024/06/24 	57.099998474121094	58.0	57.0	57.900001525878906	27513	2024/06/24 
2024/06/25 	58.0	61.400001525878906	57.29999923706055	59.79999923706055	49106	2024/06/25 
2024/06/26 	59.599998474121094	59.599998474121094	59.0	59.0	18111	2024/06/26 
2024/06/27 	59.0	59.400001525878906	58.5	58.79999923706055	14534	2024/06/27 
2024/06/28 	58.599998474121094	59.20000076293945	58.5	58.79999923706055	17093	2024/06/28 
2024/07/01 	59.20000076293945	59.400001525878906	58.5	58.79999923706055	12010	2024/07/01 
2024/07/02 	58.79999923706055	59.900001525878906	58.0	59.900001525878906	16135	2024/07/02 
2024/07/03 	58.79999923706055	59.0	58.599998474121094	58.79999923706055	38570	2024/07/03 
2024/07/04 	58.70000076293945	59.0	58.599998474121094	58.599998474121094	14306	2024/07/04 
2024/07/05 	58.29999923706055	59.0	58.29999923706055	59.0	4011	2024/07/05 
2024/07/08 	59.0	60.0	59.0	59.900001525878906	14403	2024/07/08 
2024/07/09 	59.0	59.20000076293945	58.20000076293945	58.400001525878906	15230	2024/07/09 
2024/07/10 	59.0	59.0	58.5	58.5	3020	2024/07/10 
2024/07/11 	58.0	59.20000076293945	57.79999923706055	57.79999923706055	18439	2024/07/11 
2024/07/12 	57.70000076293945	58.099998474121094	55.0	56.79999923706055	438106	2024/07/12 
2024/07/15 	56.79999923706055	57.70000076293945	56.099998474121094	56.20000076293945	58820	2024/07/15 
2024/07/16 	56.0	56.599998474121094	55.79999923706055	56.20000076293945	35737	2024/07/16 
2024/07/17 	55.5	56.20000076293945	55.20000076293945	55.29999923706055	101027	2024/07/17 
2024/07/18 	55.0	55.20000076293945	53.0	53.5	91756	2024/07/18 
2024/07/19 	53.099998474121094	53.79999923706055	52.900001525878906	52.900001525878906	31485	2024/07/19 
2024/07/22 	52.79999923706055	53.0	50.400001525878906	50.79999923706055	83195	2024/07/22 
2024/07/23 	49.79999923706055	53.0	49.79999923706055	50.20000076293945	87384	2024/07/23 
2024/07/26 	50.0	51.0	49.599998474121094	50.20000076293945	6082	2024/07/26 
2024/07/29 	50.400001525878906	51.5	50.400001525878906	50.5	7123	2024/07/29 
2024/07/30 	50.400001525878906	51.20000076293945	50.400001525878906	50.79999923706055	21693	2024/07/30 
2024/07/31 	51.599998474121094	52.0	51.599998474121094	52.0	17668	2024/07/31 
2024/08/01 	52.099998474121094	53.599998474121094	52.099998474121094	53.5	17026	2024/08/01 
2024/08/02 	53.0	56.20000076293945	53.0	54.099998474121094	63470	2024/08/02 
2024/08/05 	54.099998474121094	54.099998474121094	50.29999923706055	50.599998474121094	129015	2024/08/05 
2024/08/06 	51.0	51.900001525878906	51.0	51.20000076293945	47551	2024/08/06 
2024/08/07 	52.0	53.599998474121094	51.0	52.0	46954	2024/08/07 
2024/08/08 	53.29999923706055	53.29999923706055	52.79999923706055	52.79999923706055	2500	2024/08/08 
2024/08/09 	53.0	53.0	52.5	52.70000076293945	4199	2024/08/09 
2024/08/12 	53.20000076293945	54.5	53.20000076293945	54.5	21200	2024/08/12 
2024/08/13 	54.70000076293945	55.29999923706055	54.20000076293945	55.29999923706055	11034	2024/08/13 
2024/08/14 	54.79999923706055	58.400001525878906	54.79999923706055	57.70000076293945	51929	2024/08/14 
2024/08/15 	57.0	57.0	56.400001525878906	56.400001525878906	8000	2024/08/15 
2024/08/16 	56.5	56.5	55.599998474121094	55.599998474121094	9322	2024/08/16 
2024/08/19 	56.20000076293945	56.20000076293945	54.79999923706055	54.79999923706055	2027	2024/08/19 
2024/08/20 	54.599998474121094	55.5	54.20000076293945	54.599998474121094	38083	2024/08/20 
2024/08/21 	54.599998474121094	54.79999923706055	54.0	54.29999923706055	17600	2024/08/21 
2024/08/22 	54.29999923706055	54.70000076293945	53.900001525878906	54.0	29000	2024/08/22 
2024/08/23 	53.70000076293945	53.70000076293945	51.79999923706055	52.0	101593	2024/08/23 
2024/08/26 	52.900001525878906	52.900001525878906	52.70000076293945	52.900001525878906	5041	2024/08/26 
2024/08/27 	52.400001525878906	52.400001525878906	52.20000076293945	52.400001525878906	15053	2024/08/27 
2024/08/28 	52.0	53.29999923706055	52.0	52.79999923706055	21000	2024/08/28 
2024/08/29 	52.29999923706055	52.5	52.29999923706055	52.5	12001	2024/08/29 
2024/08/30 	52.29999923706055	52.5	52.29999923706055	52.5	11001	2024/08/30 
2024/09/02 	52.29999923706055	53.0	52.29999923706055	52.5	18513	2024/09/02 
2024/09/03 	53.0	54.0	53.0	53.099998474121094	10076	2024/09/03 
2024/09/04 	52.29999923706055	52.400001525878906	52.0	52.0	26376	2024/09/04 
2024/09/05 	52.5	52.5	52.5	52.5	1	2024/09/05 
2024/09/06 	52.20000076293945	52.400001525878906	51.70000076293945	52.400001525878906	22000	2024/09/06 
2024/09/09 	52.0	52.0	51.20000076293945	51.599998474121094	20200	2024/09/09 
2024/09/10 	51.70000076293945	51.70000076293945	50.79999923706055	50.79999923706055	6000	2024/09/10 
2024/09/11 	51.5	51.900001525878906	51.5	51.70000076293945	27000	2024/09/11 
2024/09/12 	51.79999923706055	52.0	51.79999923706055	51.79999923706055	10200	2024/09/12 
2024/09/13 	51.5	52.0	51.5	52.0	12500	2024/09/13 
2024/09/16 	51.70000076293945	51.70000076293945	51.400001525878906	51.599998474121094	309000	2024/09/16 
2024/09/18 	51.5	51.70000076293945	51.20000076293945	51.5	48001	2024/09/18 
2024/09/19 	51.900001525878906	51.900001525878906	51.900001525878906	51.900001525878906	1000	2024/09/19 
2024/09/20 	52.0	52.599998474121094	52.0	52.099998474121094	17000	2024/09/20 
2024/09/23 	51.599998474121094	52.29999923706055	51.599998474121094	52.099998474121094	8554	2024/09/23 
2024/09/24 	52.0	52.20000076293945	51.79999923706055	52.20000076293945	62200	2024/09/24 
2024/09/25 	52.5	56.5	52.5	55.0	83103	2024/09/25 
2024/09/26 	56.0	57.5	55.900001525878906	56.70000076293945	57438	2024/09/26 
2024/09/27 	56.0	57.0	55.099998474121094	56.5	62507	2024/09/27 
2024/09/30 	56.0	57.29999923706055	56.0	56.5	97412	2024/09/30 
2024/10/01 	56.70000076293945	58.900001525878906	56.5	57.5	86222	2024/10/01 
2024/10/04 	58.0	58.29999923706055	57.099998474121094	57.900001525878906	70075	2024/10/04 
2024/10/07 	57.20000076293945	57.5	56.5	57.5	17103	2024/10/07 
2024/10/08 	56.0	57.400001525878906	56.0	56.099998474121094	46067	2024/10/08 
2024/10/09 	56.20000076293945	56.79999923706055	56.0	56.79999923706055	32005	2024/10/09 
2024/10/11 	57.0	57.900001525878906	56.79999923706055	57.20000076293945	26727	2024/10/11 
2024/10/14 	57.400001525878906	57.400001525878906	55.79999923706055	56.79999923706055	31319	2024/10/14 
2024/10/15 	56.29999923706055	57.20000076293945	55.79999923706055	57.20000076293945	14002	2024/10/15 
2024/10/16 	56.0	56.400001525878906	56.0	56.0	12264	2024/10/16 
2024/10/17 	56.0	56.0	55.5	55.70000076293945	20002	2024/10/17 
2024/10/18 	55.5	55.5	55.0	55.20000076293945	18002	2024/10/18 
2024/10/21 	54.70000076293945	55.20000076293945	54.099998474121094	54.400001525878906	10530	2024/10/21 
2024/10/22 	53.5	55.29999923706055	53.5	54.400001525878906	9536	2024/10/22 
2024/10/23 	55.0	55.900001525878906	54.70000076293945	54.70000076293945	85003	2024/10/23 
2024/10/24 	55.0	56.20000076293945	55.0	56.20000076293945	31206	2024/10/24 
2024/10/25 	55.29999923706055	57.5	55.29999923706055	57.20000076293945	82004	2024/10/25 
2024/10/28 	56.79999923706055	57.099998474121094	56.5	56.900001525878906	18002	2024/10/28 
2024/10/29 	57.0	57.0	55.79999923706055	56.0	28020	2024/10/29 
2024/10/30 	55.5	55.5	54.5	55.099998474121094	17302	2024/10/30 
2024/11/01 	54.20000076293945	55.0	54.0	54.79999923706055	59305	2024/11/01 
2024/11/04 	54.79999923706055	54.79999923706055	54.0	54.29999923706055	17166	2024/11/04 
2024/11/05 	54.29999923706055	54.29999923706055	53.599998474121094	53.70000076293945	5322	2024/11/05 
2024/11/06 	53.70000076293945	55.900001525878906	53.400001525878906	55.0	182062	2024/11/06 
2024/11/07 	54.0	54.400001525878906	53.0	53.20000076293945	33750	2024/11/07 
2024/11/08 	53.400001525878906	53.400001525878906	53.0	53.29999923706055	6271	2024/11/08 
2024/11/11 	53.400001525878906	54.0	53.20000076293945	54.0	4001	2024/11/11 
2024/11/12 	53.0	53.0	51.0	51.400001525878906	29585	2024/11/12 
2024/11/13 	50.400001525878906	51.400001525878906	50.400001525878906	51.400001525878906	5301	2024/11/13 
2024/11/14 	50.0	50.29999923706055	50.0	50.29999923706055	3001	2024/11/14 
2024/11/15 	50.29999923706055	50.79999923706055	48.95000076293945	50.20000076293945	45526	2024/11/15 
2024/11/18 	51.0	51.0	50.0	50.0	36500	2024/11/18 
2024/11/19 	50.20000076293945	50.20000076293945	49.5	50.0	33200	2024/11/19 
2024/11/20 	50.20000076293945	50.900001525878906	49.79999923706055	50.20000076293945	10541	2024/11/20 
2024/11/21 	50.0	50.70000076293945	50.0	50.0	11013	2024/11/21 
2024/11/22 	50.0	50.20000076293945	49.54999923706055	49.54999923706055	18960	2024/11/22 
2024/11/25 	50.099998474121094	50.20000076293945	49.79999923706055	50.20000076293945	19715	2024/11/25 
2024/11/26 	49.900001525878906	50.20000076293945	49.900001525878906	50.20000076293945	18300	2024/11/26 
2024/11/27 	50.099998474121094	50.20000076293945	49.849998474121094	49.849998474121094	13000	2024/11/27 
2024/11/28 	49.849998474121094	50.400001525878906	49.849998474121094	50.0	17040	2024/11/28 
2024/11/29 	49.79999923706055	50.20000076293945	49.599998474121094	50.0	20200	2024/11/29 
2024/12/02 	50.29999923706055	50.70000076293945	50.0	50.70000076293945	9500	2024/12/02 
2024/12/03 	50.70000076293945	50.70000076293945	50.70000076293945	50.70000076293945	0	2024/12/03 
2024/12/04 	50.5	51.20000076293945	50.5	51.20000076293945	3050	2024/12/04 
2024/12/05 	51.20000076293945	51.70000076293945	51.0	51.70000076293945	10200	2024/12/05 
2024/12/06 	51.29999923706055	51.599998474121094	51.29999923706055	51.599998474121094	25100	2024/12/06 
2024/12/09 	51.20000076293945	51.599998474121094	51.0	51.599998474121094	80800	2024/12/09 
2024/12/10 	51.599998474121094	51.599998474121094	50.79999923706055	51.400001525878906	21404	2024/12/10 
2024/12/11 	50.900001525878906	51.20000076293945	50.0	50.29999923706055	38501	2024/12/11 
2024/12/12 	50.5	50.599998474121094	50.29999923706055	50.400001525878906	15200	2024/12/12 
2024/12/13 	50.400001525878906	50.599998474121094	50.0	50.5	12202	2024/12/13 
2024/12/16 	50.5	50.79999923706055	49.849998474121094	49.849998474121094	23400	2024/12/16 
2024/12/17 	50.20000076293945	50.29999923706055	48.849998474121094	50.0	72952	2024/12/17 
2024/12/18 	49.5	49.599998474121094	49.20000076293945	49.349998474121094	36523	2024/12/18 
2024/12/19 	49.599998474121094	49.599998474121094	49.5	49.599998474121094	26350	2024/12/19 
2024/12/20 	49.349998474121094	49.45000076293945	49.0	49.04999923706055	23050	2024/12/20 
2024/12/23 	49.0	49.54999923706055	49.0	49.54999923706055	16150	2024/12/23 
2024/12/24 	49.099998474121094	49.5	48.849998474121094	49.349998474121094	17300	2024/12/24 
2024/12/25 	49.5	49.650001525878906	49.400001525878906	49.400001525878906	17200	2024/12/25 
2024/12/26 	49.099998474121094	50.20000076293945	49.099998474121094	50.0	51060	2024/12/26 
2024/12/27 	49.45000076293945	50.0	49.45000076293945	49.5	18150	2024/12/27 
2024/12/30 	49.349998474121094	49.900001525878906	49.29999923706055	49.650001525878906	18110	2024/12/30 
2024/12/31 	49.099998474121094	49.650001525878906	49.099998474121094	49.650001525878906	8901	2024/12/31 
2025/01/02 	49.29999923706055	49.45000076293945	49.099998474121094	49.099998474121094	11250	2025/01/02 
2025/01/03 	49.5	49.650001525878906	49.349998474121094	49.5	52500	2025/01/03 
2025/01/06 	49.0	49.20000076293945	49.0	49.20000076293945	18800	2025/01/06 
2025/01/07 	49.099998474121094	50.0	49.04999923706055	49.04999923706055	4203	2025/01/07 
2025/01/08 	49.349998474121094	56.0	49.20000076293945	55.0	271173	2025/01/08 
2025/01/09 	55.20000076293945	59.900001525878906	55.0	55.5	230916	2025/01/09 
2025/01/10 	56.0	56.20000076293945	54.0	55.29999923706055	62254	2025/01/10 
2025/01/13 	55.5	56.0	53.79999923706055	54.29999923706055	33645	2025/01/13 
2025/01/14 	54.79999923706055	54.79999923706055	51.0	52.79999923706055	38342	2025/01/14 
2025/01/15 	52.400001525878906	52.400001525878906	52.400001525878906	52.400001525878906	2	2025/01/15 
2025/01/16 	52.400001525878906	52.5	50.099998474121094	50.599998474121094	24900	2025/01/16 
2025/01/17 	50.900001525878906	50.900001525878906	49.79999923706055	50.20000076293945	65709	2025/01/17 
2025/01/20 	49.75	51.20000076293945	49.75	51.20000076293945	17032	2025/01/20 
2025/01/21 	51.0	51.0	50.79999923706055	50.79999923706055	3201	2025/01/21 
2025/01/22 	50.79999923706055	50.900001525878906	50.29999923706055	50.900001525878906	12046	2025/01/22 
2025/02/03 	50.20000076293945	50.900001525878906	50.20000076293945	50.29999923706055	20320	2025/02/03 
2025/02/04 	50.29999923706055	50.70000076293945	50.29999923706055	50.5	8071	2025/02/04 
2025/02/05 	50.70000076293945	51.0	50.29999923706055	51.0	45775	2025/02/05 
2025/02/06 	51.20000076293945	53.599998474121094	51.20000076293945	52.70000076293945	58404	2025/02/06 
2025/02/07 	52.099998474121094	54.70000076293945	52.099998474121094	53.599998474121094	77018	2025/02/07 
2025/02/10 	53.0	53.099998474121094	52.5	52.5	37213	2025/02/10 
2025/02/11 	53.0	53.20000076293945	52.79999923706055	53.0	6100	2025/02/11 
2025/02/12 	53.0	53.0	52.0	52.5	30350	2025/02/12 
2025/02/13 	52.0	52.20000076293945	51.400001525878906	52.20000076293945	17601	2025/02/13 
2025/02/14 	51.79999923706055	52.0	51.0	51.79999923706055	41332	2025/02/14 
2025/02/17 	52.20000076293945	56.0	52.0	54.20000076293945	102530	2025/02/17 
2025/02/18 	55.0	57.70000076293945	55.0	55.29999923706055	161266	2025/02/18 
2025/02/19 	56.79999923706055	57.900001525878906	56.79999923706055	57.70000076293945	102392	2025/02/19 
2025/02/20 	57.70000076293945	57.70000076293945	56.0	56.20000076293945	28202	2025/02/20 
2025/02/21 	56.70000076293945	57.400001525878906	56.400001525878906	57.0	20100	2025/02/21 
2025/02/24 	55.5	57.29999923706055	55.5	55.900001525878906	65010	2025/02/24 
2025/02/25 	56.900001525878906	56.900001525878906	55.900001525878906	55.900001525878906	60500	2025/02/25 
2025/02/26 	57.0	57.0	56.0	56.400001525878906	28100	2025/02/26 
2025/02/27 	56.0	56.20000076293945	55.0	56.099998474121094	30102	2025/02/27 
2025/03/03 	56.20000076293945	56.5	55.599998474121094	56.20000076293945	49092	2025/03/03 
2025/03/04 	56.400001525878906	56.900001525878906	56.099998474121094	56.20000076293945	68301	2025/03/04 
2025/03/05 	56.5	56.5	55.5	55.70000076293945	52168	2025/03/05 
2025/03/06 	56.20000076293945	56.20000076293945	55.20000076293945	55.70000076293945	15447	2025/03/06 
2025/03/07 	55.79999923706055	55.79999923706055	55.20000076293945	55.400001525878906	14100	2025/03/07 
2025/03/10 	56.0	56.0	55.0	55.599998474121094	16355	2025/03/10 
2025/03/11 	55.79999923706055	56.20000076293945	53.900001525878906	53.900001525878906	78178	2025/03/11 
2025/03/12 	53.79999923706055	54.20000076293945	53.79999923706055	54.20000076293945	12000	2025/03/12 
2025/03/13 	54.29999923706055	54.5	53.79999923706055	54.0	32500	2025/03/13 
2025/03/14 	54.20000076293945	54.29999923706055	54.099998474121094	54.20000076293945	14000	2025/03/14 
2025/03/17 	54.79999923706055	54.79999923706055	54.099998474121094	54.400001525878906	9043	2025/03/17 
2025/03/18 	53.79999923706055	54.099998474121094	53.79999923706055	53.79999923706055	9300	2025/03/18 
2025/03/19 	54.099998474121094	54.099998474121094	53.900001525878906	54.099998474121094	7150	2025/03/19 
2025/03/20 	54.20000076293945	55.0	53.599998474121094	55.0	75092	2025/03/20 
2025/03/21 	55.29999923706055	55.29999923706055	54.400001525878906	54.400001525878906	6306	2025/03/21 
2025/03/24 	54.099998474121094	54.099998474121094	53.599998474121094	53.79999923706055	23501	2025/03/24 
2025/03/25 	54.0	54.20000076293945	53.5	53.5	47101	2025/03/25 
2025/03/26 	53.70000076293945	53.79999923706055	53.599998474121094	53.79999923706055	13200	2025/03/26 
2025/03/27 	53.900001525878906	53.900001525878906	53.900001525878906	53.900001525878906	1	2025/03/27 
2025/03/28 	53.900001525878906	53.900001525878906	53.79999923706055	53.79999923706055	3001	2025/03/28 
2025/03/31 	53.0	53.20000076293945	52.20000076293945	52.400001525878906	31300	2025/03/31 
2025/04/01 	51.599998474121094	52.400001525878906	51.599998474121094	52.20000076293945	14227	2025/04/01 
2025/04/02 	51.400001525878906	51.400001525878906	51.400001525878906	51.400001525878906	1000	2025/04/02 
2025/04/07 	49.04999923706055	49.04999923706055	40.20000076293945	40.849998474121094	194666	2025/04/07 
2025/04/08 	40.400001525878906	42.099998474121094	39.650001525878906	41.95000076293945	60640	2025/04/08 
2025/04/09 	40.849998474121094	40.849998474121094	36.45000076293945	36.45000076293945	175551	2025/04/09 
2025/04/10 	37.5	42.0	37.5	42.0	79594	2025/04/10 
2025/04/11 	40.5	40.5	39.95000076293945	40.400001525878906	39005	2025/04/11 
2025/04/14 	41.5	41.5	40.599998474121094	41.25	25304	2025/04/14 
2025/04/15 	41.25	44.29999923706055	41.25	44.29999923706055	47248	2025/04/15 
2025/04/16 	43.0	43.29999923706055	41.5	41.5	48602	2025/04/16 
2025/04/17 	41.0	42.349998474121094	41.0	42.20000076293945	38429	2025/04/17 
2025/04/18 	42.20000076293945	42.5	42.20000076293945	42.5	15702	2025/04/18 
2025/04/21 	43.900001525878906	44.20000076293945	42.0	42.04999923706055	47811	2025/04/21 
2025/04/22 	42.29999923706055	43.0	42.29999923706055	42.849998474121094	20601	2025/04/22 
2025/04/23 	43.0	44.95000076293945	42.849998474121094	44.70000076293945	18713	2025/04/23 
2025/04/24 	44.95000076293945	45.0	44.20000076293945	44.75	14807	2025/04/24 
2025/04/25 	44.79999923706055	45.25	44.20000076293945	45.150001525878906	12816	2025/04/25 
2025/04/28 	45.25	47.54999923706055	45.25	47.29999923706055	45119	2025/04/28 
2025/04/29 	47.29999923706055	49.95000076293945	46.70000076293945	49.29999923706055	59751	2025/04/29 
2025/04/30 	49.29999923706055	51.0	48.25	50.400001525878906	50999	2025/04/30 
2025/05/02 	49.900001525878906	50.5	49.79999923706055	50.20000076293945	83264	2025/05/02 
2025/05/05 	50.20000076293945	50.400001525878906	49.79999923706055	50.29999923706055	96205	2025/05/05 
2025/05/06 	50.400001525878906	50.400001525878906	48.79999923706055	50.20000076293945	47262	2025/05/06 
2025/05/07 	50.20000076293945	50.20000076293945	49.099998474121094	49.349998474121094	51107	2025/05/07 
2025/05/08 	50.0	50.29999923706055	49.20000076293945	49.95000076293945	36259	2025/05/08 
2025/05/09 	50.0	54.70000076293945	50.0	54.599998474121094	117918	2025/05/09 
2025/05/12 	54.599998474121094	54.599998474121094	52.0	53.0	48357	2025/05/12 
2025/05/13 	53.0	53.70000076293945	52.29999923706055	53.400001525878906	25312	2025/05/13 
2025/05/14 	53.599998474121094	53.70000076293945	52.599998474121094	53.599998474121094	29007	2025/05/14 
2025/05/15 	53.599998474121094	53.599998474121094	52.0	53.0	32012	2025/05/15 
2025/05/16 	53.0	53.0	52.5	52.900001525878906	13079	2025/05/16 
2025/05/19 	52.099998474121094	52.900001525878906	52.099998474121094	52.599998474121094	9602	2025/05/19 
2025/05/20 	52.599998474121094	52.599998474121094	52.0	52.20000076293945	24753	2025/05/20 
2025/05/21 	52.400001525878906	56.099998474121094	52.400001525878906	54.20000076293945	187287	2025/05/21 
2025/05/22 	54.400001525878906	54.5	53.5	53.5	68254	2025/05/22 
2025/05/23 	52.79999923706055	54.0	52.0	53.70000076293945	8631	2025/05/23 
2025/05/26 	53.0	54.5	53.0	54.400001525878906	61331	2025/05/26 
2025/05/27 	54.0	54.400001525878906	53.400001525878906	54.0	16005	2025/05/27 
2025/05/28 	54.400001525878906	54.400001525878906	52.29999923706055	53.70000076293945	65350	2025/05/28 
2025/05/29 	53.5	54.5	53.5	54.400001525878906	29304	2025/05/29 
2025/06/02 	53.400001525878906	55.5	53.400001525878906	54.599998474121094	52757	2025/06/02 
2025/06/03 	54.599998474121094	54.900001525878906	53.5	53.5	67313	2025/06/03 
2025/06/04 	55.0	56.099998474121094	54.79999923706055	55.20000076293945	41662	2025/06/04 
2025/06/05 	55.0	55.900001525878906	54.599998474121094	55.20000076293945	52509	2025/06/05 
2025/06/06 	55.099998474121094	55.29999923706055	54.599998474121094	54.900001525878906	20671	2025/06/06 
2025/06/09 	54.900001525878906	55.900001525878906	54.900001525878906	55.599998474121094	3075	2025/06/09 
2025/06/10 	55.0	55.900001525878906	53.79999923706055	55.099998474121094	9404	2025/06/10 
2025/06/11 	55.900001525878906	55.900001525878906	52.900001525878906	53.900001525878906	24291	2025/06/11 
2025/06/12 	54.0	54.0	52.79999923706055	53.29999923706055	14567	2025/06/12 
2025/06/13 	53.5	54.0	53.5	53.900001525878906	6006	2025/06/13 
2025/06/16 	53.900001525878906	54.0	52.79999923706055	53.70000076293945	12106	2025/06/16 
2025/06/17 	53.70000076293945	54.0	52.79999923706055	53.79999923706055	35318	2025/06/17 
2025/06/18 	53.900001525878906	54.0	53.0	54.0	11007	2025/06/18 
2025/06/19 	54.0	54.70000076293945	53.0	54.0	14707	2025/06/19 
2025/06/20 	54.5	54.900001525878906	53.099998474121094	54.29999923706055	22057	2025/06/20 
2025/06/23 	53.099998474121094	54.400001525878906	52.79999923706055	54.0	42703	2025/06/23 
2025/06/24 	53.20000076293945	53.5	52.599998474121094	53.0	78302	2025/06/24 
2025/06/25 	52.599998474121094	57.20000076293945	52.599998474121094	54.900001525878906	264279	2025/06/25 
2025/06/26 	54.900001525878906	55.0	52.5	53.79999923706055	152806	2025/06/26 
2025/06/27 	52.400001525878906	54.400001525878906	52.400001525878906	54.099998474121094	32108	2025/06/27 
2025/06/30 	53.900001525878906	54.79999923706055	53.0	53.900001525878906	103733	2025/06/30 
2025/07/01 	54.5	54.599998474121094	52.599998474121094	54.099998474121094	27930	2025/07/01 
2025/07/02 	53.0	54.0	52.900001525878906	53.599998474121094	59824	2025/07/02 
2025/07/03 	54.79999923706055	54.900001525878906	52.900001525878906	53.900001525878906	56337	2025/07/03 
2025/07/04 	53.900001525878906	54.0	52.400001525878906	53.900001525878906	35380	2025/07/04 
2025/07/07 	53.70000076293945	53.900001525878906	52.70000076293945	53.900001525878906	14725	2025/07/07 
2025/07/08 	53.900001525878906	53.900001525878906	52.29999923706055	53.70000076293945	8023	2025/07/08 
2025/07/09 	53.900001525878906	54.70000076293945	52.400001525878906	54.599998474121094	11146	2025/07/09 
2025/07/10 	54.599998474121094	54.599998474121094	52.79999923706055	54.099998474121094	25838	2025/07/10 
2025/07/11 	54.099998474121094	54.900001525878906	54.0	54.79999923706055	11488	2025/07/11 
2025/07/14 	54.900001525878906	54.900001525878906	54.099998474121094	54.20000076293945	10006	2025/07/14 
2025/07/15 	52.5	54.79999923706055	52.5	54.5	23210	2025/07/15 
2025/07/16 	54.900001525878906	54.900001525878906	54.5	54.5	6023	2025/07/16 
2025/07/17 	53.20000076293945	55.900001525878906	53.20000076293945	55.900001525878906	137054	2025/07/17 
2025/07/18 	55.599998474121094	61.900001525878906	55.599998474121094	58.5	605329	2025/07/18 
2025/07/21 	58.79999923706055	61.79999923706055	57.70000076293945	61.0	424648	2025/07/21 
2025/07/22 	61.900001525878906	62.599998474121094	58.29999923706055	60.900001525878906	325417	2025/07/22 
2025/07/23 	60.900001525878906	61.0	59.20000076293945	61.0	129236	2025/07/23 
2025/07/24 	60.099998474121094	63.5	60.099998474121094	61.900001525878906	177229	2025/07/24 
2025/07/25 	63.20000076293945	63.20000076293945	61.599998474121094	62.900001525878906	113165	2025/07/25 
2025/07/28 	63.0	72.5999984741211	62.70000076293945	69.0	1041909	2025/07/28 
2025/07/29 	68.9000015258789	71.30000305175781	67.0999984741211	69.5999984741211	565724	2025/07/29 
2025/07/30 	69.9000015258789	70.30000305175781	68.80000305175781	69.69999694824219	246270	2025/07/30 
2025/07/31 	70.9000015258789	86.19999694824219	70.0999984741211	82.0999984741211	1210125	2025/07/31 
2025/08/01 	82.0	108.5	79.0999984741211	104.5	1636072	2025/08/01 
2025/08/04 	104.5	170.0	104.0	157.0	2677419	2025/08/04 
2025/08/05 	151.5	178.0	119.0	146.0	2406842	2025/08/05 
2025/08/06 	146.0	153.0	133.5	140.0	841726	2025/08/06 
2025/08/07 	137.5	151.5	131.5	141.0	790341	2025/08/07 
2025/08/08 	138.5	144.5	135.0	137.0	420410	2025/08/08 
2025/08/11 	137.5	137.5	119.5	126.0	1213170	2025/08/11 
2025/08/12 	126.0	127.0	114.5	117.0	807393	2025/08/12 
2025/08/13 	115.0	118.0	102.5	107.5	974264	2025/08/13 
2025/08/14 	105.0	125.5	98.0	118.5	1931821	2025/08/14 
2025/08/15 	120.5	127.0	116.0	124.5	1784375	2025/08/15 
2025/08/18 	125.0	128.5	122.0	123.5	1032222	2025/08/18 
2025/08/19 	124.5	125.5	116.5	118.5	772917	2025/08/19 
2025/08/20 	118.5	118.5	110.0	114.0	561139	2025/08/20 
2025/08/21 	114.5	139.0	114.5	134.5	1045333	2025/08/21 
