Date	Open	High	Low	Close	Volume	Date
2023/07/21 	84.29287596008174	87.90682002476284	67.68825439984877	68.3719711303711	4662524	2023/07/21 
2023/07/24 	67.39522713644777	68.5673150623873	62.218493043626104	66.02778625488281	1613221	2023/07/24 
2023/07/25 	66.02778428263571	66.71150842897202	63.48825555098684	64.953369140625	618202	2023/07/25 
2023/07/26 	65.44174122718225	66.12545793086409	63.585929164677495	64.2696533203125	442956	2023/07/26 
2023/07/27 	64.66034724286982	68.27429878092272	64.36732897888942	67.10220336914062	735771	2023/07/27 
2023/07/28 	67.68825645995649	72.76731434629926	66.12546253927839	71.88824462890625	1842884	2023/07/28 
2023/07/31 	72.47428251371028	73.54870510659269	69.6417355381565	70.52079772949219	1433853	2023/07/31 
2023/08/04 	67.29754912684605	67.88359304402987	65.44173717913671	65.83243560791016	428431	2023/08/04 
2023/08/07 	66.41848797975682	67.10220472817873	65.14871978759766	65.14871978759766	543038	2023/08/07 
2023/08/08 	65.24640079987586	66.41848879788049	64.95337507439783	66.32081604003906	293615	2023/08/08 
2023/08/09 	65.93011474609375	66.71151167942142	64.95337230541088	65.93011474609375	324553	2023/08/09 
2023/08/10 	65.93010959120278	66.22313528127815	65.14871271897034	65.7347640991211	136375	2023/08/10 
2023/08/11 	65.93011120460932	66.22313690185547	65.24639451363903	66.22313690185547	740152	2023/08/11 
2023/08/14 	65.9301131518919	65.9301131518919	64.75802523219512	65.44174194335938	213710	2023/08/14 
2023/08/15 	65.44174158850655	65.73476729281846	64.85569763183594	64.85569763183594	67011	2023/08/15 
2023/08/16 	65.44173930241512	65.53941204978932	63.292909052370725	63.48825454711914	278100	2023/08/16 
2023/08/17 	63.976636735199264	65.73477629801697	62.51152291683592	64.7580337524414	449980	2023/08/17 
2023/08/18 	64.07430009969167	65.05104250197951	63.7812818501772	63.976627349853516	149706	2023/08/18 
2023/08/21 	64.66034340554889	64.66034340554889	63.097557067871094	63.097557067871094	139249	2023/08/21 
2023/08/22 	63.68360412668279	63.78128433227539	62.90221464561602	63.78128433227539	209125	2023/08/22 
2023/08/23 	63.2929125131054	63.58593077124969	62.90221405029297	62.90221405029297	198415	2023/08/23 
2023/08/24 	62.902214088046925	63.29291255109385	60.851052746015604	61.04640197753906	377366	2023/08/24 
2023/08/25 	60.85105141649378	61.33942262164377	57.13943100254915	58.995243072509766	443384	2023/08/25 
2023/08/28 	59.19058927370684	61.04640136561211	58.702218062781945	60.16733169555664	367954	2023/08/28 
2023/08/29 	59.87430953979492	60.36268074929729	58.702217891793914	59.87430953979492	263331	2023/08/29 
2023/08/30 	59.87430793346068	60.26500638097139	58.70221631690506	59.38593673706055	276221	2023/08/30 
2023/08/31 	59.288265578782735	60.26500799778747	58.995243598276645	59.87430953979492	290677	2023/08/31 
2023/09/01 	60.069657157216035	60.069657157216035	59.28826398817114	59.38593673706055	85801	2023/09/01 
2023/09/04 	59.77663885816992	59.77663885816992	58.89756916023546	59.092918395996094	142592	2023/09/04 
2023/09/05 	58.89756916023546	59.58128962240929	58.89756916023546	59.092918395996094	142138	2023/09/05 
2023/09/06 	59.09291481852468	59.09291481852468	57.33477925506967	57.530128479003906	278092	2023/09/06 
2023/09/07 	58.116171771082385	58.116171771082385	56.06501425778772	56.651058197021484	205832	2023/09/07 
2023/09/08 	56.55338544914136	56.651058197021484	54.697573431606955	56.651058197021484	226960	2023/09/08 
2023/09/11 	56.748734167917185	58.11617507176107	55.478969743477414	55.77199172973633	550345	2023/09/11 
2023/09/12 	56.35803808417521	56.84640929161871	55.478968420386266	55.57664489746094	174660	2023/09/12 
2023/09/13 	56.26036404102789	56.55338975895212	55.38129806518555	55.38129806518555	89550	2023/09/13 
2023/09/14 	55.28361919830786	55.3812956753933	53.52548359651277	53.72083282470703	303789	2023/09/14 
2023/09/15 	53.916181694794055	53.916181694794055	52.25571885513646	53.134788513183594	305028	2023/09/15 
2023/09/18 	52.74409075247375	55.08827405408547	52.74409075247375	54.30687713623047	271370	2023/09/18 
2023/09/19 	54.69757540646032	55.869667053222656	54.11153144606747	55.869667053222656	385631	2023/09/19 
2023/09/20 	55.6743154878016	60.75337659328757	55.6743154878016	59.776634216308594	1017085	2023/09/20 
2023/09/21 	59.483616867517355	61.53477452806205	58.99524564110416	59.092918395996094	456202	2023/09/21 
2023/09/22 	58.995241648075734	58.995241648075734	56.6510584295652	58.79989242553711	224151	2023/09/22 
2023/09/25 	58.79989060705315	59.092912568810654	57.62779903404675	58.018497467041016	222425	2023/09/25 
2023/09/26 	57.62780076810861	57.725473516308014	56.45570915983313	56.9440803527832	270918	2023/09/26 
2023/09/27 	56.13650219633793	58.10620402778839	55.93953126181127	57.90923309326172	331475	2023/09/27 
2023/09/28 	57.90923455230065	58.10620549179006	57.022870959960635	57.41680908203125	183541	2023/09/28 
2023/10/02 	57.31832219318036	57.61377670696267	56.628925823082966	57.51529312133789	113782	2023/10/02 
2023/10/03 	57.41680863324544	57.61377957119526	57.02287051425396	57.31832504272461	58030	2023/10/03 
2023/10/04 	57.318325548638775	57.318325548638775	56.43195819849523	56.628929138183594	160807	2023/10/04 
2023/10/05 	57.219836738287746	57.31832408406952	56.431956756573996	57.12135314941406	160140	2023/10/05 
2023/10/06 	57.21983769529562	57.31832504272461	56.53044504783348	57.31832504272461	148164	2023/10/06 
2023/10/11 	56.924383218224136	56.924383218224136	56.333474160749276	56.53044509887695	126521	2023/10/11 
2023/10/12 	56.33347221899664	56.924381256103516	55.939530356320034	56.924381256103516	275535	2023/10/12 
2023/10/13 	56.53044509887695	56.53044509887695	56.03801963201185	56.53044509887695	103010	2023/10/13 
2023/10/16 	56.2349853515625	56.7274108056284	56.0380181754626	56.2349853515625	77775	2023/10/16 
2023/10/17 	56.038018681838665	56.431956794506284	55.644076812262945	56.333473205566406	224063	2023/10/17 
2023/10/18 	55.84104583338046	56.136500346982984	55.05316587813773	55.93952941894531	171216	2023/10/18 
2023/10/19 	55.93953040604029	55.93953040604029	55.25013402419749	55.3486213684082	50000	2023/10/19 
2023/10/20 	55.3486213684082	55.64407588722425	54.95467950538145	55.3486213684082	190513	2023/10/20 
2023/10/23 	55.34862040317603	55.5455913312544	54.954678547019284	55.151649475097656	131450	2023/10/23 
2023/10/24 	54.95467950538145	55.84104681873762	54.75770857386808	55.3486213684082	227489	2023/10/24 
2023/10/25 	55.25013587950116	56.53044509887695	55.1516522888914	56.53044509887695	156530	2023/10/25 
2023/10/26 	56.234984899514146	56.431955830938755	55.93953038083125	56.13650131225586	115610	2023/10/26 
2023/10/27 	56.23498635367125	56.23498635367125	55.25013542798939	55.64407730102539	84160	2023/10/27 
2023/10/30 	55.644079215692784	55.644079215692784	55.053170142714215	55.25013732910156	61206	2023/10/30 
2023/10/31 	54.65922981678803	54.65922981678803	53.96983337402344	53.96983337402344	79110	2023/10/31 
2023/11/01 	54.36377284045254	54.560743780562696	53.96983096023222	54.26528549194336	101240	2023/11/01 
2023/11/02 	54.462256432053515	54.65922737216368	53.96983096023222	54.26528549194336	51110	2023/11/02 
2023/11/03 	54.56074428788894	54.75771147292237	54.363773345947266	54.363773345947266	53070	2023/11/03 
2023/11/06 	54.26528644169636	54.95468286569365	54.16680284837172	54.462257385253906	19021	2023/11/06 
2023/11/07 	54.75771096376465	54.75771096376465	54.26528549194336	54.26528549194336	31062	2023/11/07 
2023/11/08 	54.65922788040565	54.75771147292237	53.67437692760555	54.363773345947266	240850	2023/11/08 
2023/11/09 	54.95467995337118	56.13650179517759	54.7577090202521	55.447105407714844	177725	2023/11/09 
2023/11/10 	55.54559326171875	55.644076850726705	54.85619686793874	55.54559326171875	112110	2023/11/10 
2023/11/13 	55.545592250551465	59.38650850556221	55.545592250551465	56.924381256103516	461608	2023/11/13 
2023/11/14 	56.72741174007778	58.7956009353679	56.43195721415294	58.007720947265625	189820	2023/11/14 
2023/11/15 	57.909233600685255	58.303175473190464	57.51529548508818	58.007720947265625	130978	2023/11/15 
2023/11/16 	58.10620645376352	58.10620645376352	57.31832643967041	57.6137809753418	98921	2023/11/16 
2023/11/17 	57.51529402560485	57.810748544032364	56.9243812318418	57.71226119995117	58503	2023/11/17 
2023/11/20 	57.61377762178215	59.28802490234375	57.41680669049701	59.28802490234375	141308	2023/11/20 
2023/11/21 	58.8940874362297	59.091058382218755	56.13650546310782	57.810752868652344	152470	2023/11/21 
2023/11/22 	58.00772042248647	59.4849967956543	57.12135309582254	59.4849967956543	268320	2023/11/22 
2023/11/23 	59.38651135646748	59.780453238055635	57.12135492960612	59.09105682373047	212635	2023/11/23 
2023/11/24 	59.189539966816014	59.28802731492029	58.69711449701918	58.99257278442383	33650	2023/11/24 
2023/11/27 	59.09105546129274	59.09105546129274	58.007720947265625	58.007720947265625	125615	2023/11/27 
2023/11/28 	57.81074946766555	60.07590582101056	57.318324010116285	58.697113037109375	155775	2023/11/28 
2023/11/29 	59.1895404156734	60.07590777079264	58.59863135019938	59.09105682373047	178450	2023/11/29 
2023/11/30 	59.09105682373047	59.583482297261554	58.69711494214231	59.09105682373047	205470	2023/11/30 
2023/12/01 	59.18953980345889	63.32591824662613	58.99257262161032	61.3562126159668	597620	2023/12/01 
2023/12/04 	62.24257707442027	64.01530792717584	61.060755253613884	63.91682434082031	550181	2023/12/04 
2023/12/05 	63.91682822902682	63.91682822902682	62.341064453125	62.341064453125	247500	2023/12/05 
2023/12/06 	62.341067125705585	63.71985626220703	61.947128982523054	63.71985626220703	273563	2023/12/06 
2023/12/07 	63.71985391479804	63.91682861449543	62.83349030760926	63.2274284362793	205523	2023/12/07 
2023/12/08 	63.52288491385323	63.62136850397967	62.04560852050781	62.04560852050781	324818	2023/12/08 
2023/12/11 	62.43955135400518	63.03046041765744	61.55318400161859	62.24258041381836	69797	2023/12/11 
2023/12/12 	61.553185537133395	62.63652009982363	60.371363623438775	60.962276458740234	257793	2023/12/12 
2023/12/13 	61.06075668334961	61.356211206242264	60.86378574911848	61.06075668334961	13903	2023/12/13 
2023/12/14 	60.863788157989	61.257730042042716	60.76530456542969	60.76530456542969	28513	2023/12/14 
2023/12/15 	60.76530120292942	60.86378479003906	60.07590482243788	60.86378479003906	69765	2023/12/15 
2023/12/18 	60.863786283338804	60.863786283338804	58.89408443755497	59.58348083496094	207773	2023/12/18 
2023/12/19 	59.484995809483884	60.075904846191406	58.89408301586833	60.075904846191406	75003	2023/12/19 
2023/12/20 	59.78045035210258	59.78045035210258	58.89408303977348	59.28802490234375	24352	2023/12/20 
2023/12/21 	59.288029162083234	59.386512756347656	58.50014913724294	59.386512756347656	66413	2023/12/21 
2023/12/22 	59.38651187484833	59.38651187484833	58.20468997667603	58.40166091918945	83663	2023/12/22 
2023/12/25 	58.7956013400698	58.89408493041992	58.20468852724463	58.89408493041992	38443	2023/12/25 
2023/12/26 	58.59862995500894	58.89408448071139	58.50014636541083	58.79560089111328	32822	2023/12/26 
2023/12/27 	58.598630452560165	58.795601390336955	57.121354054596466	58.106204986572266	261145	2023/12/27 
2023/12/28 	57.909234048795476	58.106204986572266	57.613779520584366	58.106204986572266	75774	2023/12/28 
2023/12/29 	57.90923213120553	58.303173993714225	57.613777612778016	57.71226119995117	42353	2023/12/29 
2024/01/02 	57.712263612811256	58.10620549179006	57.41680908203125	57.41680908203125	72000	2024/01/02 
2024/01/03 	57.022871758586035	61.55318464574993	56.825900816337985	59.97742462158203	220853	2024/01/03 
2024/01/04 	58.89408443755497	60.0759062964069	58.59862991206902	59.58348083496094	110500	2024/01/04 
2024/01/05 	59.58348087862253	59.78045181472688	58.79560089111328	58.79560089111328	60248	2024/01/05 
2024/01/08 	59.28802731492029	59.48499825422066	58.89408543631955	58.99257278442383	39308	2024/01/08 
2024/01/09 	58.89408632806701	59.28802821263264	58.795602735379724	59.18954086303711	41685	2024/01/09 
2024/01/10 	59.28802490234375	59.386508489532304	58.99257038387007	59.28802490234375	30502	2024/01/10 
2024/01/11 	59.28802490234375	59.386508489532304	58.99257038387007	59.28802490234375	30252	2024/01/11 
2024/01/12 	58.99257462238166	59.5834837017848	58.99257462238166	59.386512756347656	101100	2024/01/12 
2024/01/15 	59.681965380260195	59.780452728271484	59.18953991092832	59.780452728271484	71531	2024/01/15 
2024/01/16 	59.68196397321687	59.68196397321687	59.189538515494256	59.4849967956543	43606	2024/01/16 
2024/01/17 	59.386508489532304	59.386508489532304	58.99257038387007	59.28802490234375	39144	2024/01/17 
2024/01/19 	59.09105394707352	60.37135936454517	58.795599428719754	60.075904846191406	130383	2024/01/19 
2024/01/22 	60.27287915649998	60.27287915649998	59.28802820216798	59.97742462158203	34767	2024/01/22 
2024/01/23 	59.97742462158203	60.469850098748026	59.97742462158203	59.97742462158203	83703	2024/01/23 
2024/01/24 	59.78045222144387	60.1743903394246	59.386510346555	59.68196487426758	116093	2024/01/24 
2024/01/25 	59.68196393645396	60.96227313127057	59.68196393645396	60.27287673950195	171458	2024/01/25 
2024/01/26 	60.469850098748026	61.35621370350188	59.97742462158203	59.97742462158203	392253	2024/01/26 
2024/01/29 	60.17439364524038	60.6668191374499	59.87893910129634	60.37136459350586	257542	2024/01/29 
2024/01/30 	60.37135936454517	60.56833029575035	59.09105394707352	60.075904846191406	247202	2024/01/30 
2024/01/31 	60.075904846191406	60.46984670860178	59.97742125904283	60.075904846191406	124042	2024/01/31 
2024/02/01 	60.37136459350586	60.37136459350586	59.977426453883254	60.37136459350586	125103	2024/02/01 
2024/02/02 	60.371363645367346	60.371363645367346	59.878938160891416	60.17439270019531	213270	2024/02/02 
2024/02/05 	59.878938160891416	60.272880051235475	59.878938160891416	60.17439270019531	161203	2024/02/05 
2024/02/15 	60.27287577739659	60.27287577739659	59.78045032783765	60.075904846191406	305302	2024/02/15 
2024/02/16 	60.17439180692183	60.27287915649998	59.091057259919936	59.97742462158203	240421	2024/02/16 
2024/02/19 	59.78045222144387	59.977423158888314	59.484997693731295	59.68196487426758	308208	2024/02/19 
2024/02/20 	59.97742462158203	60.17439180692183	59.58348273708593	59.97742462158203	260104	2024/02/20 
2024/02/21 	59.78045128208267	60.27287673950195	59.78045128208267	60.27287673950195	157477	2024/02/21 
2024/02/22 	60.27287908881665	60.962275507456546	59.78045361220362	60.76530456542969	415201	2024/02/22 
2024/02/23 	60.469844875030134	64.40924835205078	60.0759030245649	64.40924835205078	1689674	2024/02/23 
2024/02/26 	64.50773677229881	64.50773677229881	60.76530393994403	63.030460357666016	561571	2024/02/26 
2024/02/27 	63.32591719033337	64.01530982912048	62.93197531939092	63.522884368896484	377167	2024/02/27 
2024/02/29 	63.52288527161111	64.50773620605469	63.325918090248926	64.50773620605469	296058	2024/02/29 
2024/03/01 	64.9016718705263	65.98500629195952	64.01530461160252	65.591064453125	559739	2024/03/01 
2024/03/04 	65.59107002098372	72.38654289782887	65.00016096947898	69.9244155883789	928640	2024/03/04 
2024/03/05 	69.43198958443952	71.69714969697608	68.84108053754797	70.61380767822266	890231	2024/03/05 
2024/03/06 	71.20473104268736	71.20473104268736	69.92442172390598	70.4168472290039	417724	2024/03/06 
2024/03/07 	70.71230230885392	71.20472779146762	65.98501467023577	68.93956756591797	655938	2024/03/07 
2024/03/08 	68.0531964720162	69.23502207393447	65.00016014957225	66.57592010498047	415656	2024/03/08 
2024/03/11 	66.08348991864237	67.16682434082031	65.19712265910927	67.16682434082031	163628	2024/03/11 
2024/03/12 	67.16683282298202	69.43199304853167	66.87138204170374	68.93956756591797	256182	2024/03/12 
2024/03/13 	69.33350467305307	69.43198826002039	67.46228646540987	67.9547119140625	114184	2024/03/13 
2024/03/14 	67.95471528130042	68.25017357065873	67.36380621640022	67.85623168945312	74616	2024/03/14 
2024/03/15 	67.95471528130042	68.25017357065873	67.36380621640022	67.85623168945312	94042	2024/03/15 
2024/03/18 	67.85623067601449	68.05319785676737	67.06834692537039	67.65925598144531	54375	2024/03/18 
2024/03/19 	67.06834658260765	67.5607720457895	66.47743752955265	66.77289581298828	154758	2024/03/19 
2024/03/20 	66.8713755248342	66.8713755248342	65.9850082397461	65.9850082397461	49243	2024/03/20 
2024/03/21 	65.98501351184983	66.57592257784937	65.59107162991131	66.28047180175781	161899	2024/03/21 
2024/03/22 	66.4774369845425	67.46228790283203	66.08349511446346	67.46228790283203	83257	2024/03/22 
2024/03/25 	67.46229111807688	69.43199304853167	67.26532393055801	68.93956756591797	341290	2024/03/25 
2024/03/26 	69.23502205422722	71.20472387638085	68.6441054965282	69.72744750976562	386279	2024/03/26 
2024/03/27 	69.92441463688381	70.02289822515844	67.4622873609372	68.15167999267578	396923	2024/03/27 
2024/03/28 	68.1516833612088	69.33350902036695	67.65925788168036	68.0531997680664	138179	2024/03/28 
2024/03/29 	68.93956084681501	69.23501911311341	67.46228454295469	69.13652801513672	114791	2024/03/29 
2024/04/01 	69.13652994032876	70.02289725009011	68.44713731818996	69.53047180175781	145288	2024/04/01 
2024/04/02 	69.23501922595845	71.20472096764927	68.9395609591785	70.71229553222656	532956	2024/04/02 
2024/04/03 	70.71230057552806	73.56836229362543	70.31835869633024	72.58351135253906	955634	2024/04/03 
2024/04/08 	72.38654622045057	72.87897170494342	70.71230257870148	71.40169525146484	186726	2024/04/08 
2024/04/09 	71.40169234502883	72.38654327392578	70.61380859638476	72.38654327392578	289070	2024/04/09 
2024/04/10 	72.87897302542507	73.27291492292044	71.59866373701928	72.48503112792969	299504	2024/04/10 
2024/04/11 	72.87896873837425	72.87896873837425	71.69715062922442	72.38654327392578	115238	2024/04/11 
2024/04/12 	71.8941237442977	72.0910909408101	70.31836363074771	70.4168472290039	249613	2024/04/12 
2024/04/15 	70.3183621493291	71.30321313877681	70.3183621493291	70.90927124023438	37614	2024/04/15 
2024/04/16 	70.51532227995251	70.90926413904373	69.82592966190488	70.2198715209961	189600	2024/04/16 
2024/04/17 	69.9244150424852	70.71229878088475	69.9244150424852	70.61380767822266	46261	2024/04/17 
2024/04/18 	70.21986869230999	71.50017029051172	70.21986869230999	71.20471954345703	97867	2024/04/18 
2024/04/19 	70.71230125799991	70.90926844259164	68.3486574738169	70.318359375	122957	2024/04/19 
2024/04/22 	69.53047180175781	70.21987193771265	69.43198821485456	69.53047180175781	39083	2024/04/22 
2024/04/23 	68.93956654140854	70.318359375	68.93956654140854	70.318359375	60194	2024/04/23 
2024/04/24 	69.62896194842567	71.10623843259721	69.62896194842567	70.90927124023438	78108	2024/04/24 
2024/04/25 	70.41684574551053	71.79563863350066	70.41684574551053	70.90927124023438	7260394	2024/04/25 
2024/04/26 	71.20472660405906	72.09108644692954	70.90926831389126	71.89411926269531	311840	2024/04/26 
2024/04/29 	71.89411734786687	71.89411734786687	70.90926642529335	71.50017547607422	105544	2024/04/29 
2024/04/30 	71.20472616167064	71.50017693618638	70.90926787333851	71.00775146484375	23219	2024/04/30 
2024/05/02 	71.00774911889015	71.40169098571248	70.71229835413551	71.30320739746094	62438	2024/05/02 
2024/05/03 	71.3032031258086	71.50017029051172	70.90926128258664	71.20471954345703	100466	2024/05/03 
2024/05/06 	70.90927124023438	71.0077548364158	70.61381293787336	70.90927124023438	48036	2024/05/06 
2024/05/07 	70.5153326991961	71.1062418182368	70.5153326991961	70.810791015625	70448	2024/05/07 
2024/05/08 	70.71230069032801	71.00775146484375	70.41684240199588	71.00775146484375	66883	2024/05/08 
2024/05/09 	70.61381104715775	71.1062365286967	70.4168438600688	70.51532745361328	78690	2024/05/09 
2024/05/10 	70.90926128258664	71.20471954345703	70.71229411788352	71.20471954345703	60817	2024/05/10 
2024/05/13 	70.7123074147544	71.20473293292451	70.41684909832549	70.810791015625	69025	2024/05/13 
2024/05/14 	70.41684050053087	71.10623313626833	70.41684050053087	70.61380767822266	21152	2024/05/14 
2024/05/15 	71.0077448649382	71.50017029051172	70.71229411788352	71.20471954345703	123410	2024/05/15 
2024/05/16 	71.3032031258086	71.79562855138211	70.90926128258664	71.20471954345703	71560	2024/05/16 
2024/05/17 	70.90926128258664	71.20471954345703	70.61380302171625	71.20471954345703	61350	2024/05/17 
2024/05/20 	71.20472616167064	71.50017693618638	70.90926787333851	71.00775146484375	75960	2024/05/20 
2024/05/21 	71.0077548364158	71.30321313877681	70.41684574551053	70.90927124023438	155900	2024/05/21 
2024/05/22 	70.61380624142696	71.40168996379525	70.61380624142696	71.10623168945312	48211	2024/05/22 
2024/05/23 	70.7123074147544	71.30321653379511	70.5153326991961	70.810791015625	169170	2024/05/23 
2024/05/24 	70.51531943936469	71.40168670816016	70.51531943936469	71.20471954345703	43520	2024/05/24 
2024/05/27 	70.9092655306386	71.40169098571248	70.81078194238705	71.30320739746094	105801	2024/05/27 
2024/05/28 	71.40169098571248	71.69714926428327	70.9092655306386	71.30320739746094	198129	2024/05/28 
2024/05/29 	71.79563332589287	72.1895751953125	71.10623317595443	72.1895751953125	426728	2024/05/29 
2024/05/30 	71.7956370889145	78.29565197666693	71.69715349485183	77.01534271240234	821591	2024/05/30 
2024/05/31 	77.01533508854918	77.01533508854918	73.56835704086038	73.86381530761719	287282	2024/05/31 
2024/06/03 	74.84866474480029	74.84866474480029	73.86381389289502	74.35623931884766	94811	2024/06/03 
2024/06/04 	73.96230272728292	75.83352098153868	73.96230272728292	74.65170288085938	282518	2024/06/04 
2024/06/05 	75.43958001691576	75.83352189314994	74.65170377826374	74.84867095947266	82601	2024/06/05 
2024/06/06 	75.34109406713107	75.73503593102961	75.14412689208984	75.14412689208984	59751	2024/06/06 
2024/06/07 	75.14412868980962	75.63655415300939	75.04563758611665	75.5380630493164	52064	2024/06/07 
2024/06/11 	75.53806908527775	77.7047458047774	75.43958548753162	77.60626220703125	256339	2024/06/11 
2024/06/12 	77.60625258027015	81.93959045410156	77.3107943098653	81.93959045410156	823868	2024/06/12 
2024/06/13 	82.03808978457201	83.3183915525456	80.36383860732188	81.25020599365234	378316	2024/06/13 
2024/06/14 	81.54565899332985	81.54565899332985	80.56080807560275	80.95474243164062	86468	2024/06/14 
2024/06/17 	80.75777580401649	81.05323408687477	80.26535034179688	80.26535034179688	180219	2024/06/17 
2024/06/18 	80.26534695864997	82.13656513897678	80.26534695864997	81.93959045410156	194881	2024/06/18 
2024/06/19 	81.34868339431067	81.93959243559398	80.26534889965522	80.75777435302734	240387	2024/06/19 
2024/06/20 	81.05322873620528	81.05322873620528	79.77291961342647	79.96988677978516	193896	2024/06/20 
2024/06/21 	79.7729298894267	80.26535538257131	76.42443503328	78.09868621826172	410050	2024/06/21 
2024/06/24 	78.98503929298846	79.28049756895821	77.90170480412615	78.29564666748047	113980	2024/06/24 
2024/06/25 	78.09868285125137	78.98504268964531	77.40928268228048	78.1971664428711	84412	2024/06/25 
2024/06/26 	79.08352989996773	79.08352989996773	75.83351893987523	77.4092788696289	430461	2024/06/26 
2024/06/27 	77.70473852412879	78.7880730254657	77.31079665623822	78.49261474609375	150887	2024/06/27 
2024/06/28 	78.09868562843621	79.08353660728753	77.90171092437595	78.78807830810547	47275	2024/06/28 
2024/07/01 	78.68958847969695	81.2501993191118	77.90170475350034	79.87140655517578	215090	2024/07/01 
2024/07/02 	79.57595914762243	80.26535180174274	79.47746804233405	79.7729263305664	64680	2024/07/02 
2024/07/03 	79.77292677262551	80.65929412841797	79.57595958859004	80.65929412841797	71558	2024/07/03 
2024/07/04 	80.46231607547763	81.05323263057707	80.26534889965522	80.75777435302734	89463	2024/07/04 
2024/07/05 	81.05323499273082	81.05323499273082	80.46231842041016	80.46231842041016	41718	2024/07/05 
2024/07/08 	80.4623208986313	80.56081200626248	79.77292822811252	80.1668701171875	101634	2024/07/08 
2024/07/09 	80.16686483095353	80.26534841827409	79.37898110475693	79.87140655517578	103716	2024/07/09 
2024/07/10 	79.8714099220384	80.46231898468672	79.47746804233405	79.7729263305664	50869	2024/07/10 
2024/07/11 	80.06838989257812	80.46232428441294	79.18202248331603	80.06838989257812	140068	2024/07/11 
2024/07/12 	80.4623223848432	80.4623223848432	79.28050420960558	79.67444610595703	30062	2024/07/12 
2024/07/15 	80.06837930580875	80.16686289074579	79.37897918361764	79.47746276855469	72955	2024/07/15 
2024/07/16 	79.77292441418601	79.77292441418601	78.49261521435778	79.37898254394531	217269	2024/07/16 
2024/07/17 	79.28050142507203	79.37898501724672	78.29565047569226	79.08353424072266	44268	2024/07/17 
2024/07/18 	78.59110922078997	78.68959281353452	77.70474185845603	78.39413452148438	136199	2024/07/18 
2024/07/19 	78.09868039201935	79.08353130483768	78.00018928968458	78.49261474609375	95191	2024/07/19 
2024/07/22 	78.68959146119717	78.78807505224921	77.01534035804706	77.31079864501953	290835	2024/07/22 
2024/07/23 	77.80321929590622	78.59110300316327	77.70473571095306	77.90170288085938	113314	2024/07/23 
2024/07/26 	78.29564811609968	78.29564811609968	77.7047390670433	77.80322265625	58406	2024/07/26 
2024/07/29 	78.29564811609968	78.78807357594937	77.80322265625	77.80322265625	45415	2024/07/29 
2024/07/30 	77.60625826571149	78.78807640627907	77.60625826571149	78.39413452148438	22776	2024/07/30 
2024/07/31 	78.68959382350076	78.98504460552647	78.29565193364989	78.59111022949219	41042	2024/07/31 
2024/08/01 	78.59110832316641	78.68959191478613	77.5077662739002	78.1971664428711	70641	2024/08/01 
2024/08/02 	77.11383680805469	77.80322950702052	76.0304946899414	76.0304946899414	189451	2024/08/02 
2024/08/05 	76.12898229255342	76.81837495974244	71.89412015463074	72.0910873413086	559036	2024/08/05 
2024/08/06 	73.17442984081562	73.17442984081562	71.007753205505	72.97745513916016	260963	2024/08/06 
2024/08/07 	72.97745367684402	74.45473009748385	72.4850282032974	73.46987915039062	116313	2024/08/07 
2024/08/08 	72.87896818501221	73.17442646696443	72.87896818501221	73.07593536376953	22223	2024/08/08 
2024/08/09 	73.17442270360577	74.84866617838541	73.17442270360577	73.86381530761719	57100	2024/08/09 
2024/08/12 	74.8486733218103	74.94715691552305	74.06078954447514	74.55321502685547	65913	2024/08/12 
2024/08/13 	74.5532079116286	74.5532079116286	73.86381530761719	73.86381530761719	53871	2024/08/13 
2024/08/14 	73.568359375	74.25775951470021	73.568359375	73.568359375	59901	2024/08/14 
2024/08/15 	73.56836761767516	73.56836761767516	72.38654940837138	72.87897491455078	50820	2024/08/15 
2024/08/16 	73.07593211895188	73.17442321777344	72.58350668010769	73.17442321777344	75444	2024/08/16 
2024/08/19 	73.27291682225768	73.46988401920267	72.87897491455078	72.87897491455078	48713	2024/08/19 
2024/08/20 	73.17442321777344	73.17442321777344	72.7804813639349	73.17442321777344	31122	2024/08/20 
2024/08/21 	73.07594211149576	73.17443322378519	72.48503300684388	72.87897491455078	38216	2024/08/21 
2024/08/22 	72.48502686405222	72.68200155812139	72.09108498973018	72.38654327392578	20613	2024/08/22 
2024/08/23 	71.89411589979422	72.48502493867313	71.89411589979422	71.99259948730469	5803	2024/08/23 
2024/08/26 	72.28806204180299	72.48502922848084	71.99260374796967	72.0910873413086	33433	2024/08/26 
2024/08/27 	72.48502981458581	72.48502981458581	70.90926976697199	71.40169525146484	101752	2024/08/27 
2024/08/28 	71.40169378829329	72.28806114498022	71.20472660405906	71.89411926269531	48181	2024/08/28 
2024/08/29 	72.53913319000316	72.93606567382812	72.14220070617819	72.93606567382812	53200	2024/08/29 
2024/08/30 	72.93606639295872	74.22609508539487	72.63836513444038	73.82916259765625	58943	2024/08/30 
2024/09/02 	74.12684988983867	74.12684988983867	72.93606010021865	73.33299255371094	28613	2024/09/02 
2024/09/03 	73.03529591458738	73.03529591458738	72.2414385285283	72.73760223388672	57013	2024/09/03 
2024/09/04 	72.24143672900723	72.43989917786402	71.64603424072266	71.64603424072266	34641	2024/09/04 
2024/09/05 	72.43990227668249	72.43990227668249	71.64603730558134	72.24143981933594	55116	2024/09/05 
2024/09/06 	72.34067202925806	72.43990325927734	71.94373953832338	72.43990325927734	26000	2024/09/06 
2024/09/09 	72.53913245705353	72.63836368429276	72.04296875	72.04296875	19613	2024/09/09 
2024/09/10 	72.63836499651465	72.63836499651465	71.24911264835363	71.54680633544922	29213	2024/09/10 
2024/09/11 	71.94373752276077	72.34067000257505	71.64603627018572	72.04296875	52113	2024/09/11 
2024/09/12 	72.24143778442831	72.24143778442831	71.44757283568887	71.8445053100586	63100	2024/09/12 
2024/09/13 	71.94373653593671	72.34066901030643	71.34834160981076	71.8445053100586	20974	2024/09/13 
2024/09/16 	71.84450099530923	71.94373221522784	71.447568544778	71.74526977539062	17293	2024/09/16 
2024/09/18 	71.24911192145278	71.74527563240758	70.45524695558214	70.6537094116211	128441	2024/09/18 
2024/09/19 	71.05063861661331	71.05063861661331	69.95908001704362	70.75294494628906	48264	2024/09/19 
2024/09/20 	70.7529446685609	71.74527204079398	70.7529446685609	71.44757080078125	60000	2024/09/20 
2024/09/23 	71.64603224751083	71.64603224751083	70.95140612497967	71.24910736083984	33205	2024/09/23 
2024/09/24 	71.34833957772935	71.74527204079398	70.55447465160007	71.44757080078125	28326	2024/09/24 
2024/09/25 	71.74526977539062	71.74526977539062	71.14986731416538	71.74526977539062	33014	2024/09/25 
2024/09/26 	71.74526997457627	71.74526997457627	70.65370383987067	71.0506362915039	109337	2024/09/26 
2024/09/27 	71.44756980417534	71.54680102584308	70.95140612497967	71.24910736083984	48868	2024/09/27 
2024/09/30 	70.95141197761038	70.95141197761038	69.46292081724093	70.15754699707031	113846	2024/09/30 
2024/10/01 	70.15754168949913	70.45524292739428	69.56214678456577	69.85984802246094	68642	2024/10/01 
2024/10/04 	69.76062207765783	70.15754699707031	69.76062207765783	70.15754699707031	17201	2024/10/04 
2024/10/07 	70.25678513350053	70.25678513350053	69.26445770263672	69.26445770263672	90946	2024/10/07 
2024/10/08 	69.46291451143507	69.661376953125	69.16521327804332	69.661376953125	60914	2024/10/08 
2024/10/09 	69.66138027342623	69.76061906985811	69.26445537112757	69.56214904785156	44621	2024/10/09 
2024/10/11 	69.66138360321388	69.66138360321388	68.86752618981325	69.46292114257812	52114	2024/10/11 
2024/10/14 	69.46291683207026	69.66137928039048	68.96675314041262	69.36368560791016	53944	2024/10/14 
2024/10/15 	69.36368861549505	70.6537097272255	68.76829367386118	69.9590835571289	201342	2024/10/15 
2024/10/16 	70.25678125822492	70.75294494628906	69.95908001704362	70.75294494628906	58346	2024/10/16 
2024/10/17 	70.45524165756932	70.45524165756932	69.56214553083721	70.35601043701172	51200	2024/10/17 
2024/10/18 	70.35601043701172	70.65370409868453	70.05830920448207	70.35601043701172	47415	2024/10/18 
2024/10/21 	70.3560154771304	72.14220028769532	70.25678424946413	71.34834289550781	105916	2024/10/21 
2024/10/22 	71.7452750682823	72.04296875	71.44757381570724	72.04296875	22224	2024/10/22 
2024/10/23 	72.14219665527344	72.24143544880032	71.84450298726377	72.14219665527344	96914	2024/10/23 
2024/10/24 	72.43989689267914	72.43989689267914	71.94373321533203	71.94373321533203	58216	2024/10/24 
2024/10/25 	72.43990023618456	72.73760148467615	71.64603528744512	71.8445053100586	105533	2024/10/25 
2024/10/28 	71.54680330606936	71.84450455141739	70.85217716140018	70.95140838623047	90674	2024/10/28 
2024/10/29 	71.05064261943244	71.54680633544922	70.95141139040057	71.54680633544922	31000	2024/10/29 
2024/11/01 	71.14986956076851	71.44757080078125	71.0506383377166	71.44757080078125	39081	2024/11/01 
2024/11/04 	71.05063861661331	71.2491086343532	69.46291632897947	70.75294494628906	62824	2024/11/04 
2024/11/06 	70.45524695558214	70.95141066653694	70.15754570066629	70.6537094116211	49313	2024/11/06 
2024/11/07 	70.65370615199059	70.85217616973048	70.25678125822492	70.75294494628906	48010	2024/11/07 
2024/11/08 	70.95141139040057	72.43990253845094	70.95141139040057	71.54680633544922	52300	2024/11/08 
2024/11/11 	72.63836473402905	72.73760353355979	71.94373856245863	72.24143981933594	33272	2024/11/11 
2024/11/12 	72.14219565792813	72.14219565792813	70.95140586063779	71.94373321533203	73314	2024/11/12 
2024/11/13 	71.74527077273595	72.04296443663007	71.74527077273595	71.94373321533203	13200	2024/11/13 
2024/11/14 	71.94373448689778	72.04296570994968	71.0506383377166	71.44757080078125	49764	2024/11/14 
2024/11/15 	71.05064090233932	71.34834215309779	69.95908226765377	70.45524597167969	73514	2024/11/15 
2024/11/18 	70.45524695558214	70.75294821049798	70.25678449954317	70.6537094116211	13710	2024/11/18 
2024/11/19 	70.45524597167969	70.75294722243815	69.95908226765377	70.45524597167969	33644	2024/11/19 
2024/11/20 	70.15754042503967	70.75294289009896	69.95907798392446	70.35601043701172	75169	2024/11/20 
2024/11/21 	70.75294341804171	72.24143445008306	70.65370462588677	71.94373321533203	119478	2024/11/21 
2024/11/22 	71.94373321533203	72.43989689267914	71.646031980581	71.94373321533203	60696	2024/11/22 
2024/11/25 	71.94373448689778	71.94373448689778	71.14986956076851	71.44757080078125	27210	2024/11/25 
2024/11/26 	70.9514071146647	71.74527204079398	70.9514071146647	71.44757080078125	12401	2024/11/26 
2024/11/27 	71.64603424072266	71.74527303600817	71.14987054772358	71.64603424072266	38142	2024/11/27 
2024/11/28 	71.24910835467745	71.64603324688505	70.9514071146647	71.44757080078125	30844	2024/11/28 
2024/11/29 	71.24910934300911	72.24143672900723	71.24910934300911	71.64603424072266	75046	2024/11/29 
2024/12/02 	72.14219666627983	76.60766982481907	72.14219666627983	75.11917877197266	212370	2024/12/02 
2024/12/03 	74.92071538062612	78.59232356961206	74.62301414547292	77.89769744873047	303332	2024/12/03 
2024/12/04 	77.99692918320767	81.86700741137115	77.59999672401145	79.48542022705078	573977	2024/12/04 
2024/12/05 	79.38618949633005	79.8823531806821	77.59999720431982	78.09616088867188	286245	2024/12/05 
2024/12/06 	78.69156875200363	78.98926244047396	77.99693500385781	78.39386749267578	94091	2024/12/06 
2024/12/09 	79.28696337619566	79.38619460528076	78.59232963088496	79.08849334716797	221620	2024/12/09 
2024/12/10 	78.69156776481807	79.18773147690177	77.89770279714118	78.19540405273438	146400	2024/12/10 
2024/12/11 	78.59232534693828	79.38619027806172	78.39386289958595	78.9892578125	135961	2024/12/11 
2024/12/12 	79.18772683311985	79.386189277972	78.39386191199733	78.7907943725586	117400	2024/12/12 
2024/12/13 	78.59232330322266	79.18772577151093	78.09615962688702	78.59232330322266	198650	2024/12/13 
2024/12/16 	78.29462990531576	78.59232356961206	77.30230254928098	77.89769744873047	151810	2024/12/16 
2024/12/17 	77.40154037761896	77.6992416381836	76.9053766572496	77.6992416381836	158360	2024/12/17 
2024/12/18 	77.40153974014875	79.08849334716797	77.00460725295085	79.08849334716797	114790	2024/12/18 
2024/12/19 	78.39386191199733	79.18772683311985	77.89769822901002	78.7907943725586	136493	2024/12/19 
2024/12/20 	78.49309605309959	82.85933813991318	78.39386482698372	82.36317443847656	716737	2024/12/20 
2024/12/23 	82.66087188184972	84.14936291762716	82.66087188184972	83.8516616821289	577733	2024/12/23 
2024/12/24 	83.35550258931097	84.64553125296467	82.56163763154603	83.25627136230469	533690	2024/12/24 
2024/12/25 	83.55396375504567	84.24859747509412	83.15703885314053	83.75243377685547	225014	2024/12/25 
2024/12/26 	83.35549800353643	84.05012412522314	82.26393942480435	83.8516616821289	411113	2024/12/26 
2024/12/27 	83.35550283855669	83.65320409132303	82.26394419650896	82.56163787841797	280897	2024/12/27 
2024/12/30 	82.66087445115197	83.05779934967782	79.88235473632812	79.88235473632812	279075	2024/12/30 
2024/12/31 	80.18005621664645	82.26394222345816	79.4854225004711	82.16471099853516	133951	2024/12/31 
2025/01/02 	81.37084424436401	81.66854548335692	81.0731430053711	81.0731430053711	57353	2025/01/02 
2025/01/03 	81.37084862554318	81.66854988056495	80.9739161424666	81.1723861694336	61542	2025/01/03 
2025/01/06 	81.37084831468987	81.86701202392578	81.17238585933846	81.86701202392578	111617	2025/01/06 
2025/01/07 	81.37084297758759	82.06546909661448	81.37084297758759	81.56930541992188	106867	2025/01/07 
2025/01/08 	81.56930647350312	81.96623893415553	81.37084402860542	81.76777648925781	52267	2025/01/08 
2025/01/09 	81.86700792878086	81.86700792878086	81.0731430053711	81.0731430053711	59782	2025/01/09 
2025/01/10 	81.370849609375	81.56931206788413	80.37852217511433	81.370849609375	74836	2025/01/10 
2025/01/13 	81.3708461151182	81.86700981094208	78.89002763599873	79.18772888183594	261206	2025/01/13 
2025/01/14 	79.28695678710938	80.3785153580473	78.39386065784859	79.28695678710938	191521	2025/01/14 
2025/01/15 	79.38619492929193	79.38619492929193	78.09616623334793	78.39386749267578	60847	2025/01/15 
2025/01/16 	78.0961652536317	79.38619393339229	77.50077031330274	78.19540405273438	181325	2025/01/16 
2025/01/17 	78.2946309049269	78.69156336657996	77.69923599787583	78.09616088867188	38101	2025/01/17 
2025/01/20 	77.99693500385781	79.1877324703117	77.99693500385781	78.39386749267578	123418	2025/01/20 
2025/01/21 	79.18773030553257	81.37084757806456	79.18773030553257	80.97391510009766	154348	2025/01/21 
2025/01/22 	80.77544834393797	80.97391078692141	80.08081465178209	80.87467956542969	43071	2025/01/22 
2025/02/03 	80.4777471086059	81.27161202225348	80.4777471086059	80.87467956542969	72748	2025/02/03 
2025/02/04 	81.17238207700817	83.65320050759085	80.47774837393081	83.35549926757812	219744	2025/02/04 
2025/02/05 	83.35549877880554	85.14169106669416	83.15703633386546	84.74475860595703	246954	2025/02/05 
2025/02/06 	84.74476421307429	84.74476421307429	83.75243678100283	84.34783172607422	179387	2025/02/06 
2025/02/07 	83.65319923903468	84.34782536072139	83.55396044663065	83.8516616821289	74423	2025/02/07 
2025/02/10 	83.45473148328732	83.65320150260887	82.85933656703692	83.55396270751953	54136	2025/02/10 
2025/02/11 	83.65320309055464	83.65320309055464	81.66854828480822	82.36317443847656	278311	2025/02/11 
2025/02/12 	82.95856807760207	83.55396299590747	82.66087440387793	82.85933685302734	72948	2025/02/12 
2025/02/13 	83.15703477036625	83.25626599097056	82.56163230502668	82.95856475830078	54282	2025/02/13 
2025/02/14 	82.56163512839174	82.56163512839174	80.97391283185674	81.27161407470703	153070	2025/02/14 
2025/02/17 	81.370849609375	81.86701332650533	81.0731483507538	81.370849609375	140264	2025/02/17 
2025/02/18 	81.1723815837077	81.86700771170666	81.1723815837077	81.76777648925781	85712	2025/02/18 
2025/02/19 	81.76778152049273	83.65320514646046	81.76778152049273	82.7601089477539	140734	2025/02/19 
2025/02/20 	82.9585710904957	83.6532048294607	82.6608774059599	83.4547348022461	118183	2025/02/20 
2025/02/21 	83.0578013374348	83.85166629519973	83.0578013374348	83.25627136230469	68501	2025/02/21 
2025/02/24 	83.35550154110129	83.65320278923383	83.05780029296875	83.05780029296875	110172	2025/02/24 
2025/02/25 	83.05779830662715	83.2562683242548	82.56163461884358	82.66087341308594	63447	2025/02/25 
2025/02/26 	82.85933858198412	84.24859846759004	82.66087612869354	83.95089721679688	157962	2025/02/26 
2025/02/27 	84.05012412522314	84.14936291762716	83.35549800353643	83.8516616821289	127847	2025/02/27 
2025/03/03 	83.65319972175762	83.65319972175762	81.96623866229439	82.46240234375	157011	2025/03/03 
2025/03/04 	82.16471198624482	82.36317443847656	81.66854828480822	82.36317443847656	59555	2025/03/04 
2025/03/05 	82.26394245801026	82.26394245801026	80.97391381776158	81.47007751464844	81360	2025/03/05 
2025/03/06 	81.17238715086586	81.47008083862957	80.57698463362347	81.370849609375	121345	2025/03/06 
2025/03/07 	81.07314867348111	81.2716187036378	80.67622375488281	80.67622375488281	22110	2025/03/07 
2025/03/10 	80.67622271314079	80.87468516987727	79.68389528774352	80.47775268554688	233152	2025/03/10 
2025/03/11 	80.18005569371702	80.57698059082031	79.88235445003244	80.57698059082031	115833	2025/03/11 
2025/03/12 	80.57698059082031	80.8746818345049	79.58465320634787	80.57698059082031	168253	2025/03/12 
2025/03/13 	80.27928720571113	80.47774965497405	79.88235473632812	79.88235473632812	55032	2025/03/13 
2025/03/14 	80.18005801845254	80.57698292706425	79.88235676613643	80.27928924560547	102073	2025/03/14 
2025/03/17 	79.98158369643672	80.37851615458135	79.48542001647017	80.1800537109375	121166	2025/03/17 
2025/03/18 	79.58465018869187	80.18005265348484	79.18772530663901	79.98158264160156	141403	2025/03/18 
2025/03/19 	80.08081817626953	80.27928819884487	79.68389327283333	80.08081817626953	61223	2025/03/19 
2025/03/20 	80.08081491825864	80.5769785982252	79.88235247461479	80.1800537109375	83661	2025/03/20 
2025/03/21 	80.3785171508789	80.67621839089163	80.08081591086616	80.3785171508789	49727	2025/03/21 
2025/03/24 	80.18005569371702	80.67621938595326	80.18005569371702	80.57698059082031	52090	2025/03/24 
2025/03/25 	80.3785171508789	80.87468083699544	80.279285927827	80.3785171508789	81404	2025/03/25 
2025/03/26 	80.47774936654449	80.8746818345049	80.18005569371702	80.57698059082031	69096	2025/03/26 
2025/03/27 	80.4777471086059	80.87467956542969	80.37851588711416	80.87467956542969	67595	2025/03/27 
2025/03/28 	80.47774936654449	80.8746818345049	80.18005569371702	80.57698059082031	97246	2025/03/28 
2025/03/31 	80.08081946988621	80.37852072312964	79.58465576171875	79.58465576171875	200957	2025/03/31 
2025/04/01 	80.08081386211478	80.37851509451126	79.88235142108834	79.98158264160156	65577	2025/04/01 
2025/04/02 	79.98158695041047	80.37851942470392	79.98158695041047	80.08081817626953	94925	2025/04/02 
2025/04/07 	79.98158528029438	79.98158528029438	65.9897707423322	67.08132934570312	828584	2025/04/07 
2025/04/08 	66.58516543551636	68.76829020588922	65.49360683575847	67.77596282958984	2309471	2025/04/08 
2025/04/09 	67.27979886574515	68.07365622101739	63.21125436833245	65.49360656738281	566570	2025/04/09 
2025/04/10 	67.47826273938259	73.43222709873987	67.47826273938259	73.2337646484375	351332	2025/04/10 
2025/04/11 	72.04297037642554	72.04297037642554	69.56215178515154	70.85218048095703	158167	2025/04/11 
2025/04/14 	71.44757208123907	71.44757208123907	70.15754344587384	70.95140838623047	77282	2025/04/14 
2025/04/15 	71.34833957772935	71.84450326384588	70.8521758916128	71.44757080078125	62423	2025/04/15 
2025/04/16 	71.44757412317408	71.44757412317408	71.1498728693179	71.34834289550781	39753	2025/04/16 
2025/04/17 	71.14987083589105	71.34834085640878	70.75294593656989	70.95140838623047	34330	2025/04/17 
2025/04/18 	71.44756980417534	71.64603224751083	70.95140612497967	71.24910736083984	12111	2025/04/18 
2025/04/21 	70.95141041398537	71.34834289550781	70.95141041398537	71.34834289550781	21000	2025/04/21 
2025/04/22 	71.2491086343532	71.2491086343532	70.25678125822492	70.75294494628906	44946	2025/04/22 
2025/04/23 	71.05063909854952	72.43989894872388	70.95140787443503	72.34066772460938	164530	2025/04/23 
2025/04/24 	71.74527610511208	72.34067104800921	71.74527610511208	72.24143981933594	66240	2025/04/24 
2025/04/25 	72.34066945529068	73.4322280883789	72.14219943145636	73.4322280883789	120584	2025/04/25 
2025/04/28 	73.035297622179	73.92839382687653	71.94373895904091	73.82916259765625	89342	2025/04/28 
2025/04/29 	73.63068826870554	73.72992706298828	72.63836089273454	73.72992706298828	48281	2025/04/29 
2025/04/30 	73.92838848283995	76.70690812530289	73.82915726079275	76.50843811035156	171950	2025/04/30 
2025/05/02 	76.60767436998069	77.69924059685002	76.60767436998069	77.50077056884766	174527	2025/05/02 
2025/05/05 	77.7984721458824	77.7984721458824	75.41688479604628	76.80614471435547	124797	2025/05/05 
2025/05/06 	76.80614398458738	76.80614398458738	75.91304779052734	75.91304779052734	45069	2025/05/06 
2025/05/07 	76.21074904549982	76.40921150157654	75.81381656248898	75.91304779052734	23012	2025/05/07 
2025/05/08 	75.91304650244776	76.80614268135389	75.81381527609314	76.40921020507812	49238	2025/05/08 
2025/05/09 	76.11150968860387	77.50076958352797	76.11150968860387	77.30230712890625	86610	2025/05/09 
2025/05/12 	77.40153847412483	80.37852072312964	77.40153847412483	79.58465576171875	280859	2025/05/12 
2025/05/13 	79.88235572455143	80.18005697298582	79.58465447611704	80.08081817626953	82350	2025/05/13 
2025/05/14 	80.08082051733454	80.47775300323183	79.78312683105469	79.78312683105469	119988	2025/05/14 
2025/05/15 	79.78312351169666	80.08081718559106	79.48542226694514	79.88235473632812	78076	2025/05/15 
2025/05/16 	79.5846525021319	80.08081618997775	79.38619005533639	79.68389129638672	75500	2025/05/16 
2025/05/19 	79.68389357132692	79.88235602378845	79.38619232177734	79.38619232177734	130200	2025/05/19 
2025/05/20 	79.28696207933268	79.68389456003813	79.08849205355128	79.58465576171875	77300	2025/05/20 
2025/05/21 	79.68389151994728	79.68389151994728	78.49309412326211	78.9892578125	98340	2025/05/21 
2025/05/22 	79.1877304190055	79.38619287284469	77.69923930263967	77.99693298339844	85297	2025/05/22 
2025/05/23 	78.19540300809494	78.29463423501453	77.69923930263967	77.99693298339844	9025	2025/05/23 
2025/05/26 	77.40153579999036	78.6915644249997	77.40153579999036	78.29463195800781	44980	2025/05/26 
2025/05/27 	78.7907956490334	78.7907956490334	77.20307335192295	78.29463195800781	86488	2025/05/27 
2025/05/28 	78.19539968222789	78.39386212762592	77.69923599787583	78.09616088867188	76015	2025/05/28 
2025/05/29 	78.29463324262339	78.29463324262339	77.4015370699525	77.79846954345703	10310	2025/05/29 
2025/06/02 	77.40153377071307	78.19539868388367	77.30230254928098	77.89769744873047	64101	2025/06/02 
2025/06/03 	78.09616655779303	78.09616655779303	77.3023091477166	77.6992416381836	25522	2025/06/03 
2025/06/04 	77.69923627419242	77.79846749724432	77.10383379416695	77.40153503417969	33217	2025/06/04 
2025/06/05 	77.59999648133626	77.59999648133626	77.10383280160686	77.20307159423828	72613	2025/06/05 
2025/06/06 	77.5007675386417	77.5007675386417	76.70691017024369	76.9053726196289	82027	2025/06/06 
2025/06/09 	77.20307053658931	77.20307053658931	76.70690686365714	77.00460052490234	101621	2025/06/09 
2025/06/10 	77.00460756724166	78.39386749267578	76.40921261944348	78.39386749267578	106253	2025/06/10 
2025/06/11 	77.59999899851374	79.88235502764651	77.40153654852706	79.18772888183594	316716	2025/06/11 
2025/06/12 	78.5923256301089	78.5923256301089	77.10383455703216	78.29463195800781	106486	2025/06/12 
2025/06/13 	77.30230712890625	77.79847083631789	77.20307590159538	77.30230712890625	30572	2025/06/13 
2025/06/16 	77.30230608236243	77.59999976026474	76.80614238166801	77.10383605957031	40059	2025/06/16 
2025/06/17 	76.9053695657803	77.30230201964604	76.11150465804887	76.30997467041016	109841	2025/06/17 
2025/06/18 	76.01227470066236	76.30997593872382	75.41687979539641	75.81381225585938	113973	2025/06/18 
2025/06/19 	76.30998027353819	76.40921150157654	74.92072036842895	75.91304779052734	84505	2025/06/19 
2025/06/20 	76.11150642193388	76.11150642193388	74.42455291748047	74.42455291748047	122940	2025/06/20 
2025/06/23 	74.42455549497862	74.42455549497862	73.3329968618904	73.4322280883789	225060	2025/06/23 
2025/06/24 	73.72992500720322	73.92838744852094	72.83682887955979	73.33299255371094	186010	2025/06/24 
2025/06/25 	73.23376661704577	73.63069152832031	73.23376661704577	73.63069152832031	67605	2025/06/25 
2025/06/26 	73.63068954904223	73.63068954904223	72.93606340212676	73.2337646484375	154500	2025/06/26 
2025/06/27 	73.43222755346673	74.82148742675781	73.43222755346673	74.82148742675781	253772	2025/06/27 
2025/06/30 	74.42455519198192	74.82148766717728	73.5314590155067	74.1268539428711	64082	2025/06/30 
2025/07/01 	74.02762301816728	74.3253242684901	72.93606438507905	73.4322280883789	70059	2025/07/01 
2025/07/02 	73.43222582185416	73.72992706298828	73.23376337500278	73.72992706298828	42600	2025/07/02 
2025/07/03 	73.63068721565885	73.82915723052882	73.33299354963933	73.53145599365234	88507	2025/07/03 
2025/07/04 	73.72992933870174	73.72992933870174	73.3329968618904	73.4322280883789	34310	2025/07/04 
2025/07/07 	73.43222709873987	73.63068954904223	72.93606340212676	73.2337646484375	142105	2025/07/07 
2025/07/08 	72.93606468768715	73.33299716614535	72.73760223388672	72.73760223388672	13528	2025/07/08 
2025/07/09 	72.6383657193159	72.83683575021202	71.74527707828483	72.43990325927734	79502	2025/07/09 
2025/07/10 	72.4398958856777	72.4398958856777	71.447568544778	71.74526977539062	68020	2025/07/10 
2025/07/11 	71.54680592510503	71.64603715356776	69.56215107242052	69.9590835571289	297770	2025/07/11 
2025/07/14 	70.2567797406946	72.3406656713811	69.95907850594357	71.94373321533203	94870	2025/07/14 
2025/07/15 	71.24911082220245	73.4322280883789	71.24911082220245	73.4322280883789	37038	2025/07/15 
2025/07/16 	73.13452508838249	73.2337638833541	72.14219770552326	72.34066772460938	75610	2025/07/16 
2025/07/17 	71.74527610511208	72.24143981933594	71.54680607690807	72.24143981933594	18075	2025/07/17 
2025/07/18 	71.94373953832338	72.43990325927734	71.74527707828483	72.43990325927734	26001	2025/07/18 
2025/07/21 	71.94373752276077	72.24143877533582	71.44757381570724	72.04296875	29400	2025/07/21 
2025/07/22 	71.84450660469652	71.84450660469652	70.6537091601292	71.34834289550781	147300	2025/07/22 
2025/07/23 	71.74527636437043	71.74527636437043	71.44757510641736	71.54680633544922	14100	2025/07/23 
2025/07/24 	71.646038277408	72.73760452019273	71.646038277408	72.43990325927734	30300	2025/07/24 
2025/07/25 	71.9437382496944	72.93606567382812	71.9437382496944	72.93606567382812	21655	2025/07/25 
2025/07/28 	72.93606599090634	72.93606599090634	71.94373856245863	72.24143981933594	42100	2025/07/28 
2025/07/29 	72.04296570994968	72.04296570994968	70.55447465160007	71.44757080078125	54396	2025/07/29 
2025/07/30 	71.84450326384588	71.94373448689778	71.44757080078125	71.44757080078125	15306	2025/07/30 
2025/07/31 	71.54680406156699	71.94373653593671	71.44757283568887	71.8445053100586	33755	2025/07/31 
2025/08/01 	71.44757283568887	71.8445053100586	71.24911038393263	71.8445053100586	35880	2025/08/01 
2025/08/04 	71.84450733378536	72.24143981933594	71.54680607690807	72.24143981933594	46050	2025/08/04 
2025/08/05 	72.43989970551365	73.2337646484375	72.04296723405173	73.2337646484375	50050	2025/08/05 
2025/08/06 	72.43989767880353	73.4322250442666	72.34066645642862	72.83683013916016	29067	2025/08/06 
2025/08/07 	73.63069184237875	73.72993064147806	72.83683444558623	72.93606567382812	32537	2025/08/07 
2025/08/08 	73.4322250442666	73.4322250442666	72.43989767880353	72.83683013916016	47600	2025/08/08 
2025/08/11 	72.63836111333627	73.53145726859391	72.43989866588217	73.03529357910156	71053	2025/08/11 
2025/08/12 	73.5314587792324	74.92071865252349	72.6383626056269	74.82148742675781	168219	2025/08/12 
2025/08/13 	73.72992678526012	75.41688028971353	73.6306879913512	74.42455291748047	244251	2025/08/13 
2025/08/14 	75.21841683648553	75.21841683648553	73.43222456203911	74.22608947753906	137241	2025/08/14 
2025/08/15 	74.62301664709757	74.62301664709757	73.92839050292969	73.92839050292969	129595	2025/08/15 
2025/08/18 	74.42455722335545	74.82148970938485	74.12685596611905	74.52378845214844	30005	2025/08/18 
2025/08/19 	74.72225388123255	75.21841756551468	74.42455264232046	75.11917877197266	42790	2025/08/19 
2025/08/20 	74.62301869465136	75.11918240291595	74.32532501220703	74.32532501220703	63100	2025/08/20 
2025/08/21 	74.7222541574932	74.920716603597	73.6306879913512	74.42455291748047	107491	2025/08/21 
2025/08/22 	74.42455291748047	74.52378414053237	73.6306879913512	74.42455291748047	86432	2025/08/22 
2025/08/25 	73.63069225129668	74.92072093817782	73.63069225129668	74.52378845214844	159369	2025/08/25 
2025/08/26 	74.02761946323561	74.22608947753906	73.43222456203911	74.22608947753906	21220	2025/08/26 
2025/08/27 	74.22609075097378	74.22609075097378	73.33299459842847	73.72992706298828	43322	2025/08/27 
2025/08/28 	74.22609075097378	74.42455319782516	73.43222582185416	73.72992706298828	45720	2025/08/28 
2025/08/29 	74.22609378472559	74.42455623968847	73.72993007646099	74.32532501220703	59003	2025/08/29 
2025/09/01 	73.72993007646099	74.32532501220703	73.43222882315929	74.32532501220703	43728	2025/09/01 
2025/09/02 	73.53145578376238	74.52378314270885	73.53145578376238	74.22608947753906	83631	2025/09/02 
2025/09/03 	73.92839149070205	74.1268539428711	73.43222778942217	74.1268539428711	48590	2025/09/03 
2025/09/04 	74.02762401045223	74.02762401045223	72.93606536273248	73.63069152832031	88076	2025/09/04 
2025/09/05 	73.63069127812219	74.92071994795306	73.63069127812219	74.32532501220703	118741	2025/09/05 
2025/09/08 	74.32532407543549	79.78312479755768	74.32532407543549	79.38619232177734	403127	2025/09/08 
2025/09/09 	78.89003121098385	79.68389618861978	77.40154005605963	78.39386749267578	158535	2025/09/09 
2025/09/10 	78.39386112674786	78.39386112674786	76.60766885754249	77.89769744873047	108779	2025/09/10 
2025/09/11 	77.40153403778727	77.89769771751668	76.40920667832846	77.20307159423828	130771	2025/09/11 
2025/09/12 	77.20307590159538	77.30230712890625	75.8138160066713	77.30230712890625	58814	2025/09/12 
2025/09/15 	77.30230409101165	77.30230409101165	76.40920793859691	76.7069091796875	64546	2025/09/15 
2025/09/16 	76.7069124435103	76.9053748987771	76.01227870836176	76.60767364501953	48271	2025/09/16 
2025/09/17 	76.60767038541927	76.7069091796875	75.81381302727276	76.7069091796875	20416	2025/09/17 
2025/09/18 	76.70691374811025	76.70691374811025	75.61534751300583	76.11151123046875	28785	2025/09/18 
2025/09/19 	76.21075035564564	76.40921281513415	74.42455793681897	75.41688537597656	57678	2025/09/19 
2025/09/22 	75.51611660572081	75.91304909555535	75.11918411588627	75.41688537597656	14951	2025/09/22 
2025/09/23 	76.21074344965794	76.30997467041016	75.71457977504	76.30997467041016	20851	2025/09/23 
2025/09/24 	76.3099779902059	76.3099779902059	75.4168818228689	76.21074676513672	26052	2025/09/24 
2025/09/25 	75.81381697054361	77.69924059685002	75.71458574197116	77.50077056884766	256766	2025/09/25 
2025/09/26 	77.50076625723159	78.19539996030895	76.40920766194661	77.40153503417969	71070	2025/09/26 
2025/09/30 	77.40153908505748	78.39386650922488	77.1038378294643	78.19540405273438	178002	2025/09/30 
2025/10/01 	78.39386370258946	78.39386370258946	76.40920892530872	76.9053726196289	121500	2025/10/01 
2025/10/02 	77.40153350835986	78.89002453736678	77.40153350835986	78.59232330322266	107377	2025/10/02 
2025/10/03 	78.39386212762592	78.39386212762592	77.5007659816208	78.09616088867188	59293	2025/10/03 
2025/10/07 	78.09615989159467	78.09615989159467	77.30230254928098	77.89769744873047	39823	2025/10/07 
2025/10/08 	77.89769971794654	77.89769971794654	77.1038347816501	77.5999984741211	52461	2025/10/08 
2025/10/09 	78.30000305175781	78.80000305175781	77.30000305175781	78.30000305175781	92826	2025/10/09 
2025/10/13 	77.5	78.80000305175781	77.0999984741211	78.30000305175781	119119	2025/10/13 
2025/10/14 	78.30000305175781	78.5	77.4000015258789	78.19999694824219	95519	2025/10/14 
2025/10/15 	78.19999694824219	78.19999694824219	77.30000305175781	78.19999694824219	64000	2025/10/15 
2025/10/16 	78.30000305175781	82.80000305175781	78.0	81.80000305175781	2563971	2025/10/16 
2025/10/17 	80.80000305175781	81.80000305175781	80.30000305175781	80.5	2047552	2025/10/17 
2025/10/20 	80.80000305175781	81.30000305175781	79.0	81.0	2177364	2025/10/20 
2025/10/21 	81.0	82.9000015258789	80.69999694824219	82.9000015258789	2216619	2025/10/21 
2025/10/22 	82.30000305175781	84.19999694824219	81.69999694824219	83.5	2442538	2025/10/22 
2025/10/23 	83.5	86.30000305175781	82.69999694824219	85.9000015258789	2468024	2025/10/23 
2025/10/27 	86.0	86.0	84.5999984741211	84.80000305175781	2290254	2025/10/27 
2025/10/28 	84.5	85.5	84.30000305175781	85.0999984741211	2117517	2025/10/28 
2025/10/29 	85.19999694824219	85.30000305175781	82.5	82.80000305175781	2104440	2025/10/29 
2025/10/30 	83.30000305175781	83.30000305175781	80.69999694824219	80.80000305175781	2056787	2025/10/30 
