Date	Open	High	Low	Close	Volume	Date
2023/07/31 	56.067603889207525	120.70108906464141	56.067603889207525	109.79905700683594	489466	2023/07/31 
2023/08/01 	103.56932411456388	103.56932411456388	87.99499087113773	93.44600677490234	299605	2023/08/01 
2023/08/02 	95.78215671718993	100.84381534603051	89.94177631244253	97.72894287109375	114075	2023/08/02 
2023/08/04 	97.72894366252004	98.50766544473312	90.72049882302004	93.44600677490234	90425	2023/08/04 
2023/08/07 	95.00343571063773	95.00343571063773	91.49921329088772	93.44600677490234	22244	2023/08/07 
2023/08/08 	93.4460102732554	93.4460102732554	89.16306591095105	92.2779312133789	45202	2023/08/08 
2023/08/09 	91.88857214115627	96.56087365923973	89.94177862289725	96.17151641845703	170397	2023/08/09 
2023/08/10 	96.9502341549809	98.11830591654525	92.66728973388672	92.66728973388672	131188	2023/08/10 
2023/08/11 	94.61408033930005	94.61408033930005	87.21627080588571	89.55242156982422	112626	2023/08/11 
2023/08/14 	89.55242382241299	89.94178107380566	85.65884399414062	85.65884399414062	17088	2023/08/14 
2023/08/15 	86.0482002597469	87.21627200054323	77.87167613113579	78.650390625	81487	2023/08/15 
2023/08/16 	79.81846106687588	79.81846106687588	77.56018614568131	78.26103210449219	32047	2023/08/16 
2023/08/17 	78.65038852116695	82.5439682006836	77.48230949727015	82.5439682006836	58398	2023/08/17 
2023/08/18 	82.54397203232728	82.54397203232728	79.81846393584547	81.37590026855469	24057	2023/08/18 
2023/08/21 	81.37590026855469	82.15461477773641	79.03974942666375	81.37590026855469	18403	2023/08/21 
2023/08/22 	81.76525752314555	81.76525752314555	78.26103491748204	81.37590026855469	61757	2023/08/22 
2023/08/23 	82.93333145538486	82.93333145538486	80.59718075844829	82.15460968017578	19905	2023/08/23 
2023/08/24 	83.71205012108294	91.49921706390374	82.93333562110456	83.32269287109375	164393	2023/08/24 
2023/08/25 	86.82691356428688	91.88857233376272	86.82691356428688	89.55242156982422	158070	2023/08/25 
2023/08/28 	92.66728643540775	92.66728643540775	86.04819872679033	87.21627044677734	125791	2023/08/28 
2023/08/29 	88.77370834892639	91.88857364035374	88.38435110179117	89.94178009033203	56448	2023/08/29 
2023/08/30 	89.16306217649681	91.49921288405814	89.16306217649681	91.10985565185547	40787	2023/08/30 
2023/08/31 	91.10985479729571	93.05664825439453	89.9417757972983	93.05664825439453	73721	2023/08/31 
2023/09/01 	92.27793275741168	96.17151993635487	91.88857550238652	95.0034408569336	193543	2023/09/01 
2023/09/04 	95.39280349326197	95.39280349326197	89.55242284319681	89.94178009033203	51026	2023/09/04 
2023/09/05 	91.49921671635836	92.66728846188919	91.49921671635836	92.2779312133789	39920	2023/09/05 
2023/09/06 	93.05665430208727	93.05665430208727	91.10986071846757	92.66728973388672	20476	2023/09/06 
2023/09/07 	93.44600965707627	97.72894667679344	92.66728785084491	96.56087493896484	157399	2023/09/07 
2023/09/08 	96.56087493896484	96.56087493896484	96.56087493896484	96.56087493896484	0	2023/09/08 
2023/09/11 	91.49921768305721	92.66728944092884	88.77370960034435	90.33113861083984	53298	2023/09/11 
2023/09/12 	86.82691063422128	89.16306131932392	86.04819617730216	86.43755340576172	48123	2023/09/12 
2023/09/13 	87.60562804748454	89.94177881142303	85.26947728354604	89.55242156982422	45229	2023/09/13 
2023/09/14 	85.65884148679467	89.1630639611012	85.65884148679467	87.21627044677734	21866	2023/09/14 
2023/09/15 	87.99499352731759	87.99499352731759	86.04819998453787	87.60562896728516	6489	2023/09/15 
2023/09/18 	87.60562552332219	90.33113345033004	87.21626829294183	88.7737045288086	13734	2023/09/18 
2023/09/19 	89.55241898956932	89.55241898956932	87.99499006804788	88.7737045288086	17738	2023/09/19 
2023/09/20 	89.55241898956932	89.55241898956932	87.99499006804788	88.7737045288086	1399	2023/09/20 
2023/09/21 	89.16306815430845	89.16306815430845	86.43756003181663	88.38435363769531	15211	2023/09/21 
2023/09/22 	88.38434729842824	88.7737045288086	88.38434729842824	88.7737045288086	2472	2023/09/22 
2023/09/25 	88.77370708662656	89.55242156982422	87.21627080588571	89.55242156982422	11234	2023/09/25 
2023/09/26 	89.55242156982422	89.94177881142303	88.38434984502773	89.55242156982422	24968	2023/09/26 
2023/09/27 	93.41236834580174	93.82207408969369	91.7735526845794	92.59296417236328	12533	2023/09/27 
2023/09/28 	92.59296417236328	93.0026626019098	89.31533284991859	92.59296417236328	32307	2023/09/28 
2023/10/02 	92.59296259332424	92.59296259332424	88.90562558986981	90.54444122314453	6935	2023/10/02 
2023/10/03 	90.54444777082796	90.54444777082796	88.49593356685608	88.90563201904297	12198	2023/10/03 
2023/10/04 	90.13474967103461	90.13474967103461	88.08622814470797	89.31533813476562	18776	2023/10/04 
2023/10/05 	88.90563271104494	89.72504425048828	88.49593425566916	89.72504425048828	16527	2023/10/05 
2023/10/06 	89.3153377511183	89.3153377511183	87.67652199996557	88.49593353271484	13229	2023/10/06 
2023/10/11 	88.90563127625282	88.90563127625282	87.2668228525056	87.67652130126953	10193	2023/10/11 
2023/10/12 	89.72504351749295	89.72504351749295	86.44741201518747	88.49593353271484	21546	2023/10/12 
2023/10/13 	88.90562972639265	88.90562972639265	84.39889566813343	85.21829986572266	35527	2023/10/13 
2023/10/16 	85.62800360181471	85.62800360181471	81.940673828125	81.940673828125	26790	2023/10/16 
2023/10/17 	81.94067741011523	81.94067741011523	75.95900543572753	77.67976379394531	106240	2023/10/17 
2023/10/18 	77.76170569839323	78.3352893744375	76.04094735591472	76.8603515625	17101	2023/10/18 
2023/10/19 	76.86034827552926	77.84363766998817	76.20482932690206	76.53258514404297	35077	2023/10/19 
2023/10/20 	77.8436424276215	78.99081711510905	75.79512821639045	76.204833984375	65715	2023/10/20 
2023/10/23 	76.45065311638022	76.8603515625	75.79512682537371	76.8603515625	38729	2023/10/23 
2023/10/24 	77.84364281209612	78.66305435211234	76.36871228015116	77.02423858642578	18350	2023/10/24 
2023/10/25 	78.90887016725404	79.72827434389936	77.27005449961797	79.23663330078125	41992	2023/10/25 
2023/10/26 	78.82692548148624	80.54768371582031	78.82692548148624	80.54768371582031	40948	2023/10/26 
2023/10/27 	80.54768990303724	81.28515150496068	80.30186205471695	80.79351043701172	26949	2023/10/27 
2023/10/30 	81.36709412106744	81.77679988725545	80.46574728693048	80.79351043701172	19016	2023/10/30 
2023/10/31 	81.36708809259643	81.36708809259643	78.25334205469436	78.66304779052734	49982	2023/10/31 
2023/11/01 	79.72827328653791	79.89215850830078	79.72827328653791	79.89215850830078	1182	2023/11/01 
2023/11/02 	79.81021881103516	79.81021881103516	77.76170466463198	79.81021881103516	7162	2023/11/02 
2023/11/03 	79.72827246360974	79.72827246360974	77.84363631886137	78.66304779052734	8496	2023/11/03 
2023/11/06 	78.826930479057	81.44903564453125	77.67976312633486	81.44903564453125	66299	2023/11/06 
2023/11/07 	83.16978667361445	83.16978667361445	79.48245677042556	81.44903564453125	61058	2023/11/07 
2023/11/08 	81.53096728055904	81.53096728055904	80.05603684844743	80.71156311035156	16525	2023/11/08 
2023/11/09 	81.12127117467655	85.62800521133832	81.12127117467655	84.39889526367188	150683	2023/11/09 
2023/11/10 	83.57949107000944	84.80860101767588	81.85873275466906	84.39889526367188	26941	2023/11/10 
2023/11/13 	84.80860137939453	85.21829982080037	83.57949142648579	84.80860137939453	44245	2023/11/13 
2023/11/14 	84.80860060328183	84.80860060328183	82.7600791576169	83.5794906616211	23509	2023/11/14 
2023/11/15 	83.57948912028945	83.57948912028945	81.53096771240234	81.53096771240234	43222	2023/11/15 
2023/11/16 	81.94067496795826	83.98918909927764	81.94067496795826	83.5794906616211	84083	2023/11/16 
2023/11/17 	84.39889174129596	90.95414696004953	83.57948758183123	90.54444122314453	265498	2023/11/17 
2023/11/20 	88.08622472730775	88.49593047954727	82.35038076768225	83.98918914794922	79178	2023/11/20 
2023/11/21 	84.8085998578347	84.8085998578347	82.3503799961204	82.76007843017578	20886	2023/11/21 
2023/11/22 	83.98918909927764	84.80860060328183	81.94067496795826	83.5794906616211	40345	2023/11/22 
2023/11/23 	83.98918950966787	84.39889526367188	83.16978531600543	84.39889526367188	18841	2023/11/23 
2023/11/24 	83.16978331819602	84.39889323633821	80.95738400267103	81.12126922607422	50947	2023/11/24 
2023/11/27 	82.35037994384766	82.35037994384766	80.79350687812713	82.35037994384766	40381	2023/11/27 
2023/11/28 	82.35038035982323	83.16978454589844	82.35038035982323	83.16978454589844	24877	2023/11/28 
2023/11/29 	82.3503799961204	83.57948992697754	81.6129111118679	82.76007843017578	39269	2023/11/29 
2023/11/30 	82.76007837764298	82.76007837764298	82.35037994384766	82.35037994384766	17552	2023/11/30 
2023/12/01 	83.16978375268823	83.16978375268823	81.61291069395178	81.940673828125	22025	2023/12/01 
2023/12/04 	83.16978454589844	83.16978454589844	81.53096885940252	83.16978454589844	23650	2023/12/04 
2023/12/05 	82.76007800638534	83.16978375268823	81.61291069395178	81.940673828125	19544	2023/12/05 
2023/12/06 	82.35037957442789	83.16978375268823	81.61291069395178	81.940673828125	11704	2023/12/06 
2023/12/07 	83.16978375268823	83.16978375268823	81.61291069395178	81.940673828125	3664	2023/12/07 
2023/12/08 	81.1212746931426	81.94067892234497	78.25334891941539	80.13798522949219	298747	2023/12/08 
2023/12/11 	79.56439643430846	80.30185799898561	79.15469068881309	79.23663330078125	87081	2023/12/11 
2023/12/12 	79.8921639664371	79.8921639664371	78.41722612718665	78.90887451171875	102844	2023/12/12 
2023/12/13 	78.74498857758192	78.90887380908194	77.43394329731073	78.08946228027344	118131	2023/12/13 
2023/12/14 	78.08946224381249	78.17140485952423	77.51587856252182	77.67976379394531	90318	2023/12/14 
2023/12/15 	78.17140055009804	78.6630489029192	77.92558003086016	78.41722106933594	45893	2023/12/15 
2023/12/18 	78.99081091632469	79.15468882205072	77.84363631886137	78.66304779052734	33653	2023/12/18 
2023/12/19 	77.8436417473692	78.6630532761777	77.59782121446496	78.08946228027344	26186	2023/12/19 
2023/12/20 	78.0075240147746	78.0075240147746	77.02423460617445	77.76170349121094	29920	2023/12/20 
2023/12/21 	77.92557997187542	78.00752258300781	77.27005371150699	78.00752258300781	18983	2023/12/21 
2023/12/22 	78.00752842301056	78.00752842301056	77.51588003375448	77.84364318847656	13423	2023/12/22 
2023/12/25 	78.00752182624649	78.00752182624649	77.1881103515625	77.1881103515625	34931	2023/12/25 
2023/12/26 	77.02423679242449	77.43394255288997	76.77841626188346	76.8603515625	61767	2023/12/26 
2023/12/27 	77.27005439283991	77.27005439283991	76.53258551483641	76.94229125976562	59868	2023/12/27 
2023/12/28 	77.35200102774505	78.99081677835069	77.02423787762392	78.4991683959961	122501	2023/12/28 
2023/12/29 	79.31857334376286	79.97409965003519	79.07275280749721	79.72827911376953	50985	2023/12/29 
2024/01/02 	79.81022173064004	80.30186280317135	79.15469542436772	79.72827911376953	65256	2024/01/02 
2024/01/03 	79.9740981673032	79.9740981673032	79.07275134147633	79.56439971923828	20460	2024/01/03 
2024/01/04 	79.89215813070355	80.21992125833484	79.48245239257812	79.48245239257812	20059	2024/01/04 
2024/01/05 	79.64633575455447	81.12127358709296	79.31857260447323	80.79351043701172	126340	2024/01/05 
2024/01/08 	81.94067340005385	81.94067340005385	80.38380034945075	81.12126922607422	20607	2024/01/08 
2024/01/09 	81.94067340005385	81.94067340005385	81.12126922607422	81.12126922607422	19162	2024/01/09 
2024/01/10 	81.94067196101815	81.94067196101815	80.95738258090378	81.3670883178711	23952	2024/01/10 
2024/01/11 	81.85873557419366	82.35038395880183	81.53097242257017	81.6129150390625	120474	2024/01/11 
2024/01/12 	82.35038101615099	82.35038101615099	81.28514898285243	81.69485473632812	13311	2024/01/12 
2024/01/15 	81.69485473632812	81.69485473632812	81.69485473632812	81.69485473632812	0	2024/01/15 
2024/01/16 	81.7767954909961	81.7767954909961	80.46574296115233	81.12126922607422	68296	2024/01/16 
2024/01/17 	81.44903235853516	81.44903235853516	80.79350609361327	81.12126922607422	18986	2024/01/17 
2024/01/18 	81.12127362154409	81.36709415562298	80.7115678551821	81.20320892333984	29069	2024/01/18 
2024/01/19 	81.36708974683357	81.36708974683357	80.79350609361327	81.12126922607422	29813	2024/01/19 
2024/01/22 	81.20320452343039	81.20320452343039	79.64633147282727	81.12126922607422	105412	2024/01/22 
2024/01/23 	80.62961901128746	80.62961901128746	79.97409276147879	80.54768371582031	4765	2024/01/23 
2024/01/24 	80.79350859775596	81.1212717403757	79.72827655565537	80.21992492675781	24217	2024/01/24 
2024/01/25 	81.12127362154409	81.36709415562298	80.46574732110322	81.20320892333984	74123	2024/01/25 
2024/01/26 	81.03933026260549	81.12127287799598	79.9740982055664	79.9740982055664	5658	2024/01/26 
2024/01/29 	80.79351043701172	80.87544573877267	80.79351043701172	80.79351043701172	2061	2024/01/29 
2024/01/30 	80.0560364761444	80.79350534594326	80.0560364761444	80.3018569946289	34930	2024/01/30 
2024/01/31 	80.6296204990272	80.95738362997926	80.21992207109616	80.71156311035156	18381	2024/01/31 
2024/02/01 	80.79350864165768	80.79350864165768	80.30186027028809	80.62962341308594	6530	2024/02/01 
2024/02/02 	80.79350864165768	80.79350864165768	80.05603974177612	80.62962341308594	26226	2024/02/02 
2024/02/05 	79.97409570678715	80.87544250488281	79.97409570678715	80.87544250488281	7211	2024/02/05 
2024/02/15 	80.1379794597718	81.12126885262799	79.48245319786767	80.71156311035156	52236	2024/02/15 
2024/02/16 	80.30185799898561	80.79350635644916	79.15469068881309	79.23663330078125	113330	2024/02/16 
2024/02/19 	79.64633460021572	79.64633460021572	76.36871046125273	76.45065307617188	84533	2024/02/19 
2024/02/20 	77.43394255288997	77.43394255288997	76.28676788645573	76.8603515625	25702	2024/02/20 
2024/02/21 	76.86035048817573	77.67976199765329	76.86035048817573	77.51587677001953	11793	2024/02/21 
2024/02/22 	76.8603515625	77.18811470800325	76.61453103195899	76.8603515625	16865	2024/02/22 
2024/02/23 	77.02423238169868	77.02423238169868	76.53258403442477	76.77841186523438	6433	2024/02/23 
2024/02/26 	76.36871192322731	76.45065453971513	73.74660671038373	73.91049194335938	58338	2024/02/26 
2024/02/27 	73.91049084350342	73.91049084350342	72.0258545784037	72.27167510986328	49599	2024/02/27 
2024/02/29 	72.92719883326743	73.74660301403775	72.59943569809022	72.76332092285156	22497	2024/02/29 
2024/03/01 	74.9757233030707	75.38542175292969	73.58272809338197	75.38542175292969	50300	2024/03/01 
2024/03/04 	74.7298940321259	75.63124084472656	74.7298940321259	75.63124084472656	12431	2024/03/04 
2024/03/05 	75.6312404932487	78.1714030052938	75.6312404932487	77.1061782836914	108597	2024/03/05 
2024/03/06 	77.1881103515625	79.07274650325228	76.77841192856579	77.1881103515625	86569	2024/03/06 
2024/03/07 	78.08946334836263	78.08946334836263	76.61453281641768	77.02423858642578	9147	2024/03/07 
2024/03/08 	78.25334167480469	79.0727458281475	77.84363594096065	78.25334167480469	83347	2024/03/08 
2024/03/11 	78.82692569625338	79.8102150736454	78.00752153893266	78.66304779052734	26301	2024/03/11 
2024/03/12 	78.08945793890362	78.82692681096266	78.00752264205458	78.41722106933594	46254	2024/03/12 
2024/03/13 	79.31857334404108	79.31857334404108	77.02423858642578	77.02423858642578	14646	2024/03/13 
2024/03/14 	76.20483331844376	78.08946228027344	76.20483331844376	78.08946228027344	30948	2024/03/14 
2024/03/15 	78.08945645552897	79.81021468619771	77.84363594096065	78.25334167480469	158372	2024/03/15 
2024/03/18 	78.25334167480469	78.25334167480469	78.25334167480469	78.25334167480469	0	2024/03/18 
2024/03/19 	83.57949029610879	85.62800441846954	83.16978454589844	83.16978454589844	134018	2024/03/19 
2024/03/20 	83.16978454589844	85.21829866825918	83.16978454589844	83.16978454589844	100469	2024/03/20 
2024/03/21 	83.16978454589844	83.98918873197363	82.76007879568807	83.16978454589844	91740	2024/03/21 
2024/03/22 	83.98919099902568	87.26682246048796	83.98919099902568	86.85711669921875	253930	2024/03/22 
2024/03/25 	87.26681799460101	93.41236752741159	87.26681799460101	91.36385345458984	582766	2024/03/25 
2024/03/26 	90.95414814426796	96.28029353599797	90.13474397413465	92.18325805664062	396114	2024/03/26 
2024/03/27 	92.18325762084947	92.59296336115196	90.13474354802773	91.36385345458984	261280	2024/03/27 
2024/03/28 	92.18325885144402	93.8220745201859	91.36385467424581	93.41236877441406	236259	2024/03/28 
2024/03/29 	94.23177374297494	95.4608836762671	93.00266380968277	94.6414794921875	253403	2024/03/29 
2024/04/01 	96.28029673041462	98.73851663671951	95.05118677726217	97.09970092773438	224596	2024/04/01 
2024/04/02 	96.28029554594167	96.68999398238849	93.82207566987864	95.05118560791016	173148	2024/04/02 
2024/04/03 	94.64148026661132	95.87059020996094	93.82207607582677	95.87059020996094	72819	2024/04/03 
2024/04/08 	95.05118524140005	97.09969935877182	93.82207530810788	94.6414794921875	151282	2024/04/08 
2024/04/09 	95.05118481795327	95.05118481795327	91.77355346754547	93.82207489013672	165636	2024/04/09 
2024/04/10 	93.82207530810788	95.05118524140005	93.41236955889534	94.6414794921875	40043	2024/04/10 
2024/04/11 	95.05118677726217	97.50940668356706	94.64148102142948	97.09970092773438	197063	2024/04/11 
2024/04/12 	96.68999440074549	97.50940590587561	95.46088445739588	95.87059020996094	83396	2024/04/12 
2024/04/15 	96.28029474576984	96.28029474576984	93.82207489013672	93.82207489013672	69644	2024/04/15 
2024/04/16 	93.82207326771409	94.23177169367122	90.54444197398487	91.36385345458984	162521	2024/04/16 
2024/04/17 	92.18325926706068	94.23177337646484	92.18325926706068	94.23177337646484	40235	2024/04/17 
2024/04/18 	94.23177491485657	97.09970056631944	93.41237072058672	96.68999481201172	104110	2024/04/18 
2024/04/19 	97.91910397158581	97.91910397158581	94.23177415556451	95.46088409423828	207245	2024/04/19 
2024/04/22 	96.68999481201172	97.50940632062716	95.87059061774187	96.68999481201172	151546	2024/04/22 
2024/04/23 	97.0997027985573	102.01614270589228	97.0997027985573	100.37732696533203	202564	2024/04/23 
2024/04/24 	101.60643160622269	104.06465143079478	97.91910186936452	103.65495300292969	397107	2024/04/24 
2024/04/25 	104.06465022812057	105.70346586367732	101.60643043195809	102.0161361694336	252543	2024/04/25 
2024/04/26 	102.8355476689022	103.65495920233056	100.78703346402293	101.60643768310547	113272	2024/04/26 
2024/04/29 	102.83554033003932	108.57139139731531	101.60643043195809	102.0161361694336	170135	2024/04/29 
2024/04/30 	102.42584846961877	102.42584846961877	98.73851853911755	100.37732696533203	104337	2024/04/30 
2024/05/02 	99.55791637327111	102.83554033003932	99.55791637327111	102.0161361694336	61209	2024/05/02 
2024/05/03 	101.60643694216577	102.01614270589228	99.55792275222478	100.37732696533203	93983	2024/05/03 
2024/05/06 	100.78702664354753	102.42584228515625	99.96762247991585	102.42584228515625	103585	2024/05/06 
2024/05/07 	102.42584190690911	102.42584190690911	101.19673200882787	102.0161361694336	61579	2024/05/07 
2024/05/08 	102.8355476689022	102.8355476689022	100.78703346402293	101.60643768310547	24124	2024/05/08 
2024/05/09 	101.60643768310547	102.8355476689022	101.60643768310547	101.60643768310547	45191	2024/05/09 
2024/05/10 	102.01613924896097	108.571394674724	102.01613924896097	106.52288055419922	570123	2024/05/10 
2024/05/13 	106.93257898969686	108.16168892488083	103.65495493398811	106.52288055419922	232208	2024/05/13 
2024/05/14 	106.93258091981997	112.66843226377378	106.52288247692731	109.80050659179688	742334	2024/05/14 
2024/05/15 	111.84901627621372	115.12664757434939	111.43931784970577	114.7169418334961	409347	2024/05/15 
2024/05/16 	115.1266503393183	119.22367858886719	111.02961477542387	119.22367858886719	407818	2024/05/16 
2024/05/17 	119.6333818558982	120.04308759808555	113.89753803700205	115.12664794921875	276087	2024/05/17 
2024/05/20 	115.53634680755557	122.91100630833418	113.89753846139061	115.94605255126953	471510	2024/05/20 
2024/05/21 	114.71694145728311	115.9460513614668	111.84901590940606	114.30723571777344	393530	2024/05/21 
2024/05/22 	113.89753723144531	115.12664713496896	113.48783149215565	113.89753723144531	128806	2024/05/22 
2024/05/23 	113.48783760336102	113.48783760336102	111.43932342529297	111.43932342529297	273203	2024/05/23 
2024/05/24 	111.43931748424173	114.30723571777344	111.02961174473205	114.30723571777344	112597	2024/05/24 
2024/05/27 	113.07813262939453	113.48783839359929	113.07813262939453	113.07813262939453	26323	2024/05/27 
2024/05/28 	113.89754109426859	121.27220076552128	113.48783534108381	120.0430908203125	303343	2024/05/28 
2024/05/29 	120.0430900397558	120.0430900397558	115.12665029088886	118.81398010253906	154656	2024/05/29 
2024/05/30 	118.81397768586885	118.81397768586885	114.71694220703138	115.12664794921875	143997	2024/05/30 
2024/05/31 	114.7169418334961	116.76545590907187	114.3072360926428	114.7169418334961	183688	2024/05/31 
2024/06/03 	114.71694145728311	115.53634562195712	113.48783155309943	114.30723571777344	89060	2024/06/03 
2024/06/04 	113.48783874511719	114.30724296171897	113.0781329796434	113.48783874511719	36178	2024/06/04 
2024/06/05 	114.30723571777344	114.71694145728311	113.8975372926091	114.30723571777344	37822	2024/06/05 
2024/06/06 	114.30723571777344	115.12664719679277	113.07812581358975	114.30723571777344	23488	2024/06/06 
2024/06/07 	114.3072360926428	114.7169418334961	113.89753766613485	114.7169418334961	15897	2024/06/07 
2024/06/11 	115.12664713496896	116.3557570384926	113.48783149215565	113.89753723144531	56141	2024/06/11 
2024/06/12 	113.89754451059098	114.71694872719276	112.66843452851542	113.48783874511719	95779	2024/06/12 
2024/06/13 	114.30723646484402	115.53634637706072	113.48783229481468	115.12664794921875	30191	2024/06/13 
2024/06/14 	114.30723646484402	115.53634637706072	113.89753803700205	115.12664794921875	42220	2024/06/14 
2024/06/17 	115.53634717694449	117.58486858771829	115.53634717694449	116.35575866699219	77919	2024/06/17 
2024/06/18 	117.17516368947	119.2236778007021	117.17516368947	117.99456787109375	89260	2024/06/18 
2024/06/19 	118.81398010253906	119.63338428923504	117.99456860149755	118.81398010253906	100244	2024/06/19 
2024/06/20 	120.04309045653305	120.86249464607391	119.22367895264664	119.63338470458984	154304	2024/06/20 
2024/06/21 	120.4527900264963	121.68189997953513	120.04309158504711	121.27220153808594	67414	2024/06/21 
2024/06/24 	121.27220002798717	122.09160421502784	118.81398015251962	119.22367858886719	91360	2024/06/24 
2024/06/25 	119.2236778007021	120.04308929667134	117.17516368947	117.99456787109375	69632	2024/06/25 
2024/06/26 	118.81397973607348	119.22367817098505	117.1751640533907	118.4042739868164	27394	2024/06/26 
2024/06/27 	118.40427110625023	118.40427110625023	111.84901584934235	113.89753723144531	302043	2024/06/27 
2024/06/28 	113.48783764325911	113.89754340475506	110.2102134943288	111.8490219116211	159311	2024/06/28 
2024/07/01 	112.25872315979004	116.76545709767059	112.25872315979004	116.35575866699219	74187	2024/07/01 
2024/07/02 	116.35575748256393	116.35575748256393	114.3072360926428	114.7169418334961	44190	2024/07/02 
2024/07/03 	115.9460513614668	116.35575710097646	113.48783155309943	114.30723571777344	55455	2024/07/03 
2024/07/04 	114.30723565638964	115.12664713496896	113.48783149215565	113.89753723144531	41843	2024/07/04 
2024/07/05 	115.12664713496896	115.12664713496896	113.48783149215565	113.89753723144531	139347	2024/07/05 
2024/07/08 	113.48783149215565	115.12664713496896	113.48783149215565	113.89753723144531	132935	2024/07/08 
2024/07/09 	114.71694263447309	117.99456664114845	114.71694263447309	115.94605255126953	184588	2024/07/09 
2024/07/10 	116.76545830413362	119.22367817098505	116.35575986922206	118.4042739868164	139210	2024/07/10 
2024/07/11 	117.17516284269443	117.58486858771829	115.12664874626608	116.35575866699219	33446	2024/07/11 
2024/07/12 	117.17516326904297	117.17516326904297	115.5363475973301	117.17516326904297	18533	2024/07/12 
2024/07/15 	115.53634723200842	117.58486864375853	115.53634723200842	116.76545715332031	33409	2024/07/15 
2024/07/16 	117.17516441480157	119.63338428923504	116.76545866428081	118.81398010253906	137332	2024/07/16 
2024/07/17 	119.22367699594409	120.86249266247509	116.35575872244664	116.76545715332031	130304	2024/07/17 
2024/07/18 	117.58486858771829	118.8139785084444	115.12664874626608	116.35575866699219	67058	2024/07/18 
2024/07/19 	116.35575748256393	116.76545590907187	113.07812618442826	114.7169418334961	167785	2024/07/19 
2024/07/22 	113.48783764325911	113.89754340475506	110.2102134943288	111.8490219116211	133957	2024/07/22 
2024/07/23 	113.07812618442826	114.7169418334961	112.66842775792031	114.7169418334961	57960	2024/07/23 
2024/07/26 	111.02961878096606	114.30724296171897	110.21021456436429	113.48783874511719	56980	2024/07/26 
2024/07/29 	114.30723571777344	115.53634562195712	113.8975372926091	114.30723571777344	53342	2024/07/29 
2024/07/30 	114.3072360926428	115.12664757434939	112.66842775792031	114.7169418334961	24847	2024/07/30 
2024/07/31 	113.48783235226384	115.53634643554688	113.07812660986907	115.53634643554688	29732	2024/07/31 
2024/08/01 	115.94605217794162	116.76545634838577	115.53634643554688	115.53634643554688	23515	2024/08/01 
2024/08/02 	115.53634600085734	115.53634600085734	113.89753766613485	114.7169418334961	48824	2024/08/02 
2024/08/05 	111.84902074929714	113.89754222114307	104.47436100508138	109.80050659179688	491997	2024/08/05 
2024/08/06 	110.61990922468271	110.61990922468271	104.88406527633907	107.34228515625	198178	2024/08/06 
2024/08/07 	106.93258126764306	111.02961691031582	106.93258126764306	110.21021270751953	24823	2024/08/07 
2024/08/08 	109.39080119037757	110.61991115174484	108.98110274615227	110.21021270751953	18453	2024/08/08 
2024/08/09 	110.61990672819391	116.35575786143545	110.61990672819391	115.12664794921875	109687	2024/08/09 
2024/08/12 	114.30723731069654	116.76545715332031	114.30723731069654	116.76545715332031	42299	2024/08/12 
2024/08/13 	116.35576048737191	116.35576048737191	103.65495533638361	107.34228515625	558216	2024/08/13 
2024/08/14 	104.88406429979567	106.93257840919983	91.3638550861681	94.23177337646484	1113744	2024/08/14 
2024/08/15 	94.64148026661132	97.09970015331055	94.64148026661132	95.87059020996094	182916	2024/08/15 
2024/08/16 	112.64794162127762	114.56535339355469	112.64794162127762	114.56535339355469	120553	2024/08/16 
2024/08/19 	97.91910627991005	99.9676277688881	97.91910627991005	99.1482162475586	110570	2024/08/19 
2024/08/20 	99.96762211074663	102.0161361694336	99.55791637327111	102.0161361694336	118496	2024/08/20 
2024/08/21 	102.42584351414875	106.11317326625309	101.60643202633973	104.47435760498047	169095	2024/08/21 
2024/08/22 	115.0	115.0	105.0	112.0	347866	2024/08/22 
2024/08/23 	110.0	112.0	110.0	112.0	36934	2024/08/23 
2024/08/26 	112.0	113.5	111.0	113.0	41130	2024/08/26 
2024/08/27 	113.0	113.0	111.0	113.0	13095	2024/08/27 
2024/08/28 	113.0	113.0	111.0	112.5	5156	2024/08/28 
2024/08/29 	112.0	112.5	111.0	112.0	11805	2024/08/29 
2024/08/30 	111.5	111.5	111.0	111.5	5780	2024/08/30 
2024/09/02 	111.5	112.0	110.5	110.5	25984	2024/09/02 
2024/09/03 	111.0	111.0	105.5	105.5	95476	2024/09/03 
2024/09/04 	105.0	105.0	100.5	102.5	115107	2024/09/04 
2024/09/05 	102.0	102.0	99.19999694824219	100.5	89115	2024/09/05 
2024/09/06 	101.0	102.5	100.0	101.5	23086	2024/09/06 
2024/09/09 	100.5	101.5	99.0	99.80000305175781	93103	2024/09/09 
2024/09/10 	98.19999694824219	99.5999984741211	95.80000305175781	99.4000015258789	67855	2024/09/10 
2024/09/11 	99.5999984741211	99.5999984741211	95.69999694824219	96.0	48357	2024/09/11 
2024/09/12 	96.9000015258789	96.9000015258789	95.69999694824219	96.0	9238	2024/09/12 
2024/09/13 	96.5	100.0	96.30000305175781	99.5999984741211	24457	2024/09/13 
2024/09/16 	98.0	99.5	97.5	99.4000015258789	12155	2024/09/16 
2024/09/18 	99.30000305175781	99.30000305175781	98.19999694824219	98.5999984741211	7821	2024/09/18 
2024/09/19 	99.80000305175781	99.9000015258789	98.69999694824219	99.19999694824219	10560	2024/09/19 
2024/09/20 	99.9000015258789	99.9000015258789	97.5999984741211	98.4000015258789	53644	2024/09/20 
2024/09/23 	98.0	98.19999694824219	97.30000305175781	98.19999694824219	11315	2024/09/23 
2024/09/24 	97.19999694824219	98.0	96.9000015258789	97.5	18649	2024/09/24 
2024/09/25 	97.80000305175781	97.80000305175781	96.19999694824219	97.0	22942	2024/09/25 
2024/09/26 	97.0	97.0	96.30000305175781	96.69999694824219	8377	2024/09/26 
2024/09/27 	96.69999694824219	96.69999694824219	95.5	95.5	33280	2024/09/27 
2024/09/30 	95.0	95.9000015258789	94.19999694824219	95.0	25455	2024/09/30 
2024/10/01 	94.9000015258789	95.5	93.69999694824219	95.0	30020	2024/10/01 
2024/10/04 	95.5	95.5	94.0	95.30000305175781	21604	2024/10/04 
2024/10/07 	95.4000015258789	95.5999984741211	95.0	95.5999984741211	10711	2024/10/07 
2024/10/08 	95.4000015258789	95.5999984741211	95.0	95.5999984741211	26411	2024/10/08 
2024/10/09 	95.19999694824219	95.19999694824219	92.5999984741211	93.30000305175781	66227	2024/10/09 
2024/10/11 	93.0	93.4000015258789	92.19999694824219	92.69999694824219	33336	2024/10/11 
2024/10/14 	92.80000305175781	93.0	92.4000015258789	92.80000305175781	35863	2024/10/14 
2024/10/15 	92.5999984741211	93.0999984741211	92.5	92.5	36097	2024/10/15 
2024/10/16 	92.9000015258789	93.0	91.0	91.80000305175781	46369	2024/10/16 
2024/10/17 	91.80000305175781	92.0	91.5	91.80000305175781	26596	2024/10/17 
2024/10/18 	91.69999694824219	92.19999694824219	91.69999694824219	91.9000015258789	24153	2024/10/18 
2024/10/21 	92.4000015258789	92.4000015258789	89.4000015258789	90.19999694824219	62855	2024/10/21 
2024/10/22 	90.4000015258789	90.4000015258789	89.5999984741211	90.19999694824219	20131	2024/10/22 
2024/10/23 	90.19999694824219	91.4000015258789	90.0	91.4000015258789	70833	2024/10/23 
2024/10/24 	91.19999694824219	91.9000015258789	90.69999694824219	91.0999984741211	18038	2024/10/24 
2024/10/25 	91.0	91.0	90.30000305175781	90.5	10499	2024/10/25 
2024/10/28 	90.5	91.4000015258789	89.9000015258789	90.69999694824219	47976	2024/10/28 
2024/10/29 	90.9000015258789	90.9000015258789	89.0	89.80000305175781	33940	2024/10/29 
2024/10/30 	90.0	90.30000305175781	89.4000015258789	89.4000015258789	15032	2024/10/30 
2024/11/01 	89.5	90.0	89.30000305175781	89.5	9635	2024/11/01 
2024/11/04 	89.9000015258789	90.5	89.5999984741211	90.30000305175781	34605	2024/11/04 
2024/11/05 	90.30000305175781	90.4000015258789	89.9000015258789	90.4000015258789	31223	2024/11/05 
2024/11/06 	90.0999984741211	90.80000305175781	90.0	90.30000305175781	10320	2024/11/06 
2024/11/07 	90.30000305175781	90.30000305175781	89.80000305175781	90.0	19582	2024/11/07 
2024/11/08 	90.30000305175781	90.30000305175781	84.0999984741211	85.30000305175781	364197	2024/11/08 
2024/11/11 	85.5	88.0	85.19999694824219	87.5	42494	2024/11/11 
2024/11/12 	87.0999984741211	88.0999984741211	87.0	87.80000305175781	30998	2024/11/12 
2024/11/13 	87.80000305175781	87.80000305175781	85.69999694824219	86.9000015258789	50625	2024/11/13 
2024/11/14 	85.5999984741211	86.0	83.19999694824219	83.5999984741211	83460	2024/11/14 
2024/11/15 	83.5999984741211	83.5999984741211	81.69999694824219	83.30000305175781	59658	2024/11/15 
2024/11/18 	83.0	83.80000305175781	81.69999694824219	83.0999984741211	17009	2024/11/18 
2024/11/19 	82.5999984741211	83.0999984741211	81.69999694824219	82.80000305175781	30327	2024/11/19 
2024/11/20 	83.19999694824219	83.19999694824219	82.5	83.19999694824219	16651	2024/11/20 
2024/11/21 	83.0999984741211	83.5	83.0	83.0	21516	2024/11/21 
2024/11/22 	84.0999984741211	84.0999984741211	83.5	83.5	11012	2024/11/22 
2024/11/25 	84.4000015258789	85.5999984741211	84.0	85.5999984741211	34624	2024/11/25 
2024/11/26 	85.69999694824219	88.69999694824219	85.4000015258789	88.69999694824219	82964	2024/11/26 
2024/11/27 	88.80000305175781	89.5	88.0999984741211	88.5999984741211	40062	2024/11/27 
2024/11/28 	88.0999984741211	88.0999984741211	86.30000305175781	87.0	10045	2024/11/28 
2024/11/29 	88.0	88.30000305175781	86.80000305175781	88.0	18511	2024/11/29 
2024/12/02 	88.0	88.0999984741211	87.5	87.5	4340	2024/12/02 
2024/12/03 	88.30000305175781	88.30000305175781	87.19999694824219	87.69999694824219	14347	2024/12/03 
2024/12/04 	87.80000305175781	87.80000305175781	86.0	86.0	34352	2024/12/04 
2024/12/05 	86.69999694824219	86.9000015258789	86.30000305175781	86.5	6633	2024/12/05 
2024/12/06 	86.5	86.80000305175781	86.30000305175781	86.30000305175781	4459	2024/12/06 
2024/12/09 	87.9000015258789	90.0999984741211	87.9000015258789	89.69999694824219	74048	2024/12/09 
2024/12/10 	90.0	90.0	88.9000015258789	89.0	12613	2024/12/10 
2024/12/11 	89.5999984741211	89.69999694824219	89.0999984741211	89.4000015258789	11524	2024/12/11 
2024/12/12 	89.80000305175781	90.0999984741211	89.4000015258789	89.5999984741211	6467	2024/12/12 
2024/12/13 	88.69999694824219	89.4000015258789	88.5999984741211	88.9000015258789	4061	2024/12/13 
2024/12/16 	90.0	90.0	88.69999694824219	89.19999694824219	23361	2024/12/16 
2024/12/17 	89.0	89.5999984741211	88.5	89.5999984741211	28892	2024/12/17 
2024/12/18 	89.5999984741211	89.5999984741211	88.9000015258789	89.19999694824219	24210	2024/12/18 
2024/12/19 	88.5999984741211	88.69999694824219	88.4000015258789	88.5999984741211	12000	2024/12/19 
2024/12/20 	88.5	88.5	88.0	88.0	2633	2024/12/20 
2024/12/23 	88.5999984741211	88.69999694824219	88.0999984741211	88.30000305175781	6316	2024/12/23 
2024/12/24 	88.5999984741211	88.5999984741211	87.19999694824219	88.0	6615	2024/12/24 
2024/12/25 	88.19999694824219	90.0	87.9000015258789	88.0	7659	2024/12/25 
2024/12/26 	88.80000305175781	88.80000305175781	87.9000015258789	87.9000015258789	17441	2024/12/26 
2024/12/27 	87.80000305175781	87.80000305175781	85.69999694824219	86.5	42532	2024/12/27 
2024/12/30 	86.5	86.80000305175781	85.80000305175781	86.80000305175781	18248	2024/12/30 
2024/12/31 	86.4000015258789	86.4000015258789	85.69999694824219	86.30000305175781	5415	2024/12/31 
2025/01/02 	86.30000305175781	87.0999984741211	86.30000305175781	87.0999984741211	10506	2025/01/02 
2025/01/03 	87.0999984741211	90.0	87.0999984741211	90.0	5412	2025/01/03 
2025/01/06 	89.0	89.0	87.19999694824219	87.19999694824219	15205	2025/01/06 
2025/01/07 	87.30000305175781	88.19999694824219	87.19999694824219	87.9000015258789	8307	2025/01/07 
2025/01/08 	87.9000015258789	88.0	87.5999984741211	87.5999984741211	6576	2025/01/08 
2025/01/09 	88.0	88.0	86.4000015258789	86.5	18649	2025/01/09 
2025/01/10 	88.0	88.0	86.80000305175781	87.0	5016	2025/01/10 
2025/01/13 	86.4000015258789	87.0	85.5	85.5	10904	2025/01/13 
2025/01/14 	86.5	86.5	85.69999694824219	86.4000015258789	8258	2025/01/14 
2025/01/15 	86.4000015258789	86.5	86.0	86.5	8583	2025/01/15 
2025/01/16 	86.0	89.19999694824219	86.0	86.9000015258789	37120	2025/01/16 
2025/01/17 	87.0999984741211	90.80000305175781	87.0999984741211	90.5	146078	2025/01/17 
2025/01/20 	90.80000305175781	91.30000305175781	88.69999694824219	89.9000015258789	99747	2025/01/20 
2025/01/21 	89.69999694824219	90.5	88.80000305175781	90.5	16415	2025/01/21 
2025/01/22 	89.0	90.5999984741211	88.5999984741211	88.80000305175781	13399	2025/01/22 
2025/02/03 	89.0	90.4000015258789	89.0	90.0999984741211	38086	2025/02/03 
2025/02/04 	89.5999984741211	89.80000305175781	88.0	89.19999694824219	32037	2025/02/04 
2025/02/05 	90.0	90.19999694824219	89.0999984741211	89.19999694824219	18021	2025/02/05 
2025/02/06 	88.80000305175781	89.69999694824219	88.80000305175781	89.5	6944	2025/02/06 
2025/02/07 	89.5	90.19999694824219	89.19999694824219	89.80000305175781	21735	2025/02/07 
2025/02/10 	89.0999984741211	89.80000305175781	89.0	89.5	7073	2025/02/10 
2025/02/11 	89.5	91.30000305175781	89.19999694824219	89.19999694824219	40981	2025/02/11 
2025/02/12 	89.80000305175781	90.80000305175781	89.69999694824219	89.80000305175781	22433	2025/02/12 
2025/02/13 	89.80000305175781	89.9000015258789	89.30000305175781	89.5999984741211	7897	2025/02/13 
2025/02/14 	89.5	89.80000305175781	88.9000015258789	89.5999984741211	20932	2025/02/14 
2025/02/17 	90.0	90.0	89.0	89.69999694824219	28520	2025/02/17 
2025/02/18 	89.0999984741211	89.0999984741211	88.19999694824219	88.5	84108	2025/02/18 
2025/02/19 	88.0	88.4000015258789	83.5999984741211	86.30000305175781	469063	2025/02/19 
2025/02/20 	86.9000015258789	87.30000305175781	86.4000015258789	87.0999984741211	85434	2025/02/20 
2025/02/21 	87.0999984741211	88.19999694824219	86.80000305175781	87.9000015258789	36415	2025/02/21 
2025/02/24 	87.0999984741211	88.30000305175781	87.0	88.0999984741211	36039	2025/02/24 
2025/02/25 	88.0999984741211	88.30000305175781	87.80000305175781	88.0999984741211	20467	2025/02/25 
2025/02/26 	88.0999984741211	88.0999984741211	87.19999694824219	87.4000015258789	35496	2025/02/26 
2025/02/27 	87.69999694824219	87.69999694824219	86.0	87.0999984741211	83821	2025/02/27 
2025/03/03 	86.0999984741211	86.69999694824219	85.4000015258789	85.9000015258789	108895	2025/03/03 
2025/03/04 	85.4000015258789	85.9000015258789	84.4000015258789	84.9000015258789	65665	2025/03/04 
2025/03/05 	85.5	85.80000305175781	84.5999984741211	85.19999694824219	17434	2025/03/05 
2025/03/06 	85.80000305175781	86.19999694824219	85.5	86.0	18333	2025/03/06 
2025/03/07 	85.69999694824219	86.30000305175781	85.19999694824219	85.5999984741211	39713	2025/03/07 
2025/03/10 	85.5	85.69999694824219	84.0	84.69999694824219	67023	2025/03/10 
2025/03/11 	84.69999694824219	84.69999694824219	83.69999694824219	84.4000015258789	64103	2025/03/11 
2025/03/12 	84.4000015258789	84.4000015258789	83.0	84.0999984741211	134345	2025/03/12 
2025/03/13 	83.69999694824219	84.0	83.0	83.0	31044	2025/03/13 
2025/03/14 	83.0	83.0999984741211	82.19999694824219	82.5	44312	2025/03/14 
2025/03/17 	82.30000305175781	82.5999984741211	81.5	81.5999984741211	62592	2025/03/17 
2025/03/18 	82.0999984741211	82.4000015258789	81.0	81.5999984741211	62920	2025/03/18 
2025/03/19 	80.80000305175781	81.5	80.5	80.5	38380	2025/03/19 
2025/03/20 	81.0	81.30000305175781	80.0	81.30000305175781	14738	2025/03/20 
2025/03/21 	82.0	82.0	80.69999694824219	81.5	12791	2025/03/21 
2025/03/24 	81.5	81.5999984741211	80.5999984741211	81.4000015258789	7595	2025/03/24 
2025/03/25 	81.4000015258789	82.69999694824219	81.19999694824219	81.69999694824219	10926	2025/03/25 
2025/03/26 	82.4000015258789	82.4000015258789	81.80000305175781	82.0	1169	2025/03/26 
2025/03/27 	82.0	82.0	81.0999984741211	81.5999984741211	21728	2025/03/27 
2025/03/28 	81.19999694824219	81.69999694824219	79.80000305175781	79.80000305175781	26696	2025/03/28 
2025/03/31 	79.69999694824219	80.0	78.0	78.4000015258789	76372	2025/03/31 
2025/04/01 	79.19999694824219	79.19999694824219	78.19999694824219	78.5999984741211	17161	2025/04/01 
2025/04/02 	78.9000015258789	78.9000015258789	78.0	78.30000305175781	2317	2025/04/02 
2025/04/07 	76.5	76.5	67.80000305175781	67.80000305175781	237601	2025/04/07 
2025/04/08 	67.9000015258789	68.80000305175781	66.5	68.80000305175781	177739	2025/04/08 
2025/04/09 	69.0	69.0999984741211	66.80000305175781	66.80000305175781	71185	2025/04/09 
2025/04/10 	69.0	73.5	68.4000015258789	73.0	189965	2025/04/10 
2025/04/11 	72.5	72.5	69.5	70.30000305175781	38804	2025/04/11 
2025/04/14 	70.0999984741211	73.0	70.0999984741211	71.5999984741211	78007	2025/04/14 
2025/04/15 	72.5999984741211	73.4000015258789	72.5999984741211	73.4000015258789	7620	2025/04/15 
2025/04/16 	73.0	73.0	72.5	72.69999694824219	12014	2025/04/16 
2025/04/17 	72.69999694824219	72.69999694824219	71.19999694824219	72.30000305175781	15097	2025/04/17 
2025/04/18 	73.0999984741211	73.0999984741211	72.19999694824219	72.80000305175781	2171	2025/04/18 
2025/04/21 	72.4000015258789	72.5999984741211	71.0	71.5	14117	2025/04/21 
2025/04/22 	71.5	71.5	70.80000305175781	70.80000305175781	1517	2025/04/22 
2025/04/23 	71.5	72.30000305175781	71.0999984741211	72.19999694824219	19816	2025/04/23 
2025/04/24 	72.19999694824219	72.19999694824219	70.19999694824219	70.80000305175781	20296	2025/04/24 
2025/04/25 	71.0	71.0	70.0999984741211	70.9000015258789	33713	2025/04/25 
2025/04/28 	71.69999694824219	71.69999694824219	69.69999694824219	69.69999694824219	64251	2025/04/28 
2025/04/29 	69.5	70.5	69.0	70.0	36308	2025/04/29 
2025/04/30 	69.9000015258789	71.4000015258789	69.0	69.9000015258789	34336	2025/04/30 
2025/05/02 	70.0	71.5	68.80000305175781	70.9000015258789	75138	2025/05/02 
2025/05/05 	70.9000015258789	71.80000305175781	70.5	71.5	96430	2025/05/05 
2025/05/06 	72.5	77.4000015258789	72.0	76.4000015258789	119101	2025/05/06 
2025/05/07 	76.19999694824219	76.5	71.69999694824219	72.5999984741211	74665	2025/05/07 
2025/05/08 	73.30000305175781	74.0	73.0	73.19999694824219	33556	2025/05/08 
2025/05/09 	74.0	74.19999694824219	73.4000015258789	74.19999694824219	30187	2025/05/09 
2025/05/12 	73.69999694824219	74.30000305175781	73.19999694824219	74.0999984741211	27616	2025/05/12 
2025/05/13 	74.5	77.0	74.5	75.9000015258789	99861	2025/05/13 
2025/05/14 	76.80000305175781	76.9000015258789	74.5999984741211	75.0	60872	2025/05/14 
2025/05/15 	76.0	76.0	74.5	74.80000305175781	18298	2025/05/15 
2025/05/16 	75.69999694824219	77.30000305175781	75.69999694824219	76.69999694824219	94232	2025/05/16 
2025/05/19 	77.0	77.0	75.0	75.19999694824219	51183	2025/05/19 
2025/05/20 	75.5	75.5	73.5	74.5	75348	2025/05/20 
2025/05/21 	75.0	75.0999984741211	74.0	74.80000305175781	35071	2025/05/21 
2025/05/22 	75.30000305175781	75.4000015258789	74.80000305175781	75.4000015258789	13783	2025/05/22 
2025/05/23 	75.4000015258789	76.19999694824219	74.9000015258789	75.30000305175781	35040	2025/05/23 
2025/05/26 	75.30000305175781	77.5	75.30000305175781	76.80000305175781	40856	2025/05/26 
2025/05/27 	76.80000305175781	76.80000305175781	76.0	76.0	14195	2025/05/27 
2025/05/28 	77.0	77.5	76.69999694824219	77.0	109889	2025/05/28 
2025/05/29 	77.30000305175781	81.5	77.30000305175781	80.0999984741211	138191	2025/05/29 
2025/06/02 	79.5	79.5	78.80000305175781	79.19999694824219	51704	2025/06/02 
2025/06/03 	80.0	81.0	79.5999984741211	79.80000305175781	28731	2025/06/03 
2025/06/04 	80.0	80.80000305175781	78.5	80.0	63710	2025/06/04 
2025/06/05 	79.69999694824219	80.30000305175781	79.0999984741211	79.19999694824219	48094	2025/06/05 
2025/06/06 	80.4000015258789	80.4000015258789	79.0999984741211	79.80000305175781	43190	2025/06/06 
