Date	Open	High	Low	Close	Volume	Date
2023/07/24 	51.853785923549104	51.853785923549104	38.65464041573661	49.496795654296875	136000	2023/07/24 
2023/07/25 	49.49679767384249	49.49679767384249	48.082603454589844	48.082603454589844	5000	2023/07/25 
2023/07/26 	47.139807542165116	47.139807542165116	45.254215240478516	45.254215240478516	5000	2023/07/26 
2023/07/27 	43.698597089817596	45.81988828051713	43.698597089817596	44.782814025878906	11000	2023/07/27 
2023/07/28 	44.31141908963521	45.254215240478516	43.46290111528348	45.254215240478516	25000	2023/07/28 
2023/07/31 	44.64139630383761	45.254215240478516	43.557182888256946	45.254215240478516	15000	2023/07/31 
2023/08/01 	43.93429919070513	45.254215240478516	43.65146106474852	45.254215240478516	3000	2023/08/01 
2023/08/02 	45.25421399668257	47.705482482910156	45.25421399668257	47.705482482910156	12000	2023/08/02 
2023/08/04 	46.6684105682373	47.139808654785156	46.19701248168945	47.139808654785156	3000	2023/08/04 
2023/08/07 	45.725612843380226	46.149871826171875	43.36862249062867	46.149871826171875	21000	2023/08/07 
2023/08/08 	46.90410704458673	46.90410704458673	44.68853759765625	44.68853759765625	14000	2023/08/08 
2023/08/09 	45.20707298331514	45.20707298331514	44.782814025878906	44.782814025878906	4000	2023/08/09 
2023/08/10 	45.254215240478516	45.254215240478516	45.254215240478516	45.254215240478516	6000	2023/08/10 
2023/08/11 	45.254212296849474	45.254212296849474	45.20707321166992	45.20707321166992	2000	2023/08/11 
2023/08/14 	45.15993412649037	45.20707321166992	45.0656523596496	45.20707321166992	6000	2023/08/14 
2023/08/15 	45.254215240478516	45.254215240478516	45.254215240478516	45.254215240478516	9000	2023/08/15 
2023/08/16 	45.25421577462769	45.44277572631836	45.25421577462769	45.44277572631836	12000	2023/08/16 
2023/08/17 	45.301353123102935	45.537052154541016	45.301353123102935	45.537052154541016	6000	2023/08/17 
2023/08/18 	45.631335337818776	45.67847442626953	45.631335337818776	45.67847442626953	6000	2023/08/18 
2023/08/21 	45.301353123102935	45.537052154541016	45.301353123102935	45.537052154541016	3000	2023/08/21 
2023/08/22 	45.442774518602704	45.72561264038086	45.442774518602704	45.72561264038086	7000	2023/08/22 
2023/08/23 	45.725613709881124	46.10273361206055	45.725613709881124	46.10273361206055	6000	2023/08/23 
2023/08/24 	46.1970100402832	46.1970100402832	46.1970100402832	46.1970100402832	8000	2023/08/24 
2023/08/25 	46.1970100402832	46.1970100402832	46.1970100402832	46.1970100402832	1000	2023/08/25 
2023/08/28 	46.149871826171875	46.197010913930534	46.149871826171875	46.149871826171875	11000	2023/08/28 
2023/08/29 	47.32836860870069	47.32836860870069	47.04553047606838	47.139808654785156	25000	2023/08/29 
2023/08/30 	47.13980690778498	47.23408508300781	47.13980690778498	47.23408508300781	9000	2023/08/30 
2023/08/31 	47.139808654785156	47.139808654785156	47.139808654785156	47.139808654785156	10000	2023/08/31 
2023/09/01 	47.234086833501934	47.234086833501934	47.139808654785156	47.139808654785156	9000	2023/09/01 
2023/09/04 	47.13980690778498	47.23408508300781	47.13980690778498	47.23408508300781	11000	2023/09/04 
2023/09/05 	47.04553047606838	47.139808654785156	47.04553047606838	47.139808654785156	3000	2023/09/05 
2023/09/06 	47.139808654785156	47.139808654785156	47.139808654785156	47.139808654785156	10000	2023/09/06 
2023/09/07 	47.139808654785156	47.139808654785156	47.139808654785156	47.139808654785156	5000	2023/09/07 
2023/09/08 	47.139808654785156	47.139808654785156	47.139808654785156	47.139808654785156	6000	2023/09/08 
2023/09/11 	47.139808654785156	47.139808654785156	47.09266956542677	47.139808654785156	8000	2023/09/11 
2023/09/12 	47.139808654785156	47.139808654785156	47.139808654785156	47.139808654785156	5000	2023/09/12 
2023/09/13 	47.139808654785156	47.139808654785156	47.139808654785156	47.139808654785156	10000	2023/09/13 
2023/09/14 	47.13980690778498	47.23408508300781	47.13980690778498	47.23408508300781	7000	2023/09/14 
2023/09/15 	47.13980690778498	47.23408508300781	46.951246960857475	47.23408508300781	11000	2023/09/15 
2023/09/18 	47.139808654785156	47.139808654785156	47.139808654785156	47.139808654785156	10000	2023/09/18 
2023/09/19 	47.139808654785156	47.139808654785156	47.139808654785156	47.139808654785156	12000	2023/09/19 
2023/09/20 	47.139808654785156	47.139808654785156	47.139808654785156	47.139808654785156	13000	2023/09/20 
2023/09/22 	46.66840744018555	46.66840744018555	46.66840744018555	46.66840744018555	1000	2023/09/22 
2023/09/26 	47.13980827066793	47.13980827066793	46.291290283203125	46.291290283203125	3000	2023/09/26 
2023/09/27 	46.66840744018555	46.66840744018555	46.66840744018555	46.66840744018555	1000	2023/09/27 
2023/09/28 	46.7626838684082	46.7626838684082	46.7626838684082	46.7626838684082	1000	2023/09/28 
2023/10/02 	46.38557052612305	46.38557052612305	46.38557052612305	46.38557052612305	2000	2023/10/02 
2023/10/03 	46.432708740234375	46.432708740234375	46.432708740234375	46.432708740234375	1000	2023/10/03 
2023/10/04 	46.38557052612305	46.38557052612305	46.38557052612305	46.38557052612305	2000	2023/10/04 
2023/10/05 	46.479850235582184	46.479850235582184	46.291290283203125	46.291290283203125	3000	2023/10/05 
2023/10/11 	46.291290283203125	46.291290283203125	46.291290283203125	46.291290283203125	2000	2023/10/11 
2023/10/12 	46.904109229314585	46.904109229314585	46.291290283203125	46.291290283203125	2000	2023/10/12 
2023/10/13 	46.291290283203125	46.291290283203125	46.291290283203125	46.291290283203125	2000	2023/10/13 
2023/10/16 	46.291290283203125	46.291290283203125	46.291290283203125	46.291290283203125	2000	2023/10/16 
2023/10/17 	46.291288754805436	46.38557052612305	46.291288754805436	46.38557052612305	2000	2023/10/17 
2023/10/18 	46.291290283203125	46.291290283203125	46.291290283203125	46.291290283203125	7000	2023/10/18 
2023/10/19 	46.291290283203125	46.291290283203125	46.291290283203125	46.291290283203125	1000	2023/10/19 
2023/10/20 	46.291290283203125	46.291290283203125	46.291290283203125	46.291290283203125	1000	2023/10/20 
2023/10/24 	46.291290283203125	46.291290283203125	46.291290283203125	46.291290283203125	2000	2023/10/24 
2023/10/25 	46.38557052612305	46.38557052612305	46.38557052612305	46.38557052612305	1000	2023/10/25 
2023/10/26 	46.291290283203125	46.291290283203125	46.291290283203125	46.291290283203125	1000	2023/10/26 
2023/10/27 	46.338433346246596	47.139808654785156	46.338433346246596	47.139808654785156	4000	2023/10/27 
2023/11/06 	46.38557205763363	46.38557205763363	46.291290283203125	46.291290283203125	3000	2023/11/06 
2023/11/13 	46.291290283203125	46.291290283203125	46.291290283203125	46.291290283203125	4000	2023/11/13 
2023/11/16 	46.66840744018555	46.66840744018555	46.66840744018555	46.66840744018555	1000	2023/11/16 
2023/11/20 	46.66840744018555	46.66840744018555	46.66840744018555	46.66840744018555	1000	2023/11/20 
2023/11/21 	46.66840744018555	46.66840744018555	46.66840744018555	46.66840744018555	2000	2023/11/21 
2023/11/22 	46.762687027806805	47.13980692177373	46.762687027806805	46.80982971191406	5000	2023/11/22 
2023/11/23 	46.85696738146245	46.85696738146245	46.66840744018555	46.66840744018555	4000	2023/11/23 
2023/11/24 	46.38557086144703	46.38557086144703	46.149871826171875	46.149871826171875	20000	2023/11/24 
2023/11/27 	45.254215240478516	45.254215240478516	45.254215240478516	45.254215240478516	1000	2023/11/27 
2023/11/28 	46.1970100402832	46.1970100402832	46.1970100402832	46.1970100402832	1000	2023/11/28 
2023/11/30 	45.30135342380172	51.193829248866514	45.30135342380172	50.72243118286133	22000	2023/11/30 
2023/12/01 	50.722429875011684	50.91098981584821	48.64827771877338	49.496795654296875	22000	2023/12/01 
2023/12/04 	49.02539960075827	49.02539960075827	48.082603454589844	48.082603454589844	5000	2023/12/04 
2023/12/06 	48.365440368652344	48.365440368652344	48.365440368652344	48.365440368652344	1000	2023/12/06 
2023/12/07 	48.36544090857643	48.55400085449219	48.08260278794372	48.55400085449219	6000	2023/12/07 
2023/12/08 	48.365441975940776	49.49679807992107	48.365441975940776	48.931121826171875	21000	2023/12/08 
2023/12/13 	48.554002068132135	48.554002068132135	48.27116394042969	48.27116394042969	3000	2023/12/13 
2023/12/15 	47.98832702636719	47.98832702636719	47.98832702636719	47.98832702636719	1000	2023/12/15 
2023/12/19 	47.705480409793594	47.705480409793594	47.611202239990234	47.611202239990234	2000	2023/12/19 
2023/12/21 	47.139808654785156	47.139808654785156	47.139808654785156	47.139808654785156	453000	2023/12/21 
2023/12/22 	47.139808654785156	47.139808654785156	47.139808654785156	47.139808654785156	202000	2023/12/22 
2023/12/25 	47.139808654785156	47.32836860870069	47.139808654785156	47.139808654785156	382000	2023/12/25 
2023/12/26 	47.234087047037654	51.09955353209422	47.234087047037654	50.15675735473633	19000	2023/12/26 
2023/12/27 	50.628151597377794	53.73937802701383	50.628151597377794	52.3251838684082	14000	2023/12/27 
2023/12/28 	52.60802379756218	53.7393798828125	52.60802379756218	53.7393798828125	6000	2023/12/28 
2023/12/29 	53.6451003944706	56.19064702837254	50.910990221747035	54.68217468261719	76000	2023/12/29 
2024/01/02 	54.02222079393158	54.21078075062145	51.853790283203125	51.853790283203125	13563	2024/01/02 
2024/01/03 	52.70230484008789	52.70230484008789	52.70230484008789	52.70230484008789	1	2024/01/03 
2024/01/04 	51.382386355029766	51.75950622558594	50.910988315075365	51.75950622558594	6011	2024/01/04 
2024/01/05 	51.75950622558594	51.75950622558594	51.75950622558594	51.75950622558594	205	2024/01/05 
2024/01/08 	51.75951210309921	52.32518837668679	51.75951210309921	51.853790283203125	6120	2024/01/08 
2024/01/09 	51.85378700956004	52.0423469543457	51.85378700956004	52.0423469543457	13	2024/01/09 
2024/01/10 	52.0423469543457	52.0423469543457	52.0423469543457	52.0423469543457	4	2024/01/10 
2024/01/11 	52.0423469543457	52.0423469543457	50.91099088211349	52.0423469543457	2054	2024/01/11 
2024/01/15 	51.853790283203125	51.853790283203125	50.9109940962358	51.853790283203125	8000	2024/01/15 
2024/01/16 	50.72243118286133	50.81671295395146	49.9681949965494	50.72243118286133	5001	2024/01/16 
2024/01/18 	51.09955298899808	51.09955298899808	49.968196868896484	49.968196868896484	5000	2024/01/18 
2024/01/19 	49.30823527148629	49.30823527148629	48.365439172236144	48.648277282714844	12200	2024/01/19 
2024/01/22 	48.648275760770304	48.742557525634766	48.648275760770304	48.742557525634766	2051	2024/01/22 
2024/01/23 	48.27116394042969	48.27116394042969	48.08260398980075	48.27116394042969	7050	2024/01/23 
2024/01/25 	46.338433346246596	47.139808654785156	46.338433346246596	47.139808654785156	4010	2024/01/25 
2024/01/26 	47.13980538509102	47.328365325927734	46.38556921822591	47.328365325927734	2098	2024/01/26 
2024/01/29 	47.328365325927734	47.328365325927734	47.328365325927734	47.328365325927734	50	2024/01/29 
2024/01/30 	46.809831432794454	47.139808654785156	46.809831432794454	47.139808654785156	4000	2024/01/30 
2024/02/01 	47.328365325927734	47.328365325927734	46.38556921822591	47.328365325927734	4070	2024/02/01 
2024/02/02 	47.328365325927734	47.328365325927734	47.13980538509102	47.328365325927734	5060	2024/02/02 
2024/02/05 	46.338433346246596	47.139808654785156	46.338433346246596	47.139808654785156	11000	2024/02/05 
2024/02/15 	46.19701176627368	47.139807924769066	46.19701176627368	46.5269889831543	3010	2024/02/15 
2024/02/16 	47.13980373689601	47.23408190577716	46.66840569952706	46.7626838684082	11958	2024/02/16 
2024/02/19 	47.328365325927734	47.328365325927734	46.7626855034176	47.328365325927734	11633	2024/02/19 
2024/02/20 	47.328365325927734	47.328365325927734	47.328365325927734	47.328365325927734	1000	2024/02/20 
2024/02/21 	47.32836598645526	47.42264415994852	45.53705191822904	46.85696792602539	65075	2024/02/21 
2024/02/22 	46.95124816894531	46.95124816894531	46.95124816894531	46.95124816894531	500	2024/02/22 
2024/02/23 	46.00844817796156	47.611202239990234	46.00844817796156	47.611202239990234	31000	2024/02/23 
2024/02/26 	47.23408470793973	49.591075034613006	47.23408470793973	49.213958740234375	32000	2024/02/26 
2024/02/29 	48.08260225117707	48.365440368652344	48.08260225117707	48.365440368652344	5000	2024/02/29 
2024/03/01 	49.213962027115485	50.06247644349899	48.2711658334791	49.0254020690918	25069	2024/03/01 
2024/03/04 	49.968196191520335	50.6281542190066	49.968196191520335	50.43959426879883	41000	2024/03/04 
2024/03/05 	50.43959426879883	50.43959426879883	49.49679811424184	50.43959426879883	12000	2024/03/05 
2024/03/06 	50.34531700738349	53.73938178691142	49.96819710011062	52.985145568847656	104006	2024/03/06 
2024/03/07 	52.98514503474351	53.173704986479216	51.66522896907554	52.79658508300781	100030	2024/03/07 
2024/03/08 	52.79658117012978	53.73937726245352	51.57094696940524	53.456539154052734	105506	2024/03/08 
2024/03/11 	53.45654035474387	53.45654035474387	50.81671195624035	53.173702239990234	28030	2024/03/11 
2024/03/12 	53.645103067577494	54.210779326302664	51.57095079144866	52.79658508300781	52512	2024/03/12 
2024/03/13 	51.38238786965235	51.665225982666016	50.15675364893864	51.665225982666016	10253	2024/03/13 
2024/03/15 	50.72243101055	54.022217461376435	50.72243101055	53.550819396972656	34000	2024/03/15 
2024/03/18 	53.55081840664479	56.00209045410156	53.55081840664479	56.00209045410156	162922	2024/03/18 
2024/03/19 	56.00209068251444	56.096368855443494	54.11649845207937	54.68217468261719	73500	2024/03/19 
2024/03/20 	55.624970243050996	55.624970243050996	53.92793797188138	54.493614196777344	8200	2024/03/20 
2024/03/21 	53.73937975403335	54.87073583657253	53.55081980752985	54.39933776855469	28250	2024/03/21 
2024/03/22 	54.68217510535106	55.907809345312565	53.36225909524987	55.53069305419922	221551	2024/03/22 
2024/03/25 	56.00209068251444	56.00209068251444	54.02221668266856	54.68217468261719	100513	2024/03/25 
2024/03/26 	54.305054912741845	54.49361485548034	53.739378681008155	54.022216796875	27000	2024/03/26 
2024/03/27 	53.550819935857135	53.92793982976786	53.550819935857135	53.7393798828125	29500	2024/03/27 
2024/03/28 	53.73938095307085	54.30505720872093	53.73938095307085	54.11650085449219	25000	2024/03/28 
2024/03/29 	53.73937856739965	55.34213268256582	53.73937856739965	54.68217468261719	80000	2024/03/29 
2024/04/01 	54.3050537109375	54.49361364950304	53.8336556627645	54.3050537109375	22500	2024/04/01 
2024/04/02 	53.73937803142215	54.68217413723657	53.73937803142215	54.493614196777344	30000	2024/04/02 
2024/04/03 	54.11649952046633	55.24785200387752	54.02221774919417	55.059295654296875	88000	2024/04/03 
2024/04/08 	55.43641214262786	56.190648333017535	54.965014074074084	55.90781021118164	221750	2024/04/08 
2024/04/09 	55.907808785228255	58.45335900978964	55.907808785228255	57.510562896728516	215905	2024/04/09 
2024/04/10 	57.510562785310135	58.35908072401397	57.1334429022236	58.1705207824707	143722	2024/04/10 
2024/04/11 	57.98196236454264	58.07624053955078	57.322004350040096	58.07624053955078	81552	2024/04/11 
2024/04/12 	57.793399779821875	62.790218353271484	57.60483984193135	62.790218353271484	236880	2024/04/12 
2024/04/15 	61.75314769487025	66.27857208251953	61.47030597328075	66.27857208251953	244826	2024/04/15 
2024/04/16 	66.27857083528518	66.27857083528518	63.16734072820315	63.73301696777344	221855	2024/04/16 
2024/04/17 	63.733016723346815	65.33577445444003	63.733016723346815	65.05293273925781	83305	2024/04/17 
2024/04/18 	64.58153316847145	67.31564331054688	64.58153316847145	67.31564331054688	256470	2024/04/18 
2024/04/19 	66.65568686034628	69.38979721320842	65.61861250387139	67.8813247680664	239024	2024/04/19 
2024/04/22 	67.78704310164018	70.89826601100883	66.27857073410111	68.06987762451172	146910	2024/04/22 
2024/04/23 	68.06987829365956	69.57835786899106	66.74996945469003	67.59848022460938	54314	2024/04/23 
2024/04/24 	66.74996839860849	66.93852474605984	65.52433056128392	66.37284851074219	39200	2024/04/24 
2024/04/25 	66.3728489320823	66.46712710640647	62.224544525146484	62.224544525146484	95127	2024/04/25 
2024/04/26 	63.92157747323274	65.43004977141996	61.37602372663871	64.77008819580078	159781	2024/04/26 
2024/04/29 	64.77009583858307	67.40992806662976	63.167345181317394	66.93852996826172	308932	2024/04/29 
2024/04/30 	66.93852343009449	69.95546808778661	66.46712537776989	67.31564331054688	246238	2024/04/30 
2024/05/02 	67.88132265695661	67.88132265695661	65.71288863934055	66.27857208251953	258305	2024/05/02 
2024/05/03 	65.71288526684856	65.99572697392216	63.16733867503979	63.638736724853516	256173	2024/05/03 
2024/05/06 	62.884501097980085	63.450184549279214	62.224546662082936	62.97878646850586	134416	2024/05/06 
2024/05/07 	62.22454661447575	64.67581519402898	62.22454661447575	63.82729721069336	51331	2024/05/07 
2024/05/08 	62.88449877076377	66.46712692924167	62.88449877076377	65.05293273925781	56320	2024/05/08 
2024/05/09 	64.29869111740737	64.29869111740737	62.13026440404226	63.638736724853516	98231	2024/05/09 
2024/05/10 	63.63873871889981	63.63873871889981	61.94170280921036	62.224544525146484	82120	2024/05/10 
2024/05/13 	62.224542880160584	62.224542880160584	58.83047834347179	59.49043273925781	150073	2024/05/13 
2024/05/14 	58.830482957776084	58.924761137002484	56.473492512295984	56.850608825683594	174946	2024/05/14 
2024/05/15 	56.28493159201509	58.830481948771116	56.28493159201509	58.64192199707031	67532	2024/05/15 
2024/05/16 	58.64192187654188	60.99890868027077	58.35908374781297	60.81035232543945	90055	2024/05/16 
2024/05/17 	59.58471748965706	63.4501838684082	59.30187936352451	63.4501838684082	85031	2024/05/17 
2024/05/20 	63.167342725650286	64.48725878836113	60.52751060022861	60.81035232543945	28365	2024/05/20 
2024/05/21 	60.81035050891695	60.81035050891695	58.453360179113965	59.396156311035156	48281	2024/05/21 
2024/05/22 	59.11332077451007	60.621796809406305	59.11332077451007	59.67899703979492	145581	2024/05/22 
2024/05/23 	59.11331708461154	63.167339656716386	57.03916491390062	62.50738525390625	227586	2024/05/23 
2024/05/24 	64.1101374735359	64.1101374735359	60.338952916269086	61.75314712524414	34638	2024/05/24 
2024/05/27 	61.09319076161578	63.16733932495117	58.92475683297684	63.16733932495117	91418	2024/05/27 
2024/05/28 	63.16734007371497	64.20441436767578	60.33895171220534	64.20441436767578	45330	2024/05/28 
2024/05/29 	63.45018311168648	64.11013753263101	62.884499673204054	63.261619567871094	41223	2024/05/29 
2024/05/30 	63.544461690344825	65.24149043766974	62.69594372020048	64.11013793945312	59622	2024/05/30 
2024/05/31 	64.11014074947684	65.05293693696915	62.22454837449222	64.39298248291016	26214	2024/05/31 
2024/06/03 	64.39297725009308	64.67581176757812	62.88449771831888	64.67581176757812	40116	2024/06/03 
2024/06/04 	63.16733809251051	63.16733809251051	58.26479770036262	61.28174591064453	83631	2024/06/04 
2024/06/05 	60.81034883786746	60.998905181884766	60.81034883786746	60.998905181884766	6105	2024/06/05 
2024/06/06 	60.05611439184487	60.90462875366211	60.05611439184487	60.90462875366211	11105	2024/06/06 
2024/06/07 	59.86755585297932	60.621795654296875	59.58471772572619	60.621795654296875	16810	2024/06/07 
2024/06/11 	60.62179152417677	63.450179796975746	59.58471366626148	61.28174591064453	31081	2024/06/11 
2024/06/12 	61.281750042769076	61.470306396484375	60.33895388826494	61.470306396484375	14501	2024/06/12 
2024/06/13 	61.470306760312944	61.470306760312944	60.33895424539729	60.81035232543945	5560	2024/06/13 
2024/06/14 	59.584718700079364	59.86755683195757	58.547640754549974	58.830482482910156	38200	2024/06/14 
2024/06/17 	59.58471638443354	59.58471638443354	58.26480035832194	58.73619842529297	10050	2024/06/17 
2024/06/18 	57.22772520498089	59.01903567514455	57.22772520498089	58.35908126831055	34005	2024/06/18 
2024/06/19 	57.039167420219776	57.79340362548828	56.756329292804324	57.79340362548828	19151	2024/06/19 
2024/06/20 	56.756330646457194	57.510566869714424	56.473492512295984	56.850608825683594	20031	2024/06/20 
2024/06/21 	57.32200537184027	57.32200537184027	56.47349099219614	56.944889068603516	5120	2024/06/21 
2024/06/24 	56.19064702837254	56.473488740123216	52.04234627930443	54.68217468261719	47101	2024/06/24 
2024/06/25 	53.73937825883222	53.73937825883222	48.83683776855469	48.83683776855469	54391	2024/06/25 
2024/06/26 	49.30823571346035	50.91098981584821	48.836837659609905	49.496795654296875	55895	2024/06/26 
2024/06/27 	48.365441579144	48.93112142473418	47.89404350605978	48.082603454589844	43274	2024/06/27 
2024/06/28 	48.55400291442871	48.55400291442871	45.25421630859375	47.139808654785156	60398	2024/06/28 
2024/07/01 	47.13980399509481	47.13980399509481	40.634509605179076	44.35855484008789	158053	2024/07/01 
2024/07/02 	43.36862329078754	46.5269889831543	43.36862329078754	46.5269889831543	37857	2024/07/02 
2024/07/03 	46.385568100975505	51.0995485259429	44.82995312214361	49.779632568359375	99691	2024/07/03 
2024/07/04 	49.591077641282446	51.099553687532875	48.83684141639824	51.005271911621094	30901	2024/07/04 
2024/07/05 	51.00527048757352	51.00527048757352	47.13980769516292	48.931121826171875	50900	2024/07/05 
2024/07/08 	49.49679781565729	49.49679781565729	47.139807443483136	47.422645568847656	26214	2024/07/08 
2024/07/09 	47.13980714920942	56.567768579051304	46.19701100622523	52.419464111328125	117561	2024/07/09 
2024/07/10 	53.739380331600415	61.47030585299602	53.739380331600415	56.096370697021484	123209	2024/07/10 
2024/07/11 	56.75632551322509	56.75632551322509	53.833655467276635	55.624969482421875	23530	2024/07/11 
2024/07/12 	53.833655895630706	56.473487854003906	53.833655895630706	56.473487854003906	3567	2024/07/12 
2024/07/15 	56.47349064800325	56.47349064800325	48.08260350049975	49.5910758972168	117981	2024/07/15 
2024/07/16 	49.59107382647427	49.6853555951334	45.25421316964285	49.496795654296875	81898	2024/07/16 
2024/07/17 	48.836837659609905	49.496795654296875	48.17687966492293	49.496795654296875	14878	2024/07/17 
2024/07/18 	48.36544162532396	49.5910758972168	47.51692725085133	49.5910758972168	21506	2024/07/18 
2024/07/19 	48.08260468116607	49.3082389831543	47.7054847744857	49.3082389831543	13640	2024/07/19 
2024/07/22 	49.49679740157972	50.533871718067694	48.55400126059725	49.40251922607422	24982	2024/07/22 
2024/07/23 	49.30823645780481	50.533870697021484	47.611204157621586	50.533870697021484	18907	2024/07/23 
2024/07/26 	50.5338731307063	50.91099303623415	49.21396065432274	49.968196868896484	31053	2024/07/26 
2024/07/29 	50.53387099254215	52.136625128497634	50.06247292881887	52.0423469543457	44008	2024/07/29 
2024/07/30 	51.193831404024486	52.985145568847656	50.15675705374706	52.985145568847656	27432	2024/07/30 
2024/07/31 	51.85378688876985	52.70230484008789	51.38238882614466	52.70230484008789	27147	2024/07/31 
2024/08/01 	51.38238894583676	52.79658313700658	51.19382900105109	52.0423469543457	209501	2024/08/01 
2024/08/02 	51.8537858197933	54.493614196777344	51.8537858197933	54.493614196777344	35378	2024/08/02 
2024/08/05 	54.493613973764006	54.493613973764006	51.19382761691779	53.64509963989258	177981	2024/08/05 
2024/08/06 	53.64510170757574	53.7393798828125	51.19382959011975	53.7393798828125	24416	2024/08/06 
2024/08/07 	53.73937792655749	55.15357208251953	51.38238766662076	55.15357208251953	45290	2024/08/07 
2024/08/08 	55.15357089079735	55.53069076283135	53.079418787573594	55.43640899658203	31019	2024/08/08 
2024/08/09 	55.43641113833545	58.453359441720615	54.682174961609604	58.35908126831055	89026	2024/08/09 
2024/08/12 	55.719248314597024	58.359080283304074	55.719248314597024	57.32200241088867	58216	2024/08/12 
2024/08/13 	57.699125981300966	58.45336219353405	56.66204804255877	57.981964111328125	60501	2024/08/13 
2024/08/14 	56.09637140447463	57.98196372059142	56.09637140447463	57.133445739746094	40054	2024/08/14 
2024/08/15 	57.133445739746094	59.490436134892086	56.567769483503824	57.133445739746094	66543	2024/08/15 
2024/08/16 	57.13344732880808	57.699127197265625	55.719253052387266	57.699127197265625	23476	2024/08/16 
2024/08/19 	56.756328765288515	57.60484313964844	56.756328765288515	57.60484313964844	8231	2024/08/19 
2024/08/20 	57.22772478210653	57.981960953259076	56.850604898289376	57.510562896728516	43302	2024/08/20 
2024/08/21 	57.604843675050674	57.887685398948044	57.039167420219776	57.79340362548828	22110	2024/08/21 
2024/08/22 	57.41628461277938	58.1705207824707	57.41628461277938	58.1705207824707	28665	2024/08/22 
2024/08/23 	57.699125981300966	58.17052406350688	56.66204804255877	57.981964111328125	62484	2024/08/23 
2024/08/26 	57.41628580301883	57.98196204289335	57.32200403205186	57.8876838684082	11138	2024/08/26 
2024/08/27 	57.8876838684082	57.8876838684082	57.32200403205186	57.8876838684082	16677	2024/08/27 
2024/08/28 	57.887681479998136	60.24467170969705	57.51056160465364	58.4533576965332	41246	2024/08/28 
2024/08/29 	58.4533576965332	58.4533576965332	57.98195965059342	58.4533576965332	2006	2024/08/29 
2024/08/30 	57.981960840927435	58.45335889654473	57.32200284376687	58.1705207824707	41013	2024/08/30 
2024/09/02 	58.170525289405894	58.35908524555841	55.62497487255202	57.699127197265625	170095	2024/09/02 
2024/09/03 	57.699127197265625	57.699127197265625	57.03916914897284	57.699127197265625	11014	2024/09/03 
2024/09/04 	57.133445739746094	57.604843818775294	56.662047660716894	57.133445739746094	77917	2024/09/04 
2024/09/05 	56.75632672557597	57.510562896728516	56.662044956380804	57.510562896728516	21143	2024/09/05 
2024/09/06 	56.85060746978217	57.887685398948044	56.85060746978217	57.79340362548828	32007	2024/09/06 
2024/09/09 	56.85060919282032	57.79340537710087	56.66204923666781	57.699127197265625	51234	2024/09/09 
2024/09/10 	57.60484281966163	57.793402767299256	56.85060662559297	57.41628646850586	50016	2024/09/10 
2024/09/11 	57.79340362548828	57.79340362548828	57.039167420219776	57.79340362548828	7110	2024/09/11 
2024/09/12 	57.79340537710087	57.79340537710087	57.03916914897284	57.699127197265625	18023	2024/09/12 
2024/09/13 	57.79340209744124	57.8876838684082	57.22772585756671	57.8876838684082	23019	2024/09/13 
2024/09/16 	57.793401011350504	57.88768278054567	56.850604898289376	57.510562896728516	40013	2024/09/16 
2024/09/18 	56.850604898289376	57.510562896728516	56.850604898289376	57.510562896728516	36007	2024/09/18 
2024/09/19 	56.94488839765272	57.51056464408374	56.75632845001508	57.41628646850586	72015	2024/09/19 
2024/09/20 	56.94488839765272	57.51056464408374	56.94488839765272	57.41628646850586	36503	2024/09/20 
2024/09/23 	57.41628472401511	57.510562896728516	56.944886667484546	57.510562896728516	53127	2024/09/23 
2024/09/24 	56.94488839765272	57.51056464408374	56.94488839765272	57.41628646850586	8012	2024/09/24 
2024/09/25 	56.944886667484546	57.510562896728516	56.944886667484546	57.510562896728516	12015	2024/09/25 
2024/09/26 	57.51056397750398	57.98196204289335	57.32200403205186	57.8876838684082	27069	2024/09/26 
2024/09/27 	58.66080982267724	58.950730711819986	56.53471715805687	58.85409164428711	18536	2024/09/27 
2024/09/30 	58.757447628690464	58.757447628690464	58.08096311085206	58.66080856323242	18248	2024/09/30 
2024/10/01 	58.66080856323242	58.85409038069255	58.274244928312186	58.66080856323242	22034	2024/10/01 
2024/10/04 	58.27424613378953	58.56416702270508	58.27424613378953	58.56416702270508	27006	2024/10/04 
2024/10/07 	58.564165811230346	58.757447628690464	58.274244928312186	58.66080856323242	108011	2024/10/07 
2024/10/08 	58.274243668894805	58.56416454554722	58.08096185561187	58.467525482177734	102026	2024/10/08 
2024/10/09 	57.791042404801544	57.9843242228532	57.017918819138984	57.501121520996094	12003	2024/10/09 
2024/10/11 	57.501118914286295	57.98432159423828	57.501118914286295	57.98432159423828	5001	2024/10/11 
2024/10/14 	57.01791924086729	57.98432465172945	55.085108419142976	55.47167205810547	14153	2024/10/14 
2024/10/15 	54.891824151269425	55.56830864600787	53.34557703747634	54.79518508911133	19604	2024/10/15 
2024/10/16 	53.635498338128166	54.11870102585905	50.63964314881426	51.316123962402344	55891	2024/10/16 
2024/10/17 	50.05979684050198	50.8329203901092	45.42105185631478	48.803470611572266	115842	2024/10/17 
2024/10/18 	46.87065989428228	48.803470611572266	46.87065989428228	48.803470611572266	29212	2024/10/18 
2024/10/21 	48.80347413283128	50.253082275390625	48.610192309847875	50.253082275390625	33510	2024/10/21 
2024/10/22 	50.54300271989288	52.28253173828125	50.54300271989288	52.28253173828125	36543	2024/10/22 
2024/10/23 	51.21948608624717	52.28253054926866	51.21948608624717	51.7993278503418	5630	2024/10/23 
2024/10/24 	51.21948503766741	51.412766850590046	50.253079659598214	50.73628234863281	16392	2024/10/24 
2024/10/25 	50.05979806807762	50.446361695632554	48.32026911716835	49.28667449951172	20271	2024/10/25 
2024/10/28 	47.98202753134157	48.803470611572266	47.98202753134157	48.803470611572266	13640	2024/10/28 
2024/10/29 	48.610191345214844	48.610191345214844	48.27195092661412	48.610191345214844	4604	2024/10/29 
2024/10/30 	48.17530578050832	48.51354986884978	47.35386269811771	48.223628997802734	10207	2024/10/30 
2024/11/01 	48.12698871886794	48.32027053833008	48.12698871886794	48.32027053833008	3001	2024/11/01 
2024/11/04 	48.32027053833008	48.32027053833008	48.32027053833008	48.32027053833008	1045	2024/11/04 
2024/11/05 	47.35386263548919	48.610188866060746	47.35386263548919	48.5135498046875	10407	2024/11/05 
2024/11/06 	47.257223574115955	48.5135498046875	47.257223574115955	48.5135498046875	2002	2024/11/06 
2024/11/07 	48.5135498046875	48.610188866060746	46.387457275581255	48.5135498046875	23933	2024/11/07 
2024/11/08 	48.5135498046875	48.5135498046875	48.5135498046875	48.5135498046875	1	2024/11/08 
2024/11/11 	48.5135510144873	48.610190078270456	47.98202879059194	48.416908264160156	16003	2024/11/11 
2024/11/12 	48.416906869178206	49.3833122253418	48.416906869178206	49.3833122253418	6002	2024/11/12 
2024/11/14 	48.223630136593826	48.416908264160156	48.223630136593826	48.416908264160156	3001	2024/11/14 
2024/11/15 	47.353863816369454	48.416908264160156	47.353863816369454	48.416908264160156	1300	2024/11/15 
2024/11/18 	47.353862666604506	48.07866668701172	46.96729904776977	48.07866668701172	8002	2024/11/18 
2024/11/19 	46.04921690448908	48.07866668701172	46.04921690448908	48.07866668701172	2051	2024/11/19 
2024/11/21 	46.04921818629487	48.07866802530838	46.04921818629487	47.98202896118164	1572	2024/11/21 
2024/11/22 	47.98202896118164	47.98202896118164	47.98202896118164	47.98202896118164	1	2024/11/22 
2024/11/25 	46.04921818629487	47.98202896118164	46.04921818629487	47.98202896118164	3	2024/11/25 
2024/11/26 	46.04921818629487	47.98202896118164	46.04921818629487	47.98202896118164	2	2024/11/26 
2024/11/29 	46.00089496768751	47.98202896118164	46.00089496768751	47.98202896118164	2002	2024/11/29 
2024/12/03 	46.000893748802966	47.78874588012695	46.000893748802966	47.78874588012695	12584	2024/12/03 
2024/12/04 	47.20890045109868	47.78874588012695	47.20890045109868	47.78874588012695	101	2024/12/04 
2024/12/05 	47.16058216992837	47.98202896118164	47.16058216992837	47.98202896118164	240	2024/12/05 
2024/12/06 	47.98202896118164	47.98202896118164	45.95257543562414	47.98202896118164	6	2024/12/06 
2024/12/10 	45.95257662026041	48.03034973144531	45.95257662026041	48.03034973144531	5204	2024/12/10 
2024/12/11 	48.030347156293345	48.07866668701172	48.030347156293345	48.07866668701172	2001	2024/12/11 
2024/12/12 	46.38745733693163	48.223628997802734	46.38745733693163	48.223628997802734	2363	2024/12/12 
2024/12/13 	48.223628997802734	48.223628997802734	48.223628997802734	48.223628997802734	5	2024/12/13 
2024/12/16 	46.72569780220926	48.17530584595777	46.677378271393096	47.35386276245117	4110	2024/12/16 
2024/12/17 	45.904256105422974	46.38745880126953	45.904256105422974	46.38745880126953	4121	2024/12/17 
2024/12/18 	46.387459957512085	46.87066266540283	46.387459957512085	46.72570037841797	3212	2024/12/18 
2024/12/19 	46.72570037841797	46.72570037841797	46.14585860356671	46.72570037841797	712	2024/12/19 
2024/12/20 	46.72570037841797	46.72570037841797	46.387459957512085	46.72570037841797	1031	2024/12/20 
2024/12/23 	46.29081846609834	46.77402114868164	46.09753665575623	46.77402114868164	3031	2024/12/23 
2024/12/25 	46.77402235909822	46.77402235909822	45.952575565522885	46.6773796081543	13071	2024/12/25 
2024/12/26 	46.67737823939734	48.22362903026218	46.67737823939734	47.78874588012695	14107	2024/12/26 
2024/12/27 	46.48409893716889	47.74042892456055	46.48409893716889	47.74042892456055	4013	2024/12/27 
2024/12/30 	45.90425716340665	47.74042892456055	45.90425716340665	47.74042892456055	3216	2024/12/30 
2024/12/31 	47.74042892456055	47.74042892456055	45.90425716340665	47.74042892456055	133	2024/12/31 
2025/01/02 	45.904257491498534	47.74042926577612	43.82648436200253	45.85593795776367	13218	2025/01/02 
2025/01/03 	44.26136505280738	45.90425491333008	44.26136505280738	45.90425491333008	2006	2025/01/03 
2025/01/06 	44.64793118167161	45.85593795776367	44.64793118167161	45.85593795776367	2310	2025/01/06 
2025/01/07 	44.454646997548956	45.179451024682905	43.82648203274863	44.74456787109375	27924	2025/01/07 
2025/01/08 	43.77816516798339	44.74457059635629	43.34328198790676	43.9714469909668	6654	2025/01/08 
2025/01/09 	43.34328198790676	43.9714469909668	43.34328198790676	43.9714469909668	3002	2025/01/09 
2025/01/10 	43.343280742332894	43.92312619461986	42.71511944386874	43.77816390991211	4110	2025/01/10 
2025/01/13 	42.715120188938734	46.484099105097265	42.715120188938734	46.4357795715332	52098	2025/01/13 
2025/01/14 	46.43577788428999	49.479956313289186	44.599609869763974	49.28667449951172	44089	2025/01/14 
2025/01/15 	49.286675508753575	52.18589171515084	48.610190989952066	50.9295654296875	89046	2025/01/15 
2025/01/16 	50.44636185693318	50.44636185693318	46.822341661557864	48.12698745727539	25410	2025/01/16 
2025/01/17 	46.822340455614665	48.12698621773009	46.387457306061556	48.07866668701172	8606	2025/01/17 
2025/01/20 	46.629061497696284	46.87066285260663	44.11640888124636	46.29082107543945	41534	2025/01/20 
2025/01/21 	44.261365216654184	46.290818705945654	44.261365216654184	44.889530181884766	8166	2025/01/21 
2025/01/22 	44.889531181454004	46.38745880126953	44.889531181454004	46.38745880126953	15	2025/01/22 
2025/02/03 	44.889531181454004	46.38745880126953	44.889531181454004	46.38745880126953	4836	2025/02/03 
2025/02/04 	46.387458875045	46.387458875045	45.13113260115466	46.097537994384766	15014	2025/02/04 
2025/02/05 	45.32441323335704	46.0975367904404	44.55128598972976	45.61433410644531	14927	2025/02/05 
2025/02/06 	45.61433522522384	46.38745880126953	44.55128708243501	46.38745880126953	1009	2025/02/06 
2025/02/07 	46.387460037969134	47.78874863059161	45.904257329240295	46.4357795715332	27335	2025/02/07 
2025/02/10 	46.38745753056766	46.580739340920466	46.00089390986203	46.194175720214844	7135	2025/02/10 
2025/02/11 	45.46937172710097	46.532419841489606	45.46937172710097	46.33913803100586	2515	2025/02/11 
2025/02/12 	45.421054961597335	46.29082131845834	44.55128860473633	44.55128860473633	3215	2025/02/12 
2025/02/13 	46.242496490478516	46.242496490478516	44.55128705601837	46.242496490478516	14	2025/02/13 
2025/02/14 	46.242496490478516	46.242496490478516	44.64792980705678	46.242496490478516	607	2025/02/14 
2025/02/17 	44.647931124740296	46.77402378526014	44.599611591067045	46.29082107543945	16228	2025/02/17 
2025/02/18 	44.792889725760034	46.29082107543945	44.792889725760034	46.29082107543945	6012	2025/02/18 
2025/02/19 	45.42105472314457	46.29082107543945	44.98617154699713	46.29082107543945	14208	2025/02/19 
2025/02/20 	46.29082085832934	47.305545806884766	46.29082085832934	47.305545806884766	30685	2025/02/20 
2025/02/21 	47.305544496421525	47.54714584350586	47.305544496421525	47.54714584350586	11427	2025/02/21 
2025/02/24 	47.59546403858524	47.64378356933594	47.01562229648906	47.64378356933594	4004	2025/02/24 
2025/02/25 	47.64378356933594	47.64378356933594	46.53241961589429	47.64378356933594	2014	2025/02/25 
2025/02/26 	47.64378486365006	48.126987557371756	47.64378486365006	47.98202896118164	1011	2025/02/26 
2025/02/27 	47.9820301191794	48.32027053833008	47.78874829971726	48.32027053833008	16793	2025/02/27 
2025/03/03 	48.32027053833008	48.32027053833008	47.69210554671416	48.32027053833008	2028	2025/03/03 
2025/03/04 	48.27194852855326	48.27194852855326	47.59546403841423	48.223628997802734	5010	2025/03/04 
2025/03/05 	48.223630236075145	48.271949768066406	46.96730028503846	48.271949768066406	1023	2025/03/05 
2025/03/06 	48.27195100510056	48.32027053833008	48.27195100510056	48.32027053833008	1379	2025/03/06 
2025/03/07 	48.32027053833008	48.32027053833008	48.32027053833008	48.32027053833008	1080	2025/03/07 
2025/03/10 	47.450501759789255	47.64378356933594	47.40218222903855	47.64378356933594	6103	2025/03/10 
2025/03/11 	46.77402101956933	47.35386276245117	46.77402101956933	47.35386276245117	4330	2025/03/11 
2025/03/12 	47.35386276245117	47.35386276245117	47.35386276245117	47.35386276245117	147	2025/03/12 
2025/03/13 	47.35386279415273	47.49882507324219	47.35386279415273	47.49882507324219	118	2025/03/13 
2025/03/14 	47.49882752286307	47.49882752286307	46.387459823311914	47.450504302978516	2116	2025/03/14 
2025/03/17 	47.450504302978516	47.450504302978516	47.450504302978516	47.450504302978516	258	2025/03/17 
2025/03/18 	47.40218487377801	47.40218487377801	46.00089628456143	47.305545806884766	183	2025/03/18 
2025/03/19 	47.30554329652256	47.49882510659626	45.179450758799675	47.063941955566406	30311	2025/03/19 
2025/03/20 	47.06394453352919	47.06394453352919	45.80761822904979	47.015625	1268	2025/03/20 
2025/03/21 	46.43577953801744	47.015625	46.38746000448825	47.015625	566	2025/03/21 
2025/03/24 	47.015622426458314	47.015622426458314	45.421052101469996	46.48409652709961	25715	2025/03/24 
2025/03/25 	45.95257563769883	46.38745880126953	45.95257563769883	46.38745880126953	4510	2025/03/25 
2025/03/26 	46.387460037969134	46.4357795715332	45.807618262112165	46.4357795715332	13406	2025/03/26 
2025/03/27 	46.435778333545386	46.435778333545386	45.807617040871264	46.38745880126953	3209	2025/03/27 
2025/03/28 	45.90425617842995	46.387458875045	44.5512871532902	46.097537994384766	8009	2025/03/28 
2025/03/31 	44.74456787109375	46.097536863028026	44.16472612400416	44.74456787109375	7916	2025/03/31 
2025/04/01 	43.488241628037024	44.74456787109375	43.488241628037024	44.74456787109375	1002	2025/04/01 
2025/04/02 	43.488241628037024	44.74456787109375	43.488241628037024	44.74456787109375	2	2025/04/02 
2025/04/07 	42.61847629904878	42.61847629904878	37.10996851563323	38.65621566772461	66327	2025/04/07 
2025/04/08 	37.013324834640805	37.06164436570271	35.22547637954279	36.86836624145508	83322	2025/04/08 
2025/04/09 	36.86836765936774	36.86836765936774	35.273797267192116	35.75699996948242	38484	2025/04/09 
2025/04/10 	35.757000692232715	38.2696533203125	35.757000692232715	38.2696533203125	38024	2025/04/10 
2025/04/11 	36.57844308875831	36.57844308875831	35.032195916046966	35.75699996948242	21119	2025/04/11 
2025/04/14 	36.53012218599587	36.578441717104155	35.756998628631536	36.4334831237793	19008	2025/04/14 
2025/04/15 	35.75700115970845	36.4334857027415	35.61203886957845	36.38516616821289	9057	2025/04/15 
2025/04/16 	35.61203753289551	36.38516480251095	35.5153984674656	36.33684158325195	6058	2025/04/16 
2025/04/17 	36.38516447186339	38.65621566772461	36.24020218849182	38.65621566772461	58736	2025/04/17 
2025/04/18 	38.60789590593496	41.45879253179062	37.68981005197548	40.1058235168457	114996	2025/04/18 
2025/04/21 	38.656214272103654	39.62261962890625	38.55957521104094	39.62261962890625	25724	2025/04/21 
2025/04/22 	38.75285585468257	39.62262220701518	38.656216787331886	39.574302673339844	32154	2025/04/22 
2025/04/23 	39.57430275565428	39.57430275565428	38.511254579865046	39.28438186645508	4800	2025/04/23 
2025/04/24 	38.51125205550042	39.332698822021484	38.51125205550042	39.332698822021484	7422	2025/04/24 
2025/04/25 	39.33269875917424	39.62261962890625	38.55957521104094	39.62261962890625	1154	2025/04/25 
2025/04/28 	38.55957677295791	38.94613671941085	36.771724578527	37.49652862548828	45592	2025/04/28 
2025/04/29 	37.49652870066045	37.59317145237545	36.62676605448964	37.206607818603516	12166	2025/04/29 
2025/04/30 	37.206607818603516	37.59317145237545	36.24020242071771	37.206607818603516	30011	2025/04/30 
2025/05/02 	37.20660774401257	38.12469360747234	37.20660774401257	37.49652862548828	28702	2025/05/02 
2025/05/05 	36.72340519443921	37.593171528925126	36.336841559880135	36.91668701171875	8009	2025/05/05 
2025/05/06 	36.723403737514836	38.173011779785156	36.723403737514836	38.173011779785156	10003	2025/05/06 
2025/05/07 	38.17301181247163	38.65621449364215	37.30324551174712	37.738128662109375	21416	2025/05/07 
2025/05/08 	37.689810276031494	38.65621566772461	37.20660758018494	38.65621566772461	13001	2025/05/08 
2025/05/09 	38.65621715730914	38.65621715730914	37.35157130286762	37.834774017333984	13051	2025/05/09 
2025/05/12 	37.39988951337121	37.979731275591774	37.351569980943495	37.93141174316406	12002	2025/05/12 
2025/05/13 	37.15828804790908	38.65621566772461	37.15828804790908	38.65621566772461	2003	2025/05/13 
2025/05/14 	37.39989069429166	38.55957794189453	37.35157116033824	38.55957794189453	9001	2025/05/14 
2025/05/15 	38.511253356933594	38.511253356933594	38.511253356933594	38.511253356933594	1001	2025/05/15 
2025/05/16 	38.511253356933594	38.511253356933594	37.6898102491969	38.511253356933594	2002	2025/05/16 
2025/05/19 	37.20660755369438	38.511253356933594	37.20660755369438	38.511253356933594	3	2025/05/19 
2025/05/20 	37.544846883870555	37.88309097290039	37.544846883870555	37.88309097290039	5001	2025/05/20 
2025/05/21 	37.06164672495248	37.834774017333984	37.06164672495248	37.834774017333984	1001	2025/05/21 
2025/05/22 	37.061644203636625	37.83477144342203	36.72340380113844	37.303245544433594	18206	2025/05/22 
2025/05/23 	37.30324808218567	37.834774017333984	36.86836858840125	37.834774017333984	9002	2025/05/23 
2025/05/26 	37.68981172837642	37.834774017333984	36.86836858840125	37.834774017333984	1002	2025/05/26 
2025/05/27 	37.68981170654297	37.68981170654297	37.68981170654297	37.68981170654297	1000	2025/05/27 
2025/05/28 	36.86836858840125	37.834774017333984	36.86836858840125	37.834774017333984	4073	2025/05/28 
2025/05/29 	36.723404973545904	37.83477265131029	36.723404973545904	37.78644943237305	6306	2025/05/29 
2025/06/02 	37.06164548637131	37.6414909362793	37.06164548637131	37.6414909362793	3002	2025/06/02 
2025/06/03 	36.771724604689325	37.6414909362793	36.771724604689325	37.6414909362793	65	2025/06/03 
2025/06/04 	36.77172467832539	37.68981054427684	36.77172467832539	37.35157012939453	367	2025/06/04 
2025/06/05 	37.351568761828105	37.93141050512325	36.91668561108479	37.303245544433594	5047	2025/06/05 
2025/06/06 	36.77172579081379	37.979732575574715	36.77172579081379	37.54484939575195	13009	2025/06/06 
2025/06/09 	37.544848083862874	37.83477265131029	37.061645386842535	37.78644943237305	8535	2025/06/09 
2025/06/10 	37.7864506524632	38.55957794189453	37.20660887193383	38.55957794189453	21232	2025/06/10 
2025/06/11 	38.31797393306617	39.332698822021484	38.31797393306617	39.332698822021484	52122	2025/06/11 
2025/06/12 	39.284379082408	41.50711065747114	38.99445452721137	41.21718978881836	49714	2025/06/12 
2025/06/13 	41.21719067216831	44.696248543651144	41.21719067216831	43.87480545043945	127135	2025/06/13 
2025/06/16 	43.005041363325404	46.77402399113337	42.95672182943948	45.131134033203125	110728	2025/06/16 
2025/06/17 	45.13113383456098	46.484099210132435	44.50296883717644	46.29082107543945	153483	2025/06/17 
2025/06/18 	45.4210521653475	47.78874604744567	45.27608988594691	46.194175720214844	81102	2025/06/18 
2025/06/19 	46.19417698562211	46.38745880126953	46.19417698562211	46.38745880126953	5000	2025/06/19 
2025/06/20 	46.38745877376413	46.38745877376413	44.454647991523956	46.242496490478516	7034	2025/06/20 
2025/06/23 	44.454646800127335	46.24249525116707	44.454646800127335	46.194175720214844	7095	2025/06/23 
2025/06/24 	46.19417581728237	46.62905896985404	45.85593541336214	46.049217224121094	51019	2025/06/24 
2025/06/25 	46.194175720214844	46.38745753056766	44.744567672384605	46.194175720214844	22184	2025/06/25 
2025/06/26 	46.33914064484153	46.33914064484153	44.889532514261774	45.710975646972656	12061	2025/06/26 
2025/06/27 	45.710975729417925	45.85593801735501	44.696250773490746	45.42105484008789	27161	2025/06/27 
2025/06/30 	45.08281316167646	45.2277717590332	45.08281316167646	45.2277717590332	5000	2025/06/30 
2025/07/01 	44.98617063650575	44.98617063650575	44.213047053749	44.358009338378906	11646	2025/07/01 
2025/07/02 	44.358008032094354	44.599609375	44.358008032094354	44.599609375	5	2025/07/02 
2025/07/03 	44.599611546027816	46.33914056231679	44.599611546027816	46.00089645385742	13020	2025/07/03 
2025/07/04 	45.2277717590332	45.2277717590332	45.2277717590332	45.2277717590332	1000	2025/07/04 
2025/07/07 	45.372734042933956	45.566015859286956	45.2277717590332	45.2277717590332	5531	2025/07/07 
2025/07/08 	44.45464825373824	44.93785095214844	44.06808462039247	44.93785095214844	9000	2025/07/08 
2025/07/09 	44.64793132125565	45.42105492306278	44.64793132125565	45.131134033203125	22221	2025/07/09 
2025/07/10 	45.08281326293945	45.08281326293945	44.937850978713094	45.08281326293945	6030	2025/07/10 
2025/07/11 	45.131131524428234	45.131131524428234	44.55128609039756	44.889530181884766	10550	2025/07/11 
2025/07/14 	44.454646931747206	45.034488677978516	44.454646931747206	45.034488677978516	2030	2025/07/14 
2025/07/15 	44.21304666996002	48.80347228050232	44.16472713768417	46.38745880126953	113704	2025/07/15 
2025/07/16 	46.38745756199082	46.532419841489606	45.90425487905342	46.33913803100586	50040	2025/07/16 
2025/07/17 	45.7592951454014	46.87066285260663	45.469374256817815	46.29082107543945	21002	2025/07/17 
2025/07/18 	46.04921969735059	46.19417829829736	44.986171524353686	46.14585876464844	11103	2025/07/18 
2025/07/21 	46.00089645385742	46.00089645385742	46.00089645385742	46.00089645385742	1	2025/07/21 
2025/07/22 	44.84121318138609	44.93785224923992	44.4546495368825	44.55128860473633	13662	2025/07/22 
2025/07/23 	44.84121322631836	44.84121322631836	43.48824415574422	44.84121322631836	22	2025/07/23 
2025/07/24 	43.488242929826164	44.64793014526367	43.488242929826164	44.64793014526367	1001	2025/07/24 
2025/07/25 	44.64792887570998	44.64792887570998	43.488241693247915	44.454647064208984	7126	2025/07/25 
2025/07/28 	44.45464683314054	47.16058112045771	44.45464683314054	45.75929260253906	81286	2025/07/28 
2025/07/29 	46.24249659144288	46.53242115864712	45.75929389482783	46.097537994384766	39119	2025/07/29 
2025/07/30 	45.17945220627114	45.8076171875	45.17945220627114	45.8076171875	6030	2025/07/30 
2025/07/31 	45.17945217960096	45.662654876708984	45.17945217960096	45.662654876708984	90	2025/07/31 
2025/08/01 	45.66265619562027	45.66265619562027	44.93785212902313	45.42105484008789	2054	2025/08/01 
2025/08/04 	44.93784961578793	45.469371830923954	44.502966462842494	45.034488677978516	5270	2025/08/04 
2025/08/05 	45.082811993228326	45.082811993228326	44.50296655919765	44.889530181884766	12035	2025/08/05 
2025/08/06 	44.98617172241211	44.98617172241211	43.97144676514076	44.98617172241211	8022	2025/08/06 
2025/08/07 	44.79288740226056	44.79288740226056	44.74456787109375	44.74456787109375	1001	2025/08/07 
2025/08/08 	44.454649642684494	45.42105506969938	44.01976646321897	44.40633010864258	41030	2025/08/08 
2025/08/11 	44.406330086448996	44.406330086448996	44.26136779785156	44.26136779785156	3053	2025/08/11 
2025/08/12 	44.26136790415928	44.26136790415928	43.488244298385695	44.11640930175781	2042	2025/08/12 
2025/08/13 	44.068084716796875	44.068084716796875	44.068084716796875	44.068084716796875	101	2025/08/13 
2025/08/14 	44.06808474304376	44.21304702758789	42.328555761234355	44.21304702758789	16137	2025/08/14 
2025/08/15 	42.32855573602353	44.068084716796875	42.32855573602353	44.068084716796875	5	2025/08/15 
2025/08/18 	44.06808481895292	44.06808481895292	43.77816393590929	43.923126220703125	4351	2025/08/18 
2025/08/19 	43.923126220703125	43.923126220703125	43.77816393590929	43.923126220703125	16300	2025/08/19 
2025/08/20 	43.34328198790676	44.06808605918643	43.34328198790676	43.9714469909668	6031	2025/08/20 
2025/08/21 	43.9714469909668	43.9714469909668	43.9714469909668	43.9714469909668	2130	2025/08/21 
2025/08/22 	43.9714470758447	44.3580107225577	43.68152618408203	43.68152618408203	3101	2025/08/22 
2025/08/25 	43.87480555809494	43.87480555809494	42.231915681096474	43.150001525878906	17271	2025/08/25 
2025/08/26 	43.150001525878906	44.650001525878906	43.0	44.45000076293945	6133	2025/08/26 
2025/08/27 	43.349998474121094	43.45000076293945	43.0	43.099998474121094	8300	2025/08/27 
2025/08/28 	43.0	43.29999923706055	42.849998474121094	43.0	17501	2025/08/28 
2025/08/29 	43.0	44.650001525878906	42.5	43.20000076293945	35732	2025/08/29 
2025/09/01 	43.20000076293945	43.20000076293945	41.04999923706055	42.650001525878906	19311	2025/09/01 
2025/09/02 	41.849998474121094	42.0	39.849998474121094	41.0	44796	2025/09/02 
2025/09/03 	41.45000076293945	45.20000076293945	41.0	43.349998474121094	85804	2025/09/03 
2025/09/04 	43.349998474121094	43.599998474121094	43.0	43.29999923706055	23100	2025/09/04 
2025/09/05 	43.45000076293945	45.25	43.45000076293945	44.599998474121094	43031	2025/09/05 
