Date	Open	High	Low	Close	Volume	Date
2023/09/07 	88.0	99.0	88.0	90.4000015258789	61000	2023/09/07 
2023/09/08 	89.9000015258789	89.9000015258789	78.69999694824219	81.5	36000	2023/09/08 
2023/09/11 	81.69999694824219	81.69999694824219	80.5	80.5	2000	2023/09/11 
2023/09/12 	77.9000015258789	77.9000015258789	77.9000015258789	77.9000015258789	3000	2023/09/12 
2023/09/20 	78.30000305175781	78.30000305175781	78.30000305175781	78.30000305175781	2000	2023/09/20 
2023/09/21 	78.5	78.5	78.5	78.5	1000	2023/09/21 
2023/09/22 	78.5	78.5	78.5	78.5	1000	2023/09/22 
2023/09/25 	78.5	78.5	78.5	78.5	2000	2023/09/25 
2023/09/27 	78.0	78.0	78.0	78.0	1000	2023/09/27 
2023/09/28 	78.30000305175781	78.30000305175781	78.30000305175781	78.30000305175781	1000	2023/09/28 
2023/10/02 	78.0999984741211	78.0999984741211	78.0999984741211	78.0999984741211	1000	2023/10/02 
2023/10/03 	78.0999984741211	78.0999984741211	78.0999984741211	78.0999984741211	1000	2023/10/03 
2023/10/11 	78.19999694824219	78.19999694824219	78.0	78.0	2000	2023/10/11 
2023/10/16 	78.0	78.0	78.0	78.0	5000	2023/10/16 
2023/10/24 	75.9000015258789	76.0	75.9000015258789	76.0	2000	2023/10/24 
2023/10/27 	75.0	75.0	75.0	75.0	2000	2023/10/27 
2023/10/30 	75.0	75.0	75.0	75.0	6000	2023/10/30 
2023/11/01 	74.5999984741211	74.5999984741211	74.5999984741211	74.5999984741211	1000	2023/11/01 
2023/11/03 	74.0	74.0	72.5	72.5	4000	2023/11/03 
2023/11/06 	72.5	72.5	72.5	72.5	2000	2023/11/06 
2023/11/09 	71.30000305175781	71.30000305175781	71.0	71.0	2000	2023/11/09 
2023/11/10 	71.5	71.5	71.0	71.0	2000	2023/11/10 
2023/11/17 	68.19999694824219	68.19999694824219	68.19999694824219	68.19999694824219	1000	2023/11/17 
2023/11/20 	68.0999984741211	68.0999984741211	68.0999984741211	68.0999984741211	1000	2023/11/20 
2023/11/23 	67.0	67.0	65.9000015258789	66.0	11000	2023/11/23 
2023/11/24 	65.0999984741211	66.0	65.0	65.0	4000	2023/11/24 
2023/11/27 	67.0	68.0	67.0	68.0	15000	2023/11/27 
2023/11/28 	68.0	68.0	68.0	68.0	2000	2023/11/28 
2023/11/29 	69.4000015258789	69.4000015258789	69.4000015258789	69.4000015258789	2455	2023/11/29 
2023/11/30 	69.30000305175781	69.69999694824219	66.80000305175781	69.4000015258789	14416	2023/11/30 
2023/12/01 	69.4000015258789	69.4000015258789	63.599998474121094	66.4000015258789	28512	2023/12/01 
2023/12/04 	66.4000015258789	66.4000015258789	66.4000015258789	66.4000015258789	1004	2023/12/04 
2023/12/05 	66.30000305175781	66.30000305175781	65.30000305175781	65.30000305175781	1002	2023/12/05 
2023/12/06 	63.20000076293945	65.19999694824219	63.20000076293945	65.19999694824219	157	2023/12/06 
2023/12/07 	65.19999694824219	65.19999694824219	65.19999694824219	65.19999694824219	2228	2023/12/07 
2023/12/11 	65.19999694824219	66.19999694824219	65.19999694824219	66.19999694824219	10005	2023/12/11 
2023/12/12 	66.30000305175781	77.9000015258789	66.30000305175781	73.30000305175781	80998	2023/12/12 
2023/12/13 	73.30000305175781	73.30000305175781	66.30000305175781	68.9000015258789	31450	2023/12/13 
2023/12/14 	69.19999694824219	69.19999694824219	69.19999694824219	69.19999694824219	5	2023/12/14 
2023/12/15 	69.19999694824219	69.19999694824219	65.80000305175781	66.0	9502	2023/12/15 
2023/12/21 	65.0	65.0	65.0	65.0	3400	2023/12/21 
2023/12/22 	62.70000076293945	63.0	57.0	58.900001525878906	61559	2023/12/22 
2023/12/25 	58.900001525878906	77.30000305175781	56.20000076293945	67.5	102345	2023/12/25 
2023/12/26 	64.69999694824219	65.0	64.0	64.9000015258789	14501	2023/12/26 
2023/12/27 	64.9000015258789	64.9000015258789	64.80000305175781	64.80000305175781	7	2023/12/27 
2023/12/29 	64.80000305175781	64.80000305175781	64.80000305175781	64.80000305175781	1	2023/12/29 
2024/01/02 	64.80000305175781	64.80000305175781	64.80000305175781	64.80000305175781	1012	2024/01/02 
2024/01/03 	61.900001525878906	64.9000015258789	61.900001525878906	62.0	15	2024/01/03 
2024/01/04 	62.0	64.0	62.0	62.0	11502	2024/01/04 
2024/01/05 	62.0	64.0	62.0	62.0	81	2024/01/05 
2024/01/08 	64.0	68.30000305175781	63.20000076293945	65.4000015258789	24907	2024/01/08 
2024/01/09 	63.20000076293945	64.0	62.20000076293945	62.400001525878906	22943	2024/01/09 
2024/01/10 	63.0	63.0	61.900001525878906	63.0	20040	2024/01/10 
2024/01/11 	64.0999984741211	64.0999984741211	64.0999984741211	64.0999984741211	5	2024/01/11 
2024/01/12 	64.0999984741211	65.69999694824219	63.70000076293945	63.79999923706055	27002	2024/01/12 
2024/01/17 	62.70000076293945	62.70000076293945	62.5	62.5	3000	2024/01/17 
2024/01/18 	65.30000305175781	65.30000305175781	65.19999694824219	65.19999694824219	22	2024/01/18 
2024/01/19 	62.5	62.5	62.5	62.5	1002	2024/01/19 
2024/01/22 	65.0999984741211	65.0999984741211	62.5	62.5	2	2024/01/22 
2024/01/23 	62.5	62.70000076293945	62.099998474121094	62.70000076293945	2950	2024/01/23 
2024/01/24 	59.599998474121094	59.599998474121094	59.599998474121094	59.599998474121094	2	2024/01/24 
2024/01/25 	59.599998474121094	62.599998474121094	59.599998474121094	62.599998474121094	3703	2024/01/25 
2024/01/26 	59.70000076293945	62.5	59.70000076293945	59.70000076293945	12	2024/01/26 
2024/01/29 	59.70000076293945	59.70000076293945	59.599998474121094	59.599998474121094	2	2024/01/29 
2024/01/30 	59.599998474121094	59.79999923706055	59.20000076293945	59.20000076293945	2002	2024/01/30 
2024/01/31 	59.20000076293945	59.20000076293945	59.20000076293945	59.20000076293945	1	2024/01/31 
2024/02/01 	59.29999923706055	60.0	59.29999923706055	60.0	251	2024/02/01 
2024/02/02 	60.0	60.0	59.29999923706055	59.400001525878906	3012	2024/02/02 
2024/02/05 	59.29999923706055	62.099998474121094	59.29999923706055	62.099998474121094	101	2024/02/05 
2024/02/15 	62.099998474121094	62.099998474121094	62.099998474121094	62.099998474121094	1150	2024/02/15 
2024/02/16 	62.099998474121094	62.099998474121094	62.099998474121094	62.099998474121094	10	2024/02/16 
2024/02/19 	59.29999923706055	59.29999923706055	59.29999923706055	59.29999923706055	1100	2024/02/19 
2024/02/20 	59.20000076293945	62.29999923706055	59.20000076293945	62.29999923706055	13690	2024/02/20 
2024/02/21 	62.29999923706055	64.19999694824219	62.29999923706055	64.19999694824219	20751	2024/02/21 
2024/02/22 	65.0999984741211	65.0999984741211	59.400001525878906	59.400001525878906	12268	2024/02/22 
2024/02/23 	59.599998474121094	60.0	59.599998474121094	60.0	8002	2024/02/23 
2024/02/26 	59.79999923706055	61.0	59.79999923706055	61.0	9150	2024/02/26 
2024/02/27 	58.099998474121094	58.099998474121094	58.0	58.0	5001	2024/02/27 
2024/02/29 	56.400001525878906	57.0	56.29999923706055	56.29999923706055	3002	2024/02/29 
2024/03/01 	56.29999923706055	57.900001525878906	55.79999923706055	56.099998474121094	12950	2024/03/01 
2024/03/04 	55.099998474121094	56.0	54.70000076293945	54.79999923706055	25308	2024/03/04 
2024/03/05 	52.29999923706055	53.0	52.099998474121094	52.79999923706055	5003	2024/03/05 
2024/03/06 	52.099998474121094	54.599998474121094	51.20000076293945	51.20000076293945	13603	2024/03/06 
2024/03/07 	51.29999923706055	52.70000076293945	49.5	52.599998474121094	26847	2024/03/07 
2024/03/08 	51.5	53.0	51.5	52.900001525878906	2109	2024/03/08 
2024/03/11 	51.5	52.0	47.099998474121094	48.75	61749	2024/03/11 
2024/03/12 	48.70000076293945	48.70000076293945	47.04999923706055	47.95000076293945	3065	2024/03/12 
2024/03/13 	45.79999923706055	47.95000076293945	45.45000076293945	45.45000076293945	17087	2024/03/13 
2024/03/14 	45.70000076293945	45.70000076293945	40.0	42.099998474121094	72492	2024/03/14 
2024/03/15 	42.099998474121094	55.29999923706055	40.70000076293945	52.599998474121094	87939	2024/03/15 
2024/03/18 	53.599998474121094	56.099998474121094	51.099998474121094	56.099998474121094	64654	2024/03/18 
2024/03/19 	56.099998474121094	56.29999923706055	53.5	56.29999923706055	13111	2024/03/19 
2024/03/20 	53.79999923706055	56.29999923706055	53.599998474121094	55.20000076293945	13755	2024/03/20 
2024/03/21 	53.400001525878906	55.20000076293945	52.900001525878906	55.20000076293945	8758	2024/03/21 
2024/03/22 	55.20000076293945	55.20000076293945	53.20000076293945	54.0	19036	2024/03/22 
2024/03/25 	52.5	54.79999923706055	52.5	54.79999923706055	9003	2024/03/25 
2024/03/26 	54.79999923706055	55.0	52.599998474121094	55.0	5130	2024/03/26 
2024/03/27 	55.0	55.0	55.0	55.0	4005	2024/03/27 
2024/03/28 	55.099998474121094	55.20000076293945	55.099998474121094	55.099998474121094	8000	2024/03/28 
2024/03/29 	55.599998474121094	55.599998474121094	55.599998474121094	55.599998474121094	1000	2024/03/29 
2024/04/01 	55.599998474121094	56.70000076293945	55.599998474121094	56.70000076293945	8010	2024/04/01 
2024/04/02 	56.599998474121094	56.599998474121094	54.5	56.599998474121094	10002	2024/04/02 
2024/04/03 	56.5	56.5	54.20000076293945	54.20000076293945	9102	2024/04/03 
2024/04/08 	54.400001525878906	61.0	54.400001525878906	59.0	36298	2024/04/08 
2024/04/09 	60.599998474121094	60.599998474121094	57.0	59.900001525878906	42213	2024/04/09 
2024/04/10 	59.79999923706055	61.400001525878906	59.29999923706055	61.400001525878906	28921	2024/04/10 
2024/04/11 	61.70000076293945	66.4000015258789	61.70000076293945	66.0999984741211	81618	2024/04/11 
2024/04/12 	66.0999984741211	71.4000015258789	65.69999694824219	67.80000305175781	192191	2024/04/12 
2024/04/15 	67.80000305175781	70.80000305175781	67.80000305175781	70.5	72182	2024/04/15 
2024/04/16 	70.0	71.30000305175781	68.0	70.30000305175781	85179	2024/04/16 
2024/04/17 	71.5999984741211	71.69999694824219	68.5999984741211	70.0	123142	2024/04/17 
2024/04/18 	68.0	71.0	67.5	70.4000015258789	43008	2024/04/18 
2024/04/19 	67.0999984741211	70.5	64.69999694824219	67.9000015258789	35146	2024/04/19 
2024/04/22 	67.5999984741211	67.5999984741211	64.5	67.0999984741211	18207	2024/04/22 
2024/04/23 	67.0999984741211	67.0999984741211	64.4000015258789	65.69999694824219	38044	2024/04/23 
2024/04/24 	62.79999923706055	65.9000015258789	59.900001525878906	62.70000076293945	148410	2024/04/24 
2024/04/25 	62.70000076293945	63.599998474121094	59.79999923706055	62.20000076293945	88387	2024/04/25 
2024/04/26 	62.20000076293945	63.099998474121094	57.0	63.099998474121094	109145	2024/04/26 
2024/04/29 	60.29999923706055	62.20000076293945	58.5	61.29999923706055	138801	2024/04/29 
2024/04/30 	59.70000076293945	61.5	59.599998474121094	60.5	90082	2024/04/30 
2024/05/02 	60.400001525878906	62.20000076293945	58.29999923706055	60.79999923706055	74279	2024/05/02 
2024/05/03 	58.5	65.0	58.5	60.0	211336	2024/05/03 
2024/05/06 	60.900001525878906	61.20000076293945	59.5	60.20000076293945	216893	2024/05/06 
2024/05/07 	60.099998474121094	60.900001525878906	59.5	60.20000076293945	40155	2024/05/07 
2024/05/08 	60.20000076293945	65.5999984741211	60.20000076293945	65.0	147320	2024/05/08 
2024/05/09 	65.4000015258789	70.4000015258789	63.599998474121094	67.4000015258789	216240	2024/05/09 
2024/05/10 	67.0	67.30000305175781	64.69999694824219	66.0999984741211	110181	2024/05/10 
2024/05/13 	66.19999694824219	67.30000305175781	66.0999984741211	67.0	44722	2024/05/13 
2024/05/14 	67.9000015258789	72.0999984741211	67.9000015258789	70.30000305175781	104532	2024/05/14 
2024/05/15 	72.19999694824219	72.5	69.30000305175781	70.5	76831	2024/05/15 
2024/05/16 	71.19999694824219	72.69999694824219	69.69999694824219	70.4000015258789	67435	2024/05/16 
2024/05/17 	70.4000015258789	70.9000015258789	69.4000015258789	69.5999984741211	43025	2024/05/17 
2024/05/20 	70.69999694824219	70.69999694824219	68.30000305175781	70.19999694824219	37075	2024/05/20 
2024/05/21 	70.0999984741211	70.4000015258789	67.0999984741211	70.4000015258789	15195	2024/05/21 
2024/05/22 	68.9000015258789	73.80000305175781	68.9000015258789	70.9000015258789	51031	2024/05/22 
2024/05/23 	71.19999694824219	71.19999694824219	69.9000015258789	71.19999694824219	16270	2024/05/23 
2024/05/24 	71.0	72.0999984741211	69.69999694824219	71.5999984741211	71277	2024/05/24 
2024/05/27 	70.5	71.9000015258789	70.0999984741211	70.80000305175781	49065	2024/05/27 
2024/05/28 	71.19999694824219	72.30000305175781	70.5999984741211	71.5	37530	2024/05/28 
2024/05/29 	72.30000305175781	76.5	71.0999984741211	76.30000305175781	132365	2024/05/29 
2024/05/30 	76.30000305175781	76.30000305175781	72.69999694824219	74.80000305175781	122535	2024/05/30 
2024/05/31 	74.0	76.9000015258789	73.4000015258789	75.30000305175781	57595	2024/05/31 
2024/06/03 	75.30000305175781	77.69999694824219	74.0	74.0	103729	2024/06/03 
2024/06/04 	76.0999984741211	77.0	73.80000305175781	75.80000305175781	81263	2024/06/04 
2024/06/05 	75.69999694824219	75.69999694824219	73.80000305175781	74.80000305175781	91615	2024/06/05 
2024/06/06 	75.30000305175781	75.30000305175781	73.5999984741211	74.80000305175781	33525	2024/06/06 
2024/06/07 	74.80000305175781	83.30000305175781	72.5	75.30000305175781	161102	2024/06/07 
2024/06/11 	75.30000305175781	76.4000015258789	72.0	75.0	60865	2024/06/11 
2024/06/12 	73.0	74.0	68.69999694824219	71.9000015258789	162981	2024/06/12 
2024/06/13 	71.9000015258789	74.9000015258789	71.9000015258789	74.30000305175781	33265	2024/06/13 
2024/06/14 	74.0	74.0	69.4000015258789	73.19999694824219	69670	2024/06/14 
2024/06/17 	73.19999694824219	73.19999694824219	68.30000305175781	71.5	65850	2024/06/17 
2024/06/18 	71.69999694824219	71.69999694824219	68.0	70.5	73414	2024/06/18 
2024/06/19 	70.5	70.5	67.69999694824219	69.0999984741211	61064	2024/06/19 
2024/06/20 	70.69999694824219	70.69999694824219	66.69999694824219	70.19999694824219	86176	2024/06/20 
2024/06/21 	70.19999694824219	70.4000015258789	68.0	70.30000305175781	25696	2024/06/21 
2024/06/24 	70.0	70.30000305175781	69.0	70.0999984741211	42510	2024/06/24 
2024/06/25 	70.69999694824219	70.69999694824219	68.5	69.4000015258789	66025	2024/06/25 
2024/06/26 	69.5999984741211	75.4000015258789	69.19999694824219	70.9000015258789	289850	2024/06/26 
2024/06/27 	71.30000305175781	72.9000015258789	70.0	72.69999694824219	102525	2024/06/27 
2024/06/28 	72.69999694824219	75.0999984741211	70.69999694824219	74.4000015258789	123660	2024/06/28 
2024/07/01 	74.4000015258789	78.9000015258789	74.30000305175781	76.0	420968	2024/07/01 
2024/07/02 	76.5999984741211	78.69999694824219	73.19999694824219	74.4000015258789	266120	2024/07/02 
2024/07/03 	75.4000015258789	75.4000015258789	72.80000305175781	74.5	87485	2024/07/03 
2024/07/04 	74.69999694824219	77.69999694824219	73.30000305175781	74.9000015258789	79340	2024/07/04 
2024/07/05 	74.9000015258789	76.19999694824219	74.5	75.30000305175781	87554	2024/07/05 
2024/07/08 	75.9000015258789	75.9000015258789	72.80000305175781	75.19999694824219	107649	2024/07/08 
2024/07/09 	75.19999694824219	78.80000305175781	73.19999694824219	73.9000015258789	249249	2024/07/09 
2024/07/10 	74.0	75.69999694824219	73.5	74.19999694824219	85754	2024/07/10 
2024/07/11 	75.0	75.19999694824219	72.5	73.30000305175781	178135	2024/07/11 
2024/07/12 	71.69999694824219	75.4000015258789	71.69999694824219	74.30000305175781	141944	2024/07/12 
2024/07/15 	74.30000305175781	76.0	73.0	74.5	219508	2024/07/15 
2024/07/16 	74.9000015258789	75.0999984741211	71.69999694824219	74.19999694824219	167598	2024/07/16 
2024/07/17 	73.0999984741211	74.30000305175781	70.5999984741211	72.0	223573	2024/07/17 
2024/07/18 	72.9000015258789	74.19999694824219	71.0	72.9000015258789	109145	2024/07/18 
2024/07/19 	72.9000015258789	74.0	70.0	71.80000305175781	70001	2024/07/19 
2024/07/22 	72.19999694824219	72.5	68.0999984741211	71.19999694824219	71253	2024/07/22 
2024/07/23 	71.69999694824219	75.69999694824219	70.0	72.5	143739	2024/07/23 
2024/07/26 	72.69999694824219	73.0	69.4000015258789	73.0	95562	2024/07/26 
2024/07/29 	73.19999694824219	73.5999984741211	70.0	71.30000305175781	53204	2024/07/29 
2024/07/30 	71.30000305175781	73.5999984741211	69.4000015258789	72.4000015258789	92258	2024/07/30 
2024/07/31 	71.0	75.19999694824219	71.0	74.80000305175781	208444	2024/07/31 
2024/08/01 	74.69999694824219	74.69999694824219	72.30000305175781	73.9000015258789	36790	2024/08/01 
2024/08/02 	74.19999694824219	74.19999694824219	71.19999694824219	73.19999694824219	77539	2024/08/02 
2024/08/05 	72.5999984741211	72.5999984741211	68.5999984741211	71.5	110776	2024/08/05 
2024/08/06 	71.5	72.0999984741211	68.5999984741211	70.19999694824219	88963	2024/08/06 
2024/08/07 	69.5	70.9000015258789	67.69999694824219	69.69999694824219	148850	2024/08/07 
2024/08/08 	68.80000305175781	69.9000015258789	66.80000305175781	68.4000015258789	142271	2024/08/08 
2024/08/09 	69.0	70.0	64.69999694824219	70.0	181701	2024/08/09 
2024/08/12 	69.9000015258789	70.9000015258789	67.5	70.19999694824219	82402	2024/08/12 
2024/08/13 	70.30000305175781	72.5999984741211	68.69999694824219	69.9000015258789	121172	2024/08/13 
2024/08/14 	69.80000305175781	70.4000015258789	68.0	68.80000305175781	79489	2024/08/14 
2024/08/15 	68.69999694824219	68.69999694824219	67.0	67.5	128758	2024/08/15 
2024/08/16 	69.9000015258789	69.9000015258789	66.0	68.0	105676	2024/08/16 
2024/08/19 	68.4000015258789	69.5999984741211	67.69999694824219	67.69999694824219	23450	2024/08/19 
2024/08/20 	66.69999694824219	68.5	65.4000015258789	67.0999984741211	60006	2024/08/20 
2024/08/21 	66.5	67.30000305175781	66.0999984741211	66.4000015258789	97805	2024/08/21 
2024/08/22 	67.69999694824219	68.0999984741211	66.5999984741211	68.0999984741211	13150	2024/08/22 
2024/08/23 	67.19999694824219	70.5	65.69999694824219	69.0	55994	2024/08/23 
2024/08/26 	69.0	70.19999694824219	68.0999984741211	70.0	83660	2024/08/26 
2024/08/27 	69.5999984741211	70.0	68.0	69.9000015258789	60130	2024/08/27 
2024/08/28 	69.9000015258789	70.0999984741211	67.80000305175781	68.5999984741211	96335	2024/08/28 
2024/08/29 	69.9000015258789	70.19999694824219	67.5999984741211	70.19999694824219	69515	2024/08/29 
2024/08/30 	68.69999694824219	70.80000305175781	68.5	70.5999984741211	70095	2024/08/30 
2024/09/02 	70.9000015258789	72.30000305175781	69.19999694824219	71.5999984741211	188945	2024/09/02 
2024/09/03 	71.19999694824219	71.5	68.69999694824219	70.0	70137	2024/09/03 
2024/09/04 	69.5	70.9000015258789	68.80000305175781	69.9000015258789	34810	2024/09/04 
2024/09/05 	69.69999694824219	69.69999694824219	68.69999694824219	68.9000015258789	57300	2024/09/05 
2024/09/06 	67.19999694824219	69.69999694824219	67.19999694824219	69.69999694824219	11200	2024/09/06 
2024/09/09 	68.5999984741211	70.0	68.5999984741211	69.30000305175781	82008	2024/09/09 
2024/09/10 	69.19999694824219	71.9000015258789	69.19999694824219	71.19999694824219	27069	2024/09/10 
2024/09/11 	71.19999694824219	72.9000015258789	69.5	72.69999694824219	45313	2024/09/11 
2024/09/12 	71.30000305175781	72.30000305175781	69.9000015258789	71.0	68210	2024/09/12 
2024/09/13 	71.4000015258789	74.19999694824219	70.5999984741211	72.19999694824219	140121	2024/09/13 
2024/09/16 	73.0999984741211	85.30000305175781	73.0	78.5	701898	2024/09/16 
2024/09/18 	78.5	80.69999694824219	76.69999694824219	77.9000015258789	425585	2024/09/18 
2024/09/19 	78.5999984741211	78.5999984741211	75.69999694824219	77.0999984741211	160331	2024/09/19 
2024/09/20 	76.5	76.5	75.0	76.0	157588	2024/09/20 
2024/09/23 	76.0	78.0	75.30000305175781	76.5	127850	2024/09/23 
2024/09/24 	76.9000015258789	76.9000015258789	74.9000015258789	75.19999694824219	137961	2024/09/24 
2024/09/25 	77.0	77.0	74.19999694824219	74.5999984741211	51310	2024/09/25 
2024/09/26 	76.80000305175781	76.80000305175781	74.30000305175781	75.9000015258789	93532	2024/09/26 
2024/09/27 	76.19999694824219	76.19999694824219	74.5999984741211	75.30000305175781	45709	2024/09/27 
2024/09/30 	75.5	78.80000305175781	75.0	77.5	199222	2024/09/30 
2024/10/01 	77.5	77.5	75.30000305175781	76.4000015258789	132266	2024/10/01 
2024/10/04 	76.5999984741211	76.80000305175781	74.80000305175781	76.69999694824219	87240	2024/10/04 
2024/10/07 	76.5	77.0999984741211	75.5	76.80000305175781	64695	2024/10/07 
2024/10/08 	77.30000305175781	80.4000015258789	76.0999984741211	79.30000305175781	238890	2024/10/08 
2024/10/09 	80.19999694824219	80.19999694824219	78.19999694824219	79.30000305175781	85606	2024/10/09 
2024/10/11 	79.5	80.80000305175781	78.69999694824219	79.5999984741211	146867	2024/10/11 
2024/10/14 	79.30000305175781	79.9000015258789	76.0999984741211	78.5999984741211	162506	2024/10/14 
2024/10/15 	78.4000015258789	78.4000015258789	75.0999984741211	76.69999694824219	132040	2024/10/15 
2024/10/16 	74.0999984741211	77.0	74.0999984741211	76.9000015258789	24638	2024/10/16 
2024/10/17 	74.80000305175781	77.9000015258789	74.80000305175781	77.5	6525	2024/10/17 
2024/10/18 	77.9000015258789	77.9000015258789	77.0	77.5999984741211	7020	2024/10/18 
2024/10/21 	77.5999984741211	77.5999984741211	75.5	77.4000015258789	25294	2024/10/21 
2024/10/22 	78.80000305175781	78.80000305175781	75.30000305175781	78.0999984741211	15411	2024/10/22 
2024/10/23 	75.30000305175781	77.5	75.19999694824219	77.19999694824219	27735	2024/10/23 
2024/10/24 	75.0999984741211	76.4000015258789	73.80000305175781	75.5999984741211	114389	2024/10/24 
2024/10/25 	74.4000015258789	75.30000305175781	71.80000305175781	74.0	100660	2024/10/25 
2024/10/28 	74.0	74.0	69.5	71.19999694824219	166767	2024/10/28 
2024/10/29 	71.0999984741211	72.0	69.5	71.9000015258789	48650	2024/10/29 
2024/10/30 	71.80000305175781	71.80000305175781	69.5999984741211	70.30000305175781	31937	2024/10/30 
2024/11/01 	71.0	71.0	70.0	70.30000305175781	19386	2024/11/01 
2024/11/04 	69.69999694824219	71.9000015258789	69.0999984741211	71.0	45647	2024/11/04 
2024/11/05 	70.69999694824219	70.69999694824219	69.0999984741211	70.5999984741211	34870	2024/11/05 
2024/11/06 	70.4000015258789	70.5	68.69999694824219	70.5	35136	2024/11/06 
2024/11/07 	70.5	71.5	69.5	70.30000305175781	34830	2024/11/07 
2024/11/08 	69.9000015258789	70.30000305175781	69.30000305175781	70.19999694824219	63180	2024/11/08 
2024/11/11 	70.30000305175781	70.30000305175781	68.5	70.0	32160	2024/11/11 
2024/11/12 	70.19999694824219	70.19999694824219	68.9000015258789	69.9000015258789	30020	2024/11/12 
2024/11/13 	69.19999694824219	71.0	69.19999694824219	71.0	16020	2024/11/13 
2024/11/14 	71.0999984741211	71.0999984741211	69.5999984741211	70.5999984741211	7390	2024/11/14 
2024/11/15 	70.5999984741211	71.5999984741211	70.0	70.69999694824219	12021	2024/11/15 
2024/11/18 	69.5	70.5	69.5	70.4000015258789	3070	2024/11/18 
2024/11/19 	70.80000305175781	70.80000305175781	70.0	70.80000305175781	1170	2024/11/19 
2024/11/20 	70.69999694824219	73.4000015258789	70.0	73.4000015258789	43820	2024/11/20 
2024/11/21 	73.5	73.80000305175781	71.0999984741211	73.69999694824219	72112	2024/11/21 
2024/11/22 	73.5999984741211	73.5999984741211	70.0	72.0	53514	2024/11/22 
2024/11/25 	71.4000015258789	72.19999694824219	70.19999694824219	72.0999984741211	35690	2024/11/25 
2024/11/26 	70.69999694824219	71.5999984741211	69.80000305175781	71.0	63020	2024/11/26 
2024/11/27 	71.9000015258789	71.9000015258789	70.0	70.0999984741211	25085	2024/11/27 
2024/11/28 	69.69999694824219	71.69999694824219	69.0	69.9000015258789	105220	2024/11/28 
2024/11/29 	70.9000015258789	71.9000015258789	69.80000305175781	71.0999984741211	23020	2024/11/29 
2024/12/02 	71.0	71.69999694824219	69.0	69.80000305175781	66485	2024/12/02 
2024/12/03 	70.30000305175781	74.19999694824219	69.19999694824219	73.30000305175781	102063	2024/12/03 
2024/12/04 	71.19999694824219	72.80000305175781	70.0	72.5	83025	2024/12/04 
2024/12/05 	71.9000015258789	71.9000015258789	69.69999694824219	70.69999694824219	69035	2024/12/05 
2024/12/06 	69.69999694824219	71.5	69.69999694824219	71.0999984741211	53300	2024/12/06 
2024/12/09 	71.5999984741211	75.0	70.30000305175781	71.0	279050	2024/12/09 
2024/12/10 	70.9000015258789	74.19999694824219	69.80000305175781	73.5	218710	2024/12/10 
2024/12/11 	73.0	74.0999984741211	70.4000015258789	72.19999694824219	164160	2024/12/11 
2024/12/12 	70.80000305175781	72.69999694824219	69.69999694824219	72.0	74435	2024/12/12 
2024/12/13 	71.9000015258789	77.5	70.30000305175781	76.69999694824219	313711	2024/12/13 
2024/12/16 	76.80000305175781	78.5999984741211	74.5	75.69999694824219	120528	2024/12/16 
2024/12/17 	76.0	79.30000305175781	75.0	78.9000015258789	236621	2024/12/17 
2024/12/18 	78.30000305175781	78.30000305175781	75.0999984741211	77.69999694824219	38211	2024/12/18 
2024/12/19 	75.19999694824219	77.4000015258789	75.0	76.69999694824219	25471	2024/12/19 
2024/12/20 	75.30000305175781	78.30000305175781	75.30000305175781	76.5	34770	2024/12/20 
2024/12/23 	77.5999984741211	77.5999984741211	75.9000015258789	76.9000015258789	56470	2024/12/23 
2024/12/24 	76.80000305175781	77.9000015258789	64.0	71.5	388658	2024/12/24 
2024/12/25 	72.4000015258789	72.5999984741211	66.69999694824219	68.80000305175781	527841	2024/12/25 
2024/12/26 	68.80000305175781	69.19999694824219	63.099998474121094	67.19999694824219	571256	2024/12/26 
2024/12/27 	64.30000305175781	70.0999984741211	64.0999984741211	70.0	169950	2024/12/27 
2024/12/30 	70.0	70.0	63.5	65.4000015258789	709687	2024/12/30 
2024/12/31 	67.30000305175781	67.5999984741211	64.9000015258789	67.5	252581	2024/12/31 
2025/01/02 	65.0999984741211	70.0	65.0999984741211	69.4000015258789	46692	2025/01/02 
2025/01/03 	69.30000305175781	69.9000015258789	67.4000015258789	69.0	71954	2025/01/03 
2025/01/06 	68.9000015258789	69.9000015258789	67.5999984741211	68.4000015258789	68530	2025/01/06 
2025/01/07 	66.9000015258789	68.9000015258789	65.0999984741211	68.9000015258789	162805	2025/01/07 
2025/01/08 	68.9000015258789	71.4000015258789	68.19999694824219	71.0	1090683	2025/01/08 
2025/01/09 	71.0	71.19999694824219	69.0	70.69999694824219	1292340	2025/01/09 
2025/01/10 	71.4000015258789	71.5	68.4000015258789	70.0	1386130	2025/01/10 
2025/01/13 	70.5	71.80000305175781	69.19999694824219	71.30000305175781	944632	2025/01/13 
2025/01/14 	70.0	72.0	69.0	71.30000305175781	1158100	2025/01/14 
2025/01/15 	70.9000015258789	72.5	69.4000015258789	70.5	1731839	2025/01/15 
2025/01/16 	69.0999984741211	71.80000305175781	69.0999984741211	71.80000305175781	849560	2025/01/16 
2025/01/17 	70.0	70.19999694824219	69.0	69.80000305175781	119905	2025/01/17 
2025/01/20 	70.9000015258789	70.9000015258789	69.5999984741211	70.5	1137300	2025/01/20 
2025/01/21 	70.5	70.5999984741211	69.69999694824219	70.4000015258789	50002	2025/01/21 
2025/01/22 	69.69999694824219	70.5999984741211	69.69999694824219	70.0	1068300	2025/01/22 
2025/02/03 	69.69999694824219	72.5999984741211	69.4000015258789	70.0	189704	2025/02/03 
2025/02/04 	71.0	72.0	70.19999694824219	71.0	209720	2025/02/04 
2025/02/05 	71.0	72.5	70.19999694824219	71.0	105478	2025/02/05 
2025/02/06 	71.69999694824219	72.9000015258789	71.0	71.80000305175781	67403	2025/02/06 
2025/02/07 	71.80000305175781	73.9000015258789	71.80000305175781	71.80000305175781	77501	2025/02/07 
2025/02/10 	72.5999984741211	72.69999694824219	69.0999984741211	71.0	523346	2025/02/10 
2025/02/11 	71.9000015258789	71.9000015258789	69.0	71.0	255951	2025/02/11 
2025/02/12 	69.5	70.9000015258789	69.0	70.5999984741211	1055632	2025/02/12 
2025/02/13 	70.5999984741211	70.5999984741211	68.9000015258789	69.69999694824219	86700	2025/02/13 
2025/02/14 	68.9000015258789	71.9000015258789	68.9000015258789	71.0	82751	2025/02/14 
2025/02/17 	70.0	72.5	70.0	71.30000305175781	39131	2025/02/17 
2025/02/18 	71.30000305175781	72.5999984741211	70.5999984741211	72.5999984741211	26510	2025/02/18 
2025/02/19 	72.5	72.5	70.69999694824219	72.0999984741211	87950	2025/02/19 
2025/02/20 	71.80000305175781	77.69999694824219	71.30000305175781	75.30000305175781	560060	2025/02/20 
2025/02/21 	75.0	76.0	73.9000015258789	75.69999694824219	150340	2025/02/21 
2025/02/24 	75.5	75.5	74.0	75.0	123871	2025/02/24 
2025/02/25 	74.5	75.4000015258789	74.0	75.30000305175781	59045	2025/02/25 
2025/02/26 	75.30000305175781	75.9000015258789	73.80000305175781	75.30000305175781	210410	2025/02/26 
2025/02/27 	75.0	75.9000015258789	73.0999984741211	75.9000015258789	66730	2025/02/27 
2025/03/03 	75.80000305175781	75.80000305175781	71.5	72.9000015258789	270595	2025/03/03 
2025/03/04 	72.9000015258789	73.5	72.4000015258789	73.30000305175781	35140	2025/03/04 
2025/03/05 	73.30000305175781	73.30000305175781	69.69999694824219	72.5	3510704	2025/03/05 
2025/03/06 	72.9000015258789	74.30000305175781	72.80000305175781	74.0999984741211	311232	2025/03/06 
2025/03/07 	73.5999984741211	76.5	73.5999984741211	76.5	214346	2025/03/07 
2025/03/10 	76.5	78.19999694824219	75.5	77.69999694824219	539865	2025/03/10 
2025/03/11 	78.30000305175781	78.30000305175781	75.0999984741211	77.5	278670	2025/03/11 
2025/03/12 	77.30000305175781	78.4000015258789	75.5999984741211	78.30000305175781	240370	2025/03/12 
2025/03/13 	78.5	82.19999694824219	78.5	81.19999694824219	643967	2025/03/13 
2025/03/14 	81.19999694824219	82.5999984741211	80.5999984741211	82.4000015258789	556207	2025/03/14 
2025/03/17 	82.4000015258789	91.30000305175781	82.0	91.30000305175781	795383	2025/03/17 
2025/03/18 	91.30000305175781	91.30000305175781	85.19999694824219	86.19999694824219	595059	2025/03/18 
2025/03/19 	86.19999694824219	87.0999984741211	80.0	82.80000305175781	733508	2025/03/19 
2025/03/20 	83.30000305175781	84.0999984741211	75.0	77.4000015258789	655784	2025/03/20 
2025/03/21 	77.4000015258789	81.4000015258789	74.5	77.0	225581	2025/03/21 
2025/03/24 	80.0	80.9000015258789	77.0999984741211	79.5	237945	2025/03/24 
2025/03/25 	79.5	82.4000015258789	79.0	81.9000015258789	194752	2025/03/25 
2025/03/26 	81.9000015258789	82.0	76.0999984741211	82.0	240129	2025/03/26 
2025/03/27 	82.0	86.19999694824219	79.5999984741211	85.4000015258789	298665	2025/03/27 
2025/03/28 	85.69999694824219	85.69999694824219	76.4000015258789	84.9000015258789	469842	2025/03/28 
2025/03/31 	81.0	84.19999694824219	80.19999694824219	83.9000015258789	142515	2025/03/31 
2025/04/01 	83.80000305175781	83.9000015258789	82.19999694824219	83.19999694824219	131123	2025/04/01 
2025/04/02 	83.19999694824219	83.19999694824219	80.19999694824219	82.19999694824219	91585	2025/04/02 
2025/04/07 	78.9000015258789	78.9000015258789	67.80000305175781	71.19999694824219	524816	2025/04/07 
2025/04/08 	71.19999694824219	74.9000015258789	69.9000015258789	72.5	252639	2025/04/08 
2025/04/09 	71.4000015258789	71.9000015258789	66.5	69.5999984741211	446768	2025/04/09 
2025/04/10 	72.5999984741211	78.5	72.5999984741211	78.5	203538	2025/04/10 
2025/04/11 	77.4000015258789	78.4000015258789	76.9000015258789	78.30000305175781	79014	2025/04/11 
2025/04/14 	77.5	79.80000305175781	77.4000015258789	78.30000305175781	35147	2025/04/14 
2025/04/15 	79.19999694824219	79.19999694824219	77.9000015258789	79.0999984741211	65694	2025/04/15 
2025/04/16 	79.30000305175781	79.30000305175781	74.0	75.4000015258789	91862	2025/04/16 
2025/04/17 	76.19999694824219	76.19999694824219	74.69999694824219	76.0	12844	2025/04/17 
2025/04/18 	76.30000305175781	77.80000305175781	74.80000305175781	77.69999694824219	23707	2025/04/18 
2025/04/21 	77.30000305175781	77.30000305175781	74.80000305175781	75.80000305175781	42261	2025/04/21 
2025/04/22 	76.80000305175781	76.80000305175781	74.30000305175781	74.9000015258789	63208	2025/04/22 
2025/04/23 	75.5	77.9000015258789	74.69999694824219	76.30000305175781	60667	2025/04/23 
2025/04/24 	76.9000015258789	77.9000015258789	75.0	75.69999694824219	72039	2025/04/24 
2025/04/25 	76.80000305175781	77.19999694824219	75.4000015258789	75.9000015258789	68924	2025/04/25 
2025/04/28 	76.69999694824219	76.80000305175781	76.0	76.80000305175781	44410	2025/04/28 
2025/04/29 	76.80000305175781	77.0	75.80000305175781	76.9000015258789	48047	2025/04/29 
2025/04/30 	76.80000305175781	77.0	76.0	76.69999694824219	42120	2025/04/30 
2025/05/02 	76.80000305175781	76.80000305175781	75.9000015258789	76.5	45381	2025/05/02 
2025/05/05 	76.0999984741211	76.9000015258789	71.30000305175781	73.9000015258789	157796	2025/05/05 
2025/05/06 	72.5	73.9000015258789	72.0	73.0999984741211	130689	2025/05/06 
2025/05/07 	73.80000305175781	75.0	73.0999984741211	74.0	118154	2025/05/07 
2025/05/08 	74.19999694824219	74.4000015258789	73.4000015258789	74.19999694824219	96199	2025/05/08 
2025/05/09 	74.0	74.5	72.9000015258789	73.0999984741211	85400	2025/05/09 
2025/05/12 	73.9000015258789	74.0	72.69999694824219	73.4000015258789	56250	2025/05/12 
2025/05/13 	73.4000015258789	73.5999984741211	72.69999694824219	73.0999984741211	73179	2025/05/13 
2025/05/14 	73.30000305175781	73.9000015258789	73.0	73.4000015258789	320900	2025/05/14 
2025/05/15 	74.0	75.0	73.30000305175781	74.5	150305	2025/05/15 
2025/05/16 	74.5999984741211	75.30000305175781	74.4000015258789	75.0	74235	2025/05/16 
2025/05/19 	75.30000305175781	75.30000305175781	73.80000305175781	74.4000015258789	35121	2025/05/19 
2025/05/20 	74.5999984741211	74.80000305175781	73.0999984741211	74.0999984741211	79947	2025/05/20 
2025/05/21 	74.19999694824219	74.19999694824219	73.30000305175781	74.19999694824219	31002	2025/05/21 
2025/05/22 	73.19999694824219	74.0999984741211	73.19999694824219	73.5	82178	2025/05/22 
2025/05/23 	73.0999984741211	74.19999694824219	70.19999694824219	71.0	131658	2025/05/23 
2025/05/26 	72.0	72.0	69.4000015258789	70.0	199091	2025/05/26 
2025/05/27 	70.0	71.80000305175781	69.5999984741211	70.69999694824219	78922	2025/05/27 
2025/05/28 	71.9000015258789	73.0999984741211	71.0999984741211	71.19999694824219	465994	2025/05/28 
2025/05/29 	72.5	74.5	72.0	72.80000305175781	254444	2025/05/29 
2025/06/02 	72.0999984741211	73.0	71.69999694824219	71.69999694824219	40253	2025/06/02 
2025/06/03 	71.5999984741211	72.0999984741211	71.19999694824219	71.19999694824219	67311	2025/06/03 
2025/06/04 	71.5	72.0	71.19999694824219	71.4000015258789	100300	2025/06/04 
2025/06/05 	71.5999984741211	71.5999984741211	71.0	71.19999694824219	29695	2025/06/05 
2025/06/06 	71.5	74.5	70.5	74.5	262988	2025/06/06 
2025/06/09 	74.5	76.19999694824219	73.69999694824219	74.30000305175781	248054	2025/06/09 
2025/06/10 	74.5999984741211	75.19999694824219	74.0	75.0	141301	2025/06/10 
2025/06/11 	75.5	77.5999984741211	75.19999694824219	77.19999694824219	425873	2025/06/11 
2025/06/12 	76.4000015258789	78.5999984741211	76.30000305175781	77.80000305175781	301701	2025/06/12 
2025/06/13 	76.80000305175781	77.0999984741211	75.0999984741211	75.30000305175781	194071	2025/06/13 
2025/06/16 	75.9000015258789	75.9000015258789	74.4000015258789	75.5	132297	2025/06/16 
2025/06/17 	75.19999694824219	75.19999694824219	74.4000015258789	75.0999984741211	66587	2025/06/17 
2025/06/18 	75.5	75.5	74.19999694824219	74.5	53340	2025/06/18 
2025/06/19 	74.0999984741211	75.4000015258789	73.5999984741211	74.4000015258789	86013	2025/06/19 
2025/06/20 	73.80000305175781	74.0	72.0	72.30000305175781	119587	2025/06/20 
2025/06/23 	73.0	73.0	71.69999694824219	72.9000015258789	55172	2025/06/23 
2025/06/24 	73.0	75.9000015258789	72.69999694824219	75.0999984741211	220042	2025/06/24 
2025/06/25 	75.5999984741211	75.5999984741211	73.80000305175781	74.69999694824219	71132	2025/06/25 
2025/06/26 	75.0	75.30000305175781	73.80000305175781	75.0	144766	2025/06/26 
2025/06/27 	75.0	75.30000305175781	73.69999694824219	74.5999984741211	26271	2025/06/27 
2025/06/30 	74.69999694824219	74.69999694824219	71.69999694824219	73.30000305175781	84347	2025/06/30 
2025/07/01 	73.5999984741211	73.5999984741211	73.0	73.19999694824219	76511	2025/07/01 
2025/07/02 	73.0	74.30000305175781	73.0	73.30000305175781	47130	2025/07/02 
2025/07/03 	74.0	74.30000305175781	73.0999984741211	74.30000305175781	60094	2025/07/03 
2025/07/04 	74.30000305175781	74.30000305175781	72.80000305175781	73.80000305175781	31180	2025/07/04 
2025/07/07 	74.0	74.0	71.69999694824219	72.5999984741211	189840	2025/07/07 
2025/07/08 	71.5999984741211	72.69999694824219	70.69999694824219	72.30000305175781	62642	2025/07/08 
2025/07/09 	72.0999984741211	72.30000305175781	71.69999694824219	72.30000305175781	54531	2025/07/09 
2025/07/10 	72.5	72.5	71.80000305175781	72.19999694824219	42900	2025/07/10 
2025/07/11 	72.19999694824219	72.19999694824219	71.69999694824219	72.0999984741211	24600	2025/07/11 
2025/07/14 	72.19999694824219	72.19999694824219	71.5	72.0	48530	2025/07/14 
2025/07/15 	71.4000015258789	72.0999984741211	71.0	71.80000305175781	56415	2025/07/15 
2025/07/16 	71.19999694824219	72.69999694824219	71.0999984741211	72.19999694824219	343101	2025/07/16 
2025/07/17 	72.19999694824219	72.5	71.30000305175781	72.19999694824219	19705	2025/07/17 
2025/07/18 	71.80000305175781	72.0	70.4000015258789	71.30000305175781	129740	2025/07/18 
2025/07/21 	71.19999694824219	71.5999984741211	70.0	70.19999694824219	203878	2025/07/21 
2025/07/22 	70.30000305175781	70.80000305175781	69.69999694824219	70.0999984741211	127946	2025/07/22 
2025/07/23 	70.0	70.4000015258789	69.5	70.0999984741211	122135	2025/07/23 
2025/07/24 	70.5	70.5999984741211	69.9000015258789	70.19999694824219	74300	2025/07/24 
2025/07/25 	70.0999984741211	70.30000305175781	69.9000015258789	70.0	52510	2025/07/25 
2025/07/28 	70.9000015258789	70.9000015258789	69.80000305175781	70.0	109600	2025/07/28 
2025/07/29 	69.80000305175781	71.5	69.0	70.0999984741211	223860	2025/07/29 
2025/07/30 	69.80000305175781	70.0999984741211	69.5999984741211	69.69999694824219	62660	2025/07/30 
2025/07/31 	70.0	70.0	69.4000015258789	69.69999694824219	44002	2025/07/31 
2025/08/01 	69.30000305175781	69.80000305175781	68.80000305175781	68.9000015258789	145093	2025/08/01 
2025/08/04 	68.4000015258789	68.69999694824219	67.4000015258789	68.0	215416	2025/08/04 
2025/08/05 	68.0	68.19999694824219	66.19999694824219	66.30000305175781	476832	2025/08/05 
2025/08/06 	66.5999984741211	67.30000305175781	66.30000305175781	67.30000305175781	155622	2025/08/06 
2025/08/07 	67.30000305175781	67.69999694824219	67.0	67.5999984741211	73700	2025/08/07 
2025/08/08 	66.69999694824219	67.0	65.80000305175781	66.0	115529	2025/08/08 
2025/08/11 	65.9000015258789	66.19999694824219	64.9000015258789	65.5999984741211	173248	2025/08/11 
2025/08/12 	65.69999694824219	65.69999694824219	64.19999694824219	64.69999694824219	123809	2025/08/12 
2025/08/13 	64.4000015258789	64.69999694824219	63.70000076293945	64.30000305175781	173050	2025/08/13 
2025/08/14 	64.0999984741211	66.0	63.900001525878906	65.4000015258789	90517	2025/08/14 
