Date	Open	High	Low	Close	Volume	Date
2021/11/24 	59.79999923706055	91.5	59.79999923706055	89.19999694824219	2433308	2021/11/24 
2021/11/25 	88.0	91.5	78.19999694824219	80.5	1600050	2021/11/25 
2021/11/26 	78.4000015258789	79.80000305175781	68.0	70.19999694824219	612003	2021/11/26 
2021/11/29 	71.30000305175781	71.5999984741211	66.5	70.0	401150	2021/11/29 
2021/11/30 	70.30000305175781	73.19999694824219	68.80000305175781	72.4000015258789	255123	2021/11/30 
2021/12/01 	71.0	71.0	64.5999984741211	67.69999694824219	257967	2021/12/01 
2021/12/02 	68.9000015258789	69.30000305175781	67.0999984741211	67.4000015258789	137046	2021/12/02 
2021/12/03 	69.4000015258789	69.80000305175781	66.19999694824219	68.80000305175781	159208	2021/12/03 
2021/12/06 	68.0	72.80000305175781	67.0999984741211	70.5999984741211	465844	2021/12/06 
2021/12/07 	71.0	71.4000015258789	66.5999984741211	68.0	218816	2021/12/07 
2021/12/08 	68.30000305175781	69.19999694824219	67.19999694824219	68.9000015258789	101962	2021/12/08 
2021/12/09 	68.0	68.69999694824219	66.0	66.5	179430	2021/12/09 
2021/12/10 	67.80000305175781	68.30000305175781	67.0	67.80000305175781	129123	2021/12/10 
2021/12/13 	67.5	68.19999694824219	66.80000305175781	67.19999694824219	87456	2021/12/13 
2021/12/14 	67.19999694824219	67.19999694824219	64.0	64.9000015258789	172910	2021/12/14 
2021/12/15 	65.0	67.5	64.9000015258789	66.80000305175781	91404	2021/12/15 
2021/12/16 	65.0	72.5	65.0	70.4000015258789	185300	2021/12/16 
2021/12/17 	69.0	70.0	67.0999984741211	68.0	49509	2021/12/17 
2021/12/20 	68.4000015258789	68.4000015258789	66.80000305175781	67.69999694824219	54906	2021/12/20 
2021/12/21 	68.19999694824219	73.69999694824219	68.0	71.5999984741211	151130	2021/12/21 
2021/12/22 	72.19999694824219	72.30000305175781	70.19999694824219	70.5	60492	2021/12/22 
2021/12/23 	70.69999694824219	71.19999694824219	67.5	69.4000015258789	47668	2021/12/23 
2021/12/24 	69.4000015258789	70.5	68.9000015258789	69.5999984741211	56254	2021/12/24 
2021/12/27 	68.80000305175781	72.4000015258789	68.80000305175781	69.69999694824219	46719	2021/12/27 
2021/12/28 	70.0	70.0	69.0	69.30000305175781	44050	2021/12/28 
2021/12/29 	69.80000305175781	70.9000015258789	69.80000305175781	70.0	69630	2021/12/29 
2021/12/30 	70.5	70.80000305175781	70.0	70.30000305175781	66814	2021/12/30 
2022/01/03 	71.9000015258789	73.30000305175781	71.0	72.5	129852	2022/01/03 
2022/01/04 	73.19999694824219	78.69999694824219	73.0	78.0	462142	2022/01/04 
2022/01/05 	77.5	78.9000015258789	75.0999984741211	77.69999694824219	214285	2022/01/05 
2022/01/06 	77.0	77.69999694824219	76.19999694824219	77.0	141919	2022/01/06 
2022/01/07 	75.80000305175781	75.80000305175781	73.69999694824219	74.5	87475	2022/01/07 
2022/01/10 	75.69999694824219	76.0	75.0	75.5	24355	2022/01/10 
2022/01/11 	75.5	79.0999984741211	75.30000305175781	77.0	185287	2022/01/11 
2022/01/12 	76.80000305175781	77.0	74.69999694824219	75.0	115622	2022/01/12 
2022/01/13 	75.69999694824219	76.0	74.19999694824219	75.0	33512	2022/01/13 
2022/01/14 	73.69999694824219	75.0	72.9000015258789	73.9000015258789	27612	2022/01/14 
2022/01/17 	73.4000015258789	75.0999984741211	73.19999694824219	73.80000305175781	18539	2022/01/17 
2022/01/18 	74.80000305175781	74.80000305175781	73.19999694824219	74.19999694824219	158	2022/01/18 
2022/01/19 	72.30000305175781	72.5999984741211	70.0	71.0	108197	2022/01/19 
2022/01/20 	71.0	71.30000305175781	69.5	70.0	94225	2022/01/20 
2022/01/21 	70.5	71.80000305175781	68.69999694824219	69.0	57293	2022/01/21 
2022/01/24 	69.9000015258789	70.0	67.69999694824219	68.80000305175781	75432	2022/01/24 
2022/01/25 	68.80000305175781	68.80000305175781	66.4000015258789	67.0999984741211	48859	2022/01/25 
2022/01/26 	67.5999984741211	73.19999694824219	67.30000305175781	68.19999694824219	146330	2022/01/26 
2022/02/07 	68.9000015258789	70.80000305175781	68.5999984741211	70.19999694824219	43145	2022/02/07 
2022/02/08 	69.5	69.69999694824219	67.80000305175781	68.5999984741211	111486	2022/02/08 
2022/02/09 	68.5	69.80000305175781	68.30000305175781	69.4000015258789	33563	2022/02/09 
2022/02/10 	69.0	69.80000305175781	69.0	69.69999694824219	5301	2022/02/10 
2022/02/11 	69.30000305175781	69.4000015258789	68.80000305175781	69.4000015258789	22246	2022/02/11 
2022/02/14 	68.9000015258789	69.0	67.5	69.0	21097	2022/02/14 
2022/02/15 	69.30000305175781	69.30000305175781	68.30000305175781	68.80000305175781	3314	2022/02/15 
2022/02/16 	68.5	69.69999694824219	67.0	67.30000305175781	34070	2022/02/16 
2022/02/17 	66.9000015258789	68.0999984741211	65.80000305175781	66.80000305175781	58115	2022/02/17 
2022/02/18 	66.69999694824219	67.9000015258789	66.30000305175781	67.80000305175781	9158	2022/02/18 
2022/02/21 	66.5	68.0	66.19999694824219	68.0	5728	2022/02/21 
2022/02/22 	66.30000305175781	66.5999984741211	65.19999694824219	66.19999694824219	27028	2022/02/22 
2022/02/23 	65.30000305175781	65.9000015258789	64.5	65.80000305175781	17394	2022/02/23 
2022/02/24 	64.4000015258789	65.80000305175781	63.0	64.19999694824219	28483	2022/02/24 
2022/02/25 	63.20000076293945	64.9000015258789	63.20000076293945	64.9000015258789	13481	2022/02/25 
2022/03/01 	64.0	65.0	64.0	64.69999694824219	12118	2022/03/01 
2022/03/02 	62.79999923706055	64.0	62.79999923706055	63.900001525878906	3381	2022/03/02 
2022/03/03 	63.900001525878906	64.19999694824219	63.5	64.19999694824219	7175	2022/03/03 
2022/03/04 	63.20000076293945	63.900001525878906	61.20000076293945	63.0	27890	2022/03/04 
2022/03/07 	63.0	63.0	58.0	62.099998474121094	96991	2022/03/07 
2022/03/08 	62.0	62.5	60.29999923706055	61.0	18208	2022/03/08 
2022/03/09 	61.0	62.79999923706055	60.79999923706055	62.79999923706055	96134	2022/03/09 
2022/03/10 	63.0	65.19999694824219	63.0	65.0999984741211	63536	2022/03/10 
2022/03/11 	65.0999984741211	65.19999694824219	64.0	65.19999694824219	19527	2022/03/11 
2022/03/14 	65.19999694824219	65.4000015258789	63.70000076293945	65.4000015258789	4203	2022/03/14 
2022/03/15 	65.4000015258789	65.5	64.30000305175781	65.30000305175781	25424	2022/03/15 
2022/03/16 	65.30000305175781	65.30000305175781	63.099998474121094	64.4000015258789	29623	2022/03/16 
2022/03/17 	64.5	64.69999694824219	63.5	63.5	5000	2022/03/17 
2022/03/18 	64.4000015258789	64.5	64.30000305175781	64.5	2004	2022/03/18 
2022/03/21 	64.5999984741211	65.30000305175781	64.0	65.30000305175781	36013	2022/03/21 
2022/03/22 	65.0	65.30000305175781	64.80000305175781	65.30000305175781	15088	2022/03/22 
2022/03/23 	65.30000305175781	65.5	64.5	64.5	20507	2022/03/23 
2022/03/24 	65.30000305175781	65.5999984741211	64.19999694824219	65.5999984741211	2007	2022/03/24 
2022/03/25 	64.5999984741211	65.5	64.5	65.0	19014	2022/03/25 
2022/03/28 	64.0	65.0	64.0	64.5	9004	2022/03/28 
2022/03/29 	64.0	64.80000305175781	63.79999923706055	64.19999694824219	8003	2022/03/29 
2022/03/30 	63.79999923706055	64.4000015258789	63.099998474121094	63.79999923706055	12028	2022/03/30 
2022/03/31 	63.0	64.4000015258789	62.79999923706055	63.0	24508	2022/03/31 
2022/04/01 	63.0	63.20000076293945	62.70000076293945	62.900001525878906	21492	2022/04/01 
2022/04/06 	62.900001525878906	62.900001525878906	61.70000076293945	62.0	5315	2022/04/06 
2022/04/07 	61.599998474121094	62.0	61.5	61.599998474121094	11201	2022/04/07 
2022/04/08 	61.0	61.20000076293945	60.79999923706055	61.0	7684	2022/04/08 
2022/04/11 	61.20000076293945	61.20000076293945	60.0	60.5	7258	2022/04/11 
2022/04/12 	60.20000076293945	60.20000076293945	58.599998474121094	59.70000076293945	19306	2022/04/12 
2022/04/13 	60.0	60.0	59.0	60.0	9303	2022/04/13 
2022/04/14 	60.0	60.400001525878906	59.29999923706055	59.29999923706055	2007	2022/04/14 
2022/04/15 	59.0	59.599998474121094	58.79999923706055	59.0	9554	2022/04/15 
2022/04/18 	59.099998474121094	59.20000076293945	58.599998474121094	58.599998474121094	17604	2022/04/18 
2022/04/19 	59.20000076293945	59.20000076293945	58.599998474121094	59.20000076293945	10574	2022/04/19 
2022/04/20 	59.20000076293945	60.20000076293945	59.0	59.79999923706055	12608	2022/04/20 
2022/04/21 	60.20000076293945	60.20000076293945	59.70000076293945	60.0	5208	2022/04/21 
2022/04/22 	59.900001525878906	60.20000076293945	59.5	59.79999923706055	10312	2022/04/22 
2022/04/25 	58.599998474121094	59.79999923706055	58.5	59.29999923706055	21829	2022/04/25 
2022/04/26 	59.099998474121094	59.5	58.900001525878906	59.5	17204	2022/04/26 
2022/04/27 	58.900001525878906	59.0	56.70000076293945	57.20000076293945	29624	2022/04/27 
2022/04/28 	58.29999923706055	59.0	58.29999923706055	59.0	4000	2022/04/28 
2022/04/29 	58.900001525878906	58.900001525878906	58.099998474121094	58.900001525878906	1080	2022/04/29 
2022/05/03 	58.099998474121094	58.70000076293945	57.0	58.20000076293945	4718	2022/05/03 
2022/05/04 	56.79999923706055	58.20000076293945	56.79999923706055	57.900001525878906	2205	2022/05/04 
2022/05/05 	57.599998474121094	57.900001525878906	57.599998474121094	57.79999923706055	2104	2022/05/05 
2022/05/06 	56.70000076293945	57.400001525878906	56.20000076293945	56.400001525878906	8870	2022/05/06 
2022/05/09 	56.70000076293945	56.70000076293945	54.0	54.0	35443	2022/05/09 
2022/05/10 	53.5	53.599998474121094	51.29999923706055	53.20000076293945	26344	2022/05/10 
2022/05/11 	52.29999923706055	52.29999923706055	50.599998474121094	51.599998474121094	20712	2022/05/11 
2022/05/12 	50.599998474121094	51.0	49.0	49.95000076293945	29690	2022/05/12 
2022/05/13 	48.45000076293945	48.75	46.0	46.70000076293945	37736	2022/05/13 
2022/05/16 	46.75	48.099998474121094	46.75	47.0	19570	2022/05/16 
2022/05/17 	47.349998474121094	47.400001525878906	47.349998474121094	47.400001525878906	15933	2022/05/17 
2022/05/18 	47.79999923706055	47.79999923706055	47.150001525878906	47.79999923706055	6105	2022/05/18 
2022/05/19 	46.849998474121094	47.400001525878906	46.45000076293945	47.29999923706055	7058	2022/05/19 
2022/05/20 	47.20000076293945	47.20000076293945	47.150001525878906	47.150001525878906	529	2022/05/20 
2022/05/23 	46.95000076293945	47.0	46.349998474121094	47.0	3755	2022/05/23 
2022/05/24 	46.599998474121094	47.150001525878906	46.599998474121094	46.650001525878906	9764	2022/05/24 
2022/05/25 	47.150001525878906	47.5	46.599998474121094	46.900001525878906	9456	2022/05/25 
2022/05/26 	46.900001525878906	46.900001525878906	46.900001525878906	46.900001525878906	1000	2022/05/26 
2022/05/27 	46.900001525878906	46.900001525878906	46.349998474121094	46.650001525878906	4064	2022/05/27 
2022/05/30 	46.70000076293945	46.75	46.0	46.70000076293945	34558	2022/05/30 
2022/05/31 	46.20000076293945	46.599998474121094	46.20000076293945	46.45000076293945	20050	2022/05/31 
2022/06/01 	46.45000076293945	46.599998474121094	46.25	46.5	26004	2022/06/01 
2022/06/02 	47.0	47.150001525878906	46.5	46.5	20604	2022/06/02 
2022/06/06 	46.599998474121094	47.349998474121094	46.5	47.099998474121094	10328	2022/06/06 
2022/06/07 	47.0	47.0	46.45000076293945	46.54999923706055	10103	2022/06/07 
2022/06/08 	46.54999923706055	47.900001525878906	46.54999923706055	47.79999923706055	14209	2022/06/08 
2022/06/09 	46.79999923706055	47.70000076293945	46.79999923706055	47.70000076293945	24134	2022/06/09 
2022/06/10 	47.599998474121094	47.849998474121094	47.45000076293945	47.849998474121094	8604	2022/06/10 
2022/06/13 	48.0	48.0	47.0	47.25	10004	2022/06/13 
2022/06/14 	47.25	47.25	47.25	47.25	0	2022/06/14 
2022/06/15 	46.900001525878906	46.900001525878906	46.900001525878906	46.900001525878906	6000	2022/06/15 
2022/06/16 	46.349998474121094	46.5	46.349998474121094	46.5	8100	2022/06/16 
2022/06/17 	46.70000076293945	46.70000076293945	46.70000076293945	46.70000076293945	3000	2022/06/17 
2022/06/20 	46.29999923706055	46.29999923706055	45.04999923706055	45.04999923706055	14519	2022/06/20 
2022/06/21 	45.79999923706055	45.79999923706055	45.04999923706055	45.650001525878906	3215	2022/06/21 
2022/06/22 	45.04999923706055	45.20000076293945	45.0	45.0	24150	2022/06/22 
2022/06/23 	44.900001525878906	45.20000076293945	44.900001525878906	44.900001525878906	5204	2022/06/23 
2022/06/24 	45.0	45.0	44.849998474121094	44.849998474121094	3000	2022/06/24 
2022/06/27 	45.0	45.0	44.79999923706055	44.79999923706055	9050	2022/06/27 
2022/06/28 	45.0	45.0	43.25	43.25	17104	2022/06/28 
2022/06/29 	43.0	43.0	42.400001525878906	43.0	7004	2022/06/29 
2022/06/30 	42.0	42.70000076293945	42.0	42.70000076293945	11258	2022/06/30 
2022/07/01 	41.900001525878906	41.900001525878906	41.650001525878906	41.849998474121094	17004	2022/07/01 
2022/07/04 	41.04999923706055	42.0	40.650001525878906	41.20000076293945	25148	2022/07/04 
2022/07/05 	40.650001525878906	42.5	40.650001525878906	42.04999923706055	25464	2022/07/05 
2022/07/06 	42.099998474121094	42.099998474121094	38.849998474121094	40.599998474121094	56154	2022/07/06 
2022/07/07 	40.599998474121094	40.75	39.79999923706055	40.150001525878906	20028	2022/07/07 
2022/07/08 	39.900001525878906	40.0	39.54999923706055	39.849998474121094	21274	2022/07/08 
2022/07/11 	39.79999923706055	39.849998474121094	39.79999923706055	39.849998474121094	13000	2022/07/11 
2022/07/12 	38.849998474121094	39.0	38.04999923706055	38.70000076293945	9008	2022/07/12 
2022/07/13 	38.5	38.5	38.5	38.5	4	2022/07/13 
2022/07/14 	38.5	38.5	37.0	38.25	21115	2022/07/14 
2022/07/15 	37.54999923706055	37.70000076293945	37.150001525878906	37.29999923706055	29061	2022/07/15 
2022/07/18 	36.849998474121094	36.95000076293945	35.849998474121094	36.0	23458	2022/07/18 
2022/07/19 	35.349998474121094	36.75	35.20000076293945	36.0	75404	2022/07/19 
2022/07/20 	35.150001525878906	36.0	34.29999923706055	34.849998474121094	71918	2022/07/20 
2022/07/21 	34.04999923706055	34.5	33.400001525878906	33.79999923706055	22734	2022/07/21 
2022/07/22 	33.349998474121094	33.75	32.349998474121094	33.70000076293945	42173	2022/07/22 
2022/07/25 	33.849998474121094	33.849998474121094	32.5	33.0	12538	2022/07/25 
2022/07/26 	33.54999923706055	33.54999923706055	32.150001525878906	32.29999923706055	20989	2022/07/26 
2022/07/27 	32.0	32.150001525878906	31.700000762939453	31.700000762939453	23624	2022/07/27 
2022/07/28 	31.149999618530273	32.04999923706055	30.600000381469727	31.0	92245	2022/07/28 
2022/07/29 	31.200000762939453	31.450000762939453	30.899999618530273	31.299999237060547	20014	2022/07/29 
2022/08/01 	30.850000381469727	31.100000381469727	30.399999618530273	31.049999237060547	66113	2022/08/01 
2022/08/02 	30.799999237060547	31.049999237060547	30.5	30.75	31624	2022/08/02 
2022/08/03 	30.850000381469727	30.850000381469727	30.100000381469727	30.200000762939453	5014	2022/08/03 
2022/08/04 	30.25	31.0	30.25	30.899999618530273	48775	2022/08/04 
2022/08/05 	30.799999237060547	31.649999618530273	30.700000762939453	31.600000381469727	22379	2022/08/05 
2022/08/08 	32.0	32.0	31.399999618530273	31.549999237060547	34771	2022/08/08 
2022/08/09 	31.600000381469727	31.600000381469727	30.899999618530273	31.100000381469727	16454	2022/08/09 
2022/08/10 	31.450000762939453	32.099998474121094	31.299999237060547	31.299999237060547	42485	2022/08/10 
2022/08/11 	31.100000381469727	31.450000762939453	30.5	31.100000381469727	35742	2022/08/11 
2022/08/12 	29.799999237060547	30.899999618530273	29.399999618530273	29.899999618530273	74847	2022/08/12 
2022/08/15 	29.799999237060547	29.799999237060547	28.600000381469727	29.0	52924	2022/08/15 
2022/08/16 	29.0	29.0	28.5	28.950000762939453	21228	2022/08/16 
2022/08/17 	28.600000381469727	28.600000381469727	28.0	28.5	72734	2022/08/17 
2022/08/18 	28.899999618530273	30.299999237060547	28.899999618530273	29.799999237060547	40489	2022/08/18 
2022/08/19 	29.799999237060547	30.25	29.75	29.75	63274	2022/08/19 
2022/08/22 	29.700000762939453	30.149999618530273	29.0	30.149999618530273	12819	2022/08/22 
2022/08/23 	28.950000762939453	29.899999618530273	28.950000762939453	29.5	4284	2022/08/23 
2022/08/24 	29.549999237060547	30.25	29.299999237060547	30.149999618530273	16099	2022/08/24 
2022/08/25 	30.0	30.0	29.5	29.799999237060547	3335	2022/08/25 
2022/08/26 	30.0	30.100000381469727	29.649999618530273	30.100000381469727	8014	2022/08/26 
2022/08/29 	29.5	29.5	29.0	29.350000381469727	28375	2022/08/29 
2022/08/30 	29.450000762939453	29.600000381469727	29.299999237060547	29.600000381469727	12185	2022/08/30 
2022/08/31 	29.200000762939453	29.600000381469727	29.200000762939453	29.299999237060547	14729	2022/08/31 
2022/09/01 	29.350000381469727	29.5	29.049999237060547	29.5	27260	2022/09/01 
2022/09/02 	29.5	29.700000762939453	29.5	29.700000762939453	12057	2022/09/02 
2022/09/05 	29.5	29.5	28.850000381469727	29.0	13115	2022/09/05 
2022/09/06 	28.950000762939453	29.049999237060547	28.399999618530273	28.600000381469727	28061	2022/09/06 
2022/09/07 	28.5	28.600000381469727	28.5	28.600000381469727	5205	2022/09/07 
2022/09/08 	28.5	28.600000381469727	27.899999618530273	28.350000381469727	19500	2022/09/08 
2022/09/12 	27.950000762939453	28.950000762939453	27.950000762939453	28.25	22678	2022/09/12 
2022/09/13 	28.25	28.549999237060547	27.899999618530273	28.549999237060547	41410	2022/09/13 
2022/09/14 	28.399999618530273	28.600000381469727	28.0	28.600000381469727	30955	2022/09/14 
2022/09/15 	29.200000762939453	33.45000076293945	29.200000762939453	32.400001525878906	169912	2022/09/15 
2022/09/16 	31.450000762939453	32.0	30.299999237060547	31.049999237060547	46050	2022/09/16 
2022/09/19 	31.049999237060547	31.049999237060547	31.049999237060547	31.049999237060547	0	2022/09/19 
2022/09/20 	31.049999237060547	31.049999237060547	31.049999237060547	31.049999237060547	0	2022/09/20 
2022/09/21 	31.049999237060547	31.049999237060547	31.049999237060547	31.049999237060547	0	2022/09/21 
2022/09/22 	31.049999237060547	31.049999237060547	31.049999237060547	31.049999237060547	0	2022/09/22 
2022/09/23 	29.5	29.950000762939453	29.299999237060547	29.5	24005	2022/09/23 
2022/09/26 	29.25	29.299999237060547	28.399999618530273	28.649999618530273	59959	2022/09/26 
2022/09/27 	28.649999618530273	28.75	28.100000381469727	28.100000381469727	25355	2022/09/27 
2022/09/28 	28.0	28.25	27.149999618530273	27.25	77715	2022/09/28 
2022/09/29 	30.0	30.0	29.200000762939453	29.399999618530273	54590	2022/09/29 
2022/09/30 	29.149999618530273	29.399999618530273	28.600000381469727	29.25	21335	2022/09/30 
2022/10/03 	28.700000762939453	28.899999618530273	27.950000762939453	28.5	36380	2022/10/03 
2022/10/04 	28.299999237060547	28.950000762939453	27.899999618530273	28.799999237060547	43326	2022/10/04 
2022/10/05 	28.149999618530273	28.950000762939453	28.0	28.149999618530273	20072	2022/10/05 
2022/10/06 	28.700000762939453	28.700000762939453	27.899999618530273	28.0	15587	2022/10/06 
2022/10/07 	27.899999618530273	28.299999237060547	27.899999618530273	28.299999237060547	20815	2022/10/07 
2022/10/11 	28.0	28.450000762939453	27.799999237060547	28.149999618530273	45108	2022/10/11 
2022/10/12 	28.149999618530273	28.200000762939453	27.600000381469727	28.149999618530273	27840	2022/10/12 
2022/10/13 	27.600000381469727	27.700000762939453	26.850000381469727	27.0	30325	2022/10/13 
2022/10/14 	27.200000762939453	27.649999618530273	27.100000381469727	27.600000381469727	11575	2022/10/14 
2022/10/17 	27.100000381469727	27.100000381469727	26.549999237060547	26.549999237060547	19955	2022/10/17 
2022/10/18 	26.350000381469727	26.399999618530273	26.0	26.0	9635	2022/10/18 
2022/10/19 	26.399999618530273	27.0	26.049999237060547	26.100000381469727	7119	2022/10/19 
2022/10/20 	26.049999237060547	26.5	25.75	26.0	36248	2022/10/20 
2022/10/21 	26.0	26.049999237060547	26.0	26.0	29705	2022/10/21 
2022/10/24 	25.899999618530273	26.350000381469727	25.899999618530273	25.950000762939453	26140	2022/10/24 
2022/10/25 	25.899999618530273	25.899999618530273	25.200000762939453	25.700000762939453	59079	2022/10/25 
2022/10/26 	25.549999237060547	25.649999618530273	25.549999237060547	25.649999618530273	8003	2022/10/26 
2022/10/27 	25.299999237060547	25.549999237060547	25.0	25.399999618530273	23519	2022/10/27 
2022/10/28 	25.399999618530273	25.5	25.0	25.049999237060547	27950	2022/10/28 
2022/10/31 	25.0	25.350000381469727	25.0	25.350000381469727	9156	2022/10/31 
2022/11/01 	25.100000381469727	25.299999237060547	25.0	25.25	9055	2022/11/01 
2022/11/02 	24.950000762939453	25.200000762939453	24.799999237060547	25.200000762939453	8010	2022/11/02 
2022/11/03 	25.100000381469727	25.100000381469727	25.100000381469727	25.100000381469727	8	2022/11/03 
2022/11/04 	25.0	26.100000381469727	24.799999237060547	26.100000381469727	68450	2022/11/04 
2022/11/07 	26.0	26.100000381469727	25.200000762939453	25.399999618530273	46182	2022/11/07 
2022/11/08 	25.950000762939453	25.950000762939453	25.399999618530273	25.799999237060547	36023	2022/11/08 
2022/11/09 	25.799999237060547	25.799999237060547	25.299999237060547	25.5	50296	2022/11/09 
2022/11/10 	25.450000762939453	26.299999237060547	25.399999618530273	26.299999237060547	41220	2022/11/10 
2022/11/11 	25.950000762939453	26.0	24.899999618530273	25.149999618530273	107060	2022/11/11 
2022/11/14 	25.149999618530273	25.149999618530273	24.100000381469727	24.450000762939453	47178	2022/11/14 
2022/11/15 	24.5	25.450000762939453	24.5	25.100000381469727	51216	2022/11/15 
2022/11/16 	25.350000381469727	25.899999618530273	25.25	25.399999618530273	160959	2022/11/16 
2022/11/17 	25.600000381469727	25.600000381469727	25.0	25.350000381469727	49025	2022/11/17 
2022/11/18 	25.149999618530273	25.25	24.600000381469727	24.75	162815	2022/11/18 
2022/11/21 	25.0	25.850000381469727	24.600000381469727	25.100000381469727	53235	2022/11/21 
2022/11/22 	24.899999618530273	25.5	24.799999237060547	25.0	58112	2022/11/22 
2022/11/23 	25.049999237060547	25.600000381469727	24.850000381469727	24.950000762939453	45355	2022/11/23 
2022/11/24 	25.0	27.350000381469727	24.950000762939453	26.700000762939453	128580	2022/11/24 
2022/11/25 	26.5	26.600000381469727	25.5	25.700000762939453	119706	2022/11/25 
2022/11/28 	25.850000381469727	27.299999237060547	25.75	26.5	134130	2022/11/28 
2022/11/29 	26.350000381469727	26.450000762939453	25.600000381469727	26.0	66892	2022/11/29 
2022/11/30 	26.350000381469727	27.350000381469727	25.899999618530273	27.200000762939453	107620	2022/11/30 
2022/12/01 	27.299999237060547	29.600000381469727	27.299999237060547	29.200000762939453	265940	2022/12/01 
2022/12/02 	28.799999237060547	36.79999923706055	28.799999237060547	35.45000076293945	396823	2022/12/02 
2022/12/05 	36.150001525878906	44.150001525878906	36.0	44.0	432412	2022/12/05 
2022/12/06 	43.75	46.099998474121094	39.599998474121094	40.650001525878906	523656	2022/12/06 
2022/12/07 	41.349998474121094	41.599998474121094	38.5	40.0	220365	2022/12/07 
2022/12/08 	40.150001525878906	42.599998474121094	40.150001525878906	41.79999923706055	196311	2022/12/08 
2022/12/09 	42.400001525878906	42.400001525878906	38.79999923706055	40.0	133225	2022/12/09 
2022/12/12 	40.29999923706055	41.95000076293945	40.29999923706055	41.099998474121094	71636	2022/12/12 
2022/12/13 	41.0	41.0	39.0	40.0	84454	2022/12/13 
2022/12/14 	39.95000076293945	41.150001525878906	39.95000076293945	40.75	62327	2022/12/14 
2022/12/15 	40.900001525878906	43.54999923706055	40.79999923706055	41.349998474121094	195961	2022/12/15 
2022/12/16 	41.04999923706055	41.25	40.400001525878906	41.25	74918	2022/12/16 
2022/12/19 	40.849998474121094	41.0	40.400001525878906	41.0	16004	2022/12/19 
2022/12/20 	42.0	42.79999923706055	41.849998474121094	41.849998474121094	123930	2022/12/20 
2022/12/21 	42.599998474121094	46.150001525878906	42.599998474121094	44.20000076293945	245202	2022/12/21 
2022/12/22 	45.150001525878906	46.79999923706055	44.599998474121094	44.79999923706055	180934	2022/12/22 
2022/12/23 	45.150001525878906	45.849998474121094	44.25	45.0	231513	2022/12/23 
2022/12/26 	45.599998474121094	45.650001525878906	45.0	45.45000076293945	162790	2022/12/26 
2022/12/27 	45.45000076293945	49.349998474121094	45.29999923706055	47.5	244390	2022/12/27 
2022/12/28 	48.150001525878906	50.79999923706055	47.45000076293945	50.20000076293945	431730	2022/12/28 
2022/12/29 	50.0	53.29999923706055	47.04999923706055	49.25	434838	2022/12/29 
2022/12/30 	49.20000076293945	49.900001525878906	45.0	46.70000076293945	287888	2022/12/30 
2023/01/03 	47.349998474121094	48.5	47.04999923706055	47.29999923706055	74785	2023/01/03 
2023/01/04 	47.0	47.599998474121094	46.900001525878906	47.54999923706055	32020	2023/01/04 
2023/01/05 	47.54999923706055	48.0	47.25	47.849998474121094	87348	2023/01/05 
2023/01/06 	47.95000076293945	49.0	46.95000076293945	47.099998474121094	75115	2023/01/06 
2023/01/09 	47.650001525878906	48.0	47.0	47.650001525878906	76180	2023/01/09 
2023/01/10 	47.79999923706055	47.95000076293945	47.25	47.599998474121094	40220	2023/01/10 
2023/01/11 	47.0	47.0	45.150001525878906	45.849998474121094	92690	2023/01/11 
2023/01/12 	46.0	48.0	45.25	47.95000076293945	149150	2023/01/12 
2023/01/13 	47.95000076293945	48.099998474121094	47.04999923706055	47.5	72383	2023/01/13 
2023/01/16 	47.349998474121094	49.0	47.349998474121094	48.75	90225	2023/01/16 
2023/01/17 	48.70000076293945	48.70000076293945	47.849998474121094	48.400001525878906	57413	2023/01/17 
2023/01/30 	48.5	50.20000076293945	47.349998474121094	47.5	71584	2023/01/30 
2023/01/31 	47.900001525878906	47.900001525878906	45.349998474121094	45.95000076293945	150902	2023/01/31 
2023/02/01 	45.650001525878906	46.150001525878906	43.29999923706055	44.650001525878906	160676	2023/02/01 
2023/02/02 	44.650001525878906	44.650001525878906	39.849998474121094	43.099998474121094	246139	2023/02/02 
2023/02/03 	43.099998474121094	43.099998474121094	41.20000076293945	42.099998474121094	103870	2023/02/03 
2023/02/06 	42.0	42.0	40.0	40.45000076293945	87642	2023/02/06 
2023/02/07 	40.400001525878906	40.400001525878906	39.54999923706055	40.0	111160	2023/02/07 
2023/02/08 	41.04999923706055	41.04999923706055	39.900001525878906	40.5	34250	2023/02/08 
2023/02/09 	40.54999923706055	41.45000076293945	39.650001525878906	41.150001525878906	61650	2023/02/09 
2023/02/10 	41.45000076293945	42.04999923706055	40.849998474121094	40.95000076293945	74780	2023/02/10 
2023/02/13 	41.650001525878906	45.75	41.349998474121094	45.20000076293945	207661	2023/02/13 
2023/02/14 	47.849998474121094	48.400001525878906	43.900001525878906	44.45000076293945	220424	2023/02/14 
2023/02/15 	44.5	45.099998474121094	42.45000076293945	44.0	62553	2023/02/15 
2023/02/16 	43.849998474121094	43.849998474121094	41.79999923706055	43.5	81150	2023/02/16 
2023/02/17 	42.849998474121094	43.04999923706055	42.5	42.75	30480	2023/02/17 
2023/02/20 	43.04999923706055	44.150001525878906	42.900001525878906	44.150001525878906	72190	2023/02/20 
2023/02/21 	43.25	44.20000076293945	43.25	44.0	73912	2023/02/21 
2023/02/22 	43.650001525878906	44.150001525878906	43.5	43.650001525878906	38260	2023/02/22 
2023/02/23 	43.5	43.95000076293945	43.349998474121094	43.70000076293945	68817	2023/02/23 
2023/02/24 	43.95000076293945	43.95000076293945	42.900001525878906	43.25	32170	2023/02/24 
2023/03/01 	43.150001525878906	43.150001525878906	42.04999923706055	42.20000076293945	66595	2023/03/01 
2023/03/02 	42.5	42.75	42.04999923706055	42.599998474121094	22754	2023/03/02 
2023/03/03 	42.75	43.900001525878906	41.650001525878906	43.54999923706055	251667	2023/03/03 
2023/03/06 	44.5	51.5	44.5	47.099998474121094	459862	2023/03/06 
2023/03/07 	47.099998474121094	52.5	47.0	49.75	499375	2023/03/07 
2023/03/08 	49.400001525878906	55.20000076293945	49.25	54.20000076293945	773553	2023/03/08 
2023/03/09 	54.900001525878906	60.20000076293945	54.900001525878906	57.29999923706055	936224	2023/03/09 
2023/03/10 	58.0	58.0	52.70000076293945	54.099998474121094	562110	2023/03/10 
2023/03/13 	54.20000076293945	54.70000076293945	49.45000076293945	54.0	464213	2023/03/13 
2023/03/14 	53.0	54.400001525878906	51.79999923706055	52.29999923706055	264675	2023/03/14 
2023/03/15 	52.400001525878906	54.0	52.099998474121094	53.099998474121094	123367	2023/03/15 
2023/03/16 	52.20000076293945	53.20000076293945	49.54999923706055	51.70000076293945	496663	2023/03/16 
2023/03/17 	51.0	52.599998474121094	50.79999923706055	52.5	244700	2023/03/17 
2023/03/20 	53.099998474121094	53.20000076293945	51.099998474121094	52.79999923706055	114066	2023/03/20 
2023/03/21 	53.099998474121094	56.900001525878906	51.0	56.20000076293945	364878	2023/03/21 
2023/03/22 	57.70000076293945	61.0	57.5	60.20000076293945	525984	2023/03/22 
2023/03/23 	59.29999923706055	60.900001525878906	58.5	59.900001525878906	445775	2023/03/23 
2023/03/24 	60.0	61.29999923706055	58.79999923706055	59.5	413401	2023/03/24 
2023/03/27 	60.20000076293945	65.19999694824219	58.79999923706055	62.20000076293945	647017	2023/03/27 
2023/03/28 	62.29999923706055	64.4000015258789	58.5	58.900001525878906	589050	2023/03/28 
2023/03/29 	58.79999923706055	60.29999923706055	57.599998474121094	59.900001525878906	419211	2023/03/29 
2023/03/30 	59.79999923706055	60.79999923706055	59.20000076293945	60.099998474121094	212885	2023/03/30 
2023/03/31 	60.400001525878906	60.400001525878906	59.0	59.599998474121094	121760	2023/03/31 
2023/04/06 	60.0	60.20000076293945	58.29999923706055	59.20000076293945	128901	2023/04/06 
2023/04/07 	59.20000076293945	61.0	59.20000076293945	61.0	248435	2023/04/07 
2023/04/10 	60.70000076293945	62.79999923706055	60.20000076293945	62.0	434825	2023/04/10 
2023/04/11 	62.20000076293945	64.4000015258789	61.79999923706055	64.19999694824219	355374	2023/04/11 
2023/04/12 	63.29999923706055	67.4000015258789	62.70000076293945	67.19999694824219	720463	2023/04/12 
2023/04/13 	68.30000305175781	69.4000015258789	64.5	65.0999984741211	414548	2023/04/13 
2023/04/14 	65.69999694824219	66.5	62.29999923706055	63.5	508844	2023/04/14 
2023/04/17 	63.79999923706055	65.19999694824219	63.599998474121094	64.0999984741211	129250	2023/04/17 
2023/04/18 	65.19999694824219	65.19999694824219	62.5	63.0	264567	2023/04/18 
2023/04/19 	63.400001525878906	63.79999923706055	61.900001525878906	62.79999923706055	250734	2023/04/19 
2023/04/20 	63.20000076293945	63.20000076293945	59.79999923706055	61.099998474121094	321755	2023/04/20 
2023/04/21 	61.29999923706055	62.20000076293945	59.79999923706055	60.5	134725	2023/04/21 
2023/04/24 	60.900001525878906	60.900001525878906	58.599998474121094	60.099998474121094	157478	2023/04/24 
2023/04/25 	59.79999923706055	60.900001525878906	56.400001525878906	58.20000076293945	200933	2023/04/25 
2023/04/26 	58.20000076293945	58.400001525878906	53.599998474121094	55.5	284032	2023/04/26 
2023/04/27 	55.900001525878906	56.400001525878906	55.0	55.70000076293945	70221	2023/04/27 
2023/04/28 	56.099998474121094	59.79999923706055	56.099998474121094	59.5	75794	2023/04/28 
2023/05/02 	60.0	61.5	59.0	59.79999923706055	201890	2023/05/02 
2023/05/03 	59.29999923706055	59.29999923706055	57.900001525878906	59.0	194151	2023/05/03 
2023/05/04 	60.599998474121094	62.29999923706055	59.79999923706055	61.70000076293945	417461	2023/05/04 
2023/05/05 	62.099998474121094	65.69999694824219	61.900001525878906	63.20000076293945	296660	2023/05/05 
2023/05/08 	63.5	63.5	61.900001525878906	63.20000076293945	156374	2023/05/08 
2023/05/09 	63.400001525878906	63.400001525878906	61.29999923706055	62.099998474121094	105547	2023/05/09 
2023/05/10 	62.0	64.0	62.0	63.599998474121094	199711	2023/05/10 
2023/05/11 	63.79999923706055	63.79999923706055	61.599998474121094	62.400001525878906	128012	2023/05/11 
2023/05/12 	62.29999923706055	62.5	61.400001525878906	62.400001525878906	74881	2023/05/12 
2023/05/15 	61.0	63.099998474121094	61.0	62.400001525878906	84527	2023/05/15 
2023/05/16 	62.400001525878906	62.900001525878906	61.79999923706055	62.5	51602	2023/05/16 
2023/05/17 	62.599998474121094	63.20000076293945	62.400001525878906	62.599998474121094	118696	2023/05/17 
2023/05/18 	63.0	63.70000076293945	62.5	62.900001525878906	174236	2023/05/18 
2023/05/19 	62.79999923706055	63.20000076293945	61.5	62.099998474121094	175624	2023/05/19 
2023/05/22 	61.70000076293945	63.599998474121094	61.29999923706055	62.20000076293945	149949	2023/05/22 
2023/05/23 	62.20000076293945	63.400001525878906	61.5	63.0	169066	2023/05/23 
2023/05/24 	63.20000076293945	63.400001525878906	61.900001525878906	62.29999923706055	152411	2023/05/24 
2023/05/25 	62.400001525878906	63.0	61.79999923706055	62.400001525878906	100712	2023/05/25 
2023/05/26 	62.20000076293945	62.20000076293945	61.099998474121094	61.70000076293945	174152	2023/05/26 
2023/05/29 	62.099998474121094	62.20000076293945	61.0	61.29999923706055	203642	2023/05/29 
2023/05/30 	60.79999923706055	61.20000076293945	60.20000076293945	60.70000076293945	134900	2023/05/30 
2023/05/31 	60.29999923706055	61.5	59.79999923706055	60.5	126758	2023/05/31 
2023/06/01 	61.20000076293945	61.20000076293945	59.70000076293945	60.0	163505	2023/06/01 
2023/06/02 	61.5	61.5	59.79999923706055	60.0	147876	2023/06/02 
2023/06/05 	60.400001525878906	61.20000076293945	59.599998474121094	60.0	115712	2023/06/05 
2023/06/06 	60.70000076293945	60.70000076293945	59.400001525878906	59.900001525878906	69450	2023/06/06 
2023/06/07 	58.900001525878906	60.0	58.20000076293945	59.599998474121094	199864	2023/06/07 
2023/06/08 	59.900001525878906	59.900001525878906	58.20000076293945	58.599998474121094	163916	2023/06/08 
2023/06/09 	57.900001525878906	59.70000076293945	57.900001525878906	59.20000076293945	127952	2023/06/09 
2023/06/12 	59.29999923706055	59.29999923706055	57.29999923706055	57.70000076293945	153274	2023/06/12 
2023/06/13 	57.79999923706055	58.0	57.400001525878906	57.900001525878906	70115	2023/06/13 
2023/06/14 	57.5	60.20000076293945	56.400001525878906	59.29999923706055	196125	2023/06/14 
2023/06/15 	59.0	59.5	55.70000076293945	57.29999923706055	131355	2023/06/15 
2023/06/16 	57.20000076293945	57.5	56.70000076293945	57.0	68320	2023/06/16 
2023/06/19 	56.79999923706055	58.20000076293945	56.79999923706055	58.20000076293945	63767	2023/06/19 
2023/06/20 	58.20000076293945	58.20000076293945	57.0	57.599998474121094	20600	2023/06/20 
2023/06/21 	57.29999923706055	57.29999923706055	56.70000076293945	57.0	61100	2023/06/21 
2023/06/26 	57.900001525878906	57.900001525878906	56.400001525878906	57.400001525878906	116835	2023/06/26 
2023/06/27 	58.20000076293945	58.20000076293945	56.79999923706055	57.20000076293945	71532	2023/06/27 
2023/06/28 	56.599998474121094	57.20000076293945	56.29999923706055	56.5	93083	2023/06/28 
2023/06/29 	57.900001525878906	58.20000076293945	56.599998474121094	57.400001525878906	64845	2023/06/29 
2023/06/30 	56.70000076293945	57.20000076293945	56.20000076293945	56.70000076293945	75339	2023/06/30 
2023/07/03 	57.099998474121094	61.0	57.099998474121094	60.5	223857	2023/07/03 
2023/07/04 	61.0	61.20000076293945	59.29999923706055	59.400001525878906	62092	2023/07/04 
2023/07/05 	60.0	60.0	57.79999923706055	59.0	129419	2023/07/05 
2023/07/06 	58.70000076293945	59.0	57.599998474121094	58.79999923706055	48838	2023/07/06 
2023/07/07 	57.599998474121094	58.400001525878906	56.79999923706055	57.5	53716	2023/07/07 
2023/07/10 	58.5	58.5	56.70000076293945	57.599998474121094	79400	2023/07/10 
2023/07/11 	58.0	58.0	56.79999923706055	57.5	23012	2023/07/11 
2023/07/12 	57.5	60.5	57.5	58.20000076293945	182103	2023/07/12 
2023/07/13 	58.20000076293945	59.20000076293945	57.79999923706055	58.29999923706055	85774	2023/07/13 
2023/07/14 	58.400001525878906	58.599998474121094	57.099998474121094	58.0	89777	2023/07/14 
2023/07/17 	57.79999923706055	57.79999923706055	56.599998474121094	57.0	109245	2023/07/17 
2023/07/18 	57.099998474121094	57.099998474121094	55.79999923706055	56.0	178047	2023/07/18 
2023/07/19 	56.70000076293945	56.900001525878906	54.70000076293945	55.099998474121094	122519	2023/07/19 
2023/07/20 	55.29999923706055	55.29999923706055	49.0	51.099998474121094	253643	2023/07/20 
2023/07/21 	50.900001525878906	51.0	44.599998474121094	50.70000076293945	250870	2023/07/21 
2023/07/24 	49.54999923706055	52.20000076293945	47.75	50.79999923706055	242648	2023/07/24 
2023/07/25 	51.900001525878906	55.599998474121094	51.900001525878906	54.5	229788	2023/07/25 
2023/07/26 	54.099998474121094	54.29999923706055	52.79999923706055	53.0	81290	2023/07/26 
2023/07/27 	51.900001525878906	54.400001525878906	51.900001525878906	54.29999923706055	101052	2023/07/27 
2023/07/28 	54.5	54.5	53.79999923706055	53.79999923706055	43540	2023/07/28 
2023/07/31 	54.29999923706055	54.29999923706055	49.79999923706055	51.29999923706055	191375	2023/07/31 
2023/08/01 	51.29999923706055	52.0	49.79999923706055	50.29999923706055	123036	2023/08/01 
2023/08/02 	49.900001525878906	50.20000076293945	48.849998474121094	49.099998474121094	98327	2023/08/02 
2023/08/04 	48.349998474121094	49.099998474121094	48.29999923706055	49.099998474121094	47691	2023/08/04 
2023/08/07 	49.099998474121094	50.0	49.0	49.400001525878906	17116	2023/08/07 
2023/08/08 	49.45000076293945	49.45000076293945	45.79999923706055	46.79999923706055	153807	2023/08/08 
2023/08/09 	47.75	47.75	45.349998474121094	45.849998474121094	182488	2023/08/09 
2023/08/10 	45.650001525878906	45.650001525878906	44.75	44.95000076293945	41325	2023/08/10 
2023/08/11 	45.849998474121094	46.04999923706055	45.099998474121094	45.75	72120	2023/08/11 
2023/08/14 	45.79999923706055	45.79999923706055	42.70000076293945	42.900001525878906	114760	2023/08/14 
2023/08/15 	42.95000076293945	44.20000076293945	41.349998474121094	42.099998474121094	164482	2023/08/15 
2023/08/16 	42.0	43.849998474121094	41.25	43.849998474121094	113365	2023/08/16 
2023/08/17 	43.45000076293945	45.25	42.95000076293945	45.20000076293945	125181	2023/08/17 
2023/08/18 	45.95000076293945	46.5	45.0	45.150001525878906	124364	2023/08/18 
2023/08/21 	45.400001525878906	45.54999923706055	45.0	45.45000076293945	8820	2023/08/21 
2023/08/22 	45.400001525878906	45.400001525878906	42.5	44.099998474121094	39120	2023/08/22 
2023/08/23 	44.0	44.0	41.849998474121094	42.0	75561	2023/08/23 
2023/08/24 	42.5	44.150001525878906	42.5	43.150001525878906	114200	2023/08/24 
2023/08/25 	43.95000076293945	44.099998474121094	43.0	43.04999923706055	40000	2023/08/25 
2023/08/28 	44.150001525878906	48.900001525878906	44.150001525878906	47.04999923706055	330620	2023/08/28 
2023/08/29 	47.0	47.099998474121094	45.599998474121094	46.0	75522	2023/08/29 
2023/08/30 	46.349998474121094	46.349998474121094	45.599998474121094	45.75	43927	2023/08/30 
2023/08/31 	45.849998474121094	45.849998474121094	42.70000076293945	44.20000076293945	68324	2023/08/31 
2023/09/01 	44.70000076293945	45.20000076293945	44.099998474121094	44.400001525878906	37975	2023/09/01 
2023/09/04 	44.400001525878906	44.400001525878906	42.349998474121094	44.0	18263	2023/09/04 
2023/09/05 	44.0	44.0	42.95000076293945	43.900001525878906	25116	2023/09/05 
2023/09/06 	43.849998474121094	43.849998474121094	43.349998474121094	43.75	6511	2023/09/06 
2023/09/07 	43.75	43.75	43.150001525878906	43.400001525878906	30665	2023/09/07 
2023/09/08 	43.400001525878906	43.400001525878906	43.400001525878906	43.400001525878906	0	2023/09/08 
2023/09/11 	42.75	42.75	41.650001525878906	41.95000076293945	123420	2023/09/11 
2023/09/12 	42.099998474121094	42.150001525878906	41.5	42.0	60340	2023/09/12 
2023/09/13 	41.150001525878906	43.150001525878906	41.150001525878906	42.29999923706055	104945	2023/09/13 
2023/09/14 	42.650001525878906	43.150001525878906	41.5	42.45000076293945	47500	2023/09/14 
2023/09/15 	42.25	42.45000076293945	41.349998474121094	42.150001525878906	196090	2023/09/15 
2023/09/18 	42.0	42.150001525878906	41.79999923706055	41.79999923706055	16210	2023/09/18 
2023/09/19 	41.0	41.95000076293945	41.0	41.79999923706055	2593	2023/09/19 
2023/09/20 	41.70000076293945	41.70000076293945	40.849998474121094	41.5	19231	2023/09/20 
2023/09/21 	41.5	41.5	38.849998474121094	39.75	87582	2023/09/21 
2023/09/22 	39.599998474121094	39.70000076293945	38.650001525878906	38.900001525878906	37453	2023/09/22 
2023/09/25 	39.349998474121094	39.349998474121094	38.04999923706055	38.650001525878906	235599	2023/09/25 
2023/09/26 	38.04999923706055	38.650001525878906	37.0	37.0	273231	2023/09/26 
2023/09/27 	36.70000076293945	36.75	35.150001525878906	36.099998474121094	83815	2023/09/27 
2023/09/28 	36.099998474121094	36.5	35.45000076293945	36.0	45185	2023/09/28 
2023/10/02 	36.0	36.0	34.75	35.29999923706055	31357	2023/10/02 
2023/10/03 	35.75	36.79999923706055	35.70000076293945	36.099998474121094	62651	2023/10/03 
2023/10/04 	36.70000076293945	36.70000076293945	34.849998474121094	35.0	71135	2023/10/04 
2023/10/05 	35.45000076293945	36.75	35.0	36.5	137836	2023/10/05 
2023/10/06 	36.45000076293945	37.04999923706055	36.45000076293945	36.900001525878906	127741	2023/10/06 
2023/10/11 	36.95000076293945	37.150001525878906	36.0	36.95000076293945	137705	2023/10/11 
2023/10/12 	36.650001525878906	37.0	36.5	37.0	25141	2023/10/12 
2023/10/13 	36.45000076293945	36.900001525878906	35.54999923706055	36.400001525878906	35453	2023/10/13 
2023/10/16 	35.849998474121094	36.0	34.900001525878906	35.849998474121094	59800	2023/10/16 
2023/10/17 	36.0	38.849998474121094	35.849998474121094	38.0	115427	2023/10/17 
2023/10/18 	37.400001525878906	37.900001525878906	36.349998474121094	36.849998474121094	92852	2023/10/18 
2023/10/19 	37.20000076293945	39.0	37.20000076293945	39.0	183411	2023/10/19 
2023/10/20 	38.599998474121094	38.75	37.25	38.75	25500	2023/10/20 
2023/10/23 	38.70000076293945	42.650001525878906	38.54999923706055	41.20000076293945	419077	2023/10/23 
2023/10/24 	41.349998474121094	45.25	41.349998474121094	45.25	620442	2023/10/24 
2023/10/25 	50.099998474121094	51.20000076293945	45.599998474121094	50.599998474121094	528871	2023/10/25 
2023/10/26 	50.400001525878906	50.70000076293945	46.79999923706055	49.349998474121094	299273	2023/10/26 
2023/10/27 	49.150001525878906	49.599998474121094	45.650001525878906	46.849998474121094	265914	2023/10/27 
2023/10/30 	46.95000076293945	46.95000076293945	46.0	46.20000076293945	44980	2023/10/30 
2023/10/31 	46.650001525878906	46.650001525878906	45.20000076293945	45.5	88370	2023/10/31 
2023/11/01 	45.20000076293945	45.5	42.5	42.599998474121094	194778	2023/11/01 
2023/11/02 	42.75	45.0	42.75	43.900001525878906	76345	2023/11/02 
2023/11/03 	44.0	44.150001525878906	43.0	43.650001525878906	31666	2023/11/03 
2023/11/06 	43.70000076293945	44.849998474121094	43.45000076293945	44.650001525878906	42211	2023/11/06 
2023/11/07 	44.849998474121094	44.849998474121094	43.54999923706055	43.70000076293945	35720	2023/11/07 
2023/11/08 	43.70000076293945	44.0	43.45000076293945	43.599998474121094	25610	2023/11/08 
2023/11/09 	44.099998474121094	44.099998474121094	42.70000076293945	43.20000076293945	59301	2023/11/09 
2023/11/10 	43.099998474121094	43.099998474121094	40.0	41.849998474121094	135905	2023/11/10 
2023/11/13 	41.70000076293945	43.0	41.70000076293945	42.150001525878906	52223	2023/11/13 
2023/11/14 	42.150001525878906	42.29999923706055	41.20000076293945	41.75	30703	2023/11/14 
2023/11/15 	41.79999923706055	44.400001525878906	41.79999923706055	44.150001525878906	76384	2023/11/15 
2023/11/16 	44.150001525878906	47.150001525878906	43.599998474121094	45.45000076293945	282899	2023/11/16 
2023/11/17 	45.5	47.45000076293945	45.349998474121094	45.849998474121094	249651	2023/11/17 
2023/11/20 	46.599998474121094	47.150001525878906	45.349998474121094	45.599998474121094	100091	2023/11/20 
2023/11/21 	45.70000076293945	46.75	45.0	45.45000076293945	75887	2023/11/21 
2023/11/22 	45.29999923706055	46.29999923706055	44.0	45.54999923706055	71905	2023/11/22 
2023/11/23 	45.54999923706055	45.54999923706055	44.04999923706055	45.099998474121094	72595	2023/11/23 
2023/11/24 	45.45000076293945	45.54999923706055	44.29999923706055	45.45000076293945	68455	2023/11/24 
2023/11/27 	44.849998474121094	46.25	44.849998474121094	45.29999923706055	60058	2023/11/27 
2023/11/28 	45.150001525878906	46.0	45.099998474121094	45.349998474121094	17350	2023/11/28 
2023/11/29 	45.349998474121094	46.25	45.099998474121094	45.70000076293945	82971	2023/11/29 
2023/11/30 	45.650001525878906	45.79999923706055	44.900001525878906	45.75	25430	2023/11/30 
2023/12/01 	45.650001525878906	48.400001525878906	45.650001525878906	48.349998474121094	449889	2023/12/01 
2023/12/04 	50.0	50.0	48.150001525878906	48.5	410795	2023/12/04 
2023/12/05 	49.0	49.0	47.75	48.400001525878906	112152	2023/12/05 
2023/12/06 	49.0	50.20000076293945	48.20000076293945	48.5	303187	2023/12/06 
2023/12/07 	48.849998474121094	50.0	47.900001525878906	48.54999923706055	334507	2023/12/07 
2023/12/08 	48.45000076293945	48.599998474121094	48.0	48.150001525878906	57870	2023/12/08 
2023/12/11 	47.95000076293945	49.150001525878906	47.95000076293945	48.650001525878906	151770	2023/12/11 
2023/12/12 	49.0	49.29999923706055	48.349998474121094	48.54999923706055	86520	2023/12/12 
2023/12/13 	47.849998474121094	48.79999923706055	47.849998474121094	48.150001525878906	9570	2023/12/13 
2023/12/14 	48.150001525878906	48.5	47.0	48.5	106756	2023/12/14 
2023/12/15 	48.5	48.5	47.20000076293945	48.0	55694	2023/12/15 
2023/12/18 	47.20000076293945	47.349998474121094	46.0	46.599998474121094	103103	2023/12/18 
2023/12/19 	46.150001525878906	46.650001525878906	44.95000076293945	45.150001525878906	90930	2023/12/19 
2023/12/20 	46.0	46.70000076293945	44.849998474121094	45.75	98200	2023/12/20 
2023/12/21 	44.75	46.04999923706055	44.75	45.70000076293945	17550	2023/12/21 
2023/12/22 	45.650001525878906	46.45000076293945	45.25	45.70000076293945	49065	2023/12/22 
2023/12/25 	46.150001525878906	49.400001525878906	46.150001525878906	48.20000076293945	410637	2023/12/25 
2023/12/26 	48.95000076293945	50.70000076293945	48.95000076293945	50.5	544692	2023/12/26 
2023/12/27 	50.70000076293945	51.599998474121094	48.0	50.70000076293945	458096	2023/12/27 
2023/12/28 	50.70000076293945	51.70000076293945	49.349998474121094	50.0	229980	2023/12/28 
2023/12/29 	50.599998474121094	50.79999923706055	48.95000076293945	50.0	298840	2023/12/29 
2024/01/02 	50.0	51.20000076293945	49.900001525878906	50.20000076293945	150688	2024/01/02 
2024/01/03 	50.0	50.20000076293945	49.45000076293945	49.849998474121094	54683	2024/01/03 
2024/01/04 	50.400001525878906	51.5	48.45000076293945	51.5	261351	2024/01/04 
2024/01/05 	51.599998474121094	53.0	50.400001525878906	52.0	646365	2024/01/05 
2024/01/08 	52.20000076293945	52.20000076293945	49.650001525878906	50.0	241131	2024/01/08 
2024/01/09 	49.95000076293945	50.099998474121094	49.150001525878906	49.75	49870	2024/01/09 
2024/01/10 	49.650001525878906	50.29999923706055	49.400001525878906	50.20000076293945	43835	2024/01/10 
2024/01/11 	49.45000076293945	49.5	48.54999923706055	49.20000076293945	106935	2024/01/11 
2024/01/12 	48.95000076293945	49.25	48.650001525878906	49.150001525878906	31190	2024/01/12 
2024/01/15 	49.150001525878906	49.150001525878906	49.150001525878906	49.150001525878906	0	2024/01/15 
2024/01/16 	48.400001525878906	48.70000076293945	47.04999923706055	47.79999923706055	124135	2024/01/16 
2024/01/17 	47.099998474121094	47.5	45.45000076293945	46.099998474121094	116199	2024/01/17 
2024/01/18 	46.150001525878906	46.599998474121094	44.349998474121094	44.900001525878906	183708	2024/01/18 
2024/01/19 	45.29999923706055	46.29999923706055	44.849998474121094	45.0	86661	2024/01/19 
2024/01/22 	44.900001525878906	45.95000076293945	44.849998474121094	45.0	47614	2024/01/22 
2024/01/23 	45.70000076293945	46.150001525878906	45.349998474121094	46.04999923706055	33135	2024/01/23 
2024/01/24 	46.75	46.75	45.79999923706055	46.25	17475	2024/01/24 
2024/01/25 	46.650001525878906	47.04999923706055	45.900001525878906	46.650001525878906	40447	2024/01/25 
2024/01/26 	46.650001525878906	46.650001525878906	44.849998474121094	45.45000076293945	59005	2024/01/26 
2024/01/29 	45.45000076293945	45.849998474121094	45.0	45.849998474121094	25855	2024/01/29 
2024/01/30 	45.099998474121094	45.95000076293945	45.0	45.349998474121094	42518	2024/01/30 
2024/01/31 	45.400001525878906	45.5	45.04999923706055	45.45000076293945	9750	2024/01/31 
2024/02/01 	45.70000076293945	45.70000076293945	45.04999923706055	45.54999923706055	30846	2024/02/01 
2024/02/02 	46.0	46.0	45.0	45.150001525878906	14610	2024/02/02 
2024/02/05 	44.900001525878906	45.20000076293945	43.75	43.900001525878906	96903	2024/02/05 
2024/02/15 	44.400001525878906	44.54999923706055	43.45000076293945	43.95000076293945	111310	2024/02/15 
2024/02/16 	43.900001525878906	44.04999923706055	42.150001525878906	43.0	284545	2024/02/16 
2024/02/19 	42.0	44.95000076293945	42.0	44.650001525878906	130200	2024/02/19 
2024/02/20 	44.650001525878906	44.650001525878906	43.25	44.0	76280	2024/02/20 
2024/02/21 	43.25	44.29999923706055	43.25	44.04999923706055	51334	2024/02/21 
2024/02/22 	44.5	44.5	42.29999923706055	43.650001525878906	77121	2024/02/22 
2024/02/23 	43.349998474121094	43.400001525878906	42.400001525878906	42.75	100046	2024/02/23 
2024/02/26 	42.79999923706055	43.0	42.45000076293945	42.79999923706055	36536	2024/02/26 
2024/02/27 	42.79999923706055	43.70000076293945	42.650001525878906	43.650001525878906	89640	2024/02/27 
2024/02/29 	43.400001525878906	43.849998474121094	42.0	43.0	114394	2024/02/29 
2024/03/01 	43.0	43.650001525878906	42.79999923706055	43.0	50590	2024/03/01 
2024/03/04 	43.349998474121094	45.150001525878906	42.5	44.04999923706055	192773	2024/03/04 
2024/03/05 	43.29999923706055	44.150001525878906	43.25	44.0	68350	2024/03/05 
2024/03/06 	44.0	44.0	43.099998474121094	43.5	75110	2024/03/06 
2024/03/07 	43.900001525878906	43.900001525878906	43.04999923706055	43.099998474121094	49150	2024/03/07 
2024/03/08 	43.04999923706055	43.349998474121094	41.95000076293945	42.45000076293945	126451	2024/03/08 
2024/03/11 	42.150001525878906	42.150001525878906	39.849998474121094	40.45000076293945	275990	2024/03/11 
2024/03/12 	40.650001525878906	40.849998474121094	40.150001525878906	40.79999923706055	62420	2024/03/12 
2024/03/13 	40.79999923706055	40.79999923706055	39.849998474121094	40.099998474121094	81981	2024/03/13 
2024/03/14 	39.849998474121094	40.20000076293945	39.0	39.400001525878906	91983	2024/03/14 
2024/03/15 	39.70000076293945	39.79999923706055	39.0	39.650001525878906	67430	2024/03/15 
2024/03/18 	39.349998474121094	41.04999923706055	38.349998474121094	41.04999923706055	81299	2024/03/18 
2024/03/19 	41.0	41.0	39.849998474121094	39.95000076293945	56035	2024/03/19 
2024/03/20 	39.75	40.099998474121094	39.0	39.20000076293945	43166	2024/03/20 
2024/03/21 	39.45000076293945	40.0	38.849998474121094	40.0	76293	2024/03/21 
2024/03/22 	40.0	40.0	39.04999923706055	39.400001525878906	24760	2024/03/22 
2024/03/25 	39.45000076293945	40.349998474121094	39.45000076293945	40.349998474121094	35609	2024/03/25 
2024/03/26 	39.400001525878906	39.70000076293945	38.29999923706055	38.900001525878906	129578	2024/03/26 
2024/03/27 	38.849998474121094	38.849998474121094	38.150001525878906	38.29999923706055	57805	2024/03/27 
2024/03/28 	38.45000076293945	39.150001525878906	38.29999923706055	39.0	32620	2024/03/28 
2024/03/29 	38.54999923706055	39.0	38.54999923706055	39.0	11060	2024/03/29 
2024/04/01 	38.900001525878906	39.099998474121094	38.79999923706055	38.95000076293945	28640	2024/04/01 
2024/04/02 	39.150001525878906	39.20000076293945	39.0	39.150001525878906	12260	2024/04/02 
2024/04/03 	38.900001525878906	39.04999923706055	37.0	37.45000076293945	78235	2024/04/03 
2024/04/08 	37.79999923706055	38.45000076293945	37.79999923706055	38.29999923706055	4100	2024/04/08 
2024/04/09 	38.45000076293945	38.650001525878906	37.20000076293945	38.099998474121094	54150	2024/04/09 
2024/04/10 	37.04999923706055	37.79999923706055	36.95000076293945	37.599998474121094	65230	2024/04/10 
2024/04/11 	36.900001525878906	37.650001525878906	36.75	36.849998474121094	41040	2024/04/11 
2024/04/12 	37.45000076293945	37.45000076293945	36.75	36.95000076293945	26700	2024/04/12 
2024/04/15 	37.150001525878906	37.349998474121094	36.099998474121094	36.54999923706055	51606	2024/04/15 
2024/04/16 	36.45000076293945	36.45000076293945	35.04999923706055	35.04999923706055	69565	2024/04/16 
2024/04/17 	35.5	36.150001525878906	35.5	36.099998474121094	29995	2024/04/17 
2024/04/18 	35.79999923706055	36.099998474121094	35.54999923706055	35.54999923706055	13755	2024/04/18 
2024/04/19 	35.5	35.650001525878906	33.29999923706055	33.79999923706055	108715	2024/04/19 
2024/04/22 	33.79999923706055	33.900001525878906	33.25	33.599998474121094	51430	2024/04/22 
2024/04/23 	33.599998474121094	34.0	33.0	33.5	48195	2024/04/23 
2024/04/24 	33.400001525878906	34.95000076293945	32.599998474121094	34.79999923706055	136960	2024/04/24 
2024/04/25 	33.79999923706055	34.0	33.599998474121094	33.900001525878906	6070	2024/04/25 
2024/04/26 	33.79999923706055	33.900001525878906	32.25	32.75	83221	2024/04/26 
2024/04/29 	32.70000076293945	32.79999923706055	30.899999618530273	32.0	121150	2024/04/29 
2024/04/30 	31.899999618530273	31.899999618530273	30.899999618530273	31.200000762939453	20711	2024/04/30 
2024/05/02 	31.0	31.399999618530273	30.399999618530273	31.200000762939453	19990	2024/05/02 
2024/05/03 	31.25	31.25	30.25	31.0	39822	2024/05/03 
2024/05/06 	31.0	35.349998474121094	30.899999618530273	35.25	197110	2024/05/06 
2024/05/07 	35.20000076293945	38.70000076293945	35.20000076293945	36.900001525878906	362576	2024/05/07 
2024/05/08 	37.099998474121094	37.79999923706055	34.849998474121094	35.849998474121094	137655	2024/05/08 
2024/05/09 	35.900001525878906	35.95000076293945	34.849998474121094	35.0	48455	2024/05/09 
2024/05/10 	35.599998474121094	35.650001525878906	34.04999923706055	34.349998474121094	31993	2024/05/10 
2024/05/13 	34.599998474121094	35.0	34.0	34.25	34125	2024/05/13 
2024/05/14 	34.0	34.70000076293945	33.5	33.79999923706055	40145	2024/05/14 
2024/05/15 	34.150001525878906	34.150001525878906	33.5	33.650001525878906	28365	2024/05/15 
2024/05/16 	33.849998474121094	35.70000076293945	33.349998474121094	34.5	84445	2024/05/16 
2024/05/17 	35.0	35.0	33.75	33.900001525878906	35182	2024/05/17 
2024/05/20 	33.75	34.0	33.20000076293945	33.79999923706055	23550	2024/05/20 
2024/05/21 	33.849998474121094	33.849998474121094	32.70000076293945	33.29999923706055	50577	2024/05/21 
2024/05/22 	33.25	33.25	32.29999923706055	32.349998474121094	51617	2024/05/22 
2024/05/23 	32.25	33.099998474121094	32.25	33.099998474121094	22905	2024/05/23 
2024/05/24 	32.29999923706055	33.0	32.25	33.0	31787	2024/05/24 
2024/05/27 	33.0	33.0	32.0	33.0	30644	2024/05/27 
2024/05/28 	32.599998474121094	32.900001525878906	32.349998474121094	32.5	39662	2024/05/28 
2024/05/29 	32.400001525878906	32.849998474121094	32.0	32.599998474121094	49055	2024/05/29 
2024/05/30 	31.899999618530273	32.45000076293945	31.850000381469727	32.45000076293945	24925	2024/05/30 
2024/05/31 	31.899999618530273	32.29999923706055	31.799999237060547	31.950000762939453	27639	2024/05/31 
2024/06/03 	32.099998474121094	32.54999923706055	31.899999618530273	32.45000076293945	45490	2024/06/03 
2024/06/04 	32.599998474121094	32.75	32.20000076293945	32.650001525878906	31357	2024/06/04 
2024/06/05 	32.95000076293945	36.099998474121094	32.849998474121094	34.29999923706055	117500	2024/06/05 
2024/06/06 	35.0	35.150001525878906	34.150001525878906	34.650001525878906	66197	2024/06/06 
2024/06/07 	34.599998474121094	35.5	34.099998474121094	35.150001525878906	131540	2024/06/07 
2024/06/11 	34.849998474121094	35.650001525878906	34.849998474121094	35.150001525878906	63040	2024/06/11 
2024/06/12 	36.0	38.349998474121094	36.0	37.54999923706055	191162	2024/06/12 
2024/06/13 	37.900001525878906	38.400001525878906	37.25	37.650001525878906	123120	2024/06/13 
2024/06/14 	37.5	38.349998474121094	37.0	37.0	99929	2024/06/14 
2024/06/17 	37.5	37.5	36.70000076293945	36.70000076293945	85160	2024/06/17 
2024/06/18 	36.599998474121094	36.900001525878906	36.099998474121094	36.70000076293945	45410	2024/06/18 
2024/06/19 	36.04999923706055	36.70000076293945	35.45000076293945	35.45000076293945	46591	2024/06/19 
2024/06/20 	36.0	36.0	34.20000076293945	35.0	87600	2024/06/20 
2024/06/21 	34.75	35.349998474121094	34.70000076293945	35.349998474121094	27300	2024/06/21 
2024/06/24 	35.45000076293945	35.650001525878906	35.0	35.0	41103	2024/06/24 
2024/06/25 	35.0	36.25	35.0	35.79999923706055	115850	2024/06/25 
2024/06/26 	35.5	35.599998474121094	35.0	35.54999923706055	40250	2024/06/26 
2024/06/27 	34.79999923706055	34.900001525878906	34.5	34.70000076293945	20550	2024/06/27 
2024/06/28 	34.70000076293945	34.70000076293945	33.900001525878906	34.599998474121094	38432	2024/06/28 
2024/07/01 	34.79999923706055	35.70000076293945	34.650001525878906	35.400001525878906	101237	2024/07/01 
2024/07/02 	36.29999923706055	36.29999923706055	35.20000076293945	35.599998474121094	46555	2024/07/02 
2024/07/03 	35.400001525878906	35.5	33.5	34.349998474121094	206371	2024/07/03 
2024/07/04 	34.400001525878906	34.5	33.849998474121094	34.150001525878906	38150	2024/07/04 
2024/07/05 	33.70000076293945	34.0	33.54999923706055	33.95000076293945	23572	2024/07/05 
2024/07/08 	34.599998474121094	34.599998474121094	33.599998474121094	34.0	59071	2024/07/08 
2024/07/09 	33.599998474121094	33.900001525878906	33.099998474121094	33.29999923706055	38602	2024/07/09 
2024/07/10 	33.650001525878906	33.650001525878906	32.29999923706055	33.45000076293945	46671	2024/07/10 
2024/07/11 	34.0	36.900001525878906	34.0	36.0	282114	2024/07/11 
2024/07/12 	36.29999923706055	36.29999923706055	34.95000076293945	35.29999923706055	109225	2024/07/12 
2024/07/15 	35.29999923706055	35.79999923706055	35.25	35.5	61186	2024/07/15 
2024/07/16 	35.75	36.150001525878906	35.54999923706055	35.900001525878906	53696	2024/07/16 
2024/07/17 	35.849998474121094	35.849998474121094	35.45000076293945	35.75	13531	2024/07/17 
2024/07/18 	35.0	35.400001525878906	34.25	35.0	27614	2024/07/18 
2024/07/19 	35.349998474121094	35.349998474121094	34.25	34.900001525878906	11998	2024/07/19 
2024/07/22 	34.650001525878906	34.650001525878906	32.79999923706055	33.45000076293945	41110	2024/07/22 
2024/07/23 	33.79999923706055	33.95000076293945	33.20000076293945	33.20000076293945	23942	2024/07/23 
2024/07/26 	33.04999923706055	33.04999923706055	31.649999618530273	32.70000076293945	63792	2024/07/26 
2024/07/29 	32.70000076293945	32.900001525878906	31.899999618530273	32.0	44881	2024/07/29 
2024/07/30 	32.5	32.650001525878906	31.549999237060547	32.650001525878906	26851	2024/07/30 
2024/07/31 	32.599998474121094	32.650001525878906	31.700000762939453	32.599998474121094	8700	2024/07/31 
2024/08/01 	32.900001525878906	33.0	32.45000076293945	32.599998474121094	46361	2024/08/01 
2024/08/02 	32.29999923706055	32.29999923706055	31.350000381469727	32.0	33741	2024/08/02 
2024/08/05 	30.899999618530273	31.200000762939453	27.850000381469727	28.799999237060547	133740	2024/08/05 
2024/08/06 	28.100000381469727	28.399999618530273	27.0	27.799999237060547	101780	2024/08/06 
2024/08/07 	27.600000381469727	28.899999618530273	27.25	28.549999237060547	43087	2024/08/07 
2024/08/08 	28.0	28.100000381469727	27.899999618530273	28.100000381469727	15017	2024/08/08 
2024/08/09 	28.450000762939453	29.200000762939453	28.399999618530273	28.899999618530273	34719	2024/08/09 
2024/08/12 	28.950000762939453	29.149999618530273	27.799999237060547	28.0	157370	2024/08/12 
2024/08/13 	27.899999618530273	27.950000762939453	26.0	26.850000381469727	212699	2024/08/13 
2024/08/14 	27.0	27.0	26.200000762939453	27.0	49712	2024/08/14 
2024/08/15 	27.149999618530273	28.5	27.149999618530273	27.700000762939453	70975	2024/08/15 
2024/08/16 	27.700000762939453	28.100000381469727	26.899999618530273	27.299999237060547	49391	2024/08/16 
2024/08/19 	27.149999618530273	29.350000381469727	27.100000381469727	29.350000381469727	162437	2024/08/19 
2024/08/20 	29.950000762939453	30.100000381469727	29.0	29.700000762939453	68297	2024/08/20 
2024/08/21 	29.899999618530273	30.5	29.799999237060547	30.5	33991	2024/08/21 
2024/08/22 	30.950000762939453	30.950000762939453	28.899999618530273	29.25	99581	2024/08/22 
2024/08/23 	29.549999237060547	29.549999237060547	28.850000381469727	29.5	13096	2024/08/23 
2024/08/26 	29.850000381469727	29.850000381469727	29.0	29.649999618530273	13087	2024/08/26 
2024/08/27 	29.649999618530273	29.649999618530273	29.149999618530273	29.25	7160	2024/08/27 
2024/08/28 	29.5	29.5	28.600000381469727	28.799999237060547	21653	2024/08/28 
2024/08/29 	29.350000381469727	30.549999237060547	28.700000762939453	30.549999237060547	53927	2024/08/29 
2024/08/30 	31.549999237060547	32.400001525878906	31.0	31.600000381469727	57681	2024/08/30 
2024/09/02 	31.950000762939453	31.950000762939453	30.5	31.0	24751	2024/09/02 
2024/09/03 	31.0	31.0	30.200000762939453	31.0	31702	2024/09/03 
2024/09/04 	30.600000381469727	31.0	30.200000762939453	30.200000762939453	17210	2024/09/04 
2024/09/05 	30.5	30.600000381469727	30.0	30.600000381469727	3266	2024/09/05 
2024/09/06 	30.950000762939453	30.950000762939453	30.0	30.950000762939453	14016	2024/09/06 
2024/09/09 	30.549999237060547	30.549999237060547	28.399999618530273	28.899999618530273	67127	2024/09/09 
2024/09/10 	29.049999237060547	29.049999237060547	26.399999618530273	27.450000762939453	166066	2024/09/10 
2024/09/11 	27.200000762939453	27.5	26.899999618530273	27.450000762939453	24502	2024/09/11 
2024/09/12 	27.950000762939453	28.0	27.399999618530273	28.0	34635	2024/09/12 
2024/09/13 	27.950000762939453	28.0	27.450000762939453	28.0	12064	2024/09/13 
2024/09/16 	28.200000762939453	28.850000381469727	28.149999618530273	28.850000381469727	15318	2024/09/16 
2024/09/18 	28.899999618530273	28.950000762939453	27.950000762939453	28.100000381469727	37994	2024/09/18 
2024/09/19 	28.149999618530273	28.200000762939453	27.899999618530273	28.049999237060547	12661	2024/09/19 
2024/09/20 	28.049999237060547	28.149999618530273	27.700000762939453	28.149999618530273	4482	2024/09/20 
2024/09/23 	27.950000762939453	27.950000762939453	27.100000381469727	27.850000381469727	23312	2024/09/23 
2024/09/24 	27.600000381469727	28.0	27.549999237060547	28.0	11516	2024/09/24 
2024/09/25 	27.799999237060547	27.899999618530273	27.0	27.850000381469727	16912	2024/09/25 
2024/09/26 	27.850000381469727	27.950000762939453	27.5	27.649999618530273	16739	2024/09/26 
2024/09/27 	27.700000762939453	29.149999618530273	27.700000762939453	29.0	81067	2024/09/27 
2024/09/30 	29.299999237060547	30.450000762939453	29.0	29.899999618530273	215169	2024/09/30 
2024/10/01 	29.850000381469727	29.850000381469727	28.149999618530273	29.100000381469727	59649	2024/10/01 
2024/10/04 	28.899999618530273	29.200000762939453	28.299999237060547	28.950000762939453	48550	2024/10/04 
2024/10/07 	28.950000762939453	29.399999618530273	28.700000762939453	29.149999618530273	39771	2024/10/07 
2024/10/08 	29.100000381469727	29.100000381469727	28.649999618530273	29.049999237060547	11560	2024/10/08 
2024/10/09 	29.450000762939453	29.75	29.0	29.450000762939453	43271	2024/10/09 
2024/10/11 	29.25	29.25	27.950000762939453	28.100000381469727	209406	2024/10/11 
2024/10/14 	27.899999618530273	28.25	27.600000381469727	28.200000762939453	17914	2024/10/14 
2024/10/15 	28.100000381469727	28.149999618530273	27.700000762939453	27.850000381469727	48220	2024/10/15 
2024/10/16 	27.950000762939453	27.950000762939453	27.299999237060547	27.799999237060547	20650	2024/10/16 
2024/10/17 	27.700000762939453	28.299999237060547	27.700000762939453	28.0	19162	2024/10/17 
2024/10/18 	28.399999618530273	28.399999618530273	27.850000381469727	28.350000381469727	13606	2024/10/18 
2024/10/21 	28.0	28.549999237060547	28.0	28.25	62159	2024/10/21 
2024/10/22 	28.549999237060547	28.549999237060547	27.899999618530273	28.100000381469727	37328	2024/10/22 
2024/10/23 	27.75	28.299999237060547	27.75	28.25	11076	2024/10/23 
2024/10/24 	28.299999237060547	28.450000762939453	27.950000762939453	27.950000762939453	40226	2024/10/24 
2024/10/25 	28.299999237060547	28.299999237060547	27.700000762939453	28.0	31202	2024/10/25 
2024/10/28 	27.799999237060547	27.950000762939453	26.799999237060547	27.149999618530273	76002	2024/10/28 
2024/10/29 	25.700000762939453	25.700000762939453	24.200000762939453	25.5	144367	2024/10/29 
2024/10/30 	25.5	26.0	25.25	25.700000762939453	19055	2024/10/30 
2024/11/01 	25.0	25.100000381469727	24.700000762939453	24.899999618530273	29477	2024/11/01 
2024/11/04 	25.0	26.0	24.899999618530273	25.549999237060547	53518	2024/11/04 
2024/11/05 	25.899999618530273	28.600000381469727	25.899999618530273	28.549999237060547	368535	2024/11/05 
2024/11/06 	28.899999618530273	29.049999237060547	27.700000762939453	27.850000381469727	89943	2024/11/06 
2024/11/07 	27.75	28.049999237060547	27.700000762939453	27.700000762939453	27591	2024/11/07 
2024/11/08 	27.75	27.799999237060547	27.5	27.799999237060547	7150	2024/11/08 
2024/11/11 	26.90517807006836	26.95348358154297	26.567052841186523	26.80857276916504	18901	2024/11/11 
2024/11/12 	26.95348358154297	26.95348358154297	25.89080047607422	26.132320404052734	229901	2024/11/12 
2024/11/13 	26.856876373291016	26.856876373291016	25.987407684326172	26.084016799926758	9599	2024/11/13 
2024/11/14 	26.084016799926758	26.32553482055664	25.987407684326172	26.32553482055664	215569	2024/11/14 
2024/11/15 	26.180622100830078	27.436519622802734	26.180622100830078	27.146697998046875	233343	2024/11/15 
2024/11/18 	27.33991241455078	27.33991241455078	26.47044563293457	26.518749237060547	221516	2024/11/18 
2024/11/19 	27.549999237060547	27.549999237060547	27.0	27.25	14060	2024/11/19 
2024/11/20 	27.25	27.25	27.25	27.25	0	2024/11/20 
2024/11/21 	26.950000762939453	26.950000762939453	25.5	25.850000381469727	78514	2024/11/21 
2024/11/22 	25.850000381469727	26.75	25.799999237060547	26.75	39268	2024/11/22 
2024/11/25 	27.0	28.700000762939453	27.0	27.899999618530273	142623	2024/11/25 
2024/11/26 	28.0	28.600000381469727	27.899999618530273	28.0	82950	2024/11/26 
2024/11/27 	28.450000762939453	28.450000762939453	27.299999237060547	27.299999237060547	50003	2024/11/27 
2024/11/28 	27.799999237060547	32.849998474121094	27.799999237060547	32.099998474121094	804478	2024/11/28 
2024/11/29 	31.950000762939453	31.950000762939453	30.0	30.799999237060547	530748	2024/11/29 
2024/12/02 	30.700000762939453	31.450000762939453	30.700000762939453	30.950000762939453	169883	2024/12/02 
2024/12/03 	30.100000381469727	30.899999618530273	28.799999237060547	29.899999618530273	237077	2024/12/03 
2024/12/04 	29.049999237060547	30.5	29.049999237060547	29.799999237060547	83055	2024/12/04 
2024/12/05 	29.75	30.450000762939453	29.649999618530273	29.799999237060547	43361	2024/12/05 
2024/12/06 	30.200000762939453	30.450000762939453	29.799999237060547	29.950000762939453	88398	2024/12/06 
2024/12/09 	30.0	31.0	30.0	30.850000381469727	59063	2024/12/09 
2024/12/10 	30.850000381469727	31.25	30.399999618530273	30.700000762939453	92245	2024/12/10 
2024/12/11 	31.0	31.0	30.5	30.600000381469727	33220	2024/12/11 
2024/12/12 	30.25	30.649999618530273	30.0	30.399999618530273	52098	2024/12/12 
2024/12/13 	29.899999618530273	30.200000762939453	29.049999237060547	29.5	86045	2024/12/13 
2024/12/16 	30.450000762939453	30.450000762939453	29.399999618530273	29.700000762939453	29121	2024/12/16 
2024/12/17 	29.649999618530273	29.950000762939453	29.0	29.649999618530273	21291	2024/12/17 
2024/12/18 	29.149999618530273	29.600000381469727	29.149999618530273	29.299999237060547	11664	2024/12/18 
2024/12/19 	29.450000762939453	30.100000381469727	29.399999618530273	29.899999618530273	62900	2024/12/19 
2024/12/20 	29.649999618530273	30.350000381469727	29.649999618530273	30.25	3703	2024/12/20 
2024/12/23 	30.350000381469727	30.450000762939453	30.0	30.399999618530273	27261	2024/12/23 
2024/12/24 	30.5	32.0	30.5	30.899999618530273	65543	2024/12/24 
2024/12/25 	30.950000762939453	31.100000381469727	30.649999618530273	30.899999618530273	76145	2024/12/25 
2024/12/26 	30.899999618530273	31.450000762939453	30.600000381469727	31.0	55256	2024/12/26 
2024/12/27 	30.649999618530273	31.100000381469727	30.100000381469727	30.450000762939453	33215	2024/12/27 
2024/12/30 	30.75	30.75	30.299999237060547	30.399999618530273	19000	2024/12/30 
2024/12/31 	30.600000381469727	30.600000381469727	29.899999618530273	30.450000762939453	17700	2024/12/31 
2025/01/02 	30.450000762939453	30.450000762939453	29.600000381469727	30.0	17468	2025/01/02 
2025/01/03 	29.549999237060547	29.899999618530273	29.299999237060547	29.399999618530273	51286	2025/01/03 
2025/01/06 	29.149999618530273	29.600000381469727	28.5	28.549999237060547	74450	2025/01/06 
2025/01/07 	29.549999237060547	29.549999237060547	28.399999618530273	28.700000762939453	22211	2025/01/07 
2025/01/08 	28.049999237060547	28.799999237060547	27.950000762939453	28.100000381469727	29154	2025/01/08 
2025/01/09 	28.0	28.75	28.0	28.600000381469727	14602	2025/01/09 
2025/01/10 	27.899999618530273	28.299999237060547	27.600000381469727	28.0	31238	2025/01/10 
2025/01/13 	27.899999618530273	28.5	27.549999237060547	27.950000762939453	30932	2025/01/13 
2025/01/14 	28.0	28.0	27.549999237060547	27.799999237060547	17100	2025/01/14 
2025/01/15 	27.549999237060547	27.799999237060547	27.5	27.600000381469727	32061	2025/01/15 
2025/01/16 	27.950000762939453	28.700000762939453	27.899999618530273	28.350000381469727	17881	2025/01/16 
2025/01/17 	27.700000762939453	27.899999618530273	25.549999237060547	25.75	476116	2025/01/17 
2025/01/20 	25.950000762939453	26.549999237060547	25.600000381469727	26.549999237060547	126260	2025/01/20 
2025/01/21 	26.350000381469727	26.549999237060547	26.100000381469727	26.25	51710	2025/01/21 
2025/01/22 	26.200000762939453	26.5	26.149999618530273	26.149999618530273	49967	2025/01/22 
2025/02/03 	26.200000762939453	26.200000762939453	25.100000381469727	25.299999237060547	74876	2025/02/03 
2025/02/04 	25.200000762939453	26.0	25.100000381469727	25.450000762939453	77493	2025/02/04 
2025/02/05 	25.450000762939453	25.450000762939453	24.899999618530273	25.149999618530273	59341	2025/02/05 
2025/02/06 	25.25	25.299999237060547	24.950000762939453	25.149999618530273	44166	2025/02/06 
2025/02/07 	25.200000762939453	25.200000762939453	24.850000381469727	25.100000381469727	63270	2025/02/07 
2025/02/10 	25.100000381469727	25.299999237060547	24.649999618530273	24.899999618530273	89663	2025/02/10 
2025/02/11 	24.799999237060547	25.0	24.700000762939453	25.0	23831	2025/02/11 
2025/02/12 	25.0	25.399999618530273	25.0	25.399999618530273	42830	2025/02/12 
2025/02/13 	25.200000762939453	25.450000762939453	24.899999618530273	25.0	40703	2025/02/13 
2025/02/14 	25.100000381469727	25.149999618530273	24.899999618530273	25.100000381469727	23898	2025/02/14 
2025/02/17 	24.899999618530273	25.100000381469727	24.700000762939453	25.0	46358	2025/02/17 
2025/02/18 	25.0	25.100000381469727	24.649999618530273	24.850000381469727	51364	2025/02/18 
2025/02/19 	24.75	25.100000381469727	24.700000762939453	25.0	80727	2025/02/19 
2025/02/20 	25.049999237060547	25.200000762939453	24.649999618530273	24.950000762939453	20654	2025/02/20 
2025/02/21 	25.0	25.25	24.799999237060547	25.200000762939453	75818	2025/02/21 
2025/02/24 	24.950000762939453	25.25	24.899999618530273	25.049999237060547	44477	2025/02/24 
2025/02/25 	25.049999237060547	25.100000381469727	24.700000762939453	24.950000762939453	45418	2025/02/25 
2025/02/26 	24.899999618530273	25.700000762939453	24.899999618530273	25.100000381469727	52671	2025/02/26 
2025/02/27 	25.149999618530273	25.200000762939453	24.899999618530273	24.899999618530273	39656	2025/02/27 
2025/03/03 	25.0	25.200000762939453	24.5	24.600000381469727	65661	2025/03/03 
2025/03/04 	24.399999618530273	24.950000762939453	24.299999237060547	24.950000762939453	81898	2025/03/04 
2025/03/05 	24.549999237060547	24.649999618530273	24.399999618530273	24.549999237060547	84619	2025/03/05 
2025/03/06 	24.399999618530273	24.5	24.049999237060547	24.049999237060547	193106	2025/03/06 
2025/03/07 	24.899999618530273	24.899999618530273	24.649999618530273	24.649999618530273	9021	2025/03/07 
2025/03/10 	24.950000762939453	24.950000762939453	23.350000381469727	23.600000381469727	87529	2025/03/10 
2025/03/11 	23.350000381469727	23.700000762939453	22.399999618530273	22.5	105800	2025/03/11 
2025/03/12 	22.799999237060547	23.0	22.0	22.799999237060547	90969	2025/03/12 
2025/03/13 	22.850000381469727	23.0	22.350000381469727	22.600000381469727	86261	2025/03/13 
2025/03/14 	23.0	23.0	16.700000762939453	16.700000762939453	1186207	2025/03/14 
2025/03/17 	15.699999809265137	18.0	15.699999809265137	17.450000762939453	881744	2025/03/17 
2025/03/18 	17.350000381469727	19.600000381469727	17.350000381469727	19.149999618530273	368320	2025/03/18 
2025/03/19 	19.100000381469727	19.700000762939453	18.0	18.299999237060547	182407	2025/03/19 
2025/03/20 	18.350000381469727	18.899999618530273	18.350000381469727	18.850000381469727	42559	2025/03/20 
2025/03/21 	18.549999237060547	18.600000381469727	17.850000381469727	18.100000381469727	161387	2025/03/21 
2025/03/24 	18.649999618530273	18.649999618530273	18.049999237060547	18.049999237060547	63669	2025/03/24 
2025/03/25 	18.0	18.049999237060547	17.75	17.75	100085	2025/03/25 
2025/03/26 	17.600000381469727	17.850000381469727	17.600000381469727	17.700000762939453	55146	2025/03/26 
2025/03/27 	17.700000762939453	18.649999618530273	17.700000762939453	18.200000762939453	60173	2025/03/27 
2025/03/28 	18.200000762939453	18.200000762939453	17.200000762939453	17.399999618530273	94351	2025/03/28 
2025/03/31 	17.100000381469727	17.200000762939453	16.350000381469727	16.700000762939453	137006	2025/03/31 
2025/04/01 	16.850000381469727	16.899999618530273	16.0	16.200000762939453	87699	2025/04/01 
2025/04/02 	16.100000381469727	16.25	15.899999618530273	16.049999237060547	110975	2025/04/02 
2025/04/07 	14.800000190734863	15.949999809265137	13.0	13.149999618530273	217558	2025/04/07 
2025/04/08 	13.0	13.050000190734863	11.75	12.0	187641	2025/04/08 
2025/04/09 	12.399999618530273	12.449999809265137	10.649999618530273	10.949999809265137	407825	2025/04/09 
2025/04/10 	11.199999809265137	13.550000190734863	11.199999809265137	13.550000190734863	214568	2025/04/10 
2025/04/11 	13.199999809265137	13.199999809265137	12.449999809265137	12.850000381469727	110307	2025/04/11 
2025/04/14 	12.899999618530273	13.0	12.449999809265137	12.550000190734863	66706	2025/04/14 
2025/04/15 	12.949999809265137	13.149999618530273	12.899999618530273	13.100000381469727	70181	2025/04/15 
2025/04/16 	13.449999809265137	13.449999809265137	12.550000190734863	12.550000190734863	49812	2025/04/16 
2025/04/17 	12.550000190734863	12.600000381469727	12.100000381469727	12.199999809265137	66761	2025/04/17 
2025/04/18 	12.350000381469727	12.5	12.350000381469727	12.5	21003	2025/04/18 
2025/04/21 	12.399999618530273	12.550000190734863	12.100000381469727	12.350000381469727	17341	2025/04/21 
2025/04/22 	12.300000190734863	12.350000381469727	12.149999618530273	12.149999618530273	17169	2025/04/22 
2025/04/23 	12.149999618530273	13.199999809265137	12.149999618530273	13.0	98020	2025/04/23 
2025/04/24 	13.25	13.800000190734863	13.100000381469727	13.600000381469727	126000	2025/04/24 
2025/04/25 	13.350000381469727	15.050000190734863	13.300000190734863	14.199999809265137	185509	2025/04/25 
2025/04/28 	14.149999618530273	14.699999809265137	14.100000381469727	14.300000190734863	70036	2025/04/28 
2025/04/29 	14.050000190734863	14.399999618530273	14.050000190734863	14.199999809265137	41128	2025/04/29 
2025/04/30 	14.449999809265137	14.5	14.0	14.149999618530273	36279	2025/04/30 
2025/05/02 	14.149999618530273	14.699999809265137	13.600000381469727	14.5	128598	2025/05/02 
2025/05/05 	14.649999618530273	14.649999618530273	13.699999809265137	13.800000190734863	62302	2025/05/05 
2025/05/06 	13.949999809265137	13.949999809265137	13.699999809265137	13.800000190734863	37117	2025/05/06 
2025/05/07 	13.899999618530273	13.899999618530273	13.649999618530273	13.699999809265137	35179	2025/05/07 
2025/05/08 	13.899999618530273	14.649999618530273	13.899999618530273	14.600000381469727	61765	2025/05/08 
2025/05/09 	14.600000381469727	14.600000381469727	14.25	14.550000190734863	35441	2025/05/09 
2025/05/12 	14.649999618530273	15.75	14.649999618530273	15.5	162997	2025/05/12 
2025/05/13 	15.75	16.5	15.75	16.450000762939453	163168	2025/05/13 
2025/05/14 	16.399999618530273	16.450000762939453	15.75	16.25	64863	2025/05/14 
2025/05/15 	16.200000762939453	16.399999618530273	16.200000762939453	16.200000762939453	29200	2025/05/15 
2025/05/16 	16.549999237060547	17.549999237060547	16.450000762939453	17.350000381469727	99132	2025/05/16 
2025/05/19 	17.5	17.5	15.5	15.5	213147	2025/05/19 
2025/05/20 	15.850000381469727	17.0	15.5	15.899999618530273	148392	2025/05/20 
2025/05/21 	16.0	16.200000762939453	15.899999618530273	16.200000762939453	28127	2025/05/21 
2025/05/22 	16.149999618530273	16.149999618530273	15.850000381469727	16.100000381469727	13753	2025/05/22 
2025/05/23 	15.699999809265137	16.100000381469727	15.350000381469727	15.5	109660	2025/05/23 
2025/05/26 	15.5	15.5	15.0	15.25	56695	2025/05/26 
2025/05/27 	15.5	15.600000381469727	15.199999809265137	15.550000190734863	61629	2025/05/27 
2025/05/28 	15.600000381469727	16.0	15.300000190734863	15.75	116413	2025/05/28 
2025/05/29 	15.949999809265137	17.299999237060547	15.949999809265137	17.049999237060547	109451	2025/05/29 
2025/06/02 	17.049999237060547	17.299999237060547	16.399999618530273	16.799999237060547	74246	2025/06/02 
2025/06/03 	17.149999618530273	17.149999618530273	16.700000762939453	16.850000381469727	67164	2025/06/03 
2025/06/04 	17.149999618530273	17.350000381469727	16.799999237060547	16.799999237060547	36130	2025/06/04 
2025/06/05 	17.0	17.0	16.649999618530273	16.649999618530273	53200	2025/06/05 
2025/06/06 	16.850000381469727	17.049999237060547	16.75	16.75	6050	2025/06/06 
2025/06/09 	16.75	17.049999237060547	16.75	16.75	3438	2025/06/09 
2025/06/10 	17.049999237060547	19.0	17.049999237060547	18.100000381469727	139125	2025/06/10 
2025/06/11 	18.399999618530273	21.0	18.299999237060547	20.200000762939453	277641	2025/06/11 
2025/06/12 	19.600000381469727	20.950000762939453	19.200000762939453	19.899999618530273	203357	2025/06/12 
2025/06/13 	19.700000762939453	20.0	19.649999618530273	19.799999237060547	42010	2025/06/13 
2025/06/16 	19.899999618530273	19.950000762939453	19.700000762939453	19.850000381469727	27020	2025/06/16 
2025/06/17 	19.899999618530273	21.850000381469727	19.5	19.850000381469727	244496	2025/06/17 
2025/06/18 	19.450000762939453	19.700000762939453	19.200000762939453	19.299999237060547	50300	2025/06/18 
2025/06/19 	19.0	19.0	18.549999237060547	18.75	37410	2025/06/19 
2025/06/20 	18.950000762939453	18.950000762939453	18.200000762939453	18.5	45636	2025/06/20 
2025/06/23 	18.299999237060547	18.5	18.299999237060547	18.5	1318	2025/06/23 
2025/06/24 	18.5	18.899999618530273	18.5	18.850000381469727	38543	2025/06/24 
2025/06/25 	18.850000381469727	18.899999618530273	18.450000762939453	18.649999618530273	10030	2025/06/25 
2025/06/26 	18.450000762939453	18.899999618530273	18.399999618530273	18.649999618530273	25827	2025/06/26 
2025/06/27 	18.549999237060547	18.899999618530273	18.350000381469727	18.450000762939453	40910	2025/06/27 
2025/06/30 	18.100000381469727	18.75	18.100000381469727	18.350000381469727	14900	2025/06/30 
2025/07/01 	18.399999618530273	18.399999618530273	18.0	18.350000381469727	12680	2025/07/01 
2025/07/02 	18.149999618530273	18.299999237060547	18.149999618530273	18.25	40455	2025/07/02 
2025/07/03 	18.299999237060547	18.350000381469727	18.0	18.100000381469727	26600	2025/07/03 
2025/07/04 	18.549999237060547	18.549999237060547	17.799999237060547	18.25	47860	2025/07/04 
2025/07/07 	17.850000381469727	17.850000381469727	17.799999237060547	17.850000381469727	11080	2025/07/07 
2025/07/08 	17.700000762939453	17.799999237060547	17.25	17.649999618530273	18601	2025/07/08 
2025/07/09 	17.799999237060547	17.799999237060547	17.649999618530273	17.75	17150	2025/07/09 
2025/07/10 	17.75	17.75	16.399999618530273	17.0	107040	2025/07/10 
2025/07/11 	17.049999237060547	17.5	17.0	17.5	27067	2025/07/11 
2025/07/14 	17.549999237060547	17.649999618530273	17.450000762939453	17.649999618530273	11620	2025/07/14 
2025/07/15 	17.5	17.850000381469727	17.450000762939453	17.850000381469727	17096	2025/07/15 
2025/07/16 	17.850000381469727	18.799999237060547	17.299999237060547	18.600000381469727	107181	2025/07/16 
2025/07/17 	18.200000762939453	18.799999237060547	17.299999237060547	17.399999618530273	90283	2025/07/17 
2025/07/18 	17.75	17.75	17.75	17.75	1600	2025/07/18 
2025/07/21 	17.75	17.75	17.25	17.600000381469727	12352	2025/07/21 
2025/07/22 	17.600000381469727	17.899999618530273	17.549999237060547	17.600000381469727	16280	2025/07/22 
2025/07/23 	17.700000762939453	20.450000762939453	17.700000762939453	19.700000762939453	363695	2025/07/23 
2025/07/24 	20.100000381469727	20.100000381469727	18.899999618530273	18.899999618530273	183888	2025/07/24 
2025/07/25 	19.450000762939453	19.450000762939453	18.5	18.950000762939453	66177	2025/07/25 
2025/07/28 	18.950000762939453	18.950000762939453	18.399999618530273	18.399999618530273	27011	2025/07/28 
2025/07/29 	18.600000381469727	18.75	18.549999237060547	18.700000762939453	17100	2025/07/29 
2025/07/30 	18.899999618530273	18.950000762939453	18.5	18.899999618530273	4955	2025/07/30 
2025/07/31 	19.049999237060547	19.049999237060547	18.399999618530273	19.0	34017	2025/07/31 
