Date	Open	High	Low	Close	Volume	Date
2023/08/30 	34.45494446573378	38.7618125239505	32.86140328419359	34.02425765991211	25360	2023/08/30 
2023/08/31 	34.02425825739688	34.28267034542774	32.81833517991952	32.904476165771484	13230	2023/08/31 
2023/09/01 	32.7321975582392	34.88562774658203	32.7321975582392	34.88562774658203	18744	2023/09/01 
2023/09/04 	34.4549446105957	34.4549446105957	34.4549446105957	34.4549446105957	1102	2023/09/04 
2023/09/05 	34.024257802963255	34.4549446105957	34.024257802963255	34.4549446105957	3307	2023/09/05 
2023/09/08 	34.282669887542724	34.4549446105957	34.282669887542724	34.4549446105957	2204	2023/09/08 
2023/09/12 	34.45494098427855	34.88562774658203	34.45494098427855	34.88562774658203	4409	2023/09/12 
2023/09/13 	34.88562774658203	34.88562774658203	34.88562774658203	34.88562774658203	1102	2023/09/13 
2023/09/14 	34.885630888097424	35.31631768918505	34.885630888097424	35.14404296875	6614	2023/09/14 
2023/09/15 	35.316314697265625	35.316314697265625	35.316314697265625	35.316314697265625	9923	2023/09/15 
2023/09/19 	35.74700362198836	36.95292663574219	35.74700362198836	36.95292663574219	22052	2023/09/19 
2023/09/20 	37.12520222237398	39.14943380894978	37.12520222237398	38.891021728515625	23155	2023/09/20 
2023/09/21 	39.88160205120596	46.08348846435547	39.88160205120596	46.08348846435547	55132	2023/09/21 
2023/09/22 	46.169624755859374	47.375551413702226	41.60434469604492	43.06867980957031	33078	2023/09/22 
2023/09/26 	42.29344177246094	42.29344177246094	42.29344177246094	42.29344177246094	1102	2023/09/26 
2023/10/04 	43.068680807808846	46.51417889560852	43.068680807808846	46.08348846435547	23155	2023/10/04 
2023/10/05 	46.6003087901113	46.6003087901113	45.652801513671875	45.652801513671875	2204	2023/10/05 
2023/10/12 	46.600311279296875	46.600311279296875	46.600311279296875	46.600311279296875	1102	2023/10/12 
2023/10/19 	45.49344795818134	45.9456672668457	45.49344795818134	45.9456672668457	2099	2023/10/19 
2023/10/31 	47.030996097601154	47.030996097601154	46.8501091003418	46.8501091003418	2099	2023/10/31 
2023/11/13 	47.03099822998047	47.03099822998047	47.03099822998047	47.03099822998047	12	2023/11/13 
2023/11/15 	47.03099673672688	47.21188735961914	46.126558114964574	47.21188735961914	31525	2023/11/15 
2023/11/16 	46.66922281464042	46.66922281464042	44.18200754273495	44.40811538696289	27649	2023/11/16 
2023/11/17 	44.40811422402241	44.40811422402241	44.31766891479492	44.31766891479492	20	2023/11/17 
2023/11/20 	44.31766891479492	44.31766891479492	44.31766891479492	44.31766891479492	30	2023/11/20 
2023/11/30 	43.006229400634766	43.006229400634766	43.006229400634766	43.006229400634766	524	2023/11/30 
2023/12/01 	44.40811538696289	44.40811538696289	44.40811538696289	44.40811538696289	1836	2023/12/01 
2023/12/04 	44.408116180996124	44.408116180996124	44.00111770629883	44.00111770629883	3622	2023/12/04 
2023/12/06 	44.543785095214844	44.543785095214844	43.05145726232569	44.543785095214844	2107	2023/12/06 
2023/12/07 	44.543785095214844	44.543785095214844	44.31767360977935	44.543785095214844	61	2023/12/07 
2023/12/08 	44.543785095214844	44.543785095214844	44.543785095214844	44.543785095214844	8	2023/12/08 
2023/12/13 	44.543785095214844	44.543785095214844	44.543785095214844	44.543785095214844	1049	2023/12/13 
2023/12/18 	44.58900451660156	44.58900451660156	44.58900451660156	44.58900451660156	1049	2023/12/18 
2023/12/20 	44.58900167367189	44.58900167367189	44.1820068359375	44.1820068359375	3150	2023/12/20 
2023/12/27 	44.724674224853516	44.724674224853516	44.724674224853516	44.724674224853516	2	2023/12/27 
2023/12/28 	43.41322930626756	43.41322930626756	42.508790652228534	42.96100997924805	15761	2023/12/28 
2023/12/29 	42.101785552969886	42.101785552969886	40.97123188107812	41.152122497558594	17851	2023/12/29 
2024/01/02 	41.15212638746542	41.78523635864258	41.15212638746542	41.78523635864258	23102	2024/01/02 
2024/01/03 	41.69478989789424	43.72978591918945	41.69478989789424	43.72978591918945	356	2024/01/03 
2024/01/04 	43.72978591918945	43.72978591918945	43.72978591918945	43.72978591918945	104	2024/01/04 
2024/01/05 	43.72978591918945	43.72978591918945	43.72978591918945	43.72978591918945	104	2024/01/05 
2024/01/08 	43.72978591918945	43.72978591918945	43.72978591918945	43.72978591918945	1058	2024/01/08 
2024/01/12 	41.740013008662444	43.77500534057617	41.740013008662444	43.77500534057617	11	2024/01/12 
2024/01/17 	43.77500534057617	43.77500534057617	43.77500534057617	43.77500534057617	6	2024/01/17 
2024/01/18 	41.694789150849466	41.694789150849466	40.69990158081055	40.69990158081055	13651	2024/01/18 
2024/01/19 	41.78523293470905	41.78523293470905	40.69990009169245	40.88079071044922	3276	2024/01/19 
2024/01/22 	39.79546117278557	39.79546117278557	39.61457416217926	39.750240325927734	13705	2024/01/22 
2024/01/23 	39.750240325927734	39.750240325927734	39.750240325927734	39.750240325927734	41	2024/01/23 
2024/01/24 	39.750240325927734	39.750240325927734	39.750240325927734	39.750240325927734	1049	2024/01/24 
2024/01/25 	39.750240325927734	39.750240325927734	39.750240325927734	39.750240325927734	10	2024/01/25 
2024/01/29 	39.750240325927734	39.750240325927734	39.750240325927734	39.750240325927734	10	2024/01/29 
2024/01/30 	39.343238830566406	39.343238830566406	39.343238830566406	39.343238830566406	10	2024/01/30 
2024/02/01 	39.29801940917969	39.29801940917969	39.29801940917969	39.29801940917969	10	2024/02/01 
2024/02/05 	39.29801940917969	39.29801940917969	39.29801940917969	39.29801940917969	10	2024/02/05 
2024/02/15 	39.29801940917969	39.29801940917969	39.29801940917969	39.29801940917969	20	2024/02/15 
2024/02/16 	39.29802021172319	39.29802021172319	38.891021728515625	38.891021728515625	1081	2024/02/16 
2024/02/19 	38.89102246371591	38.89102246371591	37.850914001464844	37.850914001464844	3170	2024/02/19 
2024/03/01 	37.85091153403844	38.80057461756863	37.85091153403844	38.43879699707031	7411	2024/03/01 
2024/03/05 	38.43879752325523	38.89102046086225	38.16746520996094	38.16746520996094	5419	2024/03/05 
2024/03/06 	38.84579849243164	38.84579849243164	38.84579849243164	38.84579849243164	1	2024/03/06 
2024/03/07 	37.805686950683594	37.805686950683594	37.53435464193829	37.805686950683594	9451	2024/03/07 
2024/03/14 	38.39357376098633	38.39357376098633	38.39357376098633	38.39357376098633	1059	2024/03/14 
2024/03/18 	38.348350524902344	38.348350524902344	38.348350524902344	38.348350524902344	1	2024/03/18 
2024/03/20 	37.44390869140625	37.44390869140625	37.44390869140625	37.44390869140625	1049	2024/03/20 
2024/03/21 	37.39868927001953	37.39868927001953	37.39868927001953	37.39868927001953	1049	2024/03/21 
2024/03/22 	37.127357482910156	37.127357482910156	37.127357482910156	37.127357482910156	1	2024/03/22 
2024/03/25 	37.127357482910156	37.127357482910156	37.127357482910156	37.127357482910156	3150	2024/03/25 
2024/03/27 	37.08213424682617	37.08213424682617	37.08213424682617	37.08213424682617	2362	2024/03/27 
2024/04/03 	36.17768859863281	36.17768859863281	36.17768859863281	36.17768859863281	3464	2024/04/03 
2024/04/08 	36.62990951538086	36.62990951538086	36.62990951538086	36.62990951538086	52	2024/04/08 
2024/04/09 	36.62991490906212	37.08213424682617	36.62991490906212	37.08213424682617	4252	2024/04/09 
2024/04/10 	37.08213424682617	37.08213424682617	37.08213424682617	37.08213424682617	52	2024/04/10 
2024/04/11 	37.08213107820348	37.62479930959497	37.08213107820348	37.44390869140625	14439	2024/04/11 
2024/04/12 	37.44390843383994	37.57957458496094	37.08213082312574	37.57957458496094	5775	2024/04/12 
2024/04/15 	37.57957560128365	38.43879699707031	37.57957560128365	38.43879699707031	8454	2024/04/15 
2024/04/16 	37.53435674809637	37.986576080322266	37.53435674809637	37.986576080322266	2677	2024/04/16 
2024/04/18 	37.98657394878889	38.438796878814216	37.805686950683594	37.805686950683594	3255	2024/04/18 
2024/04/23 	37.986576080322266	37.986576080322266	37.986576080322266	37.986576080322266	1049	2024/04/23 
2024/04/25 	37.986574065653734	38.43879699707031	37.986574065653734	38.43879699707031	3255	2024/04/25 
2024/04/26 	38.5292398489013	39.79545974731445	38.5292398489013	39.79545974731445	19699	2024/04/26 
2024/04/29 	39.433685302734375	39.433685302734375	39.433685302734375	39.433685302734375	3674	2024/04/29 
2024/05/06 	39.976348876953125	39.976348876953125	39.976348876953125	39.976348876953125	2362	2024/05/06 
2024/05/07 	40.1572380065918	40.1572380065918	40.1572380065918	40.1572380065918	3150	2024/05/07 
2024/05/21 	41.333013828444265	41.378231048583984	41.333013828444265	41.378231048583984	4252	2024/05/21 
2024/05/22 	42.41834246553442	43.18711853027344	42.41834246553442	43.18711853027344	12758	2024/05/22 
2024/05/23 	44.49855906100577	44.49855906100577	42.32789702480495	42.55400848388672	20635	2024/05/23 
2024/05/24 	42.91578517454948	42.91578517454948	42.32789611816406	42.32789611816406	9471	2024/05/24 
2024/05/27 	42.5087890625	42.5087890625	42.5087890625	42.5087890625	2	2024/05/27 
2024/05/28 	42.508790652228534	42.96100997924805	42.508790652228534	42.96100997924805	3685	2024/05/28 
2024/05/29 	43.051453606235945	43.14189529418945	42.87056298397943	43.14189529418945	6321	2024/05/29 
2024/05/31 	43.14189698542087	43.14189698542087	42.96100997924805	42.96100997924805	6300	2024/05/31 
2024/06/03 	43.14189432263552	43.23233963172695	42.96100732762732	43.05145263671875	18902	2024/06/03 
2024/06/04 	43.23233963172695	43.23233963172695	43.05145263671875	43.05145263671875	9451	2024/06/04 
2024/06/05 	42.96100997924805	42.96100997924805	42.96100997924805	42.96100997924805	3150	2024/06/05 
2024/06/06 	43.096675872802734	43.096675872802734	43.096675872802734	43.096675872802734	5	2024/06/06 
2024/06/12 	42.5087890625	42.5087890625	42.5087890625	42.5087890625	2204	2024/06/12 
2024/06/13 	42.68967819213867	42.68967819213867	42.68967819213867	42.68967819213867	10	2024/06/13 
2024/06/14 	42.68967819213867	42.68967819213867	42.68967819213867	42.68967819213867	10	2024/06/14 
2024/06/19 	42.68967819213867	42.68967819213867	42.68967819213867	42.68967819213867	183	2024/06/19 
2024/06/20 	42.68967819213867	42.68967819213867	42.68967819213867	42.68967819213867	3150	2024/06/20 
2024/06/21 	43.413227718288816	43.820226184671554	43.413227718288816	43.77500534057617	37804	2024/06/21 
2024/06/24 	43.41322930626756	43.41322930626756	42.96100997924805	42.96100997924805	10500	2024/06/24 
2024/06/25 	43.594120025634766	43.594120025634766	43.594120025634766	43.594120025634766	104	2024/06/25 
2024/06/27 	42.59923234372751	42.96100997924805	42.59923234372751	42.96100997924805	1102	2024/06/27 
2024/06/28 	42.96100815156874	44.36289416508645	42.96100815156874	43.91067123413086	38855	2024/06/28 
2024/07/01 	43.41322713443183	44.1820068359375	43.41322713443183	44.1820068359375	17610	2024/07/01 
2024/07/02 	44.04633712768555	44.04633712768555	44.04633712768555	44.04633712768555	1312	2024/07/02 
2024/07/03 	44.31766794139056	44.31766794139056	44.13678095008329	44.22722625732422	4462	2024/07/03 
2024/07/04 	44.227227228742095	44.31766891479492	44.227227228742095	44.31766891479492	4021	2024/07/04 
2024/07/05 	44.31766891479492	44.76989183775771	44.31766891479492	44.31766891479492	19378	2024/07/05 
2024/07/08 	44.4985595332499	44.4985595332499	44.31766891479492	44.31766891479492	5250	2024/07/08 
2024/07/09 	44.317671674995054	44.4985623047163	43.594120025634766	43.594120025634766	13756	2024/07/09 
2024/07/10 	43.86545181274414	43.86545181274414	43.86545181274414	43.86545181274414	104	2024/07/10 
2024/07/12 	43.41322708129883	43.41322708129883	43.41322708129883	43.41322708129883	104	2024/07/12 
2024/07/15 	42.68967865701352	42.68967865701352	41.740015511835274	41.78523635864258	15173	2024/07/15 
2024/07/16 	42.32789866208623	42.32789866208623	41.60434341430664	41.60434341430664	3370	2024/07/16 
2024/07/17 	40.74512667557366	41.60434447821221	40.74512667557366	41.06167984008789	11573	2024/07/17 
2024/07/18 	41.15212569083767	41.15212569083767	40.790348052978516	40.790348052978516	3202	2024/07/18 
2024/07/19 	40.38334513792406	40.428565979003906	40.247678991510014	40.428565979003906	10122	2024/07/19 
2024/07/23 	40.2476813043876	40.609458923339844	40.2476813043876	40.609458923339844	8400	2024/07/23 
2024/07/29 	38.93624257448039	38.93624257448039	38.891021728515625	38.891021728515625	10501	2024/07/29 
2024/07/30 	37.986576080322266	37.986576080322266	37.80568907206689	37.986576080322266	5375	2024/07/30 
2024/07/31 	37.98657654192371	38.89102246371591	37.850914001464844	37.850914001464844	5355	2024/07/31 
2024/08/01 	37.986574065653734	38.43879699707031	37.986574065653734	38.43879699707031	3760	2024/08/01 
2024/08/02 	37.89613161370338	37.89613161370338	37.3986878484464	37.44390869140625	6830	2024/08/02 
2024/08/05 	37.443910646506964	37.443910646506964	37.127357482910156	37.127357482910156	3159	2024/08/05 
2024/08/06 	37.08213424682617	37.08213424682617	37.08213424682617	37.08213424682617	1981	2024/08/06 
2024/08/07 	37.082131593944595	37.172576904296875	37.082131593944595	37.172576904296875	1059	2024/08/07 
2024/08/08 	37.08213424682617	37.08213424682617	37.08213424682617	37.08213424682617	1249	2024/08/08 
2024/08/09 	37.08213275012034	37.263023376464844	37.08213275012034	37.263023376464844	7349	2024/08/09 
2024/08/12 	37.2630239095793	37.2630239095793	36.99169158935547	36.99169158935547	5270	2024/08/12 
2024/08/13 	37.172579108410694	37.986576080322266	37.172579108410694	37.986576080322266	8642	2024/08/13 
2024/08/14 	37.986576080322266	38.936242837394026	37.986576080322266	37.986576080322266	4718	2024/08/14 
2024/08/15 	38.93624264081582	40.83557252219523	38.89102179477402	40.790348052978516	15489	2024/08/15 
2024/08/16 	40.69990266837983	40.69990266837983	38.891021728515625	38.891021728515625	8824	2024/08/16 
2024/08/19 	39.07190704345703	39.07190704345703	39.07190704345703	39.07190704345703	36	2024/08/19 
2024/08/20 	38.981462793980924	39.79545974731445	38.981462793980924	39.79545974731445	157	2024/08/20 
2024/08/21 	38.891021728515625	38.891021728515625	38.891021728515625	38.891021728515625	38	2024/08/21 
2024/08/22 	39.7954593234592	40.69990158081055	39.7954593234592	40.69990158081055	14323	2024/08/22 
2024/08/23 	40.69990158081055	40.69990158081055	40.69990158081055	40.69990158081055	110	2024/08/23 
2024/08/26 	40.69989996317714	40.69989996317714	40.2476806640625	40.2476806640625	2416	2024/08/26 
2024/08/27 	40.71058441594849	41.183963775634766	39.76382569657594	41.183963775634766	19877	2024/08/27 
2024/08/28 	40.7105827331543	40.7105827331543	40.7105827331543	40.7105827331543	101	2024/08/28 
2024/08/29 	41.08928680419922	41.08928680419922	41.08928680419922	41.08928680419922	50	2024/08/29 
2024/08/30 	41.61000442504883	41.61000442504883	41.61000442504883	41.61000442504883	61	2024/08/30 
2024/09/02 	41.61000442504883	41.61000442504883	41.61000442504883	41.61000442504883	50	2024/09/02 
2024/09/03 	40.71058437913231	41.61000442504883	40.71058437913231	41.61000442504883	560	2024/09/03 
2024/09/04 	40.23720505626221	41.183963775634766	40.23720505626221	41.183963775634766	1478	2024/09/04 
2024/09/05 	41.1839645728767	41.1839645728767	40.52123419316076	40.56856918334961	1162	2024/09/05 
2024/09/06 	40.237205976123796	40.33187964020332	39.14843489730304	39.29044723510742	37357	2024/09/06 
2024/09/09 	39.29044723510742	39.29044723510742	39.29044723510742	39.29044723510742	1886	2024/09/09 
2024/09/10 	39.290444641783836	39.432456970214844	39.290444641783836	39.432456970214844	2804	2024/09/10 
2024/09/11 	39.29044723510742	39.29044723510742	39.29044723510742	39.29044723510742	203	2024/09/11 
2024/09/12 	39.29044554274521	39.29044554274521	38.81706619262695	38.81706619262695	7853	2024/09/12 
2024/09/13 	39.29044723510742	39.29044723510742	39.29044723510742	39.29044723510742	3059	2024/09/13 
2024/09/16 	39.10109622357819	39.29044723510742	38.91174521204895	39.29044723510742	3569	2024/09/16 
2024/09/18 	38.81706532167601	39.669146659422445	38.81706532167601	39.00641632080078	2600	2024/09/18 
2024/09/19 	39.29044718824628	39.716487884521484	39.00641882960609	39.716487884521484	2396	2024/09/19 
2024/09/20 	39.763827390494974	39.95317840576172	39.763827390494974	39.95317840576172	2346	2024/09/20 
2024/09/23 	39.95317840576172	40.04785575508023	39.763827390494974	39.95317840576172	4079	2024/09/23 
2024/09/24 	39.95317840576172	39.95317840576172	39.95317840576172	39.95317840576172	1529	2024/09/24 
2024/09/25 	40.0478532838283	40.095191955566406	40.0478532838283	40.095191955566406	3314	2024/09/25 
2024/09/26 	40.7105827331543	40.7105827331543	40.7105827331543	40.7105827331543	458	2024/09/26 
2024/09/27 	40.237205505371094	40.237205505371094	40.237205505371094	40.237205505371094	1019	2024/09/27 
2024/09/30 	39.858501757325946	40.61590576171875	39.858501757325946	40.61590576171875	972	2024/09/30 
2024/10/01 	40.42655689224418	40.7105852505528	39.905838849240055	40.14252853393555	5914	2024/10/01 
2024/10/04 	40.3318770915506	40.71058277404809	39.85850143432617	39.85850143432617	2682	2024/10/04 
2024/10/07 	40.33187869954209	40.33187869954209	39.76382567820309	39.90583801269531	23507	2024/10/07 
2024/10/08 	39.76382534022036	39.76382534022036	39.5744743347168	39.5744743347168	2443	2024/10/08 
2024/10/09 	39.38512366397709	39.90583801269531	39.38512366397709	39.90583801269531	2600	2024/10/09 
2024/10/11 	39.90583801269531	39.90583801269531	39.90583801269531	39.90583801269531	2141	2024/10/11 
2024/10/14 	39.95317840576172	39.95317840576172	39.763827390494974	39.95317840576172	9688	2024/10/14 
2024/10/15 	39.763827390494974	39.95317840576172	39.716488715835716	39.95317840576172	18469	2024/10/15 
2024/10/16 	39.763827390494974	39.95317840576172	39.763827390494974	39.95317840576172	5813	2024/10/16 
2024/10/17 	40.14252853393555	40.14252853393555	40.14252853393555	40.14252853393555	222	2024/10/17 
2024/10/18 	39.763824462890625	39.763824462890625	39.763824462890625	39.763824462890625	1019	2024/10/18 
2024/10/21 	40.047855377197266	40.047855377197266	40.047855377197266	40.047855377197266	122	2024/10/21 
2024/10/22 	40.23720380789016	40.23720380789016	39.763824462890625	39.763824462890625	103	2024/10/22 
2024/10/23 	39.95317714971512	40.237205505371094	39.95317714971512	40.237205505371094	509	2024/10/23 
2024/10/24 	40.23720380789016	40.23720380789016	39.763824462890625	39.763824462890625	2252	2024/10/24 
2024/10/25 	39.76382483468823	39.95317583778451	39.66914749145508	39.66914749145508	5961	2024/10/25 
2024/10/28 	39.95317546421644	39.95317546421644	39.574473461564814	39.763824462890625	7547	2024/10/28 
2024/10/29 	39.763824462890625	39.763824462890625	39.763824462890625	39.763824462890625	203	2024/10/29 
2024/10/30 	39.763824462890625	39.763824462890625	39.763824462890625	39.763824462890625	101	2024/10/30 
2024/11/01 	39.763824462890625	39.763824462890625	39.763824462890625	39.763824462890625	101	2024/11/01 
2024/11/04 	39.763824462890625	39.763824462890625	39.763824462890625	39.763824462890625	2549	2024/11/04 
2024/11/05 	39.85850143432617	39.85850143432617	39.85850143432617	39.85850143432617	1325	2024/11/05 
2024/11/06 	39.85850139428829	40.7105827331543	39.85850139428829	40.7105827331543	9382	2024/11/06 
2024/11/07 	40.710584322359715	40.89993532912491	40.710584322359715	40.75791931152344	6119	2024/11/07 
2024/11/08 	40.23720380789016	40.23720380789016	39.33778378906505	39.763824462890625	11524	2024/11/08 
2024/11/11 	39.5744743347168	39.5744743347168	39.5744743347168	39.5744743347168	101	2024/11/11 
2024/11/13 	39.66914714515987	39.66914714515987	39.33778381347656	39.33778381347656	103	2024/11/13 
2024/11/21 	39.29044723510742	39.29044723510742	39.29044723510742	39.29044723510742	101	2024/11/21 
2024/11/25 	38.91174521204895	39.29044723510742	38.91174521204895	39.29044723510742	1223	2024/11/25 
2024/11/26 	38.86440658569336	38.911745259475914	38.86440658569336	38.86440658569336	4433	2024/11/26 
2024/11/27 	38.86440658569336	38.86440658569336	38.86440658569336	38.86440658569336	47	2024/11/27 
2024/11/29 	38.343686842508696	38.81706619262695	38.343686842508696	38.81706619262695	122	2024/11/29 
2024/12/02 	38.817068341163704	38.817068341163704	38.34368896484375	38.34368896484375	1121	2024/12/02 
2024/12/03 	38.533041185912474	38.533041185912474	38.48570251464844	38.48570251464844	123	2024/12/03 
2024/12/04 	38.48570251464844	38.48570251464844	38.48570251464844	38.48570251464844	3	2024/12/04 
2024/12/05 	38.48570251464844	38.48570251464844	38.48570251464844	38.48570251464844	47	2024/12/05 
2024/12/06 	38.2490119934082	38.2490119934082	38.2490119934082	38.2490119934082	30	2024/12/06 
2024/12/09 	38.059661865234375	38.059661865234375	38.059661865234375	38.059661865234375	71	2024/12/09 
2024/12/10 	37.77563426128674	37.9649852668099	37.77563426128674	37.87030792236328	1324	2024/12/10 
2024/12/11 	37.87030792236328	37.87030792236328	37.87030792236328	37.87030792236328	50	2024/12/11 
2024/12/12 	37.82297134399414	37.82297134399414	37.82297134399414	37.82297134399414	132	2024/12/12 
2024/12/16 	37.06556455232534	37.20758056640625	37.06556455232534	37.20758056640625	1121	2024/12/16 
2024/12/17 	37.775634765625	37.775634765625	37.775634765625	37.775634765625	50	2024/12/17 
2024/12/18 	37.775634765625	37.775634765625	37.775634765625	37.775634765625	101	2024/12/18 
2024/12/19 	37.775634765625	37.775634765625	37.775634765625	37.775634765625	50	2024/12/19 
2024/12/20 	37.39693069458008	37.39693069458008	37.39693069458008	37.39693069458008	113	2024/12/20 
2024/12/23 	37.39693069458008	37.39693069458008	37.39693069458008	37.39693069458008	103	2024/12/23 
2024/12/24 	37.39693278911638	37.39693278911638	37.34959411621094	37.34959411621094	91	2024/12/24 
2024/12/25 	37.34959411621094	37.34959411621094	37.34959411621094	37.34959411621094	13	2024/12/25 
2024/12/26 	37.34959239386699	37.34959239386699	37.30225372314453	37.30225372314453	1122	2024/12/26 
2024/12/27 	36.923553466796875	36.923553466796875	36.923553466796875	36.923553466796875	30	2024/12/27 
2024/12/30 	37.11290274410341	37.11290274410341	36.87621307373047	36.87621307373047	326	2024/12/30 
2024/12/31 	37.1129035949707	37.1129035949707	37.1129035949707	37.1129035949707	101	2024/12/31 
2025/01/02 	37.1129035949707	37.1129035949707	37.1129035949707	37.1129035949707	407	2025/01/02 
2025/01/03 	37.06556492313681	37.1129035949707	36.9235525910052	37.1129035949707	1306	2025/01/03 
2025/01/06 	37.1129035949707	37.1129035949707	37.1129035949707	37.1129035949707	1223	2025/01/06 
2025/01/07 	37.1129035949707	37.1129035949707	37.1129035949707	37.1129035949707	101	2025/01/07 
2025/01/08 	37.11290545983059	40.237206390677336	37.11290545983059	40.047855377197266	26036	2025/01/08 
2025/01/09 	38.86440590769106	39.76382596038815	36.923553466796875	36.923553466796875	18262	2025/01/09 
2025/01/10 	36.87621436060523	36.9235530330058	35.97679431847486	36.16614532470703	11864	2025/01/10 
2025/01/14 	35.976793083303214	36.450172424316406	35.976793083303214	36.450172424316406	2172	2025/01/14 
2025/01/15 	36.45017461236094	36.45017461236094	35.55075454711914	35.55075454711914	2213	2025/01/15 
2025/01/16 	36.450174135533096	36.450174135533096	35.03003604582266	35.21938705444336	3722	2025/01/16 
2025/01/17 	35.03003692626953	35.03003692626953	35.03003692626953	35.03003692626953	856	2025/01/17 
2025/01/20 	35.03003692626953	35.03003692626953	35.03003692626953	35.03003692626953	254	2025/01/20 
2025/01/22 	36.35549545288086	36.35549545288086	36.35549545288086	36.35549545288086	101	2025/01/22 
2025/02/04 	36.35549545288086	36.35549545288086	36.35549545288086	36.35549545288086	1265	2025/02/04 
2025/02/05 	36.35549619480796	37.87030792236328	36.35549619480796	37.87030792236328	13829	2025/02/05 
2025/02/06 	37.870309563221504	39.6218147277832	37.870309563221504	39.6218147277832	15502	2025/02/06 
2025/02/07 	38.34368557887444	38.43836291912597	35.976792589655254	36.54484558105469	28985	2025/02/07 
2025/02/10 	37.11290574622579	37.396934110322825	36.6395263671875	36.6395263671875	5343	2025/02/10 
2025/02/11 	37.491607240685504	38.012325286865234	37.491607240685504	38.012325286865234	14380	2025/02/11 
2025/02/12 	37.87030926515974	38.012325286865234	37.396933576252046	38.012325286865234	2251	2025/02/12 
2025/02/13 	37.96498489379883	37.96498489379883	37.96498489379883	37.96498489379883	13	2025/02/13 
2025/02/17 	37.96498489379883	37.96498489379883	37.96498489379883	37.96498489379883	472	2025/02/17 
2025/02/18 	37.96498452264357	38.154335524455185	37.96498452264357	38.059661865234375	6324	2025/02/18 
2025/02/19 	38.154335021972656	38.154335021972656	38.154335021972656	38.154335021972656	5099	2025/02/19 
2025/02/20 	38.34368603255989	41.27863573127498	38.34368603255989	40.7105827331543	62008	2025/02/20 
2025/02/21 	40.56856806949102	40.7105840862689	39.148433685302734	39.148433685302734	16368	2025/02/21 
2025/02/24 	38.249014973004186	38.438365985241305	37.87030926515974	38.012325286865234	14227	2025/02/24 
2025/02/25 	38.24901404912617	38.627716064453125	38.24901404912617	38.627716064453125	2753	2025/02/25 
2025/02/26 	38.533042364150766	39.195772732001764	38.533042364150766	39.05375671386719	5610	2025/02/26 
2025/02/27 	38.95908183529585	38.95908183529585	38.9117431640625	38.9117431640625	2549	2025/02/27 
2025/03/04 	39.05375671386719	39.05375671386719	39.05375671386719	39.05375671386719	103	2025/03/04 
2025/03/05 	39.05375671386719	39.05375671386719	39.05375671386719	39.05375671386719	1121	2025/03/05 
2025/03/06 	39.5744743347168	39.5744743347168	38.81706662933247	39.5744743347168	2346	2025/03/06 
2025/03/07 	38.817068288499634	38.817068288499634	37.87030953714421	38.76972961425781	8094	2025/03/07 
2025/03/10 	38.76972919087438	39.29044723510742	38.76972919087438	39.29044723510742	2152	2025/03/10 
2025/03/11 	38.343686842508696	38.81706619262695	38.343686842508696	38.81706619262695	3161	2025/03/11 
2025/03/12 	38.81706619262695	38.81706619262695	38.81706619262695	38.81706619262695	203	2025/03/12 
2025/03/13 	38.81706619262695	38.81706619262695	37.7756338323888	38.81706619262695	1223	2025/03/13 
2025/03/14 	38.81706619262695	38.81706619262695	38.81706619262695	38.81706619262695	10	2025/03/14 
2025/03/17 	39.243106842041016	39.243106842041016	39.243106842041016	39.243106842041016	1	2025/03/17 
2025/03/20 	39.243106842041016	39.243106842041016	39.243106842041016	39.243106842041016	112	2025/03/20 
2025/03/21 	39.24310784054908	39.24310784054908	37.396932749522676	37.775634765625	16399	2025/03/21 
2025/03/26 	37.396933120976634	37.68095779418945	37.396933120976634	37.68095779418945	2682	2025/03/26 
2025/03/31 	37.39693278911638	37.53894512446257	37.34959411621094	37.34959411621094	4426	2025/03/31 
2025/04/01 	37.53894586677099	38.4383659362793	37.53894586677099	38.4383659362793	52	2025/04/01 
2025/04/07 	35.314064441874805	36.87621486904119	34.69867274229293	34.7933464050293	16012	2025/04/07 
2025/04/08 	35.21938634135648	35.21938634135648	33.751913291730396	34.98270034790039	5328	2025/04/08 
2025/04/09 	33.46788704889805	33.46788704889805	33.231197357177734	33.231197357177734	6460	2025/04/09 
2025/04/10 	33.23119529700282	34.55665969848633	33.23119529700282	34.55665969848633	10587	2025/04/10 
2025/04/11 	33.988603737474115	34.367305755615234	33.94126506436394	34.367305755615234	4272	2025/04/11 
2025/04/14 	34.31996796706199	34.31996796706199	34.177955627441406	34.177955627441406	2197	2025/04/14 
2025/04/15 	34.17795525125848	34.27263259887695	33.799253227524986	34.27263259887695	3314	2025/04/15 
2025/04/17 	34.083280788483975	34.083280788483975	33.609901428222656	33.609901428222656	1172	2025/04/17 
2025/04/18 	33.136523703452134	34.083282470703125	33.136523703452134	34.083282470703125	1121	2025/04/18 
2025/04/22 	33.08918380737305	33.08918380737305	33.08918380737305	33.08918380737305	1	2025/04/22 
2025/04/23 	33.98860168457031	33.98860168457031	33.98860168457031	33.98860168457031	2243	2025/04/23 
2025/04/24 	33.98860166866521	34.414642333984375	33.98860166866521	34.414642333984375	11372	2025/04/24 
2025/04/25 	33.94126556558249	34.414644936934465	33.84659190133422	34.27263259887695	9535	2025/04/25 
2025/04/28 	34.367305755615234	34.367305755615234	34.367305755615234	34.367305755615234	2	2025/04/28 
2025/04/29 	34.367305755615234	34.367305755615234	33.13652235497153	34.367305755615234	303	2025/04/29 
2025/04/30 	32.994504702053106	34.55665873712437	32.994504702053106	33.893924713134766	12483	2025/04/30 
2025/05/02 	34.55665969848633	34.55665969848633	34.55665969848633	34.55665969848633	2141	2025/05/02 
2025/05/06 	35.787445068359375	35.787445068359375	35.787445068359375	35.787445068359375	101	2025/05/06 
2025/05/07 	35.8347811699531	35.8347811699531	35.503414154052734	35.503414154052734	3059	2025/05/07 
2025/05/08 	34.65133489950982	35.03003692626953	34.65133489950982	35.03003692626953	4414	2025/05/08 
2025/05/09 	35.03003444225987	35.834780796271794	35.03003444225987	35.59809112548828	6598	2025/05/09 
2025/05/12 	36.07147216796875	36.07147216796875	36.07147216796875	36.07147216796875	193	2025/05/12 
2025/05/13 	35.9767951965332	35.9767951965332	35.9767951965332	35.9767951965332	2151	2025/05/13 
2025/05/14 	35.59809112548828	35.59809112548828	35.59809112548828	35.59809112548828	254	2025/05/14 
2025/05/16 	35.59809061015102	36.118804931640625	35.59809061015102	36.118804931640625	1052	2025/05/16 
2025/05/19 	35.59809112548828	35.59809112548828	35.59809112548828	35.59809112548828	2039	2025/05/19 
2025/05/20 	36.118804931640625	36.118804931640625	36.118804931640625	36.118804931640625	20	2025/05/20 
2025/05/21 	36.118804931640625	36.118804931640625	36.118804931640625	36.118804931640625	152	2025/05/21 
2025/05/28 	36.118804931640625	36.118804931640625	36.118804931640625	36.118804931640625	1019	2025/05/28 
2025/05/29 	35.645427295040996	36.16614532470703	35.59809230601052	36.16614532470703	7669	2025/05/29 
2025/06/02 	35.64542770385742	35.64542770385742	35.598092714284064	35.64542770385742	5181	2025/06/02 
2025/06/04 	35.787445068359375	35.787445068359375	35.787445068359375	35.787445068359375	101	2025/06/04 
2025/06/05 	35.882121841726956	37.58628463745117	35.882121841726956	37.58628463745117	14870	2025/06/05 
2025/06/06 	37.58628501489337	37.870309694786116	37.491607666015625	37.491607666015625	13360	2025/06/06 
2025/06/09 	37.82297293351005	37.87030792236328	36.9235528947475	37.87030792236328	7873	2025/06/09 
2025/06/11 	36.82887649536133	36.82887649536133	36.82887649536133	36.82887649536133	2039	2025/06/11 
2025/06/12 	37.775634765625	37.775634765625	36.828876041999074	37.775634765625	2244	2025/06/12 
2025/06/13 	37.775634726522426	39.66914848844412	37.775634726522426	38.20167541503906	38756	2025/06/13 
2025/06/16 	37.9649852668099	39.00641763887229	37.87030792236328	37.87030792236328	5538	2025/06/16 
2025/06/17 	37.775634765625	38.01232444653148	37.775634765625	37.775634765625	3161	2025/06/17 
2025/06/18 	38.05966223731523	38.05966223731523	37.77563389013607	37.96498489379883	3237	2025/06/18 
2025/06/19 	38.58037531816743	38.817064985868264	38.2490119934082	38.2490119934082	14570	2025/06/19 
2025/06/20 	39.33778674081371	39.66915009715555	39.19577440000582	39.527137756347656	16827	2025/06/20 
2025/06/23 	39.527133972849796	39.7638236404541	38.675052642822266	38.675052642822266	26516	2025/06/23 
2025/06/24 	37.775634765625	37.775634765625	37.775634765625	37.775634765625	3059	2025/06/24 
2025/06/25 	37.25491468381782	37.39693069458008	37.25491468381782	37.39693069458008	4385	2025/06/25 
2025/06/26 	38.72239424771589	39.148434945018494	38.72239424771589	38.86440658569336	12245	2025/06/26 
2025/06/27 	40.14252874964326	42.74611529528418	40.14252874964326	42.60409927368164	23640	2025/06/27 
2025/06/30 	40.94727510898226	43.0301399230957	40.89993643516827	43.0301399230957	18979	2025/06/30 
2025/07/01 	41.1839632082422	42.13071823120117	41.1839632082422	42.13071823120117	7230	2025/07/01 
2025/07/02 	42.13071746553437	42.93546382463693	41.65733812097286	42.74611282348633	26822	2025/07/02 
2025/07/03 	42.74611282348633	42.74611282348633	41.79935413436331	42.74611282348633	1682	2025/07/03 
2025/07/04 	42.69877401653422	45.3023567199707	42.69877401653422	45.3023567199707	28250	2025/07/04 
2025/07/07 	45.349695894377625	45.349695894377625	44.16624752360085	45.20768356323242	18316	2025/07/07 
2025/07/08 	44.402939676644614	44.78164170308702	44.402939676644614	44.63962936401367	17293	2025/07/08 
2025/07/09 	45.44437193910051	47.24321208374275	45.44437193910051	45.91775131225586	23982	2025/07/09 
2025/07/10 	45.77573570894005	45.77573570894005	43.64553236503692	44.97099304199219	18583	2025/07/10 
2025/07/11 	45.39703403625558	48.75802442335441	45.39703403625558	48.284645080566406	43923	2025/07/11 
2025/07/14 	49.23140724428193	49.23140724428193	47.432567087949636	47.52724075317383	32809	2025/07/14 
2025/07/15 	47.62191639742517	49.13672813713074	47.62191639742517	48.758026123046875	11830	2025/07/15 
2025/07/16 	48.095291715371864	48.095291715371864	45.44437026977539	45.44437026977539	26543	2025/07/16 
2025/07/17 	45.44437026977539	45.44437026977539	45.44437026977539	45.44437026977539	1019	2025/07/17 
2025/07/18 	45.444369066801066	47.43256378173828	45.444369066801066	47.43256378173828	13476	2025/07/18 
2025/07/21 	47.52723781240518	47.52723781240518	47.337886810302734	47.337886810302734	6119	2025/07/21 
2025/07/22 	47.3378897393552	47.62191810176826	46.864510363123514	47.52724075317383	14379	2025/07/22 
2025/07/23 	47.52723781240518	47.811266157243864	47.337886810302734	47.337886810302734	19479	2025/07/23 
2025/07/24 	47.716590506689414	47.8112678527832	47.527239497871975	47.8112678527832	7139	2025/07/24 
2025/07/25 	47.19587326049805	47.19587326049805	47.19587326049805	47.19587326049805	4079	2025/07/25 
2025/07/28 	47.19587326049805	47.337889282017656	45.91775116704275	47.19587326049805	9319	2025/07/28 
2025/07/29 	45.4917106628418	46.95918745790231	45.4917106628418	45.4917106628418	272	2025/07/29 
2025/07/30 	46.34379037224591	46.34379037224591	45.49170900405242	46.29645538330078	3774	2025/07/30 
2025/07/31 	45.49171024080779	46.012428283691406	45.49171024080779	46.012428283691406	1325	2025/07/31 
2025/08/01 	45.72839997185783	45.72839997185783	45.4917102869769	45.586387634277344	5201	2025/08/01 
2025/08/04 	45.58638472967577	45.58638472967577	44.49761372194415	44.544952392578125	9178	2025/08/04 
2025/08/05 	44.92365751130792	44.92365751130792	42.13071995034546	42.17805862426758	26822	2025/08/05 
2025/08/06 	40.899934955059855	40.899934955059855	40.852596282958984	40.852596282958984	4263	2025/08/06 
2025/08/07 	40.85259768443636	40.85259768443636	37.77563545950334	39.29044723510742	50157	2025/08/07 
2025/08/08 	39.47979651692513	39.763824863460066	39.243106842041016	39.243106842041016	12238	2025/08/08 
2025/08/11 	40.66324653046768	40.66324653046768	40.56856918334961	40.56856918334961	309	2025/08/11 
2025/08/12 	40.47389597593098	41.18396503721174	40.426557301838216	40.89993667602539	38947	2025/08/12 
2025/08/13 	40.89993667602539	40.89993667602539	40.56856964074628	40.89993667602539	6500	2025/08/13 
2025/08/14 	40.899936481412844	42.60409927368164	40.805259133677815	42.60409927368164	9359	2025/08/14 
2025/08/15 	42.69877707785989	42.93546676635742	41.65734097512265	42.93546676635742	4516	2025/08/15 
2025/08/18 	42.13071783183184	43.550855877863484	41.75201582623808	42.65143585205078	36234	2025/08/18 
2025/08/19 	42.41474861191016	43.78754806518555	42.41474861191016	43.78754806518555	8774	2025/08/19 
2025/08/20 	42.88812803935729	43.69287076923928	42.88812803935729	43.361507415771484	4499	2025/08/20 
2025/08/21 	43.69286726058032	45.823074283382645	43.59819360292218	44.1189079284668	8174	2025/08/21 
2025/08/22 	45.82307434082031	45.82307434082031	44.02423432599154	45.82307434082031	228	2025/08/22 
2025/08/25 	45.82307643518819	45.82307643518819	43.929558992668454	45.77573776245117	6830	2025/08/25 
2025/08/26 	45.82307603449673	45.82307603449673	43.882219936211435	44.592288970947266	9975	2025/08/26 
2025/08/27 	45.20000076293945	45.349998474121094	44.0	45.25	6130	2025/08/27 
2025/08/28 	45.25	46.0	43.79999923706055	46.0	13504	2025/08/28 
2025/08/29 	45.5	45.5	45.5	45.5	2	2025/08/29 
2025/09/01 	45.5	45.5	45.5	45.5	2	2025/09/01 
2025/09/02 	45.5	45.95000076293945	43.900001525878906	43.900001525878906	3353	2025/09/02 
2025/09/03 	45.900001525878906	45.900001525878906	45.900001525878906	45.900001525878906	1010	2025/09/03 
2025/09/04 	45.900001525878906	45.900001525878906	45.900001525878906	45.900001525878906	18	2025/09/04 
