Date	Open	High	Low	Close	Volume	Date
2022/06/28 	56.3003932410772	56.973550364186174	52.016666412353516	52.016666412353516	266523	2022/06/28 
2022/06/29 	52.13906570028776	53.24059597246551	48.95686869251567	50.79275131225586	118690	2022/06/29 
2022/06/30 	49.56883188214802	49.56883188214802	44.85673141479492	44.85673141479492	276948	2022/06/30 
2022/07/01 	46.0806505899608	46.0806505899608	43.694001283521196	44.67313766479492	201310	2022/07/01 
2022/07/04 	43.44921852676274	43.755197779920245	42.95965032104352	43.388023376464844	91092	2022/07/04 
2022/07/05 	43.14324068435016	43.326829642915065	42.714867614921424	42.89845657348633	61650	2022/07/05 
2022/07/06 	42.95964934387044	43.32682724064192	42.83725554439063	43.20443344116211	49017	2022/07/06 
2022/07/07 	43.69400285411728	43.99998561051491	43.26562979649503	43.44921875	15300	2022/07/07 
2022/07/08 	44.1223742920397	46.141845703125	43.93878534527415	46.141845703125	41101	2022/07/08 
2022/07/11 	46.32543541426819	49.018064006810754	45.71347341550816	46.26424026489258	126004	2022/07/11 
2022/07/12 	47.671749749504365	47.671749749504365	45.59107965235321	47.05978775024414	74719	2022/07/12 
2022/07/13 	47.6717491562744	47.6717491562744	45.71347288401138	46.203041076660156	10983	2022/07/13 
2022/07/14 	46.57021879620977	47.05978698701076	46.20304090227508	46.93739318847656	38952	2022/07/14 
2022/07/15 	47.05979014694768	47.67175217737445	46.32543781143643	46.75381088256836	34918	2022/07/15 
2022/07/18 	47.36576843261719	47.54935738811857	47.36576843261719	47.36576843261719	9003	2022/07/18 
2022/07/19 	47.54935617513202	47.67174997623336	47.1209831237793	47.1209831237793	13503	2022/07/19 
2022/07/20 	47.42696302403607	47.67175062959367	46.325436307367056	46.5090217590332	28315	2022/07/20 
2022/07/21 	46.141844403624916	47.42695999145508	46.141844403624916	47.42695999145508	18033	2022/07/21 
2022/07/22 	47.365770377145964	48.834478579784516	47.182184915775835	47.732948303222656	54151	2022/07/22 
2022/07/25 	47.54935617513202	47.73294512595004	46.75380872381124	47.1209831237793	16500	2022/07/25 
2022/07/26 	46.57022041125662	47.42696302403607	46.5090217590332	46.5090217590332	30450	2022/07/26 
2022/07/27 	47.12098213544391	47.12098213544391	46.692609093076065	46.93739318847656	4000	2022/07/27 
2022/07/28 	46.93739318847656	46.93739318847656	46.93739318847656	46.93739318847656	0	2022/07/28 
2022/07/29 	47.30457522335592	47.732948303222656	47.12098626031757	47.732948303222656	31800	2022/07/29 
2022/08/01 	46.99859282434594	47.42696237403067	46.93739417296128	47.1209831237793	39450	2022/08/01 
2022/08/02 	46.815004515146185	46.998593468480365	46.5090217590332	46.5090217590332	38004	2022/08/02 
2022/08/03 	46.447826608477826	46.631415561812005	46.20304250458826	46.5090217590332	21750	2022/08/03 
2022/08/04 	46.386633401348476	46.87620162963867	46.386633401348476	46.87620162963867	25500	2022/08/04 
2022/08/05 	46.50901893744239	46.81500167499213	46.44782379059957	46.69260787963867	30000	2022/08/05 
2022/08/08 	46.264240082099214	46.998592376708984	46.264240082099214	46.998592376708984	16500	2022/08/08 
2022/08/09 	47.05978850951776	47.18218231201172	47.05978850951776	47.18218231201172	12030	2022/08/09 
2022/08/10 	47.30457522335592	48.77327992432625	47.182184915775835	47.732948303222656	84787	2022/08/10 
2022/08/11 	48.344904964773775	48.528493920674045	47.85533675015177	48.10012435913086	89155	2022/08/11 
2022/08/12 	47.85533362975972	48.46729560896847	47.85533362975972	48.28370666503906	51516	2022/08/12 
2022/08/15 	48.22251151761854	48.34490181245958	47.73294333491868	48.28370666503906	25536	2022/08/15 
2022/08/16 	47.91653244233425	47.91653244233425	46.20304029537062	47.549354553222656	55515	2022/08/16 
2022/08/17 	47.12098390329103	48.22251412475353	46.81500464797791	48.03892517089844	83271	2022/08/17 
2022/08/18 	48.2225155482007	48.956867883629855	47.54935836530693	48.344905853271484	127710	2022/08/18 
2022/08/19 	48.03892658892637	48.46729966001042	47.916536283855585	48.344905853271484	17920	2022/08/19 
2022/08/22 	48.46729620373315	50.85394550076747	48.28370725755083	49.14045333862305	333249	2022/08/22 
2022/08/23 	48.34490088540742	48.528489825816365	45.89706001884741	46.57021713256836	290155	2022/08/23 
2022/08/24 	49.27508702681467	53.60777088662442	49.27508702681467	51.11096954345703	509963	2022/08/24 
2022/08/25 	51.404710826340505	53.24059335585267	51.404710826340505	51.771888732910156	54407	2022/08/25 
2022/08/26 	51.62501629816273	51.62501629816273	51.18440142644665	51.40470886230469	28762	2022/08/26 
2022/08/29 	51.18440302325536	52.13906277230972	50.00943933313801	51.11096954345703	14500	2022/08/29 
2022/08/30 	52.35936833531698	52.35936833531698	51.478145599365234	51.478145599365234	3752	2022/08/30 
2022/08/31 	51.69845228433789	54.48899459838867	51.62501880326712	54.48899459838867	45005	2022/08/31 
2022/09/01 	53.3874661824912	54.12181852648436	52.065631963303524	53.46090316772461	54032	2022/09/01 
2022/09/02 	53.828074180132866	53.828074180132866	52.65311050415039	52.65311050415039	7546	2022/09/02 
2022/09/05 	53.24059421947449	53.24059421947449	52.28593444824219	52.28593444824219	15126	2022/09/05 
2022/09/06 	52.873416306948805	52.873416306948805	51.84532305421222	52.28593444824219	13847	2022/09/06 
2022/09/07 	51.77188932935754	52.359371185302734	51.47814840138494	52.359371185302734	2645	2022/09/07 
2022/09/08 	52.799981768198116	52.799981768198116	51.40471063087423	52.50624084472656	11252	2022/09/08 
2022/09/12 	51.478149992353345	52.06563186645508	51.33127602215973	52.06563186645508	13750	2022/09/12 
2022/09/13 	52.06563071573776	52.13906419754341	51.55158233642578	51.55158233642578	12500	2022/09/13 
2022/09/14 	51.18440204238758	51.992191314697266	51.03753158393745	51.992191314697266	5157	2022/09/14 
2022/09/15 	51.992192675517515	51.992192675517515	51.771888732910156	51.771888732910156	15001	2022/09/15 
2022/09/16 	51.18440302325536	51.40471046598637	51.11096954345703	51.11096954345703	5250	2022/09/16 
2022/09/19 	51.11096954345703	51.11096954345703	51.11096954345703	51.11096954345703	0	2022/09/19 
2022/09/20 	51.11096954345703	51.11096954345703	51.11096954345703	51.11096954345703	0	2022/09/20 
2022/09/21 	51.11096954345703	51.11096954345703	51.11096954345703	51.11096954345703	0	2022/09/21 
2022/09/22 	51.11096954345703	51.11096954345703	51.11096954345703	51.11096954345703	0	2022/09/22 
2022/09/23 	51.11096954345703	51.11096954345703	51.11096954345703	51.11096954345703	0	2022/09/23 
2022/09/26 	51.77188780614886	51.77188780614886	51.18440246582031	51.18440246582031	1313	2022/09/26 
2022/09/27 	51.551579318987415	51.551579318987415	51.03753096976392	51.40470886230469	7502	2022/09/27 
2022/09/28 	51.037531763596185	51.25783920288086	51.037531763596185	51.25783920288086	3877	2022/09/28 
2022/09/29 	51.2578424566304	51.40471292492059	50.08287871030889	51.331275939941406	7503	2022/09/29 
2022/09/30 	50.67035840231051	51.184403268364484	49.20165028096254	51.037532806396484	23955	2022/09/30 
2022/10/03 	51.184404509698965	51.184404509698965	49.34852193974083	49.421958923339844	17173	2022/10/03 
2022/10/04 	48.90791158951118	50.30318279273066	48.90791158951118	49.20165252685547	22105	2022/10/04 
2022/10/05 	49.93600488164868	50.08287534005544	49.42195652639106	49.86256790161133	69795	2022/10/05 
2022/10/06 	49.86256790161133	49.93600488164868	49.568826984797816	49.86256790161133	10935	2022/10/06 
2022/10/07 	49.936006491451366	50.303180898471005	49.421958119622204	49.56882858276367	23753	2022/10/07 
2022/10/11 	50.303182661910085	53.46090298265141	50.22974917859908	51.331275939941406	131716	2022/10/11 
2022/10/12 	51.40471152280118	51.40471152280118	50.74379268268852	50.890663146972656	13406	2022/10/12 
2022/10/13 	50.52348834401723	50.6703588071587	49.348521137217446	49.56882858276367	44001	2022/10/13 
2022/10/14 	50.15631103515625	50.15631103515625	49.93600708864343	50.15631103515625	6376	2022/10/14 
2022/10/17 	49.64226637246879	49.93600730352864	49.34852193974083	49.421958923339844	38775	2022/10/17 
2022/10/18 	49.64226556516843	49.64226556516843	49.20165067407598	49.56882858276367	19973	2022/10/18 
2022/10/19 	49.20165252685547	49.421959980697785	48.68760763733705	49.20165252685547	10128	2022/10/19 
2022/10/20 	49.42195836460242	49.936006738979664	49.054780454094654	49.495391845703125	30211	2022/10/20 
2022/10/21 	49.20165252685547	49.421959980697785	49.05478205818332	49.20165252685547	17375	2022/10/21 
2022/10/24 	49.93600845336914	49.93600845336914	49.93600845336914	49.93600845336914	5000	2022/10/24 
2022/10/25 	49.054777608969715	50.0828742980957	49.054777608969715	50.0828742980957	126	2022/10/25 
2022/10/26 	48.98134413212807	50.0828742980957	48.98134413212807	50.0828742980957	7532	2022/10/26 
2022/10/27 	50.08287884055653	50.08287884055653	49.20165252685547	49.20165252685547	2626	2022/10/27 
2022/10/28 	49.348521137217446	50.00943997218807	49.348521137217446	49.56882858276367	8877	2022/10/28 
2022/10/31 	49.20165260714192	49.93600845336914	49.20165260714192	49.93600845336914	1251	2022/10/31 
2022/11/01 	49.93600730352864	50.009440785459546	49.421958923339844	49.421958923339844	2801	2022/11/01 
2022/11/02 	49.2016514742109	49.49539240527075	49.05478100868097	49.421958923339844	16573	2022/11/02 
2022/11/03 	49.34852299552762	49.34852299552762	48.68760763733705	49.20165252685547	15032	2022/11/03 
2022/11/04 	49.34852299552762	49.34852299552762	49.20165252685547	49.20165252685547	6252	2022/11/04 
2022/11/07 	49.93600549410951	50.450050354003906	49.93600549410951	50.450050354003906	7505	2022/11/07 
2022/11/08 	50.450053343726374	50.52349032901637	49.789137984457334	49.93600845336914	16251	2022/11/08 
2022/11/09 	50.0828742980957	50.0828742980957	49.93600384274454	50.0828742980957	3141	2022/11/09 
2022/11/10 	49.20165252685547	49.421959980697785	48.83447810600919	49.20165252685547	12503	2022/11/10 
2022/11/11 	49.42196007647091	50.596923828125	49.42196007647091	50.596923828125	3876	2022/11/11 
2022/11/14 	49.054779610208534	49.42195751439976	48.981346130371094	48.981346130371094	3255	2022/11/14 
2022/11/15 	48.98134857468134	49.20165252685547	48.98134857468134	49.20165252685547	9751	2022/11/15 
2022/11/16 	48.981345515981076	49.05477899489741	47.58607439989101	48.393863677978516	6262	2022/11/16 
2022/11/17 	47.87981670570787	48.834476470947266	47.732946241953194	48.834476470947266	7528	2022/11/17 
2022/11/18 	47.87981852411541	47.87981852411541	47.8063850402832	47.8063850402832	2	2022/11/18 
2022/11/21 	47.732948303222656	48.32043018361079	47.512640847243	47.732948303222656	21255	2022/11/21 
2022/11/22 	47.73294644733031	48.10012435913086	47.58607598294371	48.10012435913086	3752	2022/11/22 
2022/11/23 	47.73294345142318	49.20164800310752	47.73294345142318	47.953250885009766	2502	2022/11/23 
2022/11/24 	47.87981715693152	48.02668762207031	47.65950970838929	48.02668762207031	16283	2022/11/24 
2022/11/25 	47.51263729235663	48.02668565006935	47.439203813636496	47.659507751464844	21255	2022/11/25 
2022/11/28 	47.43920703732529	47.51264052103553	47.07202911376953	47.07202911376953	3130	2022/11/28 
2022/11/29 	47.218898526518345	47.87981737346593	47.218898526518345	47.292335510253906	6783	2022/11/29 
2022/11/30 	47.218894958496094	47.439202391387475	47.218894958496094	47.218894958496094	10003	2022/11/30 
2022/12/01 	47.145461481977534	47.87981375550239	46.99859102727257	47.218894958496094	14507	2022/12/01 
2022/12/02 	46.998592376708984	46.998592376708984	46.998592376708984	46.998592376708984	1	2022/12/02 
2022/12/05 	46.998592376708984	46.998592376708984	46.998592376708984	46.998592376708984	1	2022/12/05 
2022/12/06 	46.99859595273749	47.87981877331969	46.99859595273749	47.732948303222656	11252	2022/12/06 
2022/12/07 	47.58607482910156	47.58607482910156	47.58607482910156	47.58607482910156	1250	2022/12/07 
2022/12/08 	47.365770377145964	48.10012622929935	47.365770377145964	47.732948303222656	13012	2022/12/08 
2022/12/09 	48.10012599243868	48.46730041503906	47.73294806817009	48.46730041503906	20000	2022/12/09 
2022/12/12 	48.46730041503906	48.46730041503906	48.46730041503906	48.46730041503906	0	2022/12/12 
2022/12/13 	48.68760323830059	48.90790717056975	48.614166259765625	48.614166259765625	18750	2022/12/13 
2022/12/14 	48.467299361417865	48.68760681152344	48.467299361417865	48.68760681152344	8782	2022/12/14 
2022/12/15 	48.68760545102913	48.90790939331055	48.68760545102913	48.90790939331055	8751	2022/12/15 
2022/12/16 	48.46729572726535	48.83447361602037	47.73294345142318	47.953250885009766	67750	2022/12/16 
2022/12/19 	48.246996699396384	48.246996699396384	47.732948303222656	47.732948303222656	12500	2022/12/19 
2022/12/20 	47.58607598294371	48.10012435913086	47.43920551855712	48.10012435913086	166250	2022/12/20 
2022/12/21 	47.58607482910156	47.58607482910156	47.58607482910156	47.58607482910156	37	2022/12/21 
2022/12/22 	47.58607783312562	47.732948303222656	47.439207363028586	47.732948303222656	16168	2022/12/22 
2022/12/23 	47.73294467131876	47.73294467131876	46.70485145886507	46.998592376708984	13751	2022/12/23 
2022/12/26 	46.99859317871337	46.99859317871337	46.851722717285156	46.851722717285156	2500	2022/12/26 
2022/12/27 	46.631413858938	46.70485083825712	46.264239467346044	46.411109924316406	18775	2022/12/27 
2022/12/28 	46.48454284667969	46.48454284667969	45.52988313694242	46.48454284667969	6256	2022/12/28 
2022/12/29 	46.264243189312644	46.264243189312644	45.52988734371388	45.6767578125	12875	2022/12/29 
2022/12/30 	45.60332327818032	45.897064208984375	45.60332327818032	45.897064208984375	12500	2022/12/30 
2023/01/03 	45.897064208984375	45.897064208984375	45.897064208984375	45.897064208984375	0	2023/01/03 
2023/01/04 	46.26424026489258	46.33767374380972	46.26424026489258	46.26424026489258	12500	2023/01/04 
2023/01/05 	46.26424026489258	46.26424026489258	46.26424026489258	46.26424026489258	0	2023/01/05 
2023/01/06 	46.99859243631186	47.659507751464844	45.89706224216628	47.659507751464844	31403	2023/01/06 
2023/01/09 	47.65950787932997	47.65950787932997	46.26424026489258	46.26424026489258	10000	2023/01/09 
2023/01/10 	46.63141666330631	47.292335510253906	46.63141666330631	47.292335510253906	36500	2023/01/10 
2023/01/11 	47.07202585533599	47.07202585533599	46.925155396414034	46.998592376708984	16750	2023/01/11 
2023/01/12 	46.998592376708984	46.998592376708984	46.998592376708984	46.998592376708984	0	2023/01/12 
2023/01/13 	46.778284937492074	46.998592376708984	46.778284937492074	46.998592376708984	3875	2023/01/13 
2023/01/16 	46.63141632080078	46.63141632080078	46.63141632080078	46.63141632080078	1500	2023/01/16 
2023/01/17 	47.218894958496094	47.218894958496094	47.218894958496094	47.218894958496094	6250	2023/01/17 
2023/01/30 	47.2188995828582	47.36577005194686	46.9985956300593	47.07202911376953	14750	2023/01/30 
2023/01/31 	48.761037883772445	48.761037883772445	46.998592376708984	46.998592376708984	6251	2023/01/31 
2023/02/01 	46.9985956300593	47.36577005194686	46.92515864468087	47.07202911376953	28750	2023/02/01 
2023/02/02 	47.07202750448221	47.36576843261719	47.07202750448221	47.36576843261719	29312	2023/02/02 
2023/02/03 	46.99859102727257	47.439202391387475	46.99859102727257	47.218894958496094	7535	2023/02/03 
2023/02/06 	47.512638092041016	47.6595085536212	47.21889716888064	47.512638092041016	20025	2023/02/06 
2023/02/07 	47.58607598294371	48.10012435913086	47.58607598294371	48.10012435913086	5000	2023/02/07 
2023/02/08 	47.439207363028586	48.10012622929935	47.439207363028586	47.732948303222656	1530	2023/02/08 
2023/02/09 	47.512640847243	47.732948303222656	47.512640847243	47.732948303222656	15000	2023/02/09 
2023/02/10 	47.512638092041016	47.512638092041016	47.512638092041016	47.512638092041016	2750	2023/02/10 
2023/02/13 	47.365765801434506	47.87981414794922	47.365765801434506	47.87981414794922	1652	2023/02/13 
2023/02/14 	47.73294806817009	49.78913814107142	47.2188996745277	48.46730041503906	27442	2023/02/14 
2023/02/15 	48.393864363190154	48.46729784314624	47.512638092041016	47.512638092041016	1382	2023/02/15 
2023/02/16 	47.732948303222656	47.732948303222656	47.732948303222656	47.732948303222656	3750	2023/02/16 
2023/02/17 	47.732948303222656	47.732948303222656	47.732948303222656	47.732948303222656	0	2023/02/17 
2023/02/20 	47.36576798590721	48.17355728149414	47.36576798590721	48.17355728149414	11000	2023/02/20 
2023/02/21 	48.32042994566527	48.687607869933856	48.24699646181247	48.46730041503906	27625	2023/02/21 
2023/02/22 	48.90790939331055	48.90790939331055	48.90790939331055	48.90790939331055	3750	2023/02/22 
2023/02/23 	49.2016485103959	51.62501629816273	48.907907597030444	51.40470886230469	45236	2023/02/23 
2023/02/24 	52.359368581576355	52.359368581576355	50.81722703557378	51.40470886230469	28712	2023/02/24 
2023/03/01 	50.817228255358174	51.037532194836345	50.082875954317615	50.450050354003906	34937	2023/03/01 
2023/03/02 	50.08287744457934	51.99219348409822	50.08287744457934	51.62501907348633	70125	2023/03/02 
2023/03/03 	52.139060949483756	54.26868431420202	52.139060949483756	53.60776901245117	70728	2023/03/03 
2023/03/06 	53.82807613648129	56.251440557104836	53.82807613648129	55.810829162597656	121256	2023/03/06 
2023/03/07 	55.81082606445437	55.81082606445437	51.40470886230469	51.40470886230469	97415	2023/03/07 
2023/03/08 	51.40471141855775	52.873416058420744	50.596922115799075	52.359371185302734	76278	2023/03/08 
2023/03/09 	52.87341627156848	52.87341627156848	51.33127464266149	51.62501907348633	46581	2023/03/09 
2023/03/10 	50.743791086824885	51.18440246582031	50.743791086824885	51.18440246582031	3782	2023/03/10 
2023/03/13 	51.40470984805945	51.40470984805945	50.52348709106445	50.52348709106445	10401	2023/03/13 
2023/03/14 	50.67035975870979	51.40471208820771	50.67035975870979	50.817230224609375	6551	2023/03/14 
2023/03/15 	51.40471152280118	51.698452451369455	50.890663146972656	50.890663146972656	17750	2023/03/15 
2023/03/16 	50.670360797928176	50.670360797928176	49.05478213823011	49.93600845336914	55065	2023/03/16 
2023/03/17 	50.30318150005416	50.30318150005416	50.15631103515625	50.15631103515625	2158	2023/03/17 
2023/03/20 	50.15631240590276	50.15631240590276	49.862571468079146	49.93600845336914	20000	2023/03/20 
2023/03/21 	51.03753200615517	51.625017346483716	51.03753200615517	51.18440246582031	13750	2023/03/21 
2023/03/22 	51.11096874391372	51.33127268153045	51.037531763596185	51.25783920288086	31278	2023/03/22 
2023/03/23 	50.67035840231051	51.037532806396484	50.52348794034252	51.037532806396484	14000	2023/03/23 
2023/03/24 	50.450050167494595	51.33127292548546	50.450050167494595	51.18440246582031	10022	2023/03/24 
2023/03/27 	50.81722703557378	51.62501629816273	50.81722703557378	51.40470886230469	34750	2023/03/27 
2023/03/28 	51.77188737785604	52.35936921165656	51.18440204238758	51.992191314697266	37732	2023/03/28 
2023/03/29 	51.47814567205794	52.285931430320446	51.47814567205794	52.139060974121094	21875	2023/03/29 
2023/03/30 	51.62501831518428	52.50624108971056	51.62501831518428	52.432804107666016	63125	2023/03/30 
2023/03/31 	51.77188658445665	52.139060974121094	51.77188658445665	52.139060974121094	11497	2023/03/31 
2023/04/06 	51.99219488135827	52.35937280350595	51.99219488135827	52.06563186645508	10000	2023/04/06 
2023/04/07 	52.35937257462128	53.387465849805096	52.35937257462128	52.799983978271484	42250	2023/04/07 
2023/04/10 	53.38746243533275	54.1218147277832	53.38746243533275	54.1218147277832	59000	2023/04/10 
2023/04/11 	53.82807540893555	54.12181633463677	53.60777146549365	53.82807540893555	24500	2023/04/11 
2023/04/12 	53.534335284462955	53.68120574951172	53.534335284462955	53.68120574951172	8750	2023/04/12 
2023/04/13 	53.3874615774223	54.121813858072066	53.3874615774223	53.60776901245117	22500	2023/04/13 
2023/04/14 	53.46089855632122	53.68120248968221	53.46089855632122	53.60776901245117	5500	2023/04/14 
2023/04/17 	53.82807460769496	53.974945068359375	53.60777066753233	53.974945068359375	33750	2023/04/17 
2023/04/18 	54.048380212920286	56.912355849390345	54.048380212920286	54.34212112426758	110041	2023/04/18 
2023/04/19 	54.19525066859393	54.34212112426758	54.12181368992317	54.34212112426758	15250	2023/04/19 
2023/04/20 	54.342122166352304	54.342122166352304	53.75464033239195	54.1218147277832	29137	2023/04/20 
2023/04/21 	54.1218147277832	54.1218147277832	54.1218147277832	54.1218147277832	0	2023/04/21 
2023/04/24 	53.60776901245117	53.60776901245117	53.60776901245117	53.60776901245117	1253	2023/04/24 
2023/04/25 	54.19525311582173	55.296783333948454	53.97494567152918	54.56242752075195	69140	2023/04/25 
2023/04/26 	54.12181368992317	54.34212112426758	53.82807277857588	54.34212112426758	37625	2023/04/26 
2023/04/27 	54.562425056944114	54.562425056944114	54.048380212920286	54.34212112426758	13751	2023/04/27 
2023/04/28 	54.929604621235235	54.929604621235235	54.342122780634	54.70929718017578	32380	2023/04/28 
2023/05/02 	54.70929596782077	55.66395568847656	54.70929596782077	55.66395568847656	111323	2023/05/02 
2023/05/03 	55.6639574583236	56.912358132463886	55.44365351680944	56.76548767089844	87003	2023/05/03 
2023/05/04 	59.48259867720192	60.36382147940701	58.30763143926033	59.849769592285156	141772	2023/05/04 
2023/05/05 	59.33572227378545	60.43724898050895	58.96854437043228	59.62946319580078	144792	2023/05/05 
2023/05/08 	59.33572006225586	59.7763349305245	59.33572006225586	59.33572006225586	11931	2023/05/08 
2023/05/09 	59.11541897499232	59.11541897499232	55.14991298305924	58.08732223510742	184342	2023/05/09 
2023/05/10 	57.499839782714844	57.499839782714844	57.499839782714844	57.499839782714844	251	2023/05/10 
2023/05/11 	57.49984125904256	57.49984125904256	55.37021776809048	55.810829162597656	9152	2023/05/11 
2023/05/12 	55.81082614537223	56.17800403844535	55.07647386089389	55.66395568847656	79502	2023/05/12 
2023/05/15 	55.66395704657401	56.54517980944822	55.29678264621042	55.44365310668945	22382	2023/05/15 
2023/05/16 	55.81082811512916	56.398309963446096	55.81082811512916	56.03113555908203	28193	2023/05/16 
2023/05/17 	56.031136610685294	56.031136610685294	55.29678428650666	55.810829162597656	12500	2023/05/17 
2023/05/18 	55.8108273177199	56.32487567848665	55.590523378582695	56.17800521850586	25067	2023/05/18 
2023/05/19 	57.426408952263586	57.426408952263586	56.03113775694627	56.32487869262695	16251	2023/05/19 
2023/05/22 	57.86701751054028	57.86701751054028	55.81082756020748	56.10456848144531	37376	2023/05/22 
2023/05/23 	55.73739682126559	56.32487869262695	55.73739682126559	56.32487869262695	31340	2023/05/23 
2023/05/24 	55.884267066402955	57.86702012518021	55.884267066402955	57.05923080444336	25003	2023/05/24 
2023/05/25 	56.912360337188304	57.05923080444336	56.618619402678206	57.05923080444336	73441	2023/05/25 
2023/05/26 	57.20609720437901	57.20609720437901	56.83891931151344	57.13266372680664	25027	2023/05/26 
2023/05/29 	56.618619402678206	57.05923080444336	56.618619402678206	57.05923080444336	11875	2023/05/29 
2023/05/30 	57.13266477039935	57.13266477039935	56.54517943074977	56.912357330322266	77751	2023/05/30 
2023/05/31 	57.42640735676902	61.68565080580308	56.9123589827757	59.48259735107422	119472	2023/05/31 
2023/06/01 	58.45450243668128	59.77634015365075	58.38106545166379	59.115421295166016	41413	2023/06/01 
2023/06/02 	59.996639251708984	60.07007623078551	58.89511257890422	59.996639251708984	7817	2023/06/02 
2023/06/05 	59.996643560987486	60.14351052635352	59.48259867720192	59.849769592285156	19185	2023/06/05 
2023/06/06 	59.99664222339947	59.99664222339947	59.48259735107422	59.48259735107422	8126	2023/06/06 
2023/06/07 	59.70290238053765	60.216947262201856	59.482598431729606	59.9232063293457	10253	2023/06/07 
2023/06/08 	59.996639251708984	60.21694318560278	59.556024380585605	59.996639251708984	35876	2023/06/08 
2023/06/09 	60.070079722881054	63.15436299003813	60.070079722881054	62.199703216552734	61273	2023/06/09 
2023/06/12 	61.68565261075568	62.3465714678476	61.24504470825196	61.24504470825195	11503	2023/06/12 
2023/06/13 	61.61222238024002	61.685652361469664	61.02474051038498	61.3184814453125	22541	2023/06/13 
2023/06/14 	61.68565038685043	61.68565038685043	60.95130157470703	60.95130157470703	16377	2023/06/14 
2023/06/15 	61.17160654178511	61.391910488781534	60.0700798034668	60.0700798034668	33268	2023/06/15 
2023/06/16 	59.84976968087281	61.098170403345264	59.84976968087281	60.58412551879883	10002	2023/06/16 
2023/06/19 	60.21694503983145	60.21694503983145	59.62946319580078	59.62946319580078	32000	2023/06/19 
2023/06/20 	59.482597942585535	60.0700798034668	59.482597942585535	60.0700798034668	4000	2023/06/20 
2023/06/21 	59.996639251708984	60.36381714375584	59.996639251708984	59.996639251708984	32250	2023/06/21 
2023/06/26 	59.92320524068553	60.216946168205126	59.48259735107422	59.48259735107422	30562	2023/06/26 
2023/06/27 	59.48259699542252	59.48259699542252	58.821678161621094	58.821678161621094	12500	2023/06/27 
2023/06/28 	58.821678161621094	58.821678161621094	58.821678161621094	58.821678161621094	0	2023/06/28 
2023/06/29 	58.968544006347656	58.968544006347656	58.968544006347656	58.968544006347656	2250	2023/06/29 
2023/06/30 	59.702901295879876	60.216946168205126	59.48259735107422	59.48259735107422	5750	2023/06/30 
2023/07/03 	59.996640853674805	59.996640853674805	59.70289993286133	59.70289993286133	7500	2023/07/03 
2023/07/04 	59.849768853134165	60.0700798034668	59.849768853134165	60.0700798034668	3750	2023/07/04 
2023/07/05 	60.21694564819336	60.21694564819336	60.21694564819336	60.21694564819336	3750	2023/07/05 
2023/07/06 	59.996640354097075	60.43724822998047	59.996640354097075	60.43724822998047	8875	2023/07/06 
2023/07/07 	60.21694318560278	60.21694318560278	59.996639251708984	59.996639251708984	4375	2023/07/07 
2023/07/10 	59.996639251708984	59.996639251708984	59.996639251708984	59.996639251708984	0	2023/07/10 
2023/07/11 	60.95130157470703	60.95130157470703	60.95130157470703	60.95130157470703	126	2023/07/11 
2023/07/12 	60.216947510704685	60.73099939782654	59.849769592285156	59.849769592285156	11876	2023/07/12 
2023/07/13 	60.0700798034668	60.0700798034668	60.0700798034668	60.0700798034668	1255	2023/07/13 
2023/07/14 	59.996641705290166	60.43724959109655	59.996641705290166	60.21694564819336	10000	2023/07/14 
2023/07/17 	60.437249100462026	60.5841230634292	60.14350817786369	60.36381912231445	38000	2023/07/17 
2023/07/18 	60.65756053733582	60.65756053733582	60.143508666113604	60.21694564819336	16250	2023/07/18 
2023/07/19 	60.58412551879883	60.58412551879883	60.21694759983582	60.58412551879883	15000	2023/07/19 
2023/07/20 	60.143506347568504	60.730995178222656	60.143506347568504	60.730995178222656	31251	2023/07/20 
2023/07/21 	60.95130157470703	61.17160551801644	60.730997631397614	60.95130157470703	22875	2023/07/21 
2023/07/24 	61.171602933053016	61.171602933053016	53.60776916792228	58.527931213378906	233221	2023/07/24 
2023/07/25 	56.545178429850566	56.545178429850566	54.85616642471644	55.66395568847656	118431	2023/07/25 
2023/07/26 	55.66395869776193	55.95769962743338	55.443654751342386	55.810829162597656	43876	2023/07/26 
2023/07/27 	55.81082551223153	56.25143687792006	55.076473236083984	55.076473236083984	29375	2023/07/27 
2023/07/28 	55.66395704657401	55.66395704657401	55.44365310668945	55.44365310668945	2375	2023/07/28 
2023/07/31 	54.41555467552716	55.076473477794416	51.91875692566797	55.00303649902344	100675	2023/07/31 
2023/08/01 	54.34212112426758	54.562425056944114	53.901509757246636	54.34212112426758	9000	2023/08/01 
2023/08/02 	55.076473236083984	55.076473236083984	54.70929534717628	55.076473236083984	13812	2023/08/02 
2023/08/04 	55.14991322940987	55.590524619185274	55.00303926448335	55.22334671020508	50626	2023/08/04 
2023/08/07 	55.076475642754374	55.076475642754374	54.48899379616521	54.6358642578125	14375	2023/08/07 
2023/08/08 	55.076473236083984	55.076473236083984	54.70929534717628	55.076473236083984	6162	2023/08/08 
2023/08/09 	55.2967853843087	59.84976988460622	55.149914916557165	59.18885803222656	111771	2023/08/09 
2023/08/10 	58.74824160533339	61.832524849880286	58.74824160533339	60.80442810058594	90312	2023/08/10 
2023/08/11 	59.996642820022586	60.43725071401543	59.77633887302616	60.0700798034668	60001	2023/08/11 
2023/08/14 	60.43725011301078	60.43725011301078	59.48259735107422	59.48259735107422	55001	2023/08/14 
2023/08/15 	59.70289993286133	59.70289993286133	59.5560259707866	59.70289993286133	7512	2023/08/15 
2023/08/16 	59.70289993286133	59.70289993286133	59.70289993286133	59.70289993286133	0	2023/08/16 
2023/08/17 	60.95129911263309	61.024736091881834	60.58412121972517	60.730995178222656	74003	2023/08/17 
2023/08/18 	60.80442707400562	63.81527328491211	60.80442707400562	63.81527328491211	81188	2023/08/18 
2023/08/21 	63.52153347447827	63.88871138541031	62.56688071072556	63.66840744018555	76860	2023/08/21 
2023/08/22 	63.594974018012614	63.74184799194336	63.154366102893455	63.74184799194336	62525	2023/08/22 
2023/08/23 	66.09177004746726	67.5604746478549	63.9621466260712	65.35741424560547	155727	2023/08/23 
2023/08/24 	78.94294698614823	78.94294698614823	65.4492135003154	69.76353454589844	157078	2023/08/24 
2023/08/25 	68.84559631347656	70.40609369524755	68.57021112688817	68.84559631347656	24298	2023/08/25 
2023/08/28 	67.92765045166016	68.20303561969037	67.56047256206512	67.92765045166016	17215	2023/08/28 
2023/08/29 	68.1112415892204	68.1112415892204	67.56047821044922	67.56047821044922	510	2023/08/29 
2023/08/30 	68.20304393775665	68.20304393775665	67.65227353452407	68.11124420166016	10437	2023/08/30 
2023/08/31 	68.20303780980126	68.20303780980126	67.65226745605469	67.65226745605469	2001	2023/08/31 
2023/09/01 	68.1112358947898	68.20303561969037	67.46867984050029	67.92765045166016	35015	2023/09/01 
2023/09/04 	67.46868133544922	67.46868133544922	67.46868133544922	67.46868133544922	2000	2023/09/04 
2023/09/05 	68.20303911446419	68.20303911446419	67.65226875018189	67.83586120605469	13130	2023/09/05 
2023/09/06 	67.46868133544922	67.56047405904796	66.73432553998752	67.46868133544922	29864	2023/09/06 
2023/09/07 	65.8163848709351	66.09177004746726	64.89844362027583	65.35741424560547	42669	2023/09/07 
2023/09/08 	65.35741424560547	65.35741424560547	65.35741424560547	65.35741424560547	0	2023/09/08 
2023/09/11 	66.0917685320342	66.367153702252	65.17382730242261	65.8163833618164	15000	2023/09/11 
2023/09/12 	65.173828125	65.26562084845254	64.62306478094887	65.173828125	17640	2023/09/12 
2023/09/13 	65.44921875	65.44921875	65.44921875	65.44921875	31	2023/09/13 
2023/09/14 	64.89844835673897	65.44921875	64.89844835673897	65.44921875	24000	2023/09/14 
2023/09/15 	64.80665716389879	65.1738351003427	64.53127896406833	64.99024963378906	23879	2023/09/15 
2023/09/18 	64.43947316021347	64.5312728881836	64.25588771094515	64.5312728881836	5000	2023/09/18 
2023/09/19 	64.16409782708914	64.4394760131836	64.16409782708914	64.4394760131836	11050	2023/09/19 
2023/09/20 	64.53127589181267	64.53127589181267	59.4825987652461	60.58412551879883	129622	2023/09/20 
2023/09/21 	60.58412560632554	61.3184814453125	60.216947686832064	61.3184814453125	17934	2023/09/21 
2023/09/22 	61.318479818156284	61.318479818156284	60.40053854544937	61.043094635009766	5031	2023/09/22 
2023/09/25 	61.13488572462522	61.318478176252285	60.67591510056147	60.76770782470703	46355	2023/09/25 
2023/09/26 	60.125153332948685	60.125153332948685	58.38106351498982	58.74824142456055	59640	2023/09/26 
2023/09/27 	58.472858764235994	58.74824044096944	58.28926981252437	58.56465148925781	13932	2023/09/27 
2023/09/28 	58.656450227494666	58.656450227494666	58.105683348777085	58.28927230834961	12000	2023/09/28 
2023/10/02 	58.74824142456055	58.74824142456055	58.38106351498982	58.74824142456055	18250	2023/10/02 
2023/10/03 	58.74824109029418	58.74824109029418	58.28927045677626	58.65644836425781	21131	2023/10/03 
2023/10/04 	58.56465148925781	58.56465148925781	58.56465148925781	58.56465148925781	2000	2023/10/04 
2023/10/05 	57.922091909101106	58.56465148925781	57.738506459057476	58.56465148925781	30952	2023/10/05 
2023/10/06 	57.64671042511592	57.830299377441406	57.18773979513623	57.830299377441406	16130	2023/10/06 
2023/10/11 	58.28926981252437	58.93182589101307	58.28926981252437	58.56465148925781	37398	2023/10/11 
2023/10/12 	58.74823877116209	58.74823877116209	58.013886486856144	58.19747543334961	42802	2023/10/12 
2023/10/13 	57.83030068914646	58.472860286026155	57.83030068914646	58.105682373046875	12946	2023/10/13 
2023/10/16 	58.19747543334961	58.38106087817517	58.10567920926893	58.19747543334961	15150	2023/10/16 
2023/10/17 	58.28927045677626	58.65644836425781	58.28927045677626	58.65644836425781	4000	2023/10/17 
2023/10/18 	57.922093084192014	58.01388931274414	57.73850763042391	58.01388931274414	14920	2023/10/18 
2023/10/19 	57.64671270067984	58.28927230834961	57.64671270067984	58.28927230834961	3535	2023/10/19 
2023/10/20 	58.289268155762386	58.289268155762386	58.19747543334961	58.19747543334961	2035	2023/10/20 
2023/10/23 	57.6467109601674	57.830299914196864	57.187740325927734	57.187740325927734	35163	2023/10/23 
2023/10/24 	57.55491888424921	57.55491888424921	56.91235928872037	57.279537200927734	38062	2023/10/24 
2023/10/25 	58.01388931274414	58.01388931274414	56.72877012635896	58.01388931274414	42001	2023/10/25 
2023/10/26 	58.289270007421095	58.289270007421095	57.830299377441406	57.830299377441406	61473	2023/10/26 
2023/10/27 	57.92209210277014	58.013888329766885	57.830299377441406	57.830299377441406	8266	2023/10/27 
2023/10/30 	58.105683348777085	58.28927230834961	57.92209438920456	58.28927230834961	15525	2023/10/30 
2023/10/31 	58.19747860212574	58.38106405694729	58.013889645636105	58.105682373046875	34100	2023/10/31 
2023/11/01 	57.830300463151325	58.01388941892352	55.81082895299338	56.54518127441406	41980	2023/11/01 
2023/11/02 	56.086210304734436	56.636977168799774	56.086210304734436	56.45338821411133	1755	2023/11/02 
2023/11/03 	56.26979925942288	56.54518094062152	56.26979925942288	56.45338821411133	4100	2023/11/03 
2023/11/06 	56.453386893261346	56.912357518409806	56.08620899247538	56.17800521850586	54527	2023/11/06 
2023/11/07 	56.45338787977516	56.54518060574173	55.994417246606254	56.361595153808594	16000	2023/11/07 
2023/11/08 	56.36159398263149	56.912357330322266	56.26979775690439	56.912357330322266	25140	2023/11/08 
2023/11/09 	56.912358117482015	57.830299377441406	56.912358117482015	57.830299377441406	6000	2023/11/09 
2023/11/10 	56.72876935971476	57.095947265625	56.63697663407121	57.095947265625	20064	2023/11/10 
2023/11/13 	57.004153460312295	57.004153460312295	56.086212158203125	56.086212158203125	14008	2023/11/13 
2023/11/14 	55.99441494509404	56.63697450545329	55.81082599903884	55.90262222290039	39898	2023/11/14 
2023/11/15 	55.902623624733884	58.47285842895508	55.902623624733884	58.47285842895508	4907	2023/11/15 
2023/11/16 	57.3713264465332	57.3713264465332	57.3713264465332	57.3713264465332	1000	2023/11/16 
2023/11/17 	57.55491690374014	57.55491690374014	56.912357330322266	56.912357330322266	4037	2023/11/17 
2023/11/20 	56.72876935971476	57.095947265625	56.72876935971476	57.095947265625	300	2023/11/20 
2023/11/21 	57.095947265625	57.095947265625	57.095947265625	57.095947265625	1282	2023/11/21 
2023/11/22 	57.095947265625	57.095947265625	56.72876935971476	57.095947265625	10062	2023/11/22 
2023/11/23 	57.09594628010851	57.09594628010851	56.72876838053602	56.912357330322266	18000	2023/11/23 
2023/11/24 	57.095947265625	57.095947265625	57.095947265625	57.095947265625	3000	2023/11/24 
2023/11/27 	57.55491769978719	57.830299377441406	57.55491769978719	57.830299377441406	19400	2023/11/27 
2023/11/28 	57.922091909101106	58.65644771594763	57.830299184079294	58.56465148925781	21988	2023/11/28 
2023/11/29 	58.8400363750841	63.33795017982597	58.8400363750841	61.50206756591797	58827	2023/11/29 
2023/11/30 	62.14461898803711	64.53127180861371	62.05282626493859	62.14461898803711	50158	2023/11/30 
2023/12/01 	62.420007324218744	64.43947534807957	62.420007324218744	64.25588989257812	13074	2023/12/01 
2023/12/04 	63.337947845458984	63.61333302873022	62.51179929898142	63.337947845458984	14653	2023/12/04 
2023/12/05 	63.15435694251866	63.613327539474945	62.32820846733025	63.062557220458984	16474	2023/12/05 
2023/12/06 	63.61333036614654	63.61333036614654	62.236418514094325	62.78718185424805	24053	2023/12/06 
2023/12/07 	62.787180549374334	62.787180549374334	61.86923933374996	62.60358810424805	6702	2023/12/07 
2023/12/08 	62.603593539318275	62.87897872924805	60.67591821981881	62.87897872924805	32417	2023/12/08 
2023/12/11 	63.52153062646128	65.90818343884482	62.14461877470271	64.3476791381836	202006	2023/12/11 
2023/12/12 	64.25588832182042	64.25588832182042	61.961035167469696	62.420005798339844	21857	2023/12/12 
2023/12/13 	62.14462061848334	62.420005798339844	62.14462061848334	62.420005798339844	6000	2023/12/13 
2023/12/14 	62.51179929898142	63.337947845458984	62.51179929898142	63.337947845458984	8501	2023/12/14 
2023/12/15 	63.337947845458984	63.337947845458984	63.337947845458984	63.337947845458984	1001	2023/12/15 
2023/12/18 	62.32821307283302	64.1640955963136	62.32821307283302	62.420005798339844	7515	2023/12/18 
2023/12/19 	62.23642447853995	62.511802673339844	60.58412729639459	62.511802673339844	12105	2023/12/19 
2023/12/20 	62.511802673339844	62.511802673339844	62.511802673339844	62.511802673339844	26	2023/12/20 
2023/12/21 	62.511802673339844	62.511802673339844	62.511802673339844	62.511802673339844	0	2023/12/21 
2023/12/22 	62.511802673339844	62.511802673339844	62.511802673339844	62.511802673339844	0	2023/12/22 
2023/12/25 	62.511798523846664	62.511798523846664	62.14462061848334	62.420005798339844	13000	2023/12/25 
2023/12/26 	62.420007324218744	62.420007324218744	61.50206604003906	61.961036682128906	20236	2023/12/26 
2023/12/27 	60.308740328742495	60.58412551879883	59.66618422305945	60.58412551879883	12607	2023/12/27 
2023/12/28 	60.58412551879883	60.58412551879883	60.40054006098548	60.58412551879883	6132	2023/12/28 
2023/12/29 	60.40054014824696	61.3184814453125	60.40054014824696	61.3184814453125	10100	2023/12/29 
2024/01/02 	61.3184814453125	61.3184814453125	61.3184814453125	61.3184814453125	0	2024/01/02 
2024/01/03 	60.58412551879883	60.85951070885516	60.58412551879883	60.58412551879883	13000	2024/01/03 
2024/01/04 	60.58412551879883	60.58412551879883	60.58412551879883	60.58412551879883	0	2024/01/04 
2024/01/05 	60.67591605987455	60.8595085144043	60.584123334277706	60.8595085144043	3032	2024/01/05 
2024/01/08 	60.7677087854714	60.95130124000114	60.584123334277706	60.8595085144043	30810	2024/01/08 
2024/01/09 	60.58412551879883	60.58412551879883	60.58412551879883	60.58412551879883	2000	2024/01/09 
2024/01/10 	60.76770782470703	60.76770782470703	60.76770782470703	60.76770782470703	1505	2024/01/10 
2024/01/11 	59.941567137048274	60.125152587890625	59.941567137048274	60.125152587890625	4000	2024/01/11 
2024/01/12 	60.125152587890625	60.125152587890625	60.125152587890625	60.125152587890625	0	2024/01/12 
2024/01/15 	60.125152587890625	60.125152587890625	60.125152587890625	60.125152587890625	0	2024/01/15 
2024/01/16 	59.666181692622146	62.32821273803711	59.666181692622146	62.32821273803711	12790	2024/01/16 
2024/01/17 	60.67591510056147	61.04309300047966	60.5841223764159	60.76770782470703	33800	2024/01/17 
2024/01/18 	60.5841223764159	61.226678448770784	60.5841223764159	60.76770782470703	17500	2024/01/18 
2024/01/19 	60.400540474063625	61.50206723514968	59.20721398010678	61.410274505615234	26428	2024/01/19 
2024/01/22 	60.584123218332536	60.584123218332536	60.125152587890625	60.125152587890625	21000	2024/01/22 
2024/01/23 	59.66618129076264	59.941566467285156	59.66618129076264	59.941566467285156	14000	2024/01/23 
2024/01/24 	60.58412172383966	60.58412172383966	58.74823924735967	59.023624420166016	37400	2024/01/24 
2024/01/25 	59.39079651945814	59.39079651945814	57.922091909101106	58.56465148925781	38300	2024/01/25 
2024/01/26 	58.74824196992657	58.931827424748114	57.83030068914646	58.105682373046875	98540	2024/01/26 
2024/01/29 	58.197478061872516	58.74824142456055	58.01388910708715	58.74824142456055	19322	2024/01/29 
2024/01/30 	58.74824142456055	58.74824142456055	58.74824142456055	58.74824142456055	7000	2024/01/30 
2024/01/31 	58.93182469367333	59.023624420166016	58.74823924735967	59.023624420166016	7526	2024/01/31 
2024/02/01 	59.115421295166016	59.115421295166016	59.115421295166016	59.115421295166016	2000	2024/02/01 
2024/02/02 	59.66617965698242	59.66617965698242	58.93182387525449	59.66617965698242	21000	2024/02/02 
2024/02/05 	59.757972717285156	60.12515061022852	59.757972717285156	59.757972717285156	14000	2024/02/05 
2024/02/15 	61.68564907283454	61.68564907283454	59.666181128288386	60.76770782470703	66732	2024/02/15 
2024/02/16 	60.40054006098548	61.31848135672485	60.40054006098548	60.58412551879883	16600	2024/02/16 
2024/02/19 	61.1348850272817	62.42000416066852	60.95129958108466	62.14461898803711	86753	2024/02/19 
2024/02/20 	62.14462136092361	62.14462136092361	61.043094635009766	61.043094635009766	14012	2024/02/20 
2024/02/21 	61.226679241817536	61.68564987182617	61.226679241817536	61.68564987182617	30700	2024/02/21 
2024/02/22 	61.961036015048386	62.23642119867194	61.68565083142482	61.77745056152344	2598	2024/02/22 
2024/02/23 	62.05282789297652	62.420005798339844	61.961035167469696	62.420005798339844	15850	2024/02/23 
2024/02/26 	62.6035887333342	65.26561968606204	62.05282539909225	64.16409301757812	49388	2024/02/26 
2024/02/27 	64.89843949302544	65.44920981106324	64.53126861878093	65.26561737060547	24313	2024/02/27 
2024/02/29 	65.17382896395866	65.44921414119709	64.5312728881836	64.5312728881836	25215	2024/02/29 
2024/03/01 	65.1738276499059	65.1738276499059	64.25588641540018	64.3476791381836	29537	2024/03/01 
2024/03/04 	64.25588989257812	65.35741663225926	64.25588989257812	64.25588989257812	13586	2024/03/04 
2024/03/05 	63.429737903677875	64.3476791381836	63.429737903677875	64.3476791381836	9275	2024/03/05 
2024/03/06 	62.60358758270151	63.796913954405944	62.60358758270151	63.15435791015625	4551	2024/03/06 
2024/03/07 	63.337947845458984	63.337947845458984	63.337947845458984	63.337947845458984	3001	2024/03/07 
2024/03/08 	62.42000362368297	62.69538879394531	62.42000362368297	62.69538879394531	9842	2024/03/08 
2024/03/11 	61.134889313675544	61.96103788615826	61.134889313675544	61.410274505615234	2400	2024/03/11 
2024/03/12 	61.134886691194836	61.685650048111974	60.584123334277706	60.8595085144043	46279	2024/03/12 
2024/03/13 	60.584123218332536	60.584123218332536	60.125152587890625	60.125152587890625	22432	2024/03/13 
2024/03/14 	59.75797686351435	59.941569324392255	59.39079894509482	59.849769592285156	31437	2024/03/14 
2024/03/15 	59.207211210894634	59.39079666137695	59.207211210894634	59.39079666137695	4232	2024/03/15 
2024/03/18 	59.39079666137695	59.39079666137695	59.39079666137695	59.39079666137695	0	2024/03/18 
2024/03/19 	58.74823924735967	59.207209866479666	58.74823924735967	59.023624420166016	11432	2024/03/19 
2024/03/20 	59.11542087559191	59.11542087559191	58.28927230834961	58.28927230834961	34229	2024/03/20 
2024/03/21 	58.28927078843117	58.74824142456055	58.28927078843117	58.74824142456055	4152	2024/03/21 
2024/03/22 	58.289269478296134	58.47285842895508	58.19747675380066	58.47285842895508	13717	2024/03/22 
2024/03/25 	58.47285842895508	58.47285842895508	58.47285842895508	58.47285842895508	0	2024/03/25 
2024/03/26 	58.19747782225581	58.38106327461724	56.91235864571755	57.187740325927734	71374	2024/03/26 
2024/03/27 	57.73850631713867	57.73850631713867	57.73850631713867	57.73850631713867	110	2024/03/27 
2024/03/28 	57.73850763042391	59.66618290833361	57.73850763042391	58.01388931274414	18403	2024/03/28 
2024/03/29 	58.10567920926893	58.38106087817517	58.013886486856144	58.19747543334961	30004	2024/03/29 
2024/04/01 	58.65644791207206	58.65644791207206	57.830299377441406	57.830299377441406	10000	2024/04/01 
2024/04/02 	57.830299377441406	58.105681055095616	57.64671042511592	57.830299377441406	25059	2024/04/02 
2024/04/03 	57.37132874746171	57.830299377441406	56.912358117482015	57.830299377441406	19626	2024/04/03 
2024/04/08 	57.83029857758552	57.83029857758552	56.72876838053602	56.912357330322266	31001	2024/04/08 
2024/04/09 	56.72876739501953	57.09594528821325	56.45338572595819	56.72876739501953	42778	2024/04/09 
2024/04/10 	57.00415180867919	59.66618290833361	57.00415180867919	58.01388931274414	15803	2024/04/10 
2024/04/11 	59.48259735107422	59.48259735107422	59.48259735107422	59.48259735107422	2	2024/04/11 
2024/04/12 	58.93182841435122	58.93182841435122	57.27953828320294	58.28927230834961	16599	2024/04/12 
2024/04/15 	57.830299914196864	59.115419090735124	57.187740325927734	57.187740325927734	18119	2024/04/15 
2024/04/16 	57.27953576116431	57.27953576116431	56.269798278808594	56.269798278808594	33421	2024/04/16 
2024/04/17 	55.99441660240904	56.91235785818623	55.99441660240904	56.269798278808594	10015	2024/04/17 
2024/04/18 	56.545181486776286	56.63697771584118	55.810829162597656	55.810829162597656	14543	2024/04/18 
2024/04/19 	55.99441673015726	56.17800568206515	53.05700400463508	53.24059295654297	139692	2024/04/19 
2024/04/22 	55.16826784948721	55.26006407569624	51.496502841157465	53.148799896240234	78215	2024/04/22 
2024/04/23 	51.95547186221172	52.8734130859375	50.3031783598389	52.8734130859375	82116	2024/04/23 
2024/04/24 	52.59803258229773	52.78162153143632	52.23085818568851	52.32265090942383	17132	2024/04/24 
2024/04/25 	52.41444515495147	53.42418265369627	50.30318093272951	51.86368179321289	79038	2024/04/25 
2024/04/26 	52.13906196028524	52.32265090942383	51.40470966539885	52.32265090942383	9002	2024/04/26 
2024/04/29 	52.23085818568851	52.414443633159145	51.86368028741134	52.32265090942383	10051	2024/04/29 
2024/04/30 	52.414443633159145	52.414443633159145	52.32265090942383	52.32265090942383	37	2024/04/30 
2024/05/02 	52.3226500919887	52.3226500919887	51.40470886230469	51.40470886230469	2037	2024/05/02 
2024/05/03 	51.40470886230469	51.49650158460593	50.486767632620676	51.40470886230469	19269	2024/05/03 
2024/05/06 	51.404709847817344	53.24059234238224	51.22112089802726	51.58829879760742	27503	2024/05/06 
2024/05/07 	51.58829879760742	51.58829879760742	51.58829879760742	51.58829879760742	0	2024/05/07 
2024/05/08 	51.31291940825511	52.965213026591584	49.56882956010277	49.752418518066406	61290	2024/05/08 
2024/05/09 	49.660621309101565	49.75241753710752	47.273975407635724	49.56882858276367	290538	2024/05/09 
2024/05/10 	48.83447626705634	50.02779921778926	48.83447626705634	49.56882858276367	23635	2024/05/10 
2024/05/13 	51.03753063357641	52.047268080578355	49.93600396654574	51.31291580200195	7253	2024/05/13 
2024/05/14 	52.32265266179019	53.5159756186553	52.32265266179019	53.4241828918457	53604	2024/05/14 
2024/05/15 	53.24058964726162	55.26006098938786	53.24058964726162	54.06673812866211	55501	2024/05/15 
2024/05/16 	53.88315287603082	54.06674182909252	50.853947406350784	53.3323860168457	16007	2024/05/16 
2024/05/17 	52.689829602487315	53.24059295654297	51.68009211782794	53.24059295654297	22007	2024/05/17 
2024/05/20 	52.414443908889645	53.88315200805664	52.414443908889645	53.88315200805664	9107	2024/05/20 
2024/05/21 	53.791358947753906	53.791358947753906	53.791358947753906	53.791358947753906	1	2024/05/21 
2024/05/22 	53.791358947753906	53.791358947753906	53.791358947753906	53.791358947753906	0	2024/05/22 
2024/05/23 	53.0570036700312	53.148799896240234	52.68982927019901	53.148799896240234	9002	2024/05/23 
2024/05/24 	52.506243355030335	52.59803608487827	51.680094779726225	52.23086166381836	22454	2024/05/24 
2024/05/27 	52.23086166381836	52.59803608487827	52.047272702454315	52.23086166381836	15001	2024/05/27 
2024/05/28 	51.95547418452694	51.95547418452694	51.771888732910156	51.771888732910156	5002	2024/05/28 
2024/05/29 	51.77188982840161	51.77188982840161	50.394977902132084	50.48677062988281	5001	2024/05/29 
2024/05/30 	50.48677062988281	50.48677062988281	50.48677062988281	50.48677062988281	0	2024/05/30 
2024/05/31 	51.312918038171034	53.42418224421057	51.312918038171034	53.3323860168457	10603	2024/05/31 
2024/06/03 	51.863678969345514	52.23085685829121	51.31291563759483	52.04726791381836	7001	2024/06/03 
2024/06/04 	51.404713007601245	51.49650573730469	51.404713007601245	51.49650573730469	4045	2024/06/04 
2024/06/05 	51.588300654495725	52.873416345947305	51.22112274169922	51.22112274169922	15540	2024/06/05 
2024/06/06 	51.588298614537436	52.32265090942383	51.221120716260266	52.32265090942383	7092	2024/06/06 
2024/06/07 	53.14880042794609	53.24059315340545	52.32265189213984	52.50624084472656	14628	2024/06/07 
2024/06/11 	53.24059295654297	54.34212316632229	53.05700400463508	53.24059295654297	22138	2024/06/11 
2024/06/12 	53.69956621813377	54.15853686957081	53.42418452760518	53.791358947753906	13405	2024/06/12 
2024/06/13 	55.42139881874606	55.51728578768284	52.736625869652	53.59959030151367	51268	2024/06/13 
2024/06/14 	54.55843898463575	54.55843898463575	53.503704254441395	54.366668701171875	3301	2024/06/14 
2024/06/17 	53.5995912250303	54.366668701171875	53.5995912250303	54.366668701171875	3052	2024/06/17 
2024/06/18 	54.65432357788086	54.65432357788086	54.65432357788086	54.65432357788086	1	2024/06/18 
2024/06/19 	53.98312759399414	54.654321750543595	53.791357312449456	53.98312759399414	31224	2024/06/19 
2024/06/20 	54.07901673915897	54.17490005493164	53.98312976567226	54.17490005493164	30010	2024/06/20 
2024/06/21 	54.174897875538825	54.36666815708351	53.98312759399414	53.98312759399414	12146	2024/06/21 
2024/06/24 	54.558438842825616	56.572017669677734	54.558438842825616	56.572017669677734	9001	2024/06/24 
2024/06/25 	56.57201708693457	56.57201708693457	54.94197518509029	55.32551574707031	30712	2024/06/25 
2024/06/26 	55.61317135994895	55.61317135994895	54.46255328992444	54.65432357788086	17917	2024/06/26 
2024/06/27 	54.846092224121094	55.03786250633723	54.65432194190497	54.846092224121094	17001	2024/06/27 
2024/06/28 	55.0378632497188	55.133746563264985	54.750205993652344	54.750205993652344	37520	2024/06/28 
2024/07/01 	54.750205993652344	54.750205993652344	54.750205993652344	54.750205993652344	0	2024/07/01 
2024/07/02 	55.133744574863535	55.804938718622026	54.94197429697342	55.4213981628418	14841	2024/07/02 
2024/07/03 	55.22962788495168	55.4213981628418	55.22962788495168	55.4213981628418	6000	2024/07/03 
2024/07/04 	55.32551791948773	55.51728820800781	55.13374763096765	55.51728820800781	13036	2024/07/04 
2024/07/05 	55.13374763096765	55.61317152341085	55.13374763096765	55.51728820800781	18102	2024/07/05 
2024/07/08 	55.80493984769217	58.585596131359935	55.325515972123874	57.05144119262695	50410	2024/07/08 
2024/07/09 	58.29794290093868	58.29794290093868	55.996710478495395	56.572017669677734	115286	2024/07/09 
2024/07/10 	57.14732577835786	60.79095024005731	57.14732577835786	60.40740966796875	146719	2024/07/10 
2024/07/11 	59.927984864115516	60.31152543033143	59.64033126831055	59.64033126831055	8929	2024/07/11 
2024/07/12 	60.40740725868626	63.76337432861328	60.215636980290526	63.76337432861328	87245	2024/07/12 
2024/07/15 	63.4757181337748	63.4757181337748	61.366256009615384	62.325103759765625	15004	2024/07/15 
2024/07/16 	61.36625650085429	61.46213981355131	59.4485609852026	59.64033126831055	46112	2024/07/16 
2024/07/17 	58.68148310110193	58.68148310110193	57.05144119262695	57.05144119262695	37854	2024/07/17 
2024/07/18 	57.051440297874095	57.6267474764478	57.051440297874095	57.14732360839844	11050	2024/07/18 
2024/07/19 	57.24321112354106	58.01028858820597	57.24321112354106	57.53086471557617	20500	2024/07/19 
2024/07/22 	57.914405822753906	58.20205941750087	57.7226355403513	57.914405822753906	15160	2024/07/22 
2024/07/23 	58.20205817287897	58.96913562837194	58.20205817287897	58.48971176147461	9000	2024/07/23 
2024/07/26 	58.01028823852539	58.01028823852539	58.01028823852539	58.01028823852539	1000	2024/07/26 
2024/07/29 	57.91440783763375	58.10617446899414	57.818520864239524	58.10617446899414	30350	2024/07/29 
2024/07/30 	58.48971467687016	58.58559799194336	58.48971467687016	58.58559799194336	9750	2024/07/30 
2024/07/31 	60.69506162577955	60.69506162577955	58.87325310194165	60.599178314208984	14046	2024/07/31 
2024/08/01 	60.40741040629725	60.40741040629725	59.44856262207031	59.44856262207031	12002	2024/08/01 
2024/08/02 	58.58559762708431	59.44856208822478	58.58559762708431	59.06502151489258	14500	2024/08/02 
2024/08/05 	58.96913894097203	59.16090923004645	57.72263754855933	58.10617446899414	58225	2024/08/05 
2024/08/06 	57.62674857029304	58.68148329465044	57.62674857029304	57.914405822753906	14300	2024/08/06 
2024/08/07 	58.202059802256166	58.297943115234375	58.01028951858582	58.297943115234375	9185	2024/08/07 
2024/08/08 	57.33909354378343	57.626747131347656	57.33909354378343	57.626747131347656	4000	2024/08/08 
2024/08/09 	58.48971483784337	59.44856262207031	58.29794454945518	59.44856262207031	77033	2024/08/09 
2024/08/12 	58.48971265746587	58.48971265746587	57.53086490898283	58.393829345703125	46250	2024/08/12 
2024/08/13 	58.29794253756174	58.489712819331835	55.61316956592207	57.05144119262695	167140	2024/08/13 
2024/08/14 	57.051443364493934	57.24321365356445	56.95556004881569	57.24321365356445	131834	2024/08/14 
2024/08/15 	57.53086725948491	58.10617446899414	57.53086725948491	58.10617446899414	28000	2024/08/15 
2024/08/16 	58.10617446899414	58.10617446899414	58.10617446899414	58.10617446899414	0	2024/08/16 
2024/08/19 	58.777366606994796	58.777366606994796	57.53086525794869	57.914405822753906	36039	2024/08/19 
2024/08/20 	57.62674767964795	58.01028823852539	57.62674767964795	58.01028823852539	3144	2024/08/20 
2024/08/21 	58.202059802256166	58.48971339890471	58.10617283156403	58.297943115234375	18000	2024/08/21 
2024/08/22 	58.20205817287897	58.48971176147461	57.91440458428334	58.48971176147461	22000	2024/08/22 
2024/08/23 	58.297943115234375	58.297943115234375	58.297943115234375	58.297943115234375	6000	2024/08/23 
2024/08/26 	59.256790875872156	59.256790875872156	57.53086563826693	58.297943115234375	28000	2024/08/26 
2024/08/27 	58.297943115234375	58.297943115234375	58.297943115234375	58.297943115234375	0	2024/08/27 
2024/08/28 	58.297943115234375	58.297943115234375	58.297943115234375	58.297943115234375	0	2024/08/28 
2024/08/29 	59.35267639160156	59.35267639160156	59.35267639160156	59.35267639160156	1	2024/08/29 
2024/08/30 	56.66790028175698	57.53086471557617	56.57201697031657	57.53086471557617	16000	2024/08/30 
2024/09/02 	57.53086471557617	57.53086471557617	57.53086471557617	57.53086471557617	0	2024/09/02 
2024/09/03 	57.33909606933594	57.33909606933594	57.33909606933594	57.33909606933594	6060	2024/09/03 
2024/09/04 	57.3390953291551	57.81851920926127	57.3390953291551	57.43498229980469	12675	2024/09/04 
2024/09/05 	56.859670910856856	57.62674838022335	56.859670910856856	57.05144119262695	13000	2024/09/05 
2024/09/06 	56.572017669677734	56.572017669677734	56.572017669677734	56.572017669677734	10	2024/09/06 
2024/09/09 	56.572017669677734	56.572017669677734	56.572017669677734	56.572017669677734	0	2024/09/09 
2024/09/10 	56.5720183931548	56.5720183931548	55.6131706237793	55.6131706237793	10371	2024/09/10 
2024/09/11 	55.70905393763126	55.80494090919719	55.4214003383614	55.6131706237793	22036	2024/09/11 
2024/09/12 	55.32551702450944	55.6131706237793	55.32551702450944	55.6131706237793	8720	2024/09/12 
2024/09/13 	56.09259504572738	56.188478360497726	55.99671173095703	55.99671173095703	20000	2024/09/13 
2024/09/16 	56.572017669677734	56.572017669677734	56.572017669677734	56.572017669677734	1035	2024/09/16 
2024/09/18 	55.61316972724454	55.80494000957093	55.61316972724454	55.70905303955078	15408	2024/09/18 
2024/09/19 	55.61316972724454	55.70905303955078	55.61316972724454	55.70905303955078	2224	2024/09/19 
2024/09/20 	55.42139944491816	55.70905303955078	55.42139944491816	55.70905303955078	9092	2024/09/20 
2024/09/23 	55.80493927001953	55.80493927001953	55.80493927001953	55.80493927001953	86	2024/09/23 
2024/09/24 	55.8049396206884	55.8049396206884	55.22962877771837	55.32551574707031	6308	2024/09/24 
2024/09/25 	55.22962951660156	55.42139980015715	54.84609260720431	55.22962951660156	10763	2024/09/25 
2024/09/26 	54.17489915652054	54.65432304286143	54.07901584233795	54.270782470703125	16211	2024/09/26 
2024/09/27 	53.8872455562588	54.270782470703125	53.8872455562588	54.270782470703125	10100	2024/09/27 
2024/09/30 	53.88724666819779	53.88724666819779	52.736628585694376	52.83251190185547	45069	2024/09/30 
2024/10/01 	52.736628050065	52.736628050065	51.394239691159555	51.58600997924805	49480	2024/10/01 
2024/10/04 	51.01070022583008	51.68189437177136	50.818929947316306	51.01070022583008	17385	2024/10/04 
2024/10/07 	50.818931037668754	50.818931037668754	50.3395071599549	50.43539047241211	28841	2024/10/07 
2024/10/08 	50.339508056640625	50.62716165685006	49.860084170386905	50.339508056640625	10579	2024/10/08 
2024/10/09 	49.76419958705839	50.339506772804896	49.76419958705839	50.05185317993164	2351	2024/10/09 
2024/10/11 	49.66831407848602	49.66831407848602	48.23004241410295	48.99711990356445	26539	2024/10/11 
2024/10/14 	47.7985613346543	48.421813867319294	45.305558519422505	45.59321212768555	107053	2024/10/14 
2024/10/15 	46.36028959517796	47.894448267432495	46.264406278411954	46.69588851928711	58135	2024/10/15 
2024/10/16 	46.12057621057549	46.50411678113436	45.11378678500095	45.54526901245117	24924	2024/10/16 
2024/10/17 	45.06584607535304	45.06584607535304	42.6687266032598	43.24403381347656	65908	2024/10/17 
2024/10/18 	43.10020883977939	43.24403381347656	43.10020883977939	43.24403381347656	8146	2024/10/18 
2024/10/21 	43.148148478547554	43.148148478547554	42.76460791787492	43.05226516723633	34251	2024/10/21 
2024/10/22 	42.62078497483136	42.71666829069577	40.31954881694501	41.27839660644531	55800	2024/10/22 
2024/10/23 	41.70987578445662	43.579629568406055	41.56604716349368	42.28518295288086	28138	2024/10/23 
2024/10/24 	41.90164961138002	43.6275749206543	41.56605068659269	43.6275749206543	17255	2024/10/24 
2024/10/25 	43.6275720473151	44.538478129296315	43.6275720473151	44.394649505615234	29398	2024/10/25 
2024/10/28 	43.62757402144228	43.77140265163154	43.483745391253024	43.72345733642578	28101	2024/10/28 
2024/10/29 	43.627573100627714	43.627573100627714	42.81255396732793	42.95637893676758	11000	2024/10/29 
2024/10/30 	43.14814830461003	43.29197692871094	43.14814830461003	43.29197692871094	2251	2024/10/30 
2024/11/01 	42.668724060058594	42.668724060058594	42.668724060058594	42.668724060058594	3000	2024/11/01 
2024/11/04 	42.18930124682049	42.285184559295885	41.08662486478394	41.23045349121094	32168	2024/11/04 
2024/11/05 	40.271604260013056	40.41543288117004	39.55246846965568	40.079833984375	58841	2024/11/05 
2024/11/06 	39.792184066772464	39.792184066772464	38.353912353515625	38.353912353515625	85245	2024/11/06 
2024/11/07 	38.353910714639866	38.97716322683835	38.353910714639866	38.54568099975586	21300	2024/11/07 
2024/11/08 	39.26481811774615	39.26481811774615	38.785394218036714	38.833335876464844	19552	2024/11/08 
2024/11/11 	39.16892876784053	39.16892876784053	38.7374502104396	38.88127517700195	10696	2024/11/11 
2024/11/12 	38.2100837191043	38.353912353515625	38.2100837191043	38.353912353515625	10000	2024/11/12 
2024/11/13 	38.353909433545205	38.78539164621536	38.258026123046875	38.258026123046875	16354	2024/11/13 
2024/11/14 	38.545680820379495	38.83333441785788	38.545680820379495	38.78539276123047	6100	2024/11/14 
2024/11/15 	38.5456799557596	39.983951568603516	38.35390967583764	39.983951568603516	28124	2024/11/15 
2024/11/18 	40.7989699275013	44.106995307074655	40.7989699275013	43.14814758300781	73679	2024/11/18 
2024/11/19 	43.627571222822446	43.72345453165523	42.28518295288086	42.28518295288086	4452	2024/11/19 
2024/11/20 	42.23724365234375	43.100208110786845	42.141360338167395	42.23724365234375	38351	2024/11/20 
2024/11/21 	42.189300887886134	42.189300887886134	41.709877014160156	41.709877014160156	33042	2024/11/21 
2024/11/22 	41.70987881431961	42.381072998046875	41.42222520921194	42.381072998046875	7003	2024/11/22 
2024/11/25 	41.70987810407366	41.70987810407366	39.840124216141355	40.2716064453125	30522	2024/11/25 
2024/11/26 	40.94279989607085	41.23045349121094	40.894858239833155	41.23045349121094	24001	2024/11/26 
2024/11/27 	40.55925840183216	40.75102868010483	40.271604813280064	40.463375091552734	192000	2024/11/27 
2024/11/28 	40.463375091552734	40.463375091552734	40.463375091552734	40.463375091552734	0	2024/11/28 
2024/11/29 	40.55925789382511	41.18251037597656	40.55925789382511	41.18251037597656	3021	2024/11/29 
2024/12/02 	41.18251037597656	41.18251037597656	41.18251037597656	41.18251037597656	1	2024/12/02 
2024/12/03 	41.23045385024127	41.23045385024127	40.75102996826172	40.75102996826172	1421	2024/12/03 
2024/12/04 	41.23045186236254	41.85370434197214	41.23045186236254	41.42222213745117	34002	2024/12/04 
2024/12/05 	41.61399605508292	42.14136161445251	41.47016742174844	41.66193771362305	18001	2024/12/05 
2024/12/06 	41.99752970685521	42.14135832897634	41.32633556647961	41.80575942993164	20504	2024/12/06 
2024/12/09 	41.70987810894585	42.33313062423408	41.70987810894585	42.23724365234375	60506	2024/12/09 
2024/12/10 	41.61399405654033	41.75781902525341	41.23045349121094	41.23045349121094	16001	2024/12/10 
2024/12/11 	41.08662324161763	41.42222213745117	40.751028003497865	41.42222213745117	12532	2024/12/11 
2024/12/12 	40.84691364573138	40.84691364573138	39.79218255905878	40.2716064453125	13001	2024/12/12 
2024/12/13 	40.2716064453125	40.2716064453125	40.2716064453125	40.2716064453125	0	2024/12/13 
2024/12/16 	39.792183811416514	40.559261322021484	39.792183811416514	40.559261322021484	3001	2024/12/16 
2024/12/17 	40.27160697535364	40.655147552490234	40.27160697535364	40.655147552490234	2002	2024/12/17 
2024/12/18 	40.75103161410125	41.1825138568522	40.463378004838646	40.559261322021484	10003	2024/12/18 
2024/12/19 	40.51131948404412	40.51131948404412	39.79218363521494	39.936012268066406	17132	2024/12/19 
2024/12/20 	39.88806587322393	40.2716064453125	39.69629924489362	40.2716064453125	7152	2024/12/20 
2024/12/23 	39.74424036881641	40.46337618854995	39.50452842890523	39.888065338134766	18531	2024/12/23 
2024/12/24 	39.888066054223536	40.03189468383789	39.840124396923414	40.03189468383789	13062	2024/12/24 
2024/12/25 	39.79218273962329	40.03189468383789	39.79218273962329	40.03189468383789	10094	2024/12/25 
2024/12/26 	39.74424108232317	40.03189468383789	39.64835411000894	40.03189468383789	4010	2024/12/26 
2024/12/27 	40.03189468383789	40.03189468383789	39.64835411000894	40.03189468383789	3259	2024/12/27 
2024/12/30 	39.79218292236328	39.93601155263815	39.3127590317324	39.79218292236328	20150	2024/12/30 
2024/12/31 	40.03189305098572	40.223663330078125	39.312757247674604	40.223663330078125	13061	2024/12/31 
2025/01/02 	40.223662437288525	40.31954574584961	39.792180233336104	40.31954574584961	16015	2025/01/02 
2025/01/03 	40.31954878896615	42.381072998046875	40.31954878896615	42.381072998046875	23763	2025/01/03 
2025/01/06 	42.86049541697413	43.10020735593068	42.189301256353005	42.3331298828125	47616	2025/01/06 
2025/01/07 	42.33312933609754	42.33312933609754	41.230452968052454	41.949588775634766	1004	2025/01/07 
2025/01/08 	41.901647837821294	42.189301434239226	41.70987755430469	42.09341812133789	14502	2025/01/08 
2025/01/09 	42.189300887886134	42.189300887886134	41.51810673312699	41.709877014160156	8051	2025/01/09 
2025/01/10 	41.08662683799924	41.70987937216318	41.08662683799924	41.66193771362305	1032	2025/01/10 
2025/01/13 	41.08662557905925	41.613994779983756	41.08662557905925	41.37428283691406	8036	2025/01/13 
2025/01/14 	41.37428211763794	41.37428211763794	40.75102961340616	41.23045349121094	10051	2025/01/14 
2025/01/15 	41.23045439000503	41.23045439000503	40.751030501749156	41.13457107543945	5008	2025/01/15 
2025/01/16 	40.751030144018	41.61399459838867	40.751030144018	41.61399459838867	2002	2025/01/16 
2025/01/17 	41.42222431322697	41.61399459838867	41.42222431322697	41.61399459838867	4	2025/01/17 
2025/01/20 	41.42222523795598	41.42222523795598	41.27839660644531	41.27839660644531	7002	2025/01/20 
2025/01/21 	41.27839660644531	41.27839660644531	41.27839660644531	41.27839660644531	0	2025/01/21 
2025/01/22 	40.607202980612904	40.75103161410125	40.559261322021484	40.559261322021484	17000	2025/01/22 
2025/02/03 	41.038682095301525	41.038682095301525	40.703086853027344	40.703086853027344	8003	2025/02/03 
2025/02/04 	40.65514720188144	40.65514720188144	39.888066054223536	40.03189468383789	32037	2025/02/04 
2025/02/05 	40.12777890158293	40.12777890158293	39.16893110314402	39.936012268066406	32543	2025/02/05 
2025/02/06 	39.7442416365602	39.88806661046621	39.31275939941406	39.31275939941406	60055	2025/02/06 
2025/02/07 	39.64835211631519	40.17572129324005	39.31275687437555	39.60041046142578	41495	2025/02/07 
2025/02/10 	38.353908595221796	39.45658493041992	38.353908595221796	39.45658493041992	1055	2025/02/10 
2025/02/11 	39.36069830208607	39.40863995669877	38.83333278591882	38.9771614074707	13062	2025/02/11 
2025/02/12 	39.21687316894531	39.21687316894531	39.21687316894531	39.21687316894531	11	2025/02/12 
2025/02/13 	39.21687536851957	39.312758682708875	38.641564510241786	39.16893005371094	12294	2025/02/13 
2025/02/14 	38.545680468197325	39.26481628417969	38.545680468197325	39.26481628417969	8046	2025/02/14 
2025/02/17 	39.26481628417969	39.26481628417969	38.83333406304749	39.26481628417969	7547	2025/02/17 
2025/02/18 	38.833335161110696	39.21687573689863	38.54568155812675	38.68950653076172	41400	2025/02/18 
2025/02/19 	38.68950507126381	38.83333369618709	38.545680104054405	38.641563415527344	18308	2025/02/19 
2025/02/20 	38.68950455544749	40.271604777655185	38.40185096714986	39.36069869995117	36179	2025/02/20 
2025/02/21 	40.2716064453125	41.70987810407366	40.2716064453125	40.2716064453125	114309	2025/02/21 
2025/02/24 	41.23045552827934	41.23045552827934	39.1209896301734	39.6963005065918	99007	2025/02/24 
2025/02/25 	39.21687555157492	39.69629944018727	38.64156469061172	38.92921829223633	65760	2025/02/25 
2025/02/26 	39.26481465590106	39.45658493041992	38.449791903624345	39.45658493041992	11303	2025/02/26 
2025/02/27 	39.60041023286335	39.648351887476046	38.78539113130612	38.9771614074707	11205	2025/02/27 
2025/03/03 	38.737449645996094	39.07304488746549	38.689504333460064	38.737449645996094	16301	2025/03/03 
2025/03/04 	39.07304672464561	39.07304672464561	37.49094643712651	38.30596923828125	23790	2025/03/04 
2025/03/05 	38.353909433545205	38.78539164621536	38.16213915483471	38.258026123046875	17135	2025/03/05 
2025/03/06 	37.49094515057302	38.49773820319785	36.484155755662044	36.9156379699707	107362	2025/03/06 
2025/03/07 	36.96358236980097	36.96358236980097	35.33354036011847	36.388275146484375	95997	2025/03/07 
2025/03/10 	36.67592502235851	36.67592502235851	33.655553263314076	35.04588317871094	40628	2025/03/10 
2025/03/11 	34.90206145078656	35.76502227783203	33.751443357011844	35.76502227783203	358760	2025/03/11 
2025/03/12 	35.76502205363365	37.299180721620864	35.6211970788847	37.1074104309082	118648	2025/03/12 
2025/03/13 	37.44300301951313	39.36069847411266	36.91563750104102	38.737449645996094	172100	2025/03/13 
2025/03/14 	39.36070124483546	40.22366572323754	38.92921900563442	39.07304763793945	69101	2025/03/14 
2025/03/17 	40.031892614765255	40.031892614765255	38.40185074681289	38.737449645996094	49045	2025/03/17 
2025/03/18 	38.73745183938687	38.73745183938687	36.91563959127719	37.82654571533203	49774	2025/03/18 
2025/03/19 	37.53889175191689	38.30596923828125	37.53889175191689	38.30596923828125	8001	2025/03/19 
2025/03/20 	38.44979476928711	38.44979476928711	38.44979476928711	38.44979476928711	1	2025/03/20 
2025/03/21 	38.44979476928711	38.44979476928711	38.44979476928711	38.44979476928711	0	2025/03/21 
2025/03/24 	37.73065822061196	39.40864181518555	37.73065822061196	39.40864181518555	46001	2025/03/24 
2025/03/25 	39.31275958663847	39.31275958663847	38.44979510823639	39.07304763793945	27006	2025/03/25 
2025/03/26 	38.545682082344435	39.07304763793945	38.545682082344435	39.07304763793945	1001	2025/03/26 
2025/03/27 	38.78539350356571	39.84012460041151	38.68950653076172	38.68950653076172	9023	2025/03/27 
2025/03/28 	39.26481538975657	39.36069869995117	38.11419737885223	39.36069869995117	30207	2025/03/28 
2025/03/31 	39.31275794036906	39.31275794036906	38.353910185725915	39.26481628417969	14747	2025/03/31 
2025/04/01 	38.40185184191529	39.26481628417969	38.40185184191529	39.26481628417969	6351	2025/04/01 
2025/04/02 	38.737449645996094	38.83333295564055	38.353909091990666	38.737449645996094	19501	2025/04/02 
2025/04/07 	36.91564018527875	36.91564018527875	34.518520692728174	35.14177322387695	49097	2025/04/07 
2025/04/08 	36.675928566699426	36.675928566699426	35.23765685820141	36.627986907958984	10522	2025/04/08 
2025/04/09 	36.77181193386373	36.77181193386373	34.90206163646132	35.52531051635742	112719	2025/04/09 
2025/04/10 	35.81296424666311	37.34712293755926	35.4773689761902	37.25123596191406	30252	2025/04/10 
2025/04/11 	36.43621332275608	37.059465803204525	35.86090615442965	35.90884780883789	32005	2025/04/11 
2025/04/14 	37.20329283164399	37.49094643177532	36.24444505939691	36.34033203125	50039	2025/04/14 
2025/04/15 	37.53889082100374	37.53889082100374	36.100619198094996	36.436214447021484	24002	2025/04/15 
2025/04/16 	36.67592712531149	37.4430046081543	36.62798546845518	37.4430046081543	6002	2025/04/16 
2025/04/17 	36.62798600860387	36.77181098129377	36.53209903576326	36.72386932373047	17002	2025/04/17 
2025/04/18 	36.81975555419922	36.81975555419922	36.81975555419922	36.81975555419922	1001	2025/04/18 
2025/04/21 	37.34712219238281	37.34712219238281	37.34712219238281	37.34712219238281	1	2025/04/21 
2025/04/22 	37.34712219238281	37.34712219238281	37.34712219238281	37.34712219238281	0	2025/04/22 
2025/04/23 	36.43621518331599	37.4430046081543	36.43621518331599	37.4430046081543	9128	2025/04/23 
2025/04/24 	36.627986907958984	37.443006079688885	36.532099932763984	36.627986907958984	25002	2025/04/24 
2025/04/25 	37.53889156021187	37.58683321704344	36.436215164515936	36.58004379272461	4058	2025/04/25 
2025/04/28 	36.58004379272461	36.7718104200509	36.436215164515936	36.58004379272461	39003	2025/04/28 
2025/04/29 	36.62798689326453	37.49094772338867	36.29238796678783	37.49094772338867	15003	2025/04/29 
2025/04/30 	37.49094772338867	37.49094772338867	37.49094772338867	37.49094772338867	1	2025/04/30 
2025/05/02 	37.49094772338867	37.49094772338867	37.49094772338867	37.49094772338867	0	2025/05/02 
2025/05/05 	37.49094624566634	37.49094624566634	36.38827350768437	36.58004379272461	14001	2025/05/05 
2025/05/06 	36.53209775879652	36.58004307239791	35.95679057271857	36.436214447021484	14021	2025/05/06 
2025/05/07 	36.24444542645542	36.24444542645542	35.71707987792153	35.86090850830078	15001	2025/05/07 
2025/05/08 	36.14856156581255	36.58004379272461	36.05267459443545	36.58004379272461	5129	2025/05/08 
2025/05/09 	37.49094463237502	37.63477325439453	37.39506132283788	37.63477325439453	9002	2025/05/09 
2025/05/12 	36.91563886739258	36.91563886739258	36.43621498599787	36.81975555419922	9001	2025/05/12 
2025/05/13 	36.43621355336962	36.53209686279297	36.43621355336962	36.53209686279297	8440	2025/05/13 
2025/05/14 	36.53209686279297	36.53209686279297	36.53209686279297	36.53209686279297	1	2025/05/14 
2025/05/15 	35.62119602934832	36.004732941759116	34.422636319850916	35.47736740112305	71319	2025/05/15 
2025/05/16 	34.950002747439655	35.47736830145908	34.950002747439655	35.38148498535156	5002	2025/05/16 
2025/05/19 	34.422637193420236	35.42942664340532	34.422637193420236	35.38148498535156	701	2025/05/19 
2025/05/20 	35.42942428588867	35.42942428588867	35.42942428588867	35.42942428588867	1	2025/05/20 
2025/05/21 	34.32675021959867	35.38148498535156	34.32675021959867	35.38148498535156	2002	2025/05/21 
2025/05/22 	35.38148498535156	35.38148498535156	35.38148498535156	35.38148498535156	0	2025/05/22 
2025/05/23 	35.38148498535156	35.38148498535156	35.38148498535156	35.38148498535156	0	2025/05/23 
2025/05/26 	35.38148498535156	35.38148498535156	35.38148498535156	35.38148498535156	0	2025/05/26 
2025/05/27 	35.09382629394531	35.09382629394531	35.09382629394531	35.09382629394531	67	2025/05/27 
2025/05/28 	34.4226357930694	35.09382629394531	34.4226357930694	35.09382629394531	2121	2025/05/28 
2025/05/29 	34.51851893259693	35.33353805541992	34.37469030729223	35.33353805541992	6	2025/05/29 
2025/06/02 	34.37469190994759	34.51852054195804	33.99115498744316	34.27880859375	31065	2025/06/02 
2025/06/03 	33.991153366437416	34.470577239990234	33.991153366437416	34.470577239990234	4001	2025/06/03 
2025/06/04 	35.38148498535156	35.38148498535156	33.89526798168677	35.38148498535156	5	2025/06/04 
2025/06/05 	35.38148482719084	35.38148482719084	34.51852035522461	34.51852035522461	5052	2025/06/05 
2025/06/06 	34.854114181356074	35.33353805541992	34.2308653397014	35.33353805541992	3005	2025/06/06 
2025/06/09 	34.32675094275168	35.28559875488281	34.32675094275168	35.28559875488281	2	2025/06/09 
2025/06/10 	35.189714538119006	35.2855978537979	34.326750066152776	34.51852035522461	5013	2025/06/10 
2025/06/11 	34.470577239990234	34.470577239990234	33.799383085473515	34.470577239990234	1059	2025/06/11 
2025/06/12 	33.799384665579254	35.38148498535156	33.799384665579254	35.38148498535156	9010	2025/06/12 
2025/06/13 	35.381482976351315	35.381482976351315	33.847324401744004	34.95000076293945	28173	2025/06/13 
2025/06/16 	34.5	34.5	33.400001525878906	33.79999923706055	37159	2025/06/16 
2025/06/17 	34.45000076293945	34.45000076293945	33.79999923706055	34.25	12012	2025/06/17 
2025/06/18 	33.349998474121094	33.650001525878906	31.799999237060547	32.25	60723	2025/06/18 
2025/06/19 	32.20000076293945	32.20000076293945	31.149999618530273	31.850000381469727	33404	2025/06/19 
2025/06/20 	31.0	31.299999237060547	30.0	31.0	31573	2025/06/20 
2025/06/23 	30.899999618530273	30.899999618530273	30.299999237060547	30.299999237060547	7011	2025/06/23 
2025/06/24 	30.549999237060547	30.549999237060547	29.049999237060547	29.799999237060547	51426	2025/06/24 
2025/06/25 	29.700000762939453	30.5	29.350000381469727	29.649999618530273	23100	2025/06/25 
2025/06/26 	29.600000381469727	31.299999237060547	29.5	30.950000762939453	42438	2025/06/26 
2025/06/27 	31.649999618530273	31.649999618530273	29.600000381469727	30.700000762939453	43180	2025/06/27 
2025/06/30 	30.950000762939453	30.950000762939453	29.049999237060547	29.049999237060547	22227	2025/06/30 
2025/07/01 	28.850000381469727	29.700000762939453	28.25	29.100000381469727	91315	2025/07/01 
2025/07/02 	28.549999237060547	29.100000381469727	28.399999618530273	28.75	50847	2025/07/02 
2025/07/03 	28.600000381469727	29.5	28.450000762939453	29.149999618530273	5162	2025/07/03 
2025/07/04 	29.200000762939453	29.649999618530273	28.450000762939453	29.549999237060547	17021	2025/07/04 
2025/07/07 	29.549999237060547	29.549999237060547	28.600000381469727	29.5	18604	2025/07/07 
2025/07/08 	29.399999618530273	29.399999618530273	27.100000381469727	28.899999618530273	91702	2025/07/08 
2025/07/09 	29.399999618530273	29.399999618530273	28.549999237060547	29.399999618530273	12203	2025/07/09 
2025/07/10 	29.549999237060547	29.549999237060547	28.649999618530273	28.75	32018	2025/07/10 
2025/07/11 	29.450000762939453	29.450000762939453	28.450000762939453	28.600000381469727	43618	2025/07/11 
2025/07/14 	29.0	29.0	28.350000381469727	28.950000762939453	27583	2025/07/14 
2025/07/15 	29.0	29.0	28.0	28.950000762939453	80105	2025/07/15 
2025/07/16 	28.100000381469727	28.899999618530273	28.100000381469727	28.899999618530273	33001	2025/07/16 
2025/07/17 	29.450000762939453	29.450000762939453	28.25	29.049999237060547	62012	2025/07/17 
2025/07/18 	29.350000381469727	30.0	28.600000381469727	29.399999618530273	87085	2025/07/18 
2025/07/21 	30.149999618530273	32.849998474121094	28.799999237060547	31.350000381469727	107397	2025/07/21 
2025/07/22 	31.799999237060547	32.0	29.5	30.149999618530273	30306	2025/07/22 
2025/07/23 	30.0	30.0	29.299999237060547	29.899999618530273	4139	2025/07/23 
2025/07/24 	29.899999618530273	29.950000762939453	29.299999237060547	29.549999237060547	4020	2025/07/24 
2025/07/25 	29.549999237060547	30.0	29.25	29.850000381469727	7772	2025/07/25 
2025/07/28 	29.799999237060547	29.799999237060547	29.799999237060547	29.799999237060547	17	2025/07/28 
2025/07/29 	29.799999237060547	29.799999237060547	29.25	29.799999237060547	67	2025/07/29 
2025/07/30 	29.25	29.799999237060547	29.25	29.799999237060547	9156	2025/07/30 
2025/07/31 	29.799999237060547	29.799999237060547	29.299999237060547	29.799999237060547	2005	2025/07/31 
2025/08/04 	29.25	29.600000381469727	29.25	29.549999237060547	2003	2025/08/04 
2025/08/05 	28.600000381469727	29.25	28.600000381469727	29.25	3088	2025/08/05 
2025/08/06 	28.649999618530273	29.5	28.649999618530273	29.5	1103	2025/08/06 
2025/08/07 	28.600000381469727	29.450000762939453	28.5	29.450000762939453	12175	2025/08/07 
2025/08/08 	29.450000762939453	29.450000762939453	28.700000762939453	28.899999618530273	13755	2025/08/08 
2025/08/11 	28.850000381469727	28.950000762939453	28.200000762939453	28.600000381469727	6425	2025/08/11 
2025/08/12 	28.600000381469727	29.5	28.299999237060547	29.399999618530273	7063	2025/08/12 
2025/08/13 	29.5	29.5	28.299999237060547	29.450000762939453	1452	2025/08/13 
2025/08/14 	28.350000381469727	28.75	28.149999618530273	28.75	27081	2025/08/14 
2025/08/15 	28.75	29.549999237060547	28.75	29.549999237060547	11015	2025/08/15 
2025/08/18 	28.75	29.700000762939453	28.75	29.5	10275	2025/08/18 
2025/08/19 	29.950000762939453	29.950000762939453	28.5	29.850000381469727	21003	2025/08/19 
2025/08/20 	29.700000762939453	29.950000762939453	28.549999237060547	29.799999237060547	58682	2025/08/20 
2025/08/21 	29.850000381469727	29.950000762939453	28.399999618530273	28.950000762939453	43649	2025/08/21 
