Date	Open	High	Low	Close	Volume	Date
2022/06/01 	40.55742002161371	46.764320373535156	40.55742002161371	46.764320373535156	124130	2022/06/01 
2022/06/02 	45.74400892347524	47.27447609856511	45.23385319844529	46.764320373535156	77288	2022/06/02 
2022/06/06 	46.76431863806787	47.01939839024671	45.744007225872664	46.67929458618164	36302	2022/06/06 
2022/06/07 	46.339190782116574	46.67929458618164	46.339190782116574	46.67929458618164	3513	2022/06/07 
2022/06/08 	46.679296652738735	46.679296652738735	46.594268798828125	46.594268798828125	3513	2022/06/08 
2022/06/09 	46.50924268414911	46.67929458618164	46.50924268414911	46.67929458618164	11710	2022/06/09 
2022/06/10 	46.764318751286304	47.86965801630389	46.59426684884207	47.61458206176758	25762	2022/06/10 
2022/06/13 	46.25416531333355	46.764321045696164	46.25416531333355	46.424217224121094	10539	2022/06/13 
2022/06/14 	46.42421548985497	46.764319298724814	46.33919143676758	46.33919143676758	10539	2022/06/14 
2022/06/15 	46.33919089430575	48.71991752852507	46.33919089430575	47.61458206176758	31618	2022/06/15 
2022/06/16 	47.86965909226867	48.80494647586444	47.61458313199902	48.039710998535156	32789	2022/06/16 
2022/06/17 	47.954686181303416	48.124738084863424	47.35950261971334	47.44452667236328	16394	2022/06/17 
2022/06/20 	47.35950537721549	47.35950537721549	47.01940155029297	47.01940155029297	4684	2022/06/20 
2022/06/21 	47.614581835850274	49.23007680053552	47.614581835850274	48.71991729736328	32789	2022/06/21 
2022/06/22 	48.974998889739325	50.16536224594243	48.974998889739325	49.740234375	21078	2022/06/22 
2022/06/23 	50.590494388664204	51.69582990206847	50.590494388664204	51.44075393676758	24591	2022/06/23 
2022/06/24 	52.035937260736105	52.63111704231784	52.035937260736105	52.54609298706055	9368	2022/06/24 
2022/06/27 	52.71614404382692	53.14127190976284	51.015621185302734	51.015621185302734	16394	2022/06/27 
2022/06/28 	51.780858832524245	51.86588668823242	51.780858832524245	51.86588668823242	2342	2022/06/28 
2022/06/29 	51.78085533409436	51.78085533409436	51.015619877463095	51.69582748413086	4684	2022/06/29 
2022/06/30 	51.69582748413086	51.69582748413086	51.69582748413086	51.69582748413086	0	2022/06/30 
2022/07/01 	50.59049452512208	50.59049452512208	47.614584199603215	48.46484375	24591	2022/07/01 
2022/07/04 	47.44452750330356	47.44452750330356	45.06380081176758	45.06380081176758	23420	2022/07/04 
2022/07/05 	45.06380081176758	45.06380081176758	45.06380081176758	45.06380081176758	4684	2022/07/05 
2022/07/06 	44.21354042122532	44.21354042122532	43.533329010009766	43.533329010009766	12881	2022/07/06 
2022/07/07 	43.363277435302734	43.363277435302734	43.363277435302734	43.363277435302734	1171	2022/07/07 
2022/07/08 	43.193225203532045	43.78840876399811	43.193225203532045	43.533329010009766	7026	2022/07/08 
2022/07/11 	43.70338373681407	44.04349136352539	43.53333182258858	44.04349136352539	5855	2022/07/11 
2022/07/12 	43.363277766421426	43.363277766421426	42.513018237292805	43.1932258605957	11710	2022/07/12 
2022/07/13 	42.51301956176758	42.51301956176758	42.51301956176758	42.51301956176758	11710	2022/07/13 
2022/07/14 	42.51301956176758	42.51301956176758	42.51301956176758	42.51301956176758	0	2022/07/14 
2022/07/15 	42.51301956176758	42.51301956176758	42.51301956176758	42.51301956176758	1171	2022/07/15 
2022/07/18 	42.68307113647461	42.68307113647461	42.68307113647461	42.68307113647461	2342	2022/07/18 
2022/07/19 	42.51301928713172	42.51301928713172	40.38736851268815	41.19511413574219	35131	2022/07/19 
2022/07/20 	41.832810849259666	42.51301847638808	41.832810849259666	42.087886810302734	8197	2022/07/20 
2022/07/21 	42.087886810302734	42.087886810302734	42.087886810302734	42.087886810302734	1171	2022/07/21 
2022/07/22 	42.087886810302734	42.087886810302734	42.087886810302734	42.087886810302734	1171	2022/07/22 
2022/07/25 	42.087886810302734	42.087886810302734	42.087886810302734	42.087886810302734	0	2022/07/25 
2022/07/26 	42.087886810302734	42.087886810302734	42.087886810302734	42.087886810302734	0	2022/07/26 
2022/07/27 	42.087886810302734	42.087886810302734	42.087886810302734	42.087886810302734	0	2022/07/27 
2022/07/28 	41.32265679271225	41.32265679271225	41.23762893676758	41.23762893676758	4684	2022/07/28 
2022/07/29 	41.662758942477566	42.087886810302734	41.662758942477566	42.087886810302734	4684	2022/07/29 
2022/08/01 	42.087886810302734	42.087886810302734	42.087886810302734	42.087886810302734	0	2022/08/01 
2022/08/02 	41.9178352355957	41.9178352355957	41.9178352355957	41.9178352355957	2342	2022/08/02 
2022/08/03 	41.9178352355957	41.9178352355957	41.9178352355957	41.9178352355957	0	2022/08/03 
2022/08/04 	41.9178365912836	41.9178365912836	41.23762893676758	41.23762893676758	4684	2022/08/04 
2022/08/05 	41.237626646851496	42.51301782737703	41.237626646851496	42.42799377441406	16394	2022/08/05 
2022/08/08 	41.66276081537877	41.66276081537877	41.49270890095218	41.62024688720703	4684	2022/08/08 
2022/08/09 	41.662757873535156	41.662757873535156	41.662757873535156	41.662757873535156	2342	2022/08/09 
2022/08/10 	41.662757873535156	41.662757873535156	41.662757873535156	41.662757873535156	0	2022/08/10 
2022/08/11 	41.62024688720703	41.62024688720703	41.62024688720703	41.62024688720703	1171	2022/08/11 
2022/08/12 	41.62024688720703	41.62024688720703	41.62024688720703	41.62024688720703	3513	2022/08/12 
2022/08/15 	41.62024688720703	41.62024688720703	41.62024688720703	41.62024688720703	2342	2022/08/15 
2022/08/16 	41.66276081537877	41.66276081537877	41.62024688720703	41.62024688720703	8197	2022/08/16 
2022/08/17 	41.62024688720703	41.62024688720703	41.53522282912392	41.62024688720703	4684	2022/08/17 
2022/08/18 	41.62024688720703	41.62024688720703	41.62024688720703	41.62024688720703	2342	2022/08/18 
2022/08/19 	41.5352202243337	41.5352202243337	41.492706298828125	41.492706298828125	2342	2022/08/19 
2022/08/22 	41.620244277084716	41.620244277084716	41.492706298828125	41.492706298828125	3513	2022/08/22 
2022/08/23 	41.36516518382095	41.36516518382095	41.15260314941406	41.15260314941406	3513	2022/08/23 
2022/08/24 	41.407679110006406	41.407679110006406	41.15260314941406	41.15260314941406	3513	2022/08/24 
2022/08/25 	40.8125	41.152603818492814	40.8125	40.8125	11710	2022/08/25 
2022/08/26 	40.8125	40.8125	40.8125	40.8125	0	2022/08/26 
2022/08/29 	40.8125	40.8125	40.8125	40.8125	0	2022/08/29 
2022/08/30 	40.64244755057919	40.64244755057919	40.59993362426758	40.59993362426758	5855	2022/08/30 
2022/08/31 	40.599933078978104	40.76998498368044	40.387367248535156	40.387367248535156	14052	2022/08/31 
2022/09/01 	40.174800872802734	40.174800872802734	39.96223884350501	40.174800872802734	7026	2022/09/01 
2022/09/02 	40.00474843810543	40.00474843810543	39.96223831176758	39.96223831176758	5855	2022/09/02 
2022/09/05 	39.87721319859799	39.87721319859799	39.537109375	39.537109375	3513	2022/09/05 
2022/09/06 	39.28203023713057	39.28203023713057	38.26171875	38.26171875	14052	2022/09/06 
2022/09/07 	38.68684941822597	38.771873474121094	38.68684941822597	38.771873474121094	17565	2022/09/07 
2022/09/08 	38.771873872774364	39.537109375	38.771873872774364	39.537109375	21078	2022/09/08 
2022/09/12 	39.96224012755737	40.98255157470703	39.96224012755737	40.98255157470703	45327	2022/09/12 
2022/09/13 	40.98255292980321	40.98255292980321	40.302345275878906	40.302345275878906	60308	2022/09/13 
2022/09/14 	40.51490522749687	40.51490522749687	40.387367248535156	40.387367248535156	8324	2022/09/14 
2022/09/15 	40.51490697990513	40.51490697990513	40.13229302647062	40.47239685058594	3097	2022/09/15 
2022/09/16 	40.344854530620026	40.344854530620026	40.004750711033495	40.259830474853516	36447	2022/09/16 
2022/09/19 	39.87721210477047	39.87721210477047	39.111976623535156	39.111976623535156	38649	2022/09/19 
2022/09/20 	38.94192592218845	38.984439849853516	38.77187400978852	38.984439849853516	18750	2022/09/20 
2022/09/21 	38.77187141184186	38.85689926147461	38.686847360469166	38.85689926147461	8201	2022/09/21 
2022/09/22 	38.13417849130263	38.13417849130263	37.83658480992754	37.96412658691406	15230	2022/09/22 
2022/09/23 	37.45397165477151	37.45397165477151	37.071353912353516	37.071353912353516	12881	2022/09/23 
2022/09/26 	36.81627415132145	37.071353912353516	36.81627415132145	37.071353912353516	4686	2022/09/26 
2022/09/27 	36.43365567282095	36.43365567282095	34.64810877645118	34.98821258544922	67948	2022/09/27 
2022/09/28 	34.435543060302734	34.435543060302734	34.435543060302734	34.435543060302734	3513	2022/09/28 
2022/09/29 	34.435543060302734	34.435543060302734	34.435543060302734	34.435543060302734	3513	2022/09/29 
2022/09/30 	34.435543060302734	34.435543060302734	34.435543060302734	34.435543060302734	0	2022/09/30 
2022/10/03 	34.30800715924067	34.350521087646484	34.30800715924067	34.350521087646484	14052	2022/10/03 
2022/10/04 	34.308006286621094	34.308006286621094	34.308006286621094	34.308006286621094	4684	2022/10/04 
2022/10/05 	34.39303207397461	34.39303207397461	34.39303207397461	34.39303207397461	4	2022/10/05 
2022/10/06 	34.3930350160523	34.3930350160523	34.350521087646484	34.350521087646484	3513	2022/10/06 
2022/10/07 	34.010414123535156	34.010414123535156	34.010414123535156	34.010414123535156	4941	2022/10/07 
2022/10/11 	34.350521087646484	34.350521087646484	34.350521087646484	34.350521087646484	1	2022/10/11 
2022/10/12 	34.350521087646484	34.350521087646484	34.350521087646484	34.350521087646484	1171	2022/10/12 
2022/10/13 	33.16015625	33.16015625	33.16015625	33.16015625	5855	2022/10/13 
2022/10/14 	33.16015625	33.16015625	33.16015625	33.16015625	1171	2022/10/14 
2022/10/17 	32.90507507324219	32.90507507324219	32.90507507324219	32.90507507324219	3513	2022/10/17 
2022/10/18 	33.032615661621094	33.032615661621094	33.032615661621094	33.032615661621094	1171	2022/10/18 
2022/10/19 	33.07512873103642	33.07512873103642	32.99010467529297	32.99010467529297	5750	2022/10/19 
2022/10/20 	32.990102597560615	33.07512664794922	32.30989120315172	33.07512664794922	46841	2022/10/20 
2022/10/21 	33.0751297378371	33.0751297378371	32.30989422155109	32.47994613647461	10539	2022/10/21 
2022/10/24 	32.52246040722534	32.52246040722534	31.884766669112462	32.30989456176758	41019	2022/10/24 
2022/10/25 	32.267382700877796	32.267382700877796	31.54465924490502	32.22486877441406	11710	2022/10/25 
2022/10/26 	32.01230306578968	32.01230306578968	31.45963341437621	31.672199249267578	48012	2022/10/26 
2022/10/27 	31.629685489638728	31.629685489638728	31.587173461914062	31.587173461914062	5855	2022/10/27 
2022/10/28 	31.587173211875786	31.587173211875786	30.60937379238709	30.73691177368164	22261	2022/10/28 
2022/10/31 	30.14173002021099	30.18424394662187	29.759114178163554	29.801626205444336	16522	2022/10/31 
2022/11/01 	29.674087524414062	29.674087524414062	29.674087524414062	29.674087524414062	726	2022/11/01 
2022/11/02 	29.67408736055133	29.759113311767578	29.67408736055133	29.759113311767578	10656	2022/11/02 
2022/11/03 	29.67408736055133	29.759113311767578	29.67408736055133	29.759113311767578	7143	2022/11/03 
2022/11/04 	29.759115050286287	29.844141006469727	29.63157516644605	29.844141006469727	39932	2022/11/04 
2022/11/07 	29.546548301134532	29.63157425470178	28.90885269981514	29.333982467651367	37004	2022/11/07 
2022/11/08 	29.419010162353516	29.419010162353516	29.419010162353516	29.419010162353516	1171	2022/11/08 
2022/11/09 	29.419010162353516	29.419010162353516	29.419010162353516	29.419010162353516	2342	2022/11/09 
2022/11/10 	29.419010162353516	29.419010162353516	29.419010162353516	29.419010162353516	0	2022/11/10 
2022/11/11 	29.37649552502674	29.37649552502674	29.29146957397461	29.29146957397461	3747	2022/11/11 
2022/11/14 	29.291471282500897	29.291471282500897	28.823827574872226	28.90885353088379	18065	2022/11/14 
2022/11/15 	28.90885178706433	29.078903688829705	28.82382583618164	28.82382583618164	29451	2022/11/15 
2022/11/16 	28.908852664373487	28.908852664373487	28.781314683744025	28.86634063720703	9719	2022/11/16 
2022/11/17 	28.823826000194625	28.8663399254429	28.738800048828125	28.738800048828125	38820	2022/11/17 
2022/11/18 	28.781314683744025	28.86634063720703	28.781314683744025	28.86634063720703	3688	2022/11/18 
2022/11/21 	28.86634063720703	28.86634063720703	28.86634063720703	28.86634063720703	0	2022/11/21 
2022/11/22 	28.823826165180982	28.823826165180982	28.65377426147461	28.65377426147461	7026	2022/11/22 
2022/11/23 	28.65377480398447	28.86634063720703	28.65377480398447	28.86634063720703	1176	2022/11/23 
2022/11/24 	28.86634063720703	28.86634063720703	28.738800757447475	28.86634063720703	13004	2022/11/24 
2022/11/25 	28.86634063720703	28.86634063720703	28.86634063720703	28.86634063720703	11	2022/11/25 
2022/11/28 	28.86634063720703	28.86634063720703	28.86634063720703	28.86634063720703	117	2022/11/28 
2022/11/29 	28.526236823355006	28.86634063720703	28.526236823355006	28.86634063720703	353	2022/11/29 
2022/11/30 	28.82382583618164	28.82382583618164	28.82382583618164	28.82382583618164	2	2022/11/30 
2022/12/01 	28.82382671091048	28.86634063720703	28.82382671091048	28.86634063720703	4801	2022/12/01 
2022/12/02 	28.738799885298953	28.82382583618164	28.69628785942263	28.82382583618164	2459	2022/12/02 
2022/12/05 	28.823826165180982	28.823826165180982	28.483722357768237	28.65377426147461	17566	2022/12/05 
2022/12/06 	28.781313923215702	30.01419116541632	28.653774046826307	29.759113311767578	85778	2022/12/06 
2022/12/07 	29.886652251251977	29.886652251251977	28.568749015404144	28.781314849853516	78459	2022/12/07 
2022/12/08 	28.738799885298953	28.82382583618164	28.738799885298953	28.82382583618164	9368	2022/12/08 
2022/12/09 	28.568749015404144	28.823826877265326	28.52623698799233	28.781314849853516	24006	2022/12/09 
2022/12/12 	28.823826000194625	28.8663399254429	28.738800048828125	28.738800048828125	9953	2022/12/12 
2022/12/13 	28.8663399254429	28.8663399254429	28.738800048828125	28.738800048828125	7026	2022/12/13 
2022/12/14 	28.398696899414062	28.781314638967377	28.101105113191473	28.398696899414062	60905	2022/12/14 
2022/12/15 	28.738800048828125	28.738800048828125	28.738800048828125	28.738800048828125	2342	2022/12/15 
2022/12/16 	28.823826165180982	28.823826165180982	28.65377426147461	28.65377426147461	1346	2022/12/16 
2022/12/19 	28.69628941256969	31.459633915384263	28.69628941256969	31.41712188720703	194109	2022/12/19 
2022/12/20 	30.86445055649618	30.86445055649618	28.738799885298953	28.82382583618164	97955	2022/12/20 
2022/12/21 	28.82382583618164	28.82382583618164	28.738799885298953	28.82382583618164	16640	2022/12/21 
2022/12/22 	28.823826877265326	28.823826877265326	28.65377496935787	28.781314849853516	15358	2022/12/22 
2022/12/23 	28.65377426147461	28.65377426147461	28.483722357768237	28.65377426147461	14052	2022/12/23 
2022/12/26 	28.82382583618164	28.866339761188	28.781313810305313	28.82382583618164	33843	2022/12/26 
2022/12/27 	28.65377409746162	28.738800048828125	28.56874814609512	28.738800048828125	16101	2022/12/27 
2022/12/28 	28.526236612750253	28.653774592438122	28.483722686767578	28.483722686767578	14052	2022/12/28 
2022/12/29 	28.356184005737305	28.483723889942638	28.356184005737305	28.356184005737305	18970	2022/12/29 
2022/12/30 	28.101104736328125	28.101104736328125	28.101104736328125	28.101104736328125	761	2022/12/30 
2023/01/03 	28.483722686767578	28.483722686767578	28.483722686767578	28.483722686767578	4567	2023/01/03 
2023/01/04 	28.398696569435558	28.611262399857512	28.398696569435558	28.568748474121094	17569	2023/01/04 
2023/01/05 	28.398696899414062	28.611262732305924	28.143619039421882	28.398696899414062	53182	2023/01/05 
2023/01/06 	28.101105113191473	28.398696899414062	28.058593086091154	28.398696899414062	13118	2023/01/06 
2023/01/09 	28.4412087607849	28.611262565585527	28.271156855114356	28.483722686767578	43608	2023/01/09 
2023/01/10 	28.52623628325986	28.738800213327796	28.483722357768237	28.65377426147461	31629	2023/01/10 
2023/01/11 	28.398697764695203	28.65377563245936	28.186131925326663	28.44120979309082	23420	2023/01/11 
2023/01/12 	28.483723187698796	28.483723187698796	28.22864532470703	28.22864532470703	4736	2023/01/12 
2023/01/13 	28.568748309621423	28.65377426147461	28.22864450220868	28.65377426147461	20184	2023/01/13 
2023/01/16 	28.65377409746162	28.738800048828125	28.56874814609512	28.738800048828125	23420	2023/01/16 
2023/01/17 	28.78131430454305	28.78131430454305	28.398696569435558	28.568748474121094	43445	2023/01/17 
2023/01/30 	29.04673159335453	32.0159531464066	28.91763442609528	31.069244384765625	265265	2023/01/30 
2023/01/31 	30.81105144622113	31.370470596078924	30.638923791816474	30.98318099975586	175983	2023/01/31 
2023/02/01 	31.11227867298215	31.241373941111295	30.681954782117973	31.069244384765625	148200	2023/02/01 
2023/02/02 	30.854083319731874	30.98318048272863	30.768018544400704	30.89711570739746	92553	2023/02/02 
2023/02/03 	30.768018544400704	30.940148095063048	30.724986156735117	30.89711570739746	82187	2023/02/03 
2023/02/06 	30.81105144622113	31.112278164906908	30.768019057837446	30.98318099975586	71728	2023/02/06 
2023/02/07 	31.069244576175446	31.069244576175446	30.337697755459683	30.940149307250977	140180	2023/02/07 
2023/02/08 	30.768019044100825	30.897116209194234	28.272151913741993	28.745506286621094	298780	2023/02/08 
2023/02/09 	28.745507167988485	28.788539557672372	28.40124994964751	28.57337760925293	284853	2023/02/09 
2023/02/10 	28.573376913122317	28.745506467664296	28.401249257710425	28.616409301757812	93094	2023/02/10 
2023/02/13 	28.444281467199875	29.00369871767784	28.401249078835406	28.745506286621094	100217	2023/02/13 
2023/02/14 	28.91763387612625	29.821310231494266	28.831570998720302	29.692214965820312	159416	2023/02/14 
2023/02/15 	29.390989812173345	29.69221462748697	29.261892648840345	29.477052688598633	152114	2023/02/15 
2023/02/16 	29.39099050642969	29.563118162476208	29.132796173664776	29.43402099609375	157518	2023/02/16 
2023/02/17 	29.477052867853416	29.52008525589277	29.261892826786703	29.34795570373535	135590	2023/02/17 
2023/02/20 	29.606150002482558	30.036471983317423	29.477052838493083	29.82131004333496	234737	2023/02/20 
2023/02/21 	29.563118955183203	30.33769817598737	29.52008656523518	30.208602905273438	327726	2023/02/21 
2023/02/22 	30.5098262445493	34.42575454711914	29.9934394895426	34.42575454711914	676092	2023/02/22 
2023/02/23 	34.42575670671244	36.23310951304954	33.56511269408812	33.823307037353516	601093	2023/02/23 
2023/02/24 	34.08149863907782	34.12452912703048	32.01595165562945	32.57537078857422	339208	2023/02/24 
2023/03/01 	32.575371786016106	33.263886202160855	32.532337498485724	33.220855712890625	92784	2023/03/01 
2023/03/02 	33.220856401459464	33.479050737212894	32.74750201837495	33.17782211303711	60159	2023/03/02 
2023/03/03 	32.91963019639161	33.263885498046875	32.79053113479332	33.263885498046875	56405	2023/03/03 
2023/03/06 	33.522080329465645	36.87859141131317	33.522080329465645	36.060977935791016	395731	2023/03/06 
2023/03/07 	35.58762466849271	36.01794856322733	34.597885407993445	35.286399841308594	218096	2023/03/07 
2023/03/08 	35.41549445700308	35.41549445700308	34.382724725220335	34.8560791015625	119003	2023/03/08 
2023/03/09 	35.15730254050297	35.28639780233364	34.38272337299887	34.468788146972656	81009	2023/03/09 
2023/03/10 	34.64092044447538	34.89911098863009	34.339691812527654	34.770015716552734	93955	2023/03/10 
2023/03/13 	34.813044813753116	34.8991095911117	34.29665994786174	34.8560791015625	76304	2023/03/13 
2023/03/14 	34.85607842556644	35.11427275263481	34.296659282715005	34.42575454711914	86194	2023/03/14 
2023/03/15 	34.597884806459206	34.597884806459206	34.1245304296112	34.38272476196289	59716	2023/03/15 
2023/03/16 	34.081498244460946	34.16756301762978	33.694208664331164	33.7802734375	40665	2023/03/16 
2023/03/17 	34.38272476196289	34.38272476196289	34.38272476196289	34.38272476196289	1156	2023/03/17 
2023/03/20 	34.124530467095944	34.167564754998594	33.52208082254041	33.90937042236328	83148	2023/03/20 
2023/03/21 	33.90936871207006	33.952399199542185	33.30691909790039	33.30691909790039	86999	2023/03/21 
2023/03/22 	33.65117439245735	33.737239165661585	33.220854324696155	33.30691909790039	112712	2023/03/22 
2023/03/23 	33.34995237978988	33.43601716020555	33.09175803854287	33.13479232788086	131367	2023/03/23 
2023/03/24 	33.17782108013046	33.17782108013046	32.53233715997248	33.00569152832031	162121	2023/03/24 
2023/03/27 	33.00569183877343	33.73724054171746	32.8765965728316	33.694210052490234	176870	2023/03/27 
2023/03/28 	33.69421207793425	34.03846740722656	33.30692245856767	34.03846740722656	178740	2023/03/28 
2023/03/29 	33.82330531843206	33.90937009514666	33.479050009833806	33.694210052490234	221446	2023/03/29 
2023/03/30 	33.7372409053817	33.82330568302402	33.30692081543029	33.43601608276367	154274	2023/03/30 
2023/03/31 	33.47905040961803	33.47905040961803	32.61840263219475	32.96266174316406	128813	2023/03/31 
2023/04/06 	32.61840092606914	33.26388482624407	32.4032408920975	32.83356475830078	286864	2023/04/06 
2023/04/07 	33.04872792093078	33.392987046483746	32.618404013989576	32.8765983581543	102627	2023/04/07 
2023/04/10 	32.91963027824706	32.91963027824706	31.75775961140384	31.84382438659668	145778	2023/04/10 
2023/04/11 	31.7577607110182	31.843825489191037	30.552859513988828	31.069244384765625	273914	2023/04/11 
2023/04/12 	31.026213388139542	31.24137343092788	30.85408383460481	30.98318099975586	90216	2023/04/12 
2023/04/13 	31.069243911498045	31.11227819905904	30.46679427172533	30.50982666015625	185328	2023/04/13 
2023/04/14 	30.63892415138201	31.06924424200874	30.466794595827242	30.724987030029297	108353	2023/04/14 
2023/04/17 	30.76801941891799	30.811051807806685	30.466794595827242	30.724987030029297	100530	2023/04/17 
2023/04/18 	30.724987030029297	30.76801941891799	30.466794595827242	30.724987030029297	62369	2023/04/18 
2023/04/19 	30.509827677192987	30.7680201172552	30.509827677192987	30.681955337524414	55612	2023/04/19 
2023/04/20 	30.681955337524414	31.37047167624055	30.423762897462204	30.681955337524414	49967	2023/04/20 
2023/04/21 	31.32743923631051	31.370471626107133	30.768020068084564	31.155309677124023	49573	2023/04/21 
2023/04/24 	31.1553084736234	31.757760008373822	31.069243697354757	31.11227798461914	63678	2023/04/24 
2023/04/25 	31.413502833954507	32.57537161735697	30.122536886019525	30.63892364501953	285974	2023/04/25 
2023/04/26 	30.638923457920058	30.76801872253418	30.294666253732316	30.76801872253418	100156	2023/04/26 
2023/04/27 	30.403225090871647	30.967857360839844	30.403225090871647	30.967857360839844	35631	2023/04/27 
2023/04/28 	30.924423909944657	30.924423909944657	29.491127647875537	30.79412269592285	248208	2023/04/28 
2023/05/02 	30.403225721831934	30.533526940013438	28.622466462333158	29.31739616394043	745984	2023/05/02 
2023/05/03 	29.187095629978973	29.708294783619703	28.969930107266197	29.66486167907715	114641	2023/05/03 
2023/05/04 	29.664861508879696	29.708294613173063	29.27396167110936	29.57799530029297	123187	2023/05/04 
2023/05/05 	29.708294783619703	29.708294783619703	29.49112736177686	29.66486167907715	5020	2023/05/05 
2023/05/08 	29.708294783619703	30.01232651541759	29.404261152691753	29.66486167907715	140301	2023/05/08 
2023/05/09 	29.36082873499219	29.75172858414964	29.36082873499219	29.534561157226562	84580	2023/05/09 
2023/05/10 	29.447694778442383	29.664862204128966	29.187096146574596	29.447694778442383	184982	2023/05/10 
2023/05/11 	29.23052908447059	29.44769460978328	28.66589871865759	29.360828399658203	208975	2023/05/11 
2023/05/12 	29.40426220957095	29.40426220957095	28.752765618015832	29.23052978515625	225674	2023/05/12 
2023/05/15 	28.83963219976551	29.10023083972679	28.57903166067408	28.926498413085938	588163	2023/05/15 
2023/05/16 	28.926498413085938	29.013364626406364	28.752765986445088	28.926498413085938	329327	2023/05/16 
2023/05/17 	28.969931186319194	28.969931186319194	28.752765655517578	28.752765655517578	375162	2023/05/17 
2023/05/18 	28.926497182375602	29.708294968127127	28.926497182375602	29.273962020874023	226011	2023/05/18 
2023/05/19 	29.57799582410098	29.62142892916352	29.056796664220435	29.360828399658203	131220	2023/05/19 
2023/05/22 	29.44769460978328	29.664862034226058	29.100229769282972	29.360828399658203	235408	2023/05/22 
2023/05/23 	29.360828060332153	29.360828060332153	29.013363223847534	29.187095642089844	52488	2023/05/23 
2023/05/24 	29.0133640888058	29.187096512227495	28.926497877094956	29.14366340637207	105122	2023/05/24 
2023/05/25 	28.96993048022295	29.23052911083321	28.88306427001953	28.88306427001953	177416	2023/05/25 
2023/05/26 	29.05679685951262	29.230529280930437	28.752765122031438	28.96993064880371	115052	2023/05/26 
2023/05/29 	29.187095300731905	29.31739461288972	28.75276426020585	29.013362884521484	169158	2023/05/29 
2023/05/30 	28.839630637461568	29.621428414123915	28.839630637461568	29.100229263305664	112995	2023/05/30 
2023/05/31 	29.187095471920365	29.187095471920365	28.883063741768918	29.100229263305664	81898	2023/05/31 
2023/06/01 	28.926497167715723	30.142626000973948	28.883064062925435	29.751728057861328	202817	2023/06/01 
2023/06/02 	29.751727700056	30.576958580277072	29.53456027958621	30.05575942993164	378909	2023/06/02 
2023/06/05 	30.0557610058933	30.186060325529333	29.795162366621224	29.882028579711914	142786	2023/06/05 
2023/06/06 	29.70829442702019	30.0991923632111	29.534560111805302	29.96889305114746	148773	2023/06/06 
2023/06/07 	29.925460117127795	30.446657368343175	29.925460117127795	30.05575942993164	176758	2023/06/07 
2023/06/08 	30.316359436813254	30.403225649306947	30.01232769308532	30.272926330566406	213530	2023/06/08 
2023/06/09 	30.272925796449833	30.576959433943724	30.14262648000821	30.49009132385254	187883	2023/06/09 
2023/06/12 	30.272925796449833	30.576959433943724	30.22949269096929	30.49009132385254	211273	2023/06/12 
2023/06/13 	30.49009132385254	30.533526328463182	30.316358901930375	30.49009132385254	87537	2023/06/13 
2023/06/14 	30.31635960286584	30.446658922320076	30.186060283411607	30.359792709350586	78824	2023/06/14 
2023/06/15 	30.359791331282135	30.359791331282135	30.012326495176033	30.14262580871582	93589	2023/06/15 
2023/06/16 	30.27292599606578	30.27292599606578	29.968894255697247	30.099193572998047	22236	2023/06/16 
2023/06/19 	30.012326495176033	30.229492017742345	29.79516097260972	30.14262580871582	110730	2023/06/19 
2023/06/20 	30.142626000973948	30.186059105764237	29.751728057861328	29.751728057861328	30729	2023/06/20 
2023/06/21 	29.708295988320113	30.099193945054406	29.53456166397473	29.795162200927734	61613	2023/06/21 
2023/06/26 	29.49112805166797	29.795161689708234	29.404261840550785	29.534561157226562	82448	2023/06/26 
2023/06/27 	29.404261840550785	29.708295478591047	29.404261840550785	29.534561157226562	22981	2023/06/27 
2023/06/28 	29.708294595788054	30.099192534199588	29.708294595788054	30.05575942993164	73817	2023/06/28 
2023/06/29 	30.359792207599646	30.40322531336658	29.968894255697247	30.099193572998047	48141	2023/06/29 
2023/06/30 	29.882028579711914	30.0557610058933	29.751729260075876	29.882028579711914	45852	2023/06/30 
2023/07/03 	29.57799597317811	30.099193236555475	29.534560968766566	29.925460815429688	148895	2023/07/03 
2023/07/04 	30.099192534199588	30.186058742735483	29.79516080432395	30.05575942993164	173426	2023/07/04 
2023/07/05 	30.18605961631344	30.18605961631344	29.708295455539616	30.012327194213867	231882	2023/07/05 
2023/07/06 	30.012327732446785	30.012327732446785	29.6648628820163	29.795162200927734	70871	2023/07/06 
2023/07/07 	29.882027201789924	29.882027201789924	29.53456046631942	29.66486167907715	127454	2023/07/07 
2023/07/10 	29.62142961002183	29.708295822143555	29.534561498769975	29.708295822143555	83744	2023/07/10 
2023/07/11 	29.708295822143555	29.708295822143555	29.577996503960968	29.708295822143555	55799	2023/07/11 
2023/07/12 	29.708294953071036	29.751728057861328	29.534560634779798	29.751728057861328	93336	2023/07/12 
2023/07/13 	29.751728035171165	30.576958924687407	29.751728035171165	30.2294921875	218668	2023/07/13 
2023/07/14 	30.359791697084514	30.533526016360934	29.838594436645508	29.838594436645508	196982	2023/07/14 
2023/07/17 	29.838595140326145	30.055760670630455	29.577996503960968	29.708295822143555	199002	2023/07/17 
2023/07/18 	29.534561332596276	29.751728760808845	29.404262015146806	29.621429443359375	90750	2023/07/18 
2023/07/19 	29.621429443359375	29.882028078258315	29.27396269769734	29.621429443359375	136437	2023/07/19 
2023/07/20 	29.40426204150461	29.621429469911845	29.0133640888058	29.14366340637207	216421	2023/07/20 
2023/07/21 	29.273961851211	29.273961851211	29.013363223847534	29.187095642089844	43501	2023/07/21 
2023/07/24 	29.317394923833774	30.62038995836171	29.317394923833774	30.14262580871582	250479	2023/07/24 
2023/07/25 	30.142625656106713	30.142625656106713	29.57799530029297	29.57799530029297	77193	2023/07/25 
2023/07/26 	29.40426254272461	29.53456186251194	29.273963222937283	29.40426254272461	123819	2023/07/26 
2023/07/27 	29.5345616956927	29.664862913874206	29.31739616394043	29.31739616394043	12068	2023/07/27 
2023/07/28 	29.317396329533057	29.577996868237868	29.273963222937283	29.40426254272461	53610	2023/07/28 
2023/07/31 	29.273962357197192	29.447694778442383	29.230529251885894	29.447694778442383	93451	2023/07/31 
2023/08/01 	29.31739616394043	29.360829270290882	29.187096844889066	29.31739616394043	60898	2023/08/01 
2023/08/02 	29.317395829793764	29.317395829793764	29.056797194661225	29.14366340637207	76662	2023/08/02 
2023/08/04 	29.05679736074155	29.23052978515625	28.969931148534204	29.23052978515625	114278	2023/08/04 
2023/08/07 	29.05679598857409	29.23052840478451	28.969929780468878	29.013362884521484	142247	2023/08/07 
2023/08/08 	29.23052874665042	29.44769426945331	29.013363223847534	29.187095642089844	165204	2023/08/08 
2023/08/09 	29.23052874665042	29.795161005067996	29.187095642089844	29.187095642089844	100077	2023/08/09 
2023/08/10 	29.273962020874023	29.491127544935537	29.143662706437116	29.273962020874023	49320	2023/08/10 
2023/08/11 	29.143662358229264	29.57799530029297	29.143662358229264	29.57799530029297	20746	2023/08/11 
2023/08/14 	29.317396329533057	29.664863081429424	29.317396329533057	29.40426254272461	100753	2023/08/14 
2023/08/15 	29.40426254272461	29.53456186251194	29.273963222937283	29.40426254272461	156166	2023/08/15 
2023/08/16 	29.447695482991794	29.491128589342246	29.23052995123952	29.31739616394043	33240	2023/08/16 
2023/08/17 	29.447695649320387	29.447695649320387	29.230530116341505	29.40426254272461	86987	2023/08/17 
2023/08/18 	29.317395829793764	29.40426204150461	29.14366340637207	29.14366340637207	52247	2023/08/18 
2023/08/21 	29.14366340637207	29.317395829793764	29.100230300516646	29.14366340637207	92306	2023/08/21 
2023/08/22 	29.100230300516646	29.27396272393834	29.100230300516646	29.14366340637207	48256	2023/08/22 
2023/08/23 	29.23052908447059	29.360828399658203	29.100229769282972	29.360828399658203	74604	2023/08/23 
2023/08/24 	29.40426133531093	29.40426133531093	29.100229601624815	29.273962020874023	83709	2023/08/24 
2023/08/25 	29.100229263305664	29.230528576227716	29.056796158998317	29.100229263305664	85638	2023/08/25 
2023/08/28 	29.273961851211	29.273961851211	29.10022943296869	29.187095642089844	28690	2023/08/28 
2023/08/29 	29.273961680535063	29.273961680535063	29.056796158998317	29.100229263305664	44737	2023/08/29 
2023/08/30 	29.230529450010643	29.27396255561633	29.05679702758789	29.05679702758789	60784	2023/08/30 
2023/08/31 	29.31739457764589	30.490090284786525	29.31739457764589	30.446657180786133	146093	2023/08/31 
2023/09/01 	30.533525797368448	30.707256317138672	30.316358374613014	30.707256317138672	130058	2023/09/01 
2023/09/04 	30.44665754030866	30.57695875297851	30.099192704202558	30.14262580871582	91698	2023/09/04 
2023/09/05 	30.229491847003434	30.359791159807276	29.968893221395742	30.05575942993164	66481	2023/09/05 
2023/09/06 	30.055760963957372	30.446658922320076	30.055760963957372	30.359792709350586	44747	2023/09/06 
2023/09/07 	30.40322494506836	30.490091155549948	30.229492524105186	30.40322494506836	60752	2023/09/07 
2023/09/08 	30.40322494506836	30.40322494506836	30.40322494506836	30.40322494506836	0	2023/09/08 
2023/09/11 	30.186058556783777	30.446657180786133	30.012326140782207	30.446657180786133	86541	2023/09/11 
2023/09/12 	30.533526504254752	30.57695960998535	30.27292597074104	30.57695960998535	24613	2023/09/12 
2023/09/13 	30.27292597074104	30.57695960998535	30.27292597074104	30.57695960998535	18566	2023/09/13 
2023/09/14 	30.620390816585836	30.620390816585836	30.22949286501044	30.57695960998535	17838	2023/09/14 
2023/09/15 	30.62039097546494	30.6638240814209	30.186059915905343	30.6638240814209	27971	2023/09/15 
2023/09/18 	30.663823212413597	30.79412252658882	30.446657688788232	30.707256317138672	109066	2023/09/18 
2023/09/19 	30.750690460205078	31.141590315060103	30.620391141630115	30.750690460205078	127649	2023/09/19 
2023/09/20 	30.6203907517221	31.57592097490129	30.6203907517221	31.532487869262695	120994	2023/09/20 
2023/09/21 	31.532487952057636	33.0960835574128	31.402188634799725	33.052650451660156	339416	2023/09/21 
2023/09/22 	32.87891799566291	33.7910132155532	32.87891799566291	33.53041458129883	201738	2023/09/22 
2023/09/25 	33.87787765701067	36.35356835134414	33.87787765701067	35.52833938598633	463898	2023/09/25 
2023/09/26 	35.528340559135636	35.61520676888373	31.489054209328643	32.2274169921875	643346	2023/09/26 
2023/09/27 	32.48801974629563	33.22638253657728	31.74965315775378	32.8789176940918	152460	2023/09/27 
2023/09/28 	33.139516996848585	33.70414737731815	32.965784572088715	33.226383209228516	146830	2023/09/28 
2023/10/02 	33.226382147776285	34.051611139022825	33.18294904297383	33.66071319580078	154741	2023/10/02 
2023/10/03 	33.70414804551838	33.834447366671526	33.182950760905804	33.573848724365234	80571	2023/10/03 
2023/10/04 	33.53041461493916	33.53041461493916	32.7486187113917	33.052650451660156	103621	2023/10/04 
2023/10/05 	33.13951659760329	34.4425097676046	33.09608349193658	34.0081787109375	114162	2023/10/05 
2023/10/06 	34.18190938927361	34.35564180307475	33.7041452513205	34.09504318237305	114278	2023/10/06 
2023/10/11 	34.05161290192676	34.05161290192676	33.31325008205895	33.573848724365234	71928	2023/10/11 
2023/10/12 	33.704147713156104	33.704147713156104	33.0526511138149	33.400115966796875	30830	2023/10/12 
2023/10/13 	33.44354719638661	33.44354719638661	31.96681785583496	31.96681785583496	180469	2023/10/13 
2023/10/16 	32.22741629763339	33.79101183766129	32.1405500897574	32.83548355102539	115013	2023/10/16 
2023/10/17 	33.18294802656778	33.26981423351194	33.09608181962362	33.1395149230957	35877	2023/10/17 
2023/10/18 	33.226382908983844	33.226382908983844	32.401153898831524	32.574886322021484	75889	2023/10/18 
2023/10/19 	32.574886322021484	32.705185639413955	32.140551465786345	32.574886322021484	55592	2023/10/19 
2023/10/20 	32.57488598585018	32.57488598585018	32.01025181804956	32.401153564453125	20116	2023/10/20 
2023/10/23 	32.44458735859957	32.488020464870914	32.01025249762583	32.270851135253906	39628	2023/10/23 
2023/10/24 	32.44458735859957	32.44458735859957	32.05368560389718	32.270851135253906	3725	2023/10/24 
2023/10/25 	32.09711871016852	32.40115425232822	32.05368560389718	32.270851135253906	34216	2023/10/25 
2023/10/26 	32.27085009706155	32.27085009706155	31.923385258069146	32.2274169921875	42353	2023/10/26 
2023/10/27 	32.31428527832031	32.31428527832031	32.01025352466611	32.31428527832031	15760	2023/10/27 
2023/10/30 	32.31428215954004	32.31428215954004	32.01025043522916	32.183982849121094	20014	2023/10/30 
2023/10/31 	32.27084958513028	32.35771579350037	31.96681785583496	31.96681785583496	15760	2023/10/31 
2023/11/01 	32.270851135253906	32.31428424152525	32.01025249762583	32.270851135253906	12837	2023/11/01 
2023/11/02 	32.31428286111489	32.31428286111489	31.489053877211678	32.05368423461914	59482	2023/11/02 
2023/11/03 	32.05368581060517	32.05368581060517	31.79308907042669	31.879953384399414	24930	2023/11/03 
2023/11/06 	31.793088536065603	32.09711837768555	31.749653531114046	32.09711837768555	15187	2023/11/06 
2023/11/07 	32.14055202370804	32.27085134336235	31.836522176978125	31.879953384399414	26477	2023/11/07 
2023/11/08 	31.793088738156218	32.097118581708706	31.706220626831055	31.706220626831055	32410	2023/11/08 
2023/11/09 	31.966819735136372	32.74861945468861	31.83652231405121	32.44458770751953	112789	2023/11/09 
2023/11/10 	32.31428424152525	32.5748866774136	32.05368560389718	32.270851135253906	59177	2023/11/10 
2023/11/13 	32.44458735859957	32.5748866774136	32.05368560389718	32.270851135253906	39605	2023/11/13 
2023/11/14 	32.53145357114226	32.53145357114226	32.05368560389718	32.270851135253906	28827	2023/11/14 
2023/11/15 	32.53145392099641	32.57488702773485	32.01025284187481	32.44458770751953	59531	2023/11/15 
2023/11/16 	32.44458806957414	32.44458806957414	31.966820091859482	32.14055252075195	44731	2023/11/16 
2023/11/17 	32.357716660843664	32.401153564453125	32.14055113409735	32.401153564453125	19944	2023/11/17 
2023/11/20 	32.40115320994386	32.40115320994386	31.923385258069146	32.2274169921875	39698	2023/11/20 
2023/11/21 	31.966818362943197	32.27085009706155	31.879952153195095	32.2274169921875	124271	2023/11/21 
2023/11/22 	32.27085009706155	32.27085009706155	31.749652838572946	32.2274169921875	99435	2023/11/22 
2023/11/23 	31.836520947451124	32.2274169921875	31.662786628824847	32.2274169921875	86914	2023/11/23 
2023/11/24 	32.22741906299054	32.444588399575366	32.14055284766077	32.31428527832031	34501	2023/11/24 
2023/11/27 	32.31428527832031	32.31428527832031	32.31428527832031	32.31428527832031	114	2023/11/27 
2023/11/28 	32.35771560668945	32.40115250888382	31.92338456734652	32.35771560668945	26724	2023/11/28 
2023/11/29 	32.270852170655424	32.401155291910484	32.053686632331	32.31428527832031	18913	2023/11/29 
2023/11/30 	32.35771701261417	32.40115391669585	31.923385954399794	32.09711837768555	31928	2023/11/30 
2023/12/01 	31.92338628508314	32.31428424152525	31.92338628508314	32.270851135253906	88489	2023/12/01 
2023/12/04 	32.3142832019356	32.40115320994386	32.01025146781725	32.2274169921875	6075	2023/12/04 
2023/12/05 	32.22741802898256	32.31428424152525	32.14055181643987	32.270851135253906	16403	2023/12/05 
2023/12/06 	32.27085009706155	32.40115320994386	31.966818362943197	32.2274169921875	32805	2023/12/06 
2023/12/07 	32.053684572691296	32.3142832019356	32.01025146781725	32.2274169921875	41150	2023/12/07 
2023/12/08 	32.2274169921875	32.2274169921875	31.966818362943197	32.2274169921875	15686	2023/12/08 
2023/12/11 	32.01025146781725	32.2274169921875	31.966818362943197	32.2274169921875	28889	2023/12/11 
2023/12/12 	32.2274169921875	32.40115320994386	31.966818362943197	32.2274169921875	75868	2023/12/12 
2023/12/13 	32.0102531990826	32.227418735198185	31.83652266932031	32.14055252075195	59061	2023/12/13 
2023/12/14 	32.14055098559161	32.22741719588877	31.79308804353306	31.83652114868164	64453	2023/12/14 
2023/12/15 	32.270850800971296	32.270850800971296	31.70622042529261	32.09711837768555	34386	2023/12/15 
2023/12/18 	32.010250091552734	32.010250091552734	31.66278526749941	32.010250091552734	26403	2023/12/18 
2023/12/19 	32.010251491989926	32.010251491989926	31.315321813480338	31.749652862548828	119140	2023/12/19 
2023/12/20 	31.271889769596072	31.706220833400963	31.098157344074117	31.315322875976562	65382	2023/12/20 
2023/12/21 	30.967856661935233	31.358754602154928	30.794122344929754	31.098155975341797	64276	2023/12/21 
2023/12/22 	31.141589249420566	31.228455458831387	30.92442372589352	31.185022354125977	44797	2023/12/22 
2023/12/25 	31.228456497192383	31.271889603341965	30.403225581220212	31.228456497192383	37739	2023/12/25 
2023/12/26 	31.22845670427626	31.22845670427626	30.62039131501976	30.83755874633789	32255	2023/12/26 
2023/12/27 	30.837557179633716	31.011289596557617	30.576958554247867	31.011289596557617	41212	2023/12/27 
2023/12/28 	30.89775748180637	30.98479461669922	30.68016844283456	30.98479461669922	20137	2023/12/28 
2023/12/29 	30.98479461669922	30.98479461669922	30.593133207071865	30.98479461669922	28176	2023/12/29 
2024/01/02 	30.984794108154794	31.028310775756836	30.680167939289877	31.028310775756836	31940	2024/01/02 
2024/01/03 	30.76720228020054	30.941274642944336	30.59313181658681	30.941274642944336	121441	2024/01/03 
2024/01/04 	30.941274642944336	30.9847932084128	30.810720845669003	30.941274642944336	9609	2024/01/04 
2024/01/05 	30.984793111701496	31.115346908569336	30.680166952633183	31.115346908569336	61547	2024/01/05 
2024/01/08 	31.07182985246191	31.115348419908337	30.767203678597255	30.98479461669922	33107	2024/01/08 
2024/01/09 	31.071828842163086	31.071828842163086	30.68016744527058	31.071828842163086	87659	2024/01/09 
2024/01/10 	30.68016833941762	31.15886688232422	30.68016833941762	31.15886688232422	60617	2024/01/10 
2024/01/11 	31.202383550493803	31.202383550493803	31.071829747724756	31.15886688232422	16473	2024/01/11 
2024/01/12 	30.854240206054882	31.245901607971497	30.68016783882635	31.202383041381836	125891	2024/01/12 
2024/01/15 	31.202383041381836	31.202383041381836	31.202383041381836	31.202383041381836	0	2024/01/15 
2024/01/16 	31.289420685093262	31.332937353262846	30.98479451225544	31.15886688232422	43435	2024/01/16 
2024/01/17 	31.20238264112725	31.24590120715867	30.81072124423475	31.071828842163086	41528	2024/01/17 
2024/01/18 	30.636649875388137	31.028311285015487	30.636649875388137	30.98479461669922	36133	2024/01/18 
2024/01/19 	31.332935840262596	31.332935840262596	31.071828247332828	31.289419174194336	13214	2024/01/19 
2024/01/22 	30.89775607747587	31.24590080296346	30.59313181658681	30.941274642944336	253819	2024/01/22 
2024/01/23 	30.593131417481963	30.89775567439703	30.506094287680483	30.810720443725586	112112	2024/01/23 
2024/01/24 	30.81072053911242	30.81072053911242	30.41905915118333	30.636648178100586	99808	2024/01/24 
2024/01/25 	30.375541585895654	30.680167752909988	30.375541585895654	30.54961395263672	24252	2024/01/25 
2024/01/26 	30.332022021112387	30.636648178100586	30.332022021112387	30.636648178100586	2473	2024/01/26 
2024/01/29 	30.37554068126216	30.63664827403249	30.201468319705256	30.462575912475586	62164	2024/01/29 
2024/01/30 	30.33202211609042	30.549613042819065	30.288505450048735	30.462575912475586	19676	2024/01/30 
2024/01/31 	30.332023120399057	30.549614054332245	30.24498788630385	30.37554168701172	52974	2024/01/31 
2024/02/01 	30.33202301942786	30.54961395263672	30.201469219154593	30.54961395263672	37761	2024/02/01 
2024/02/02 	30.33202211609042	30.462575912475586	30.33202211609042	30.462575912475586	27478	2024/02/02 
2024/02/05 	30.20146942138672	30.46257702368166	30.15795275375764	30.20146942138672	96260	2024/02/05 
2024/02/15 	30.375541585895654	30.897756786988737	30.375541585895654	30.54961395263672	114023	2024/02/15 
2024/02/16 	30.33202211609042	30.897755866802814	30.201468319705256	30.462575912475586	67554	2024/02/16 
2024/02/19 	30.46257681970113	30.723686319377784	30.33202301942786	30.54961395263672	42385	2024/02/19 
2024/02/20 	30.54961395263672	30.767202986715468	30.33202301942786	30.54961395263672	46938	2024/02/20 
2024/02/21 	30.37554068126216	30.593131607990802	30.37554068126216	30.462575912475586	40040	2024/02/21 
2024/02/22 	30.59313201904297	30.59313201904297	30.419059655147212	30.59313201904297	68640	2024/02/22 
2024/02/23 	30.54961395263672	30.636649186442195	30.375541585895654	30.54961395263672	66352	2024/02/23 
2024/02/26 	30.636648083252663	31.028309469969212	30.549612852581223	30.810720443725586	177950	2024/02/26 
2024/02/27 	30.59313201904297	30.9412748477044	30.549613453286508	30.59313201904297	47278	2024/02/27 
2024/02/29 	30.46257581708875	30.984792900124255	30.46257581708875	30.636648178100586	93033	2024/02/29 
2024/03/01 	30.462576719444417	30.98479381794892	30.462576719444417	30.72368621826172	46167	2024/03/01 
2024/03/04 	30.506095427981553	34.50974657460279	30.506095427981553	33.68290710449219	430850	2024/03/04 
2024/03/05 	34.20512066099662	34.98844342603119	32.89958271927233	33.16069030761719	770648	2024/03/05 
2024/03/06 	33.07365321097834	34.55326541188107	33.07365321097834	33.98753356933594	350025	2024/03/06 
2024/03/07 	33.68290710449219	34.07456850584882	33.50883663664265	33.68290710449219	164507	2024/03/07 
2024/03/08 	33.72642357274882	33.856977372430165	32.89958410752037	33.20420837402344	191591	2024/03/08 
2024/03/11 	32.638475908937515	33.07365396713236	32.464405445311606	32.59495544433594	113670	2024/03/11 
2024/03/12 	32.943101357678515	34.07456890769463	32.943101357678515	33.81346130371094	171890	2024/03/12 
2024/03/13 	33.3782807765044	33.42179744121643	31.50700721998726	32.20329284667969	401188	2024/03/13 
2024/03/14 	32.20329284667969	32.290329974363736	31.76811480477942	32.20329284667969	69921	2024/03/14 
2024/03/15 	31.81163516168796	32.37736892700195	31.81163516168796	32.37736892700195	21962	2024/03/15 
2024/03/18 	32.638475908937515	32.68199257527896	32.20329405248254	32.59495544433594	31391	2024/03/18 
2024/03/19 	32.638477935143804	32.638477935143804	32.116262713586664	32.4208869934082	51386	2024/03/19 
2024/03/20 	32.333851859294924	32.3773685259207	31.85515143424063	32.2468147277832	82247	2024/03/20 
2024/03/21 	32.333852657162076	32.5079231262207	32.07274125618376	32.5079231262207	63469	2024/03/21 
2024/03/22 	32.594957379569905	34.857892532362825	32.55144071064478	34.07456970214844	575522	2024/03/22 
2024/03/25 	34.118089129941104	35.989359012359046	33.94401486302299	35.81528854370117	988661	2024/03/25 
2024/03/26 	35.81528854370117	35.81528854370117	35.81528854370117	35.81528854370117	0	2024/03/26 
2024/03/27 	35.77177045493725	35.815287120807795	34.727336289703246	34.94492721557617	187840	2024/03/27 
2024/03/28 	34.770858790727644	34.770858790727644	33.81346169941005	33.94401550292969	118450	2024/03/28 
2024/03/29 	34.5532649818593	34.77085590240411	33.2042065920455	33.85697555541992	145106	2024/03/29 
2024/04/01 	34.03105303322331	34.24864397436965	33.4653173458949	34.07456970214844	44265	2024/04/01 
2024/04/02 	34.07456982459011	35.38010787963867	33.944016019085254	35.38010787963867	250107	2024/04/02 
2024/04/03 	35.42362694621405	35.90232548022267	34.94492841220543	35.33658981323242	220070	2024/04/03 
2024/04/08 	35.81528812671873	38.20877698376439	35.64121386182729	36.511573791503906	596260	2024/04/08 
2024/04/09 	36.94675587687614	37.556008211126745	35.03196553941725	36.16343307495117	559623	2024/04/09 
2024/04/10 	36.250464582106936	36.511572169584966	35.59769561341186	35.989356994628906	157888	2024/04/10 
2024/04/11 	36.0763955391883	36.0763955391883	34.90141134941963	35.20603561401367	136109	2024/04/11 
2024/04/12 	35.33658881552075	35.59769640883316	35.11900168660048	35.42362594604492	40031	2024/04/12 
2024/04/15 	35.423627140525774	35.81528854370117	34.988445271490725	35.81528854370117	128054	2024/04/15 
2024/04/16 	35.68473353935734	35.81528733601354	34.94492742555213	35.42362594604492	90839	2024/04/16 
2024/04/17 	35.684734327180244	37.12082612210356	35.55418052764176	36.511573791503906	427610	2024/04/17 
2024/04/18 	36.555092668615266	37.46896922567864	36.38101841128698	36.816200256347656	263585	2024/04/18 
2024/04/19 	36.64212922648892	36.64212922648892	35.55418211452999	36.20695114135742	100222	2024/04/19 
2024/04/22 	36.33750395727517	36.46805775908575	35.33659021064059	35.46714401245117	148384	2024/04/22 
2024/04/23 	35.64121427678305	35.85880521130058	35.510660475724585	35.81528854370117	21887	2024/04/23 
2024/04/24 	35.81528976349511	35.81528976349511	35.20603740505232	35.38010787963867	77082	2024/04/24 
2024/04/25 	35.554181543334	35.64121488000585	35.29307393679785	35.59769821166992	64774	2024/04/25 
2024/04/26 	35.77177066988151	35.77177066988151	35.38010548165278	35.42362594604492	39788	2024/04/26 
2024/04/29 	35.6847347426427	35.81528854370117	35.554180941584235	35.81528854370117	47319	2024/04/29 
2024/04/30 	35.81528794485312	36.07639554260421	35.68473414597757	36.03287887573242	56671	2024/04/30 
2024/05/02 	36.20694773280387	36.51157198389229	35.8588030185171	36.337501525878906	96522	2024/05/02 
2024/05/03 	36.55509345077897	36.55509345077897	36.11991159640677	36.250465393066406	33982	2024/05/03 
2024/05/06 	36.55509386371415	36.55509386371415	34.814374023082	35.55418014526367	324536	2024/05/06 
2024/05/07 	35.641215490648385	35.641215490648385	35.03196693046597	35.38010787963867	65114	2024/05/07 
2024/05/08 	35.336591445199915	35.38010811457037	34.72733908271156	35.03196716308594	180567	2024/05/08 
2024/05/09 	35.51065906493368	35.51065906493368	34.6838196238327	34.94492721557617	67513	2024/05/09 
2024/05/10 	34.98844488109944	35.68473434448242	34.90141154687172	35.68473434448242	33649	2024/05/10 
2024/05/13 	35.81529000131651	35.81529000131651	34.683822413341105	35.03196716308594	178134	2024/05/13 
2024/05/14 	35.11900065876285	35.11900065876285	34.29215743863292	34.68381881713867	163954	2024/05/14 
2024/05/15 	34.509744561185	34.988443067667596	34.509744561185	34.68381881713867	79626	2024/05/15 
2024/05/16 	34.727338510492984	34.814375646060135	33.90049901651617	34.42271423339844	191944	2024/05/16 
2024/05/17 	34.42271118918442	34.59678164666426	33.68290509794008	33.85697555541992	149529	2024/05/17 
2024/05/20 	33.90049950336223	33.90049950336223	32.63847811168605	32.89958572387695	341130	2024/05/20 
2024/05/21 	33.11717565881128	33.11717565881128	32.8125475883535	32.98662185668945	148069	2024/05/21 
2024/05/22 	33.1171760559082	33.1171760559082	32.769031313322095	33.1171760559082	55536	2024/05/22 
2024/05/23 	32.94310139047533	33.07365519259715	32.8125475883535	32.98662185668945	47759	2024/05/23 
2024/05/24 	32.812545188026014	33.117173236199406	32.63847473068407	33.03013610839844	54710	2024/05/24 
2024/05/27 	33.16069170688306	33.24772883942402	32.98662124006133	33.20420837402344	34674	2024/05/27 
2024/05/28 	33.20420837402344	33.24772883942402	32.94310077466075	33.20420837402344	32686	2024/05/28 
2024/05/29 	33.24773047288496	33.24773047288496	32.769031917781504	32.89958572387695	57836	2024/05/29 
2024/05/30 	32.856067043471086	33.11717463967953	32.638476113877324	33.07365417480469	62508	2024/05/30 
2024/05/31 	33.20420960700218	33.20420960700218	32.7690315246582	32.7690315246582	50194	2024/05/31 
2024/06/03 	33.204208372296534	34.7708577666514	33.204208372296534	34.03105163574219	119210	2024/06/03 
2024/06/04 	34.07456828512452	35.03196534774584	33.813460685911465	34.85789108276367	332176	2024/06/04 
2024/06/05 	35.03196393970942	35.59769578251255	34.64030255663185	34.81437301635742	333802	2024/06/05 
2024/06/06 	34.90141135272429	37.120825933608586	34.90141135272429	36.03287887573242	600590	2024/06/06 
2024/06/07 	35.68473272227496	35.68473272227496	34.68381903807551	35.16251754760742	195137	2024/06/07 
2024/06/11 	35.1625179242967	35.24955125550031	34.42271181950562	34.46622848510742	286987	2024/06/11 
2024/06/12 	34.770859158964925	34.90141296386719	34.596784886921675	34.90141296386719	75581	2024/06/12 
2024/06/13 	34.90141174484473	35.68473454689871	34.770857944502396	35.33658981323242	280662	2024/06/13 
2024/06/14 	35.51066107673777	36.25046722801029	35.42362774006593	35.59769821166992	112724	2024/06/14 
2024/06/17 	35.684735957990256	36.11991404358632	35.38010787963867	35.38010787963867	109868	2024/06/17 
2024/06/18 	35.771772082182714	35.771772082182714	35.33659021064059	35.46714401245117	35983	2024/06/18 
2024/06/19 	35.64121327065801	35.64121327065801	34.85789048641983	35.07548141479492	85989	2024/06/19 
2024/06/20 	34.85789128524004	35.07548221860156	34.50974655151367	34.50974655151367	119569	2024/06/20 
2024/06/21 	34.64030295796214	35.1625181414491	34.553265827960956	34.94492721557617	51722	2024/06/21 
2024/06/24 	34.94492902687328	35.11900329589844	34.770858556108415	35.11900329589844	141302	2024/06/24 
2024/06/25 	34.98844630162846	35.162520573671706	34.596784886921675	34.90141296386719	87154	2024/06/25 
2024/06/26 	35.1190008824718	35.336588006409926	34.94492662540927	35.16251754760742	68672	2024/06/26 
2024/06/27 	34.857892889083324	35.336591445199915	34.72733908271156	35.03196716308594	36161	2024/06/27 
2024/06/28 	34.55326761895712	35.20603663215073	34.55326761895712	35.11900329589844	70902	2024/06/28 
2024/07/01 	35.24955430819861	35.24955430819861	34.55326860696935	35.03196716308594	119687	2024/07/01 
2024/07/02 	34.55326542763904	35.075480605075796	34.50974496401262	34.81437301635742	85605	2024/07/02 
2024/07/03 	35.16251734852624	35.64121205708788	35.119000683637	35.510658264160156	160412	2024/07/03 
2024/07/04 	35.815289301045425	41.603177135867334	35.771772632525824	41.516143798828125	1269086	2024/07/04 
2024/07/05 	46.303117179951826	50.56787977201804	42.299465989883785	48.8271598815918	1902939	2024/07/05 
2024/07/08 	48.47901873855117	49.697519618124836	46.738298855434216	49.1753044128418	891129	2024/07/08 
2024/07/09 	49.08826732129384	49.6104825270246	45.95497608690929	47.52162170410156	593297	2024/07/09 
2024/07/10 	47.52162153632909	48.0438367402162	45.69386832272422	46.21608352661133	433296	2024/07/10 
2024/07/11 	45.86793632582913	46.21608104246089	43.343893777203874	43.779075622558594	553300	2024/07/11 
2024/07/12 	43.51796604100668	44.04018503673989	42.77816371009337	43.12630844116211	158775	2024/07/12 
2024/07/15 	43.08278702247598	47.60865703143496	42.647608966965365	47.34754943847656	398531	2024/07/15 
2024/07/16 	47.69569095725835	48.30494328116478	45.8679377837992	46.30311584472656	331844	2024/07/16 
2024/07/17 	46.5642262367707	47.173474749301214	45.78089966674848	46.39015197753906	195362	2024/07/17 
2024/07/18 	46.129044576262075	47.173474942897876	45.43275893125824	46.04200744628906	169060	2024/07/18 
2024/07/19 	46.651262609013344	46.651262609013344	45.60683217858431	46.12904739379883	187038	2024/07/19 
2024/07/22 	46.21608109593156	46.47718868414247	44.82350602605336	45.43275833129883	195971	2024/07/22 
2024/07/23 	45.258686453978136	47.95679960681493	45.258686453978136	46.21608352661133	597219	2024/07/23 
2024/07/26 	48.5	50.20000076293945	47.5	50.20000076293945	640451	2024/07/26 
2024/07/29 	50.20000076293945	50.400001525878906	48.849998474121094	49.400001525878906	181262	2024/07/29 
2024/07/30 	48.54999923706055	49.45000076293945	48.099998474121094	48.900001525878906	187793	2024/07/30 
2024/07/31 	48.900001525878906	49.0	47.04999923706055	47.45000076293945	213594	2024/07/31 
2024/08/01 	47.29999923706055	48.5	47.25	47.400001525878906	131760	2024/08/01 
2024/08/02 	47.75	47.79999923706055	45.900001525878906	46.79999923706055	152377	2024/08/02 
2024/08/05 	45.849998474121094	46.0	41.0	41.400001525878906	351697	2024/08/05 
2024/08/06 	42.150001525878906	42.150001525878906	40.599998474121094	42.150001525878906	153613	2024/08/06 
2024/08/07 	42.0	45.5	42.0	45.099998474121094	179651	2024/08/07 
2024/08/08 	45.099998474121094	45.099998474121094	42.95000076293945	44.20000076293945	74246	2024/08/08 
2024/08/09 	44.150001525878906	45.45000076293945	44.150001525878906	44.79999923706055	109629	2024/08/09 
2024/08/12 	44.849998474121094	46.75	44.29999923706055	46.04999923706055	173781	2024/08/12 
2024/08/13 	46.04999923706055	46.95000076293945	44.45000076293945	45.0	93977	2024/08/13 
2024/08/14 	45.400001525878906	45.5	44.900001525878906	45.29999923706055	45102	2024/08/14 
2024/08/15 	45.349998474121094	45.45000076293945	45.099998474121094	45.150001525878906	56456	2024/08/15 
2024/08/16 	45.45000076293945	45.45000076293945	44.79999923706055	45.04999923706055	59597	2024/08/16 
2024/08/19 	45.099998474121094	45.5	44.95000076293945	45.150001525878906	56974	2024/08/19 
2024/08/20 	44.849998474121094	45.45000076293945	44.849998474121094	45.400001525878906	8435	2024/08/20 
2024/08/21 	45.349998474121094	45.400001525878906	44.849998474121094	45.20000076293945	47312	2024/08/21 
2024/08/22 	45.20000076293945	45.349998474121094	45.0	45.29999923706055	39515	2024/08/22 
2024/08/23 	45.349998474121094	45.349998474121094	44.75	44.79999923706055	30470	2024/08/23 
2024/08/26 	45.150001525878906	45.25	44.75	45.04999923706055	38248	2024/08/26 
2024/08/27 	45.099998474121094	45.20000076293945	44.650001525878906	44.650001525878906	39423	2024/08/27 
2024/08/28 	44.900001525878906	45.0	44.650001525878906	45.0	11067	2024/08/28 
2024/08/29 	45.0	45.0	44.45000076293945	45.0	7121	2024/08/29 
2024/08/30 	45.0	45.04999923706055	44.70000076293945	45.0	17115	2024/08/30 
2024/09/02 	45.150001525878906	45.150001525878906	44.349998474121094	44.5	10385	2024/09/02 
2024/09/03 	44.29999923706055	44.29999923706055	42.95000076293945	43.5	145498	2024/09/03 
2024/09/04 	42.900001525878906	43.099998474121094	42.099998474121094	42.20000076293945	82148	2024/09/04 
2024/09/05 	42.54999923706055	43.099998474121094	42.04999923706055	42.349998474121094	89474	2024/09/05 
2024/09/06 	42.04999923706055	42.20000076293945	41.849998474121094	42.150001525878906	43810	2024/09/06 
2024/09/09 	42.150001525878906	42.150001525878906	41.349998474121094	41.849998474121094	44931	2024/09/09 
2024/09/10 	41.599998474121094	42.04999923706055	41.349998474121094	41.5	74101	2024/09/10 
2024/09/11 	41.79999923706055	41.95000076293945	41.20000076293945	41.349998474121094	51599	2024/09/11 
2024/09/12 	41.75	41.95000076293945	41.5	41.75	9149	2024/09/12 
2024/09/13 	41.54999923706055	42.0	41.349998474121094	41.849998474121094	40129	2024/09/13 
2024/09/16 	42.04999923706055	42.150001525878906	41.5	42.099998474121094	24107	2024/09/16 
2024/09/18 	41.75	41.900001525878906	41.099998474121094	41.45000076293945	86867	2024/09/18 
2024/09/19 	41.650001525878906	41.70000076293945	41.0	41.70000076293945	5952	2024/09/19 
2024/09/20 	41.04999923706055	41.95000076293945	41.04999923706055	41.79999923706055	32172	2024/09/20 
2024/09/23 	41.849998474121094	42.150001525878906	41.349998474121094	41.70000076293945	65779	2024/09/23 
2024/09/24 	41.79999923706055	41.79999923706055	40.349998474121094	41.150001525878906	221563	2024/09/24 
2024/09/25 	41.150001525878906	41.20000076293945	40.349998474121094	41.099998474121094	51506	2024/09/25 
2024/09/26 	41.150001525878906	42.0	41.0	41.650001525878906	113975	2024/09/26 
2024/09/27 	41.5	41.900001525878906	41.0	41.75	70160	2024/09/27 
2024/09/30 	41.849998474121094	41.900001525878906	41.5	41.599998474121094	21284	2024/09/30 
2024/10/01 	41.79999923706055	41.79999923706055	40.900001525878906	40.900001525878906	15431	2024/10/01 
2024/10/04 	41.04999923706055	41.54999923706055	40.75	40.95000076293945	105951	2024/10/04 
2024/10/07 	41.099998474121094	41.150001525878906	40.70000076293945	41.099998474121094	9932	2024/10/07 
2024/10/08 	40.650001525878906	41.0	40.349998474121094	41.0	23808	2024/10/08 
2024/10/09 	40.95000076293945	40.95000076293945	40.349998474121094	40.400001525878906	18787	2024/10/09 
2024/10/11 	40.400001525878906	41.099998474121094	40.400001525878906	41.04999923706055	28887	2024/10/11 
2024/10/14 	40.400001525878906	40.849998474121094	40.25	40.5	54103	2024/10/14 
2024/10/15 	40.20000076293945	40.5	40.0	40.349998474121094	34266	2024/10/15 
2024/10/16 	40.45000076293945	40.5	40.0	40.29999923706055	43537	2024/10/16 
2024/10/17 	40.0	40.349998474121094	40.0	40.349998474121094	19390	2024/10/17 
2024/10/18 	40.04999923706055	40.29999923706055	39.900001525878906	40.150001525878906	44908	2024/10/18 
2024/10/21 	40.29999923706055	40.29999923706055	39.79999923706055	40.20000076293945	32103	2024/10/21 
2024/10/22 	40.29999923706055	40.29999923706055	39.849998474121094	40.099998474121094	28533	2024/10/22 
2024/10/23 	40.099998474121094	40.099998474121094	39.70000076293945	40.04999923706055	55648	2024/10/23 
2024/10/24 	39.900001525878906	40.20000076293945	36.849998474121094	37.400001525878906	200505	2024/10/24 
2024/10/25 	40.0	44.099998474121094	39.79999923706055	42.5	259521	2024/10/25 
2024/10/28 	42.75	42.900001525878906	41.0	41.150001525878906	68497	2024/10/28 
2024/10/29 	41.150001525878906	41.150001525878906	40.79999923706055	40.95000076293945	14007	2024/10/29 
2024/10/30 	40.95000076293945	40.95000076293945	39.900001525878906	40.599998474121094	16145	2024/10/30 
2024/11/01 	40.54999923706055	40.54999923706055	39.849998474121094	40.0	27651	2024/11/01 
2024/11/04 	39.900001525878906	42.599998474121094	39.900001525878906	40.79999923706055	49431	2024/11/04 
2024/11/05 	40.79999923706055	41.0	39.849998474121094	40.900001525878906	30956	2024/11/05 
2024/11/06 	40.95000076293945	41.0	39.849998474121094	40.849998474121094	59709	2024/11/06 
2024/11/07 	40.0	40.5	39.849998474121094	40.099998474121094	48154	2024/11/07 
2024/11/08 	40.150001525878906	40.400001525878906	39.95000076293945	40.0	27626	2024/11/08 
2024/11/11 	40.150001525878906	40.150001525878906	39.849998474121094	40.099998474121094	44143	2024/11/11 
2024/11/12 	40.099998474121094	40.20000076293945	39.849998474121094	40.150001525878906	55753	2024/11/12 
2024/11/13 	39.900001525878906	40.900001525878906	39.849998474121094	40.150001525878906	52816	2024/11/13 
2024/11/14 	40.29999923706055	40.45000076293945	39.650001525878906	40.0	48275	2024/11/14 
2024/11/15 	39.900001525878906	40.20000076293945	39.849998474121094	40.150001525878906	29440	2024/11/15 
2024/11/18 	40.20000076293945	40.20000076293945	39.5	39.5	32294	2024/11/18 
2024/11/19 	39.25	39.5	38.79999923706055	39.5	63538	2024/11/19 
2024/11/20 	38.95000076293945	39.900001525878906	38.75	39.29999923706055	53643	2024/11/20 
2024/11/21 	39.29999923706055	39.29999923706055	38.29999923706055	38.5	95797	2024/11/21 
2024/11/22 	38.70000076293945	38.900001525878906	38.29999923706055	38.75	29911	2024/11/22 
2024/11/25 	38.29999923706055	39.0	38.099998474121094	38.599998474121094	76637	2024/11/25 
2024/11/26 	38.150001525878906	38.650001525878906	38.0	38.20000076293945	47343	2024/11/26 
2024/11/27 	38.0	38.04999923706055	37.45000076293945	37.599998474121094	65726	2024/11/27 
2024/11/28 	37.849998474121094	38.0	37.400001525878906	37.599998474121094	19960	2024/11/28 
2024/11/29 	37.79999923706055	37.79999923706055	37.20000076293945	37.599998474121094	17915	2024/11/29 
2024/12/02 	37.54999923706055	37.70000076293945	36.900001525878906	37.20000076293945	83891	2024/12/02 
2024/12/03 	37.400001525878906	37.5	36.900001525878906	37.20000076293945	54747	2024/12/03 
2024/12/04 	37.099998474121094	37.29999923706055	36.95000076293945	37.29999923706055	41436	2024/12/04 
2024/12/05 	37.29999923706055	37.29999923706055	36.95000076293945	37.150001525878906	37695	2024/12/05 
2024/12/06 	37.150001525878906	37.150001525878906	36.70000076293945	37.150001525878906	66741	2024/12/06 
2024/12/09 	37.150001525878906	37.150001525878906	36.349998474121094	36.5	83255	2024/12/09 
2024/12/10 	36.099998474121094	37.0	36.099998474121094	36.650001525878906	24391	2024/12/10 
2024/12/11 	36.79999923706055	36.95000076293945	36.29999923706055	36.95000076293945	34462	2024/12/11 
2024/12/12 	36.45000076293945	36.900001525878906	36.45000076293945	36.650001525878906	29773	2024/12/12 
2024/12/13 	36.95000076293945	37.04999923706055	35.45000076293945	36.150001525878906	306493	2024/12/13 
2024/12/16 	35.54999923706055	35.54999923706055	35.20000076293945	35.45000076293945	31534	2024/12/16 
2024/12/17 	35.5	35.5	35.04999923706055	35.25	27199	2024/12/17 
2024/12/18 	34.95000076293945	35.349998474121094	34.900001525878906	34.900001525878906	59650	2024/12/18 
2024/12/19 	35.099998474121094	35.25	34.95000076293945	35.25	8804	2024/12/19 
2024/12/20 	35.20000076293945	37.599998474121094	35.20000076293945	37.349998474121094	145978	2024/12/20 
2024/12/23 	36.400001525878906	37.29999923706055	36.349998474121094	36.95000076293945	103793	2024/12/23 
2024/12/24 	36.599998474121094	37.0	36.45000076293945	37.0	40807	2024/12/24 
2024/12/25 	37.29999923706055	38.29999923706055	37.29999923706055	38.04999923706055	102241	2024/12/25 
2024/12/26 	38.099998474121094	38.20000076293945	37.79999923706055	37.95000076293945	55752	2024/12/26 
2024/12/27 	38.04999923706055	38.04999923706055	37.79999923706055	38.0	2207	2024/12/27 
2024/12/30 	37.70000076293945	37.900001525878906	37.400001525878906	37.650001525878906	29564	2024/12/30 
2024/12/31 	37.400001525878906	37.5	37.0	37.099998474121094	40876	2024/12/31 
2025/01/02 	36.79999923706055	37.099998474121094	36.099998474121094	36.79999923706055	25973	2025/01/02 
2025/01/03 	36.75	37.099998474121094	36.0	36.25	78798	2025/01/03 
2025/01/06 	36.400001525878906	36.400001525878906	35.95000076293945	36.150001525878906	66165	2025/01/06 
2025/01/07 	36.150001525878906	36.20000076293945	35.900001525878906	36.150001525878906	31185	2025/01/07 
2025/01/08 	36.150001525878906	36.20000076293945	35.849998474121094	36.20000076293945	25572	2025/01/08 
2025/01/09 	36.150001525878906	36.25	35.849998474121094	36.099998474121094	34676	2025/01/09 
2025/01/10 	36.04999923706055	36.349998474121094	35.95000076293945	36.099998474121094	19371	2025/01/10 
2025/01/13 	36.29999923706055	36.29999923706055	35.900001525878906	36.20000076293945	24848	2025/01/13 
2025/01/14 	36.25	36.25	35.849998474121094	36.150001525878906	10281	2025/01/14 
2025/01/15 	36.099998474121094	36.150001525878906	35.79999923706055	36.150001525878906	34010	2025/01/15 
2025/01/16 	36.0	36.0	35.349998474121094	35.95000076293945	67473	2025/01/16 
2025/01/17 	35.95000076293945	35.95000076293945	34.900001525878906	35.099998474121094	105397	2025/01/17 
2025/01/20 	35.150001525878906	35.400001525878906	34.849998474121094	35.400001525878906	26856	2025/01/20 
2025/01/21 	35.5	35.5	34.79999923706055	35.20000076293945	42390	2025/01/21 
2025/01/22 	35.25	35.25	34.849998474121094	35.150001525878906	18441	2025/01/22 
2025/02/03 	34.849998474121094	35.25	34.849998474121094	35.20000076293945	38103	2025/02/03 
2025/02/04 	35.25	36.04999923706055	34.900001525878906	36.04999923706055	47084	2025/02/04 
2025/02/05 	36.04999923706055	39.04999923706055	35.349998474121094	39.0	195678	2025/02/05 
2025/02/06 	38.95000076293945	39.150001525878906	38.0	38.400001525878906	115487	2025/02/06 
2025/02/07 	38.5	38.650001525878906	37.849998474121094	38.5	12777	2025/02/07 
2025/02/10 	38.5	39.20000076293945	38.29999923706055	39.20000076293945	126121	2025/02/10 
2025/02/11 	39.0	39.0	38.0	38.45000076293945	113592	2025/02/11 
2025/02/12 	38.29999923706055	38.849998474121094	38.04999923706055	38.54999923706055	40615	2025/02/12 
2025/02/13 	38.849998474121094	39.599998474121094	38.5	39.599998474121094	74454	2025/02/13 
2025/02/14 	39.650001525878906	39.650001525878906	38.5	39.099998474121094	81847	2025/02/14 
2025/02/17 	39.099998474121094	39.29999923706055	38.849998474121094	39.25	42737	2025/02/17 
2025/02/18 	39.099998474121094	39.650001525878906	38.95000076293945	39.54999923706055	58672	2025/02/18 
2025/02/19 	39.79999923706055	40.95000076293945	39.79999923706055	40.599998474121094	175721	2025/02/19 
2025/02/20 	40.75	40.79999923706055	39.79999923706055	40.099998474121094	85794	2025/02/20 
2025/02/21 	40.20000076293945	40.29999923706055	39.5	40.20000076293945	55294	2025/02/21 
2025/02/24 	39.900001525878906	40.04999923706055	36.79999923706055	37.0	357568	2025/02/24 
2025/02/25 	37.0	37.0	34.20000076293945	36.5	360956	2025/02/25 
2025/02/26 	36.75	37.150001525878906	36.5	37.0	34378	2025/02/26 
2025/02/27 	37.20000076293945	37.349998474121094	37.099998474121094	37.099998474121094	19800	2025/02/27 
2025/03/03 	37.099998474121094	37.150001525878906	36.45000076293945	36.5	30100	2025/03/03 
2025/03/04 	36.75	36.79999923706055	36.150001525878906	36.599998474121094	30918	2025/03/04 
2025/03/05 	36.400001525878906	36.95000076293945	35.95000076293945	36.25	93843	2025/03/05 
2025/03/06 	36.099998474121094	36.75	36.0	36.150001525878906	17099	2025/03/06 
2025/03/07 	36.0	36.79999923706055	36.0	36.650001525878906	45013	2025/03/07 
2025/03/10 	36.650001525878906	36.650001525878906	36.0	36.150001525878906	15034	2025/03/10 
2025/03/11 	35.79999923706055	35.849998474121094	35.349998474121094	35.70000076293945	36520	2025/03/11 
2025/03/12 	35.349998474121094	35.75	35.0	35.0	26040	2025/03/12 
2025/03/13 	35.45000076293945	35.599998474121094	35.04999923706055	35.04999923706055	67201	2025/03/13 
2025/03/14 	34.650001525878906	35.54999923706055	34.650001525878906	35.04999923706055	16570	2025/03/14 
2025/03/17 	35.400001525878906	35.900001525878906	35.25	35.900001525878906	14003	2025/03/17 
2025/03/18 	35.900001525878906	36.150001525878906	35.849998474121094	36.0	31020	2025/03/18 
2025/03/19 	35.849998474121094	36.099998474121094	35.79999923706055	35.95000076293945	14338	2025/03/19 
2025/03/20 	35.79999923706055	36.099998474121094	35.79999923706055	36.099998474121094	6151	2025/03/20 
2025/03/21 	35.79999923706055	36.20000076293945	35.79999923706055	35.849998474121094	22600	2025/03/21 
2025/03/24 	36.150001525878906	36.150001525878906	35.70000076293945	35.849998474121094	27246	2025/03/24 
2025/03/25 	35.599998474121094	35.650001525878906	35.20000076293945	35.599998474121094	27312	2025/03/25 
2025/03/26 	35.599998474121094	35.599998474121094	34.95000076293945	35.20000076293945	46109	2025/03/26 
2025/03/27 	34.849998474121094	35.099998474121094	34.5	34.70000076293945	58185	2025/03/27 
2025/03/28 	34.849998474121094	34.849998474121094	34.04999923706055	34.04999923706055	61356	2025/03/28 
2025/03/31 	34.349998474121094	34.5	33.75	34.150001525878906	69954	2025/03/31 
2025/04/01 	34.150001525878906	34.150001525878906	33.849998474121094	34.150001525878906	26313	2025/04/01 
2025/04/02 	34.150001525878906	34.150001525878906	33.849998474121094	34.0	12451	2025/04/02 
2025/04/07 	32.849998474121094	32.849998474121094	24.700000762939453	26.700000762939453	624669	2025/04/07 
2025/04/08 	26.200000762939453	28.399999618530273	26.100000381469727	28.200000762939453	153295	2025/04/08 
2025/04/09 	28.100000381469727	28.399999618530273	26.899999618530273	27.0	117769	2025/04/09 
2025/04/10 	27.100000381469727	31.0	27.100000381469727	30.799999237060547	160695	2025/04/10 
2025/04/11 	30.799999237060547	30.799999237060547	28.899999618530273	28.899999618530273	74551	2025/04/11 
2025/04/14 	29.600000381469727	29.600000381469727	28.799999237060547	28.899999618530273	35463	2025/04/14 
2025/04/15 	28.850000381469727	28.950000762939453	28.549999237060547	28.850000381469727	17351	2025/04/15 
2025/04/16 	28.799999237060547	29.0	28.5	28.75	20272	2025/04/16 
2025/04/17 	28.5	28.600000381469727	28.5	28.600000381469727	3991	2025/04/17 
2025/04/18 	28.5	28.850000381469727	28.5	28.700000762939453	10101	2025/04/18 
2025/04/21 	28.399999618530273	28.700000762939453	28.399999618530273	28.600000381469727	2029	2025/04/21 
2025/04/22 	28.399999618530273	28.399999618530273	28.350000381469727	28.399999618530273	26242	2025/04/22 
2025/04/23 	28.450000762939453	28.600000381469727	28.299999237060547	28.600000381469727	17000	2025/04/23 
2025/04/24 	28.600000381469727	28.600000381469727	28.350000381469727	28.399999618530273	5620	2025/04/24 
2025/04/25 	28.399999618530273	28.600000381469727	28.299999237060547	28.549999237060547	15060	2025/04/25 
2025/04/28 	28.399999618530273	28.5	28.0	28.0	55608	2025/04/28 
2025/04/29 	28.049999237060547	28.149999618530273	27.950000762939453	28.100000381469727	86564	2025/04/29 
2025/04/30 	28.0	28.100000381469727	27.850000381469727	28.049999237060547	235001	2025/04/30 
2025/05/02 	28.0	30.299999237060547	28.0	30.299999237060547	93691	2025/05/02 
2025/05/05 	30.399999618530273	30.899999618530273	30.399999618530273	30.700000762939453	68283	2025/05/05 
2025/05/06 	30.899999618530273	31.0	30.649999618530273	31.0	17721	2025/05/06 
2025/05/07 	31.0	31.25	30.899999618530273	31.25	49040	2025/05/07 
2025/05/08 	31.549999237060547	33.650001525878906	31.549999237060547	33.099998474121094	76494	2025/05/08 
2025/05/09 	33.400001525878906	33.400001525878906	32.75	32.75	12940	2025/05/09 
2025/05/12 	32.5	32.599998474121094	32.04999923706055	32.29999923706055	18220	2025/05/12 
2025/05/13 	32.25	32.29999923706055	32.25	32.25	8002	2025/05/13 
2025/05/14 	32.29999923706055	32.29999923706055	31.600000381469727	31.600000381469727	15480	2025/05/14 
2025/05/15 	31.75	31.75	30.25	30.950000762939453	31368	2025/05/15 
2025/05/16 	30.5	30.600000381469727	29.950000762939453	30.149999618530273	33431	2025/05/16 
2025/05/19 	29.899999618530273	30.0	29.450000762939453	29.549999237060547	31420	2025/05/19 
2025/05/20 	29.399999618530273	29.600000381469727	29.200000762939453	29.299999237060547	16071	2025/05/20 
2025/05/21 	29.399999618530273	29.450000762939453	29.350000381469727	29.350000381469727	4025	2025/05/21 
2025/05/22 	29.5	29.549999237060547	29.399999618530273	29.399999618530273	5050	2025/05/22 
2025/05/23 	29.649999618530273	29.700000762939453	29.5	29.700000762939453	6002	2025/05/23 
2025/05/26 	29.5	29.5	28.0	28.200000762939453	194797	2025/05/26 
2025/05/27 	28.100000381469727	28.899999618530273	27.899999618530273	28.899999618530273	39812	2025/05/27 
2025/05/28 	28.799999237060547	28.899999618530273	28.0	28.850000381469727	77146	2025/05/28 
2025/05/29 	28.5	28.5	28.5	28.5	18	2025/05/29 
2025/06/02 	28.450000762939453	28.799999237060547	28.100000381469727	28.649999618530273	15314	2025/06/02 
2025/06/03 	28.700000762939453	28.899999618530273	28.600000381469727	28.899999618530273	22389	2025/06/03 
2025/06/04 	28.899999618530273	28.899999618530273	28.149999618530273	28.850000381469727	9167	2025/06/04 
2025/06/05 	28.850000381469727	28.899999618530273	28.75	28.899999618530273	4886	2025/06/05 
2025/06/06 	28.899999618530273	29.299999237060547	28.899999618530273	29.299999237060547	15307	2025/06/06 
2025/06/09 	29.299999237060547	30.0	29.100000381469727	30.0	40879	2025/06/09 
2025/06/10 	29.450000762939453	30.5	29.450000762939453	30.5	47233	2025/06/10 
2025/06/11 	30.600000381469727	30.799999237060547	30.200000762939453	30.5	54574	2025/06/11 
2025/06/12 	30.75	30.75	29.799999237060547	30.100000381469727	57158	2025/06/12 
2025/06/13 	30.100000381469727	30.700000762939453	30.049999237060547	30.700000762939453	29233	2025/06/13 
2025/06/16 	30.649999618530273	30.799999237060547	30.0	30.350000381469727	49296	2025/06/16 
2025/06/17 	30.049999237060547	30.75	30.0	30.549999237060547	87695	2025/06/17 
2025/06/18 	30.600000381469727	30.700000762939453	30.0	30.700000762939453	22065	2025/06/18 
2025/06/19 	30.200000762939453	30.799999237060547	29.899999618530273	30.649999618530273	51567	2025/06/19 
2025/06/20 	30.149999618530273	30.950000762939453	30.100000381469727	30.950000762939453	65657	2025/06/20 
