Date	Open	High	Low	Close	Volume	Date
2021/05/12 	48.9848739264316	78.86830952527768	48.9848739264316	70.2160873413086	103477	2021/05/12 
2021/05/13 	67.22108212515704	67.22108212515704	56.572194642673004	61.231082916259766	70791	2021/05/13 
2021/05/14 	59.89997338635799	60.565528869628906	59.89997338635799	60.565528869628906	7062	2021/05/14 
2021/05/17 	61.231087601747056	62.562198638916016	60.49897452050163	62.562198638916016	29911	2021/05/17 
2021/05/18 	63.49398019767036	67.22108990750115	63.49398019767036	66.55553436279297	29172	2021/05/18 
2021/05/19 	67.55386259764111	67.55386259764111	63.56052943170985	63.893310546875	21344	2021/05/19 
2021/05/20 	63.22774983268834	64.5588607788086	63.22774983268834	64.5588607788086	6606	2021/05/20 
2021/05/21 	61.96320093132254	62.56219888964668	59.966534367567064	60.29930877685547	24050	2021/05/21 
2021/05/24 	60.29930877685547	60.29930877685547	60.29930877685547	60.29930877685547	0	2021/05/24 
2021/05/25 	60.29930877685547	60.29930877685547	60.29930877685547	60.29930877685547	0	2021/05/25 
2021/05/26 	60.29930877685547	60.29930877685547	60.29930877685547	60.29930877685547	0	2021/05/26 
2021/05/27 	60.29930877685547	60.29930877685547	60.29930877685547	60.29930877685547	0	2021/05/27 
2021/05/28 	60.29930877685547	60.29930877685547	60.29930877685547	60.29930877685547	0	2021/05/28 
2021/05/31 	60.29930877685547	60.29930877685547	60.29930877685547	60.29930877685547	0	2021/05/31 
2021/06/01 	60.29930877685547	60.29930877685547	60.29930877685547	60.29930877685547	0	2021/06/01 
2021/06/02 	60.29930877685547	60.29930877685547	60.29930877685547	60.29930877685547	0	2021/06/02 
2021/06/03 	60.29930877685547	60.29930877685547	60.29930877685547	60.29930877685547	0	2021/06/03 
2021/06/04 	60.29930877685547	60.29930877685547	60.29930877685547	60.29930877685547	0	2021/06/04 
2021/06/07 	60.29930877685547	60.29930877685547	60.29930877685547	60.29930877685547	0	2021/06/07 
2021/06/08 	59.89997863769531	59.89997863769531	59.23442309607619	59.89997863769531	2244	2021/06/08 
2021/06/09 	58.56886638219747	58.56886638219747	58.502315521240234	58.502315521240234	9570	2021/06/09 
2021/06/10 	58.90164566040039	58.90164566040039	58.90164566040039	58.90164566040039	3960	2021/06/10 
2021/06/11 	61.03142166137695	61.03142166137695	61.03142166137695	61.03142166137695	3960	2021/06/11 
2021/06/15 	61.03142166137695	61.03142166137695	61.03142166137695	61.03142166137695	0	2021/06/15 
2021/06/16 	60.56552802491333	62.42908603315043	60.56552802491333	62.29597091674805	23298	2021/06/16 
2021/06/17 	59.50064468383789	59.50064468383789	59.50064468383789	59.50064468383789	1320	2021/06/17 
2021/06/18 	62.29597509094722	62.562198638916016	62.29597509094722	62.562198638916016	5280	2021/06/18 
2021/06/21 	62.42909021626912	62.562198638916016	62.42909021626912	62.562198638916016	5280	2021/06/21 
2021/06/22 	62.429088016698756	62.429088016698756	59.633750915527344	59.633750915527344	5280	2021/06/22 
2021/06/23 	62.42909240722656	62.42909240722656	62.42909240722656	62.42909240722656	3960	2021/06/23 
2021/06/24 	62.42908543910901	62.42908543910901	61.231082916259766	61.231082916259766	2640	2021/06/24 
2021/06/25 	61.231082916259766	61.231082916259766	61.231082916259766	61.231082916259766	0	2021/06/25 
2021/06/28 	61.231082916259766	61.231082916259766	61.231082916259766	61.231082916259766	132	2021/06/28 
2021/06/29 	61.231082916259766	61.231082916259766	61.231082916259766	61.231082916259766	0	2021/06/29 
2021/06/30 	61.231082916259766	61.231082916259766	61.231082916259766	61.231082916259766	0	2021/06/30 
2021/07/01 	61.83008575439453	61.83008575439453	61.83008575439453	61.83008575439453	1	2021/07/01 
2021/07/02 	59.56719970703125	59.56719970703125	59.56719970703125	59.56719970703125	1	2021/07/02 
2021/07/05 	59.633750564280426	59.633750564280426	59.56719970703125	59.56719970703125	6600	2021/07/05 
2021/07/06 	59.43408391252877	62.29597182199845	59.43408391252877	62.09630584716797	13200	2021/07/06 
2021/07/07 	62.09630584716797	62.09630584716797	62.09630584716797	62.09630584716797	0	2021/07/07 
2021/07/08 	62.29597091674805	62.29597091674805	62.29597091674805	62.29597091674805	3960	2021/07/08 
2021/07/09 	62.29597091674805	62.29597091674805	62.29597091674805	62.29597091674805	0	2021/07/09 
2021/07/12 	62.29597091674805	62.29597091674805	62.29597091674805	62.29597091674805	0	2021/07/12 
2021/07/13 	62.49564743041992	62.49564743041992	62.49564743041992	62.49564743041992	1320	2021/07/13 
2021/07/14 	62.49564743041992	62.49564743041992	62.49564743041992	62.49564743041992	1	2021/07/14 
2021/07/15 	62.49564743041992	62.49564743041992	62.49564743041992	62.49564743041992	0	2021/07/15 
2021/07/16 	62.49564743041992	62.49564743041992	62.49564743041992	62.49564743041992	0	2021/07/16 
2021/07/19 	59.567206406452826	59.76687240600586	59.567206406452826	59.76687240600586	4092	2021/07/19 
2021/07/20 	59.89997863769531	59.89997863769531	59.89997863769531	59.89997863769531	528	2021/07/20 
2021/07/21 	62.22942352294922	62.22942352294922	62.22942352294922	62.22942352294922	3960	2021/07/21 
2021/07/22 	62.22942352294922	62.22942352294922	62.22942352294922	62.22942352294922	0	2021/07/22 
2021/07/23 	61.231082916259766	61.231082916259766	61.231082916259766	61.231082916259766	6600	2021/07/23 
2021/07/26 	60.565528869628906	60.565528869628906	60.565528869628906	60.565528869628906	3960	2021/07/26 
2021/07/27 	59.89997863769531	59.89997863769531	59.89997863769531	59.89997863769531	132	2021/07/27 
2021/07/28 	58.90164566040039	58.90164566040039	58.90164566040039	58.90164566040039	3960	2021/07/28 
2021/07/29 	59.16786553111171	59.89997863769531	58.701982684386024	59.89997863769531	2112	2021/07/29 
2021/07/30 	59.23442077636719	59.23442077636719	59.23442077636719	59.23442077636719	132	2021/07/30 
2021/08/02 	59.89998193458623	61.16453552246094	59.89998193458623	61.16453552246094	7920	2021/08/02 
2021/08/03 	61.16453552246094	61.16453552246094	61.16453552246094	61.16453552246094	0	2021/08/03 
2021/08/04 	60.964866638183594	60.964866638183594	60.964866638183594	60.964866638183594	3960	2021/08/04 
2021/08/05 	59.89997557036952	59.89997557036952	58.701979678406566	58.90164566040039	7393	2021/08/05 
2021/08/06 	60.565528869628906	60.565528869628906	60.565528869628906	60.565528869628906	1320	2021/08/06 
2021/08/09 	60.09964462991353	60.56553417931443	59.89997863769531	59.89997863769531	25080	2021/08/09 
2021/08/10 	59.89997863769531	59.89997863769531	59.89997863769531	59.89997863769531	14586	2021/08/10 
2021/08/11 	59.899979674114014	60.49897766113281	59.899979674114014	60.49897766113281	1321	2021/08/11 
2021/08/12 	60.565528869628906	60.565528869628906	60.565528869628906	60.565528869628906	3960	2021/08/12 
2021/08/13 	61.16453087268611	63.893310546875	61.16453087268611	63.893310546875	30426	2021/08/13 
2021/08/16 	64.89164439748258	103.16107948981488	63.02809282935278	91.84664154052734	151782	2021/08/16 
2021/08/17 	86.52218589538482	86.52218589538482	69.55052444668272	71.21441650390625	121410	2021/08/17 
2021/08/18 	69.88331291633975	73.21109067940479	63.22775739020968	70.2160873413086	77197	2021/08/18 
2021/08/19 	70.54886003634972	70.54886003634972	64.49230322070022	64.5588607788086	25878	2021/08/19 
2021/08/20 	65.15786294807698	65.15786294807698	63.22775396098342	63.2943115234375	13201	2021/08/20 
2021/08/23 	63.29431298520936	70.54886627197266	61.96320192143581	70.54886627197266	42972	2021/08/23 
2021/08/24 	71.21442132375272	80.1994175923124	68.2194180991161	77.20441436767578	47443	2021/08/24 
2021/08/25 	78.20274830552621	79.86663371514385	70.21608225294189	71.87997436523438	82077	2021/08/25 
2021/08/26 	73.54385977485202	73.54385977485202	71.54719326170594	71.87997436523438	16360	2021/08/26 
2021/08/27 	73.21108584345357	77.53719329833984	73.21108584345357	77.53719329833984	35789	2021/08/27 
2021/08/30 	78.27692754060085	79.4066982711497	76.34018061927472	78.35762786865234	33640	2021/08/30 
2021/08/31 	76.66297077914815	77.63134765625	74.08064147012269	77.63134765625	46671	2021/08/31 
2021/09/01 	75.1297011098747	77.71203682027556	74.8069133788456	77.14714813232422	3705	2021/09/01 
2021/09/02 	77.38924448936291	77.38924448936291	75.37179741027755	75.6138916015625	11115	2021/09/02 
2021/09/03 	74.64552333681631	76.25947561949873	74.5648230137086	75.85598754882812	5544	2021/09/03 
2021/09/06 	74.48411938857298	74.96830776088626	72.78946685791016	72.78946685791016	9436	2021/09/06 
2021/09/07 	76.17878270753936	76.42087690645832	73.2736590929457	74.88761138916016	5513	2021/09/07 
2021/09/08 	73.19295667569423	73.43505086768882	72.06318603719743	73.03156280517578	13552	2021/09/08 
2021/09/09 	73.27365668705677	75.21040344238281	73.27365668705677	75.21040344238281	6600	2021/09/09 
2021/09/10 	75.37179741027755	75.6138916015625	75.37179741027755	75.6138916015625	5280	2021/09/10 
2021/09/13 	72.628082489897	74.24203491210938	72.38598827207822	74.24203491210938	3851	2021/09/13 
2021/09/14 	72.62807337190752	74.24202559149853	68.59317927806259	71.01411437988281	19780	2021/09/14 
2021/09/15 	68.99666753332227	71.82109069824219	68.59317947725282	71.82109069824219	14302	2021/09/15 
2021/09/16 	71.6597024203136	71.6597024203136	68.59318482805311	69.96504974365234	8801	2021/09/16 
2021/09/17 	70.045745033952	72.62808104862881	69.80365082093748	70.20714569091797	15457	2021/09/17 
2021/09/22 	72.2245856722906	72.62808053944222	72.2245856722906	72.385986328125	7700	2021/09/22 
2021/09/23 	71.0141230855105	72.62808227539062	71.0141230855105	72.62808227539062	330	2021/09/23 
2021/09/24 	72.62807694720374	72.62807694720374	71.49830627441406	71.49830627441406	3300	2021/09/24 
2021/09/27 	71.49830627441406	71.49830627441406	71.49830627441406	71.49830627441406	0	2021/09/27 
2021/09/28 	71.49830627441406	71.49830627441406	71.49830627441406	71.49830627441406	0	2021/09/28 
2021/09/29 	71.0141230855105	72.62808227539062	69.8036519999918	72.62808227539062	2201	2021/09/29 
2021/09/30 	70.20714687678772	72.62808227539062	70.20714687678772	72.62808227539062	2201	2021/09/30 
2021/10/01 	69.80364990234375	69.80364990234375	69.80364990234375	69.80364990234375	5	2021/10/01 
2021/10/04 	69.80364412836201	72.62807408525502	65.6073561258291	67.05992126464844	19363	2021/10/04 
2021/10/05 	64.80038422904519	67.78620147705078	64.55829002347255	67.78620147705078	6196	2021/10/05 
2021/10/06 	66.09155268398605	66.09155268398605	65.68806457519531	65.68806457519531	1320	2021/10/06 
2021/10/07 	62.9443313330983	65.60736083984375	62.9443313330983	65.60736083984375	660	2021/10/07 
2021/10/08 	65.68806457519531	65.68806457519531	62.86364104122559	65.68806457519531	115	2021/10/08 
2021/10/12 	65.60736424446333	65.68806457519531	65.60736424446333	65.68806457519531	4400	2021/10/12 
2021/10/13 	62.54084041591656	64.0740991438512	58.26385197881788	59.95851135253906	23355	2021/10/13 
2021/10/14 	58.263852829566645	59.31292995276172	58.10245895385742	58.10245895385742	5061	2021/10/14 
2021/10/15 	58.90943873733015	59.39362716674805	58.90943873733015	59.39362716674805	2530	2021/10/15 
2021/10/18 	59.39362716674805	59.39362716674805	59.39362716674805	59.39362716674805	0	2021/10/18 
2021/10/19 	58.50594435950514	59.31292724609375	58.50594435950514	59.31292724609375	221	2021/10/19 
2021/10/20 	57.69897314225629	58.50594932489915	56.48850548207485	56.5692024230957	5770	2021/10/20 
2021/10/21 	57.295484671018905	57.295484671018905	53.66407832833662	54.4710578918457	9388	2021/10/21 
2021/10/22 	52.29221036101729	52.453607618798536	49.87127519781715	51.80802536010742	12397	2021/10/22 
2021/10/25 	49.87127571252083	50.436161041259766	49.87127571252083	50.436161041259766	2508	2021/10/25 
2021/10/26 	50.03267288208008	50.03267288208008	50.03267288208008	50.03267288208008	2277	2021/10/26 
2021/10/27 	50.03267288208008	50.03267288208008	50.03267288208008	50.03267288208008	1100	2021/10/27 
2021/10/28 	50.03267288208008	50.03267288208008	50.03267288208008	50.03267288208008	1100	2021/10/28 
2021/10/29 	50.03267075404066	51.5659294128418	50.03267075404066	51.5659294128418	3767	2021/10/29 
2021/11/01 	51.5659294128418	51.5659294128418	51.5659294128418	51.5659294128418	1760	2021/11/01 
2021/11/02 	51.56593330485936	52.21151559032121	51.56593330485936	51.96942138671875	7150	2021/11/02 
2021/11/03 	53.664075604958754	55.68152271824022	53.502681732177734	53.502681732177734	10970	2021/11/03 
2021/11/04 	53.50268338574796	53.58338032463251	51.162445068359375	51.162445068359375	8970	2021/11/04 
2021/11/05 	53.6640739440918	53.6640739440918	51.24313883756714	53.6640739440918	1217	2021/11/05 
2021/11/08 	52.453609466552734	52.453609466552734	52.453609466552734	52.453609466552734	3300	2021/11/08 
2021/11/09 	51.24314498901367	51.32384193259387	51.24314498901367	51.24314498901367	2324	2021/11/09 
2021/11/10 	51.24314498901367	51.24314498901367	51.24314498901367	51.24314498901367	0	2021/11/10 
2021/11/11 	53.099193040753725	54.87454605102539	53.099193040753725	54.87454605102539	17820	2021/11/11 
2021/11/12 	53.502681732177734	55.923616913628706	53.502681732177734	53.502681732177734	2214	2021/11/12 
2021/11/15 	53.50268869080206	56.48850958775999	53.50268869080206	55.27804183959961	13437	2021/11/15 
2021/11/16 	56.48850406663791	56.48850406663791	55.842918395996094	55.842918395996094	2200	2021/11/16 
2021/11/17 	56.16571403154296	56.48850518011807	54.87454605102539	54.87454605102539	3591	2021/11/17 
2021/11/18 	55.681522369384766	55.681522369384766	55.681522369384766	55.681522369384766	2535	2021/11/18 
2021/11/19 	54.87455033273454	55.27804183959961	54.87455033273454	55.27804183959961	1760	2021/11/19 
2021/11/22 	54.87455033273454	55.27804183959961	54.87455033273454	55.27804183959961	2310	2021/11/22 
2021/11/23 	54.87454285188467	55.681522369384766	54.87454285188467	55.681522369384766	181	2021/11/23 
2021/11/24 	56.32710680242319	56.32710680242319	55.842918395996094	55.842918395996094	2200	2021/11/24 
2021/11/25 	56.32710647583008	56.32710647583008	54.874544651188046	56.32710647583008	2223	2021/11/25 
2021/11/26 	56.08501311501295	56.08501311501295	53.58338089330577	54.06756591796875	2311	2021/11/26 
2021/11/29 	55.19733428955078	55.19733428955078	55.19733428955078	55.19733428955078	1100	2021/11/29 
2021/11/30 	53.421986464289624	53.66408068258475	53.34128952026367	53.34128952026367	5830	2021/11/30 
2021/12/01 	53.502681732177734	53.502681732177734	53.502681732177734	53.502681732177734	3	2021/12/01 
2021/12/02 	52.211517333984375	52.211517333984375	52.211517333984375	52.211517333984375	22	2021/12/02 
2021/12/03 	53.502681732177734	53.502681732177734	53.502681732177734	53.502681732177734	1100	2021/12/03 
2021/12/06 	53.502681732177734	53.502681732177734	53.502681732177734	53.502681732177734	0	2021/12/06 
2021/12/07 	53.502681732177734	53.502681732177734	53.502681732177734	53.502681732177734	3	2021/12/07 
2021/12/08 	53.50268169542925	55.19733428955078	53.260587500207045	55.19733428955078	9240	2021/12/08 
2021/12/09 	53.34128952026367	53.34128952026367	53.34128952026367	53.34128952026367	1100	2021/12/09 
2021/12/10 	53.34128952026367	53.34128952026367	53.34128952026367	53.34128952026367	0	2021/12/10 
2021/12/13 	54.06756591796875	54.06756591796875	54.06756591796875	54.06756591796875	4400	2021/12/13 
2021/12/14 	53.26059382578889	53.9868731114963	52.93780265589478	53.179893493652344	8079	2021/12/14 
2021/12/15 	54.067570705221826	55.27804183959961	53.74477953146021	55.27804183959961	11616	2021/12/15 
2021/12/16 	55.68152259591484	62.78293425188583	54.632448880275064	62.137351989746094	58855	2021/12/16 
2021/12/17 	60.52339788618045	62.13735705942691	53.34128870802022	56.407806396484375	51300	2021/12/17 
2021/12/20 	53.664075268743	56.48850188688486	53.664075268743	55.681522369384766	13609	2021/12/20 
2021/12/21 	56.40780042368072	57.698968302804566	56.165709620923316	56.24640655517578	14136	2021/12/21 
2021/12/22 	57.13408255197943	59.07083616369229	56.24640945697278	58.021759033203125	18814	2021/12/22 
2021/12/23 	56.24641251089007	56.48850672549876	55.19733870965814	56.407806396484375	6734	2021/12/23 
2021/12/24 	56.48850198109591	56.48850198109591	56.08501052856445	56.08501052856445	5527	2021/12/24 
2021/12/27 	53.825477600097656	53.825477600097656	53.825477600097656	53.825477600097656	484	2021/12/27 
2021/12/28 	54.874546344354826	56.5692024230957	54.874546344354826	56.5692024230957	6600	2021/12/28 
2021/12/29 	56.569208241635444	61.007591247558594	56.48851129231434	61.007591247558594	34632	2021/12/29 
2021/12/30 	60.52339336147631	60.52339336147631	56.00431410942175	56.488502502441406	24752	2021/12/30 
2022/01/03 	58.58665157270378	59.31293422435167	51.001050826428965	51.64663314819336	68427	2022/01/03 
2022/01/04 	51.64663314819336	51.64663314819336	50.8396569390965	51.64663314819336	16385	2022/01/04 
2022/01/05 	52.050124583467465	52.050124583467465	50.83965688489541	51.24314498901367	2420	2022/01/05 
2022/01/06 	52.13082071882818	55.52012954503973	51.646632292419156	54.309661865234375	67475	2022/01/06 
2022/01/07 	58.102464945375836	65.36527137043913	55.68152947035474	62.54084777832031	197205	2022/01/07 
2022/01/10 	62.782935540179025	72.1438886919409	62.782935540179025	64.15480041503906	178945	2022/01/10 
2022/01/11 	64.07409957202181	64.07409957202181	44.14172920324099	56.00431442260742	194876	2022/01/11 
2022/01/12 	52.93780106416766	53.82547760124026	50.03267723625419	50.839656829833984	50848	2022/01/12 
2022/01/13 	50.92035377332679	50.92035377332679	50.03267723625419	50.839656829833984	31922	2022/01/13 
2022/01/14 	50.27476645500783	50.27476645500783	49.22569274902344	49.22569274902344	4400	2022/01/14 
2022/01/17 	49.306394639568026	51.32384193259387	49.145000752407626	51.24314498901367	60500	2022/01/17 
2022/01/18 	51.40453628722268	54.30965997196812	51.162445468674804	53.260589599609375	57343	2022/01/18 
2022/01/19 	54.06756517013444	54.55175357431748	52.453609466552734	52.453609466552734	35200	2022/01/19 
2022/01/20 	54.067566448981815	54.067566448981815	52.292213439941406	52.292213439941406	6623	2022/01/20 
2022/01/21 	53.26059027121227	53.26059027121227	52.292213439941406	52.292213439941406	1133	2022/01/21 
2022/01/24 	53.179893493652344	53.179893493652344	53.179893493652344	53.179893493652344	1100	2022/01/24 
2022/01/25 	53.1798866939018	53.74477201554279	51.0817426647568	53.09918975830078	10527	2022/01/25 
2022/01/26 	53.82547494865528	53.82547494865528	52.93779845532845	53.260589599609375	45177	2022/01/26 
2022/02/07 	53.98686682788417	53.98686682788417	53.90616989135742	53.90616989135742	3300	2022/02/07 
2022/02/08 	56.48850518011807	56.48850518011807	54.551754902450284	54.87454605102539	2568	2022/02/08 
2022/02/09 	56.891998291015625	56.891998291015625	56.891998291015625	56.891998291015625	1100	2022/02/09 
2022/02/10 	56.73059524718362	57.1340833309805	53.260589599609375	53.260589599609375	32769	2022/02/10 
2022/02/11 	53.42198195359469	55.27803521299631	51.08174368470234	52.13081741333008	22847	2022/02/11 
2022/02/14 	53.26058910739037	55.68152436023229	53.26058910739037	55.03594207763672	14399	2022/02/14 
2022/02/15 	55.923621891628365	55.923621891628365	54.228965759277344	54.228965759277344	18296	2022/02/15 
2022/02/16 	55.92362002822933	55.92362002822933	52.21151672670415	53.58338165283203	23265	2022/02/16 
2022/02/17 	54.793850367842	60.28130340576172	53.42198541525346	60.28130340576172	77357	2022/02/17 
2022/02/18 	61.975960511774545	69.80364828230597	61.330378224692595	65.76876068115234	163059	2022/02/18 
2022/02/21 	66.17224859688163	66.17224859688163	58.909436033794854	60.604095458984375	57356	2022/02/21 
2022/02/22 	60.6040982402928	60.6040982402928	58.2638564222511	59.39362716674805	10857	2022/02/22 
2022/02/23 	58.748041143917135	58.748041143917135	56.89199464486804	57.698970794677734	27538	2022/02/23 
2022/02/24 	58.10246011336766	60.28130118244297	58.10246011336766	59.7164192199707	17293	2022/02/24 
2022/02/25 	59.151534671882786	63.50922389091019	59.151534671882786	63.105735778808594	82315	2022/02/25 
2022/03/01 	63.186429005829766	63.34782289533562	60.039210912075156	60.523399353027344	16863	2022/03/01 
2022/03/02 	62.86363249602027	62.86363249602027	61.65316156175572	62.37944412231445	13733	2022/03/02 
2022/03/03 	62.37944621988777	62.37944621988777	60.03920459242781	60.44269943237305	19987	2022/03/03 
2022/03/04 	54.95524496762469	54.95524496762469	53.01849800653499	53.825477600097656	27206	2022/03/04 
2022/03/07 	55.27803745535478	55.27803745535478	54.067566416982594	54.4710578918457	5082	2022/03/07 
2022/03/08 	53.82547559552529	54.4710578918457	53.82547559552529	54.4710578918457	5522	2022/03/08 
2022/03/09 	54.4710578918457	54.4710578918457	54.4710578918457	54.4710578918457	0	2022/03/09 
2022/03/10 	54.14826365648644	56.48850188688486	54.14826365648644	55.681522369384766	8812	2022/03/10 
2022/03/11 	56.1657113691673	56.488502502441406	55.43942877963781	56.488502502441406	10010	2022/03/11 
2022/03/14 	56.488502502441406	56.488502502441406	56.488502502441406	56.488502502441406	0	2022/03/14 
2022/03/15 	55.681522369384766	55.681522369384766	55.681522369384766	55.681522369384766	330	2022/03/15 
2022/03/16 	55.439430157704685	55.68152436023229	55.03594207763672	55.03594207763672	3465	2022/03/16 
2022/03/17 	57.29548263549805	57.29548263549805	57.29548263549805	57.29548263549805	331	2022/03/17 
2022/03/18 	57.29548303924832	57.29548303924832	55.439429757415965	57.21478271484375	2015	2022/03/18 
2022/03/21 	57.21478271484375	57.21478271484375	57.21478271484375	57.21478271484375	0	2022/03/21 
2022/03/22 	55.520125111397974	57.13408076018123	55.520125111397974	55.681522369384766	4423	2022/03/22 
2022/03/23 	55.520127175701745	55.842918317460146	55.439430236816406	55.439430236816406	13620	2022/03/23 
2022/03/24 	60.60410148047732	62.137360407319704	59.87781879751993	61.572471618652344	23508	2022/03/24 
2022/03/25 	62.13735276373589	62.13735276373589	57.37617590216146	59.877811431884766	13488	2022/03/25 
2022/03/28 	59.877813174233644	62.13735457183382	59.4743250901838	60.11990737915039	31707	2022/03/28 
2022/03/29 	58.90943376519993	58.90943376519993	55.35873133195494	56.08501052856445	8605	2022/03/29 
2022/03/30 	55.27803717104648	57.53757858276367	55.27803717104648	57.53757858276367	4195	2022/03/30 
2022/03/31 	55.520124499416696	58.34455108642578	55.520124499416696	58.34455108642578	30998	2022/03/31 
2022/04/01 	57.295484918030446	58.26385498046875	56.48850535104233	58.26385498046875	22115	2022/04/01 
2022/04/06 	58.26385471569459	59.15153121948242	57.779673072892905	59.15153121948242	18612	2022/04/06 
2022/04/07 	58.90943706647579	58.90943706647579	57.05339050292969	57.05339050292969	10010	2022/04/07 
2022/04/08 	58.74804520029517	58.90943908691406	56.81129824356486	58.90943908691406	5733	2022/04/08 
2022/04/11 	57.05339024140166	58.02176029589809	57.05339024140166	57.94106674194336	6619	2022/04/11 
2022/04/12 	58.102456360283774	58.102456360283774	55.68152124297477	56.24640655517578	12431	2022/04/12 
2022/04/13 	57.21478170575392	57.21478170575392	55.68152297614764	56.488502502441406	12188	2022/04/13 
2022/04/14 	57.53757683457167	57.94106490888303	57.05338843642442	57.29548263549805	13388	2022/04/14 
2022/04/15 	57.698974722983515	59.23223357547085	56.246412813727815	58.505950927734375	22231	2022/04/15 
2022/04/18 	57.21478271484375	57.21478271484375	57.21478271484375	57.21478271484375	110	2022/04/18 
2022/04/19 	57.214786584278144	57.69897501858302	57.214786584278144	57.6182746887207	4620	2022/04/19 
2022/04/20 	57.6182746887207	57.6182746887207	57.6182746887207	57.6182746887207	0	2022/04/20 
2022/04/21 	58.909433017610695	59.87780978242346	57.537574964037674	58.34455108642578	24091	2022/04/21 
2022/04/22 	57.8603679245701	60.119909398048364	57.8603679245701	59.474327087402344	23225	2022/04/22 
2022/04/25 	58.990137006777424	60.36200191808559	56.81129592290409	59.635719299316406	31375	2022/04/25 
2022/04/26 	57.376176186899905	59.070835580415256	57.05338843642442	57.29548263549805	10627	2022/04/26 
2022/04/27 	56.64989637596998	57.21478170575392	55.52012571640209	56.488502502441406	10562	2022/04/27 
2022/04/28 	55.842921561837414	56.08501577877574	54.228965759277344	54.228965759277344	41591	2022/04/28 
2022/04/29 	54.55175375042653	57.69897161534231	54.55175375042653	55.439430236816406	14523	2022/04/29 
2022/05/03 	55.35873675147591	56.48850751121941	55.19733947741943	55.923622131347656	34107	2022/05/03 
2022/05/04 	54.22896251551181	54.87454479791962	52.292212282071326	52.85709762573242	47850	2022/05/04 
2022/05/05 	54.551754176733084	54.551754176733084	53.260589599609375	53.260589599609375	10001	2022/05/05 
2022/05/06 	53.34128806124605	54.79384994506836	53.34128806124605	54.79384994506836	7711	2022/05/06 
2022/05/09 	54.7131521698464	54.87454605102539	54.7131521698464	54.87454605102539	4730	2022/05/09 
2022/05/10 	54.87454605102539	55.035943318421516	54.632451843039775	54.87454605102539	6655	2022/05/10 
2022/05/11 	54.87454605102539	54.87454605102539	54.87454605102539	54.87454605102539	0	2022/05/11 
2022/05/12 	54.87454605102539	54.87454605102539	54.87454605102539	54.87454605102539	0	2022/05/12 
2022/05/13 	55.11663818359375	55.11663818359375	55.11663818359375	55.11663818359375	2211	2022/05/13 
2022/05/16 	56.488502502441406	56.488502502441406	56.488502502441406	56.488502502441406	2216	2022/05/16 
2022/05/17 	56.569201589221414	56.649898529052734	56.0850131777993	56.649898529052734	4653	2022/05/17 
2022/05/18 	57.29548263549805	57.29548263549805	57.29548263549805	57.29548263549805	1100	2022/05/18 
2022/05/19 	57.295479511495394	57.295479511495394	56.7305908203125	56.7305908203125	2222	2022/05/19 
2022/05/20 	57.29548263549805	57.29548263549805	57.29548263549805	57.29548263549805	11	2022/05/20 
2022/05/23 	57.29548691414047	57.6182746887207	56.56920426268315	57.6182746887207	16808	2022/05/23 
2022/05/24 	57.456878662109375	57.456878662109375	57.456878662109375	57.456878662109375	6611	2022/05/24 
2022/05/25 	57.295484780828524	60.281302060478595	57.295484780828524	57.456878662109375	40712	2022/05/25 
2022/05/26 	59.312935023081494	60.523399353027344	59.15153436114102	60.523399353027344	4405	2022/05/26 
2022/05/27 	60.52339538705513	61.73386641011596	59.7164192199707	59.7164192199707	21847	2022/05/27 
2022/05/30 	58.99013900756836	58.99013900756836	58.99013900756836	58.99013900756836	2211	2022/05/30 
2022/05/31 	58.74804188664758	58.990136089138	56.730594714183454	57.13408279418945	4482	2022/05/31 
2022/06/01 	57.05338860309639	58.90943510483759	57.05338860309639	58.10245895385742	3784	2022/06/01 
2022/06/02 	58.99013935955869	58.99013935955869	58.505950927734375	58.505950927734375	5500	2022/06/02 
2022/06/06 	59.7164180282518	59.7164180282518	58.10245895385742	58.10245895385742	4290	2022/06/06 
2022/06/07 	59.87781477495195	59.87781477495195	58.66735049044297	59.55502700805664	6600	2022/06/07 
2022/06/08 	59.474327791383004	59.474327791383004	58.505950927734375	58.505950927734375	4400	2022/06/08 
2022/06/09 	59.312929310685526	59.312929310685526	58.90943446712932	59.07083511352539	7150	2022/06/09 
2022/06/10 	58.505950984149564	59.47432784873197	58.505950984149564	58.90943908691406	16500	2022/06/10 
2022/06/13 	59.070837375193	59.070837375193	57.53757858276367	57.53757858276367	1111	2022/06/13 
2022/06/14 	57.698974722983515	58.74804514364653	57.698974722983515	58.505950927734375	15400	2022/06/14 
2022/06/15 	57.698972421699466	59.635719299316406	57.698972421699466	59.635719299316406	2205	2022/06/15 
2022/06/16 	57.86037063598633	57.86037063598633	57.86037063598633	57.86037063598633	110	2022/06/16 
2022/06/17 	59.39362350439931	59.39362350439931	58.10245895385742	58.10245895385742	2200	2022/06/17 
2022/06/20 	58.748043060302734	58.748043060302734	58.748043060302734	58.748043060302734	1100	2022/06/20 
2022/06/21 	58.748043060302734	58.748043060302734	58.748043060302734	58.748043060302734	11	2022/06/21 
2022/06/22 	57.86036668078154	57.86036668078154	57.05339050292969	57.05339050292969	3520	2022/06/22 
2022/06/23 	57.05338658163129	58.34455108642578	57.05338658163129	58.34455108642578	187	2022/06/23 
2022/06/24 	58.34455108642578	58.34455108642578	58.34455108642578	58.34455108642578	11	2022/06/24 
2022/06/27 	58.34455108642578	58.34455108642578	58.34455108642578	58.34455108642578	0	2022/06/27 
2022/06/28 	58.34455108642578	58.34455108642578	58.34455108642578	58.34455108642578	1100	2022/06/28 
2022/06/29 	58.34455306901229	58.34455306901229	57.698970794677734	57.698970794677734	3305	2022/06/29 
2022/06/30 	57.77966915524087	58.34455108642578	57.77966915524087	58.34455108642578	3520	2022/06/30 
2022/07/01 	58.505950927734375	58.74804514364653	58.505950927734375	58.505950927734375	9900	2022/07/01 
2022/07/04 	59.07084175794345	59.07084175794345	57.86037063598633	57.86037063598633	15400	2022/07/04 
2022/07/05 	57.69896756380681	58.10245561611822	56.48850002065575	56.7305908203125	22220	2022/07/05 
2022/07/06 	58.586647033691406	58.586647033691406	58.586647033691406	58.586647033691406	11	2022/07/06 
2022/07/07 	56.48850198109591	57.698969566256395	56.08501052856445	56.08501052856445	21109	2022/07/07 
2022/07/08 	55.923617172657465	56.56919943920569	55.923617172657465	56.488502502441406	3300	2022/07/08 
2022/07/11 	58.10245895385742	58.10245895385742	58.10245895385742	58.10245895385742	11	2022/07/11 
2022/07/12 	58.10246251252799	58.10246251252799	54.228965237440605	56.407806396484375	16360	2022/07/12 
2022/07/13 	57.29548077283448	58.34455108642578	57.29548077283448	58.34455108642578	330	2022/07/13 
2022/07/14 	58.42525737071998	58.586651257183256	56.48850702963997	58.505950927734375	11399	2022/07/14 
2022/07/15 	60.66100238910355	63.0045166015625	60.390593993647414	63.0045166015625	54295	2022/07/15 
2022/07/18 	63.27491752211871	66.15924849822477	63.09464984469944	64.89735412597656	41150	2022/07/18 
2022/07/19 	64.62695301845127	66.06912210746509	64.62695301845127	65.79871368408203	6520	2022/07/19 
2022/07/20 	66.06912120027118	68.50276947021484	66.06912120027118	68.50276947021484	19605	2022/07/20 
2022/07/21 	68.41263562258207	68.68303716548039	68.3225017749493	68.50276947021484	24060	2022/07/21 
2022/07/22 	70.30546585165514	70.30546585165514	66.97046573504143	68.23235321044922	11870	2022/07/22 
2022/07/25 	68.7731704711914	68.7731704711914	68.7731704711914	68.7731704711914	1010	2022/07/25 
2022/07/26 	67.33100169216601	67.51127624511719	66.97046633980574	67.51127624511719	3280	2022/07/26 
2022/07/27 	66.97047446012522	66.97047446012522	64.626953125	64.626953125	2310	2022/07/27 
2022/07/28 	65.79871337478225	66.70006561279297	65.79871337478225	66.70006561279297	10000	2022/07/28 
2022/07/29 	67.24087558024503	67.24087558024503	66.33952334223432	66.70006561279297	9270	2022/07/29 
2022/08/01 	66.70006545918099	67.42114999863763	66.70006545918099	67.15074157714844	9010	2022/08/01 
2022/08/02 	66.88033378451485	66.88033378451485	64.89736159752155	65.34803771972656	2945	2022/08/02 
2022/08/03 	67.06060791015625	67.06060791015625	67.06060791015625	67.06060791015625	20	2022/08/03 
2022/08/04 	67.15074157714844	68.05209381308332	67.15074157714844	67.15074157714844	5200	2022/08/04 
2022/08/05 	70.12520478837865	73.27993752786251	67.33100743198992	73.00952911376953	37305	2022/08/05 
2022/08/08 	72.73912436085595	83.46521759033203	72.73912436085595	83.46521759033203	63356	2022/08/08 
2022/08/09 	86.52980854745707	94.64197809878117	79.67953341280432	83.55534362792969	108896	2022/08/09 
2022/08/10 	82.20331634108831	82.20331634108831	76.34452715143173	81.12169647216797	97280	2022/08/10 
2022/08/11 	82.92440119874946	82.92440119874946	80.85128841807214	80.9414291381836	15570	2022/08/11 
2022/08/12 	84.36656243822843	84.99751308853814	82.92440032958984	82.92440032958984	15790	2022/08/12 
2022/08/15 	82.92440043073192	84.2764286986243	82.6539920264449	83.6454849243164	23709	2022/08/15 
2022/08/16 	84.99751283627589	84.99751283627589	82.65399168032567	83.82575225830078	28875	2022/08/16 
2022/08/17 	86.80021680972081	86.80021680972081	84.90737174938448	85.17778015136719	9010	2022/08/17 
2022/08/18 	86.80021731402675	86.80021731402675	83.37507629394531	83.37507629394531	7140	2022/08/18 
2022/08/19 	85.89886469267641	85.89886469267641	84.72710411904492	85.53832244873047	3030	2022/08/19 
2022/08/22 	87.34102589871951	90.58589230751505	86.5298075773278	88.33251190185547	11000	2022/08/22 
2022/08/23 	88.06210350246782	88.60292030124312	84.72710325280015	88.33251190185547	27041	2022/08/23 
2022/08/24 	87.97197635708686	91.93792754824798	87.97197635708686	91.03657531738281	19905	2022/08/24 
2022/08/25 	90.58589736583622	98.69806727919469	90.58589736583622	96.8953628540039	27372	2022/08/25 
2022/08/26 	99.1487400165732	113.11969883709033	99.1487400165732	108.6129379272461	84245	2022/08/26 
2022/08/29 	109.06361389160156	114.47172697713552	108.16226171067923	109.06361389160156	63254	2022/08/29 
2022/08/30 	109.0636146674722	109.96496685480668	106.35955810546875	106.35955810546875	40015	2022/08/30 
2022/08/31 	108.61294039054836	108.61294039054836	100.05009446764205	100.50077056884766	28468	2022/08/31 
2022/09/01 	102.30346710341318	102.30346710341318	99.14873463766916	100.9514389038086	7730	2022/09/01 
2022/09/02 	101.40212236252506	101.85279846191406	100.05009406435806	101.85279846191406	6266	2022/09/02 
2022/09/05 	100.5007702975803	101.4021224975586	98.6980658976237	101.4021224975586	14741	2022/09/05 
2022/09/06 	102.30346710341318	102.75414316994804	100.9514389038086	100.9514389038086	5043	2022/09/06 
2022/09/07 	100.9514389038086	103.65549530301776	100.9514389038086	100.9514389038086	3070	2022/09/07 
2022/09/08 	104.1061767766505	111.31699421572587	103.6555006867083	109.51428985595703	23560	2022/09/08 
2022/09/12 	108.16226183626168	111.31699447315263	101.85279656247974	108.6129379272461	22123	2022/09/12 
2022/09/13 	105.90888138133955	108.6129379272461	105.90888138133955	108.6129379272461	5503	2022/09/13 
2022/09/14 	108.6129379272461	109.06361401823052	108.6129379272461	108.6129379272461	1002	2022/09/14 
2022/09/15 	108.61293857380495	109.0636146674722	105.90888201180151	106.35955810546875	9823	2022/09/15 
2022/09/16 	108.61293780114039	112.66902261529087	108.16226171067923	109.06361389160156	15835	2022/09/16 
2022/09/19 	109.06361389160156	109.06361389160156	109.06361389160156	109.06361389160156	0	2022/09/19 
2022/09/20 	109.06361389160156	109.06361389160156	109.06361389160156	109.06361389160156	0	2022/09/20 
2022/09/21 	109.06361389160156	109.06361389160156	109.06361389160156	109.06361389160156	0	2022/09/21 
2022/09/22 	109.06361389160156	109.06361389160156	109.06361389160156	109.06361389160156	0	2022/09/22 
2022/09/23 	108.61293780114039	109.51428998206272	106.35955734883458	109.06361389160156	9451	2022/09/23 
2022/09/26 	108.16226248013771	108.16226248013771	105.45820591813427	106.35955810546875	6229	2022/09/26 
2022/09/27 	104.55685411707015	105.45820630773454	100.95144535441256	105.00753021240234	12738	2022/09/27 
2022/09/28 	102.30347539728338	102.7541515003551	94.64198164506392	99.14874267578125	34912	2022/09/28 
2022/09/29 	100.0500950225412	100.0500950225412	98.69806671142578	98.69806671142578	1065	2022/09/29 
2022/09/30 	98.69806657270952	100.95144708806818	98.69806657270952	99.14874267578125	2325	2022/09/30 
2022/10/03 	99.14874267578125	99.59941877885298	98.24739046963778	99.14874267578125	11060	2022/10/03 
2022/10/04 	101.4021224975586	101.4021224975586	101.4021224975586	101.4021224975586	1	2022/10/04 
2022/10/05 	100.95144667005326	100.95144667005326	98.24739006281968	100.50077056884766	6045	2022/10/05 
2022/10/06 	100.95144680813627	100.95144680813627	99.59941850267015	100.05009460449219	2898	2022/10/06 
2022/10/07 	100.05009460449219	100.05009460449219	100.05009460449219	100.05009460449219	0	2022/10/07 
2022/10/11 	100.05008608335025	104.10617065429688	100.05008608335025	104.10617065429688	7343	2022/10/11 
2022/10/12 	106.81023406982422	106.81023406982422	106.81023406982422	106.81023406982422	2000	2022/10/12 
2022/10/13 	106.8102336883545	108.16226196289062	106.35955759684245	108.16226196289062	11300	2022/10/13 
2022/10/14 	108.16226196289062	108.16226196289062	108.16226196289062	108.16226196289062	0	2022/10/14 
2022/10/17 	108.61293805440268	108.61293805440268	108.16226196289062	108.16226196289062	2002	2022/10/17 
2022/10/18 	105.45820617675781	105.45820617675781	105.45820617675781	105.45820617675781	200	2022/10/18 
2022/10/19 	109.06361414591473	109.06361414591473	108.16226196289062	108.16226196289062	2002	2022/10/19 
2022/10/20 	109.96496632893881	109.96496632893881	107.71158587137859	108.16226196289062	8004	2022/10/20 
2022/10/21 	106.810233814447	110.86631864284372	106.810233814447	107.71158599853516	2521	2022/10/21 
2022/10/24 	106.81022703492796	107.26090309836648	103.20481852741985	104.10617065429688	15653	2022/10/24 
2022/10/25 	103.65550231933594	105.4582067074983	103.20482622229535	103.65550231933594	11444	2022/10/25 
2022/10/26 	106.81023472753064	106.81023472753064	104.55685424804688	104.55685424804688	4000	2022/10/26 
2022/10/27 	103.20482635498047	106.35955903832048	101.85279806212046	103.20482635498047	8793	2022/10/27 
2022/10/28 	104.55685424804688	104.55685424804688	104.55685424804688	104.55685424804688	100	2022/10/28 
2022/10/31 	104.55685424804688	104.55685424804688	104.55685424804688	104.55685424804688	0	2022/10/31 
2022/11/01 	106.81023406982422	107.26091016294583	105.45820579045935	106.81023406982422	9205	2022/11/01 
2022/11/02 	106.35955849839894	106.35955849839894	105.00753021240234	105.00753021240234	2131	2022/11/02 
2022/11/03 	105.00753008198534	105.45820617675781	105.00753008198534	105.45820617675781	2133	2022/11/03 
2022/11/04 	105.90888240306674	105.90888240306674	105.00753021240234	105.00753021240234	4000	2022/11/04 
2022/11/07 	106.35955810546875	106.35955810546875	106.35955810546875	106.35955810546875	6	2022/11/07 
2022/11/08 	106.35955810546875	106.35955810546875	106.35955810546875	106.35955810546875	1050	2022/11/08 
2022/11/09 	106.35955810546875	106.35955810546875	106.35955810546875	106.35955810546875	0	2022/11/09 
2022/11/10 	108.16226196289062	108.16226196289062	108.16226196289062	108.16226196289062	100	2022/11/10 
2022/11/11 	108.61293857380495	108.61293857380495	104.55685373079979	106.35955810546875	4780	2022/11/11 
2022/11/14 	104.55685424804688	104.55685424804688	104.55685424804688	104.55685424804688	90	2022/11/14 
2022/11/15 	104.55685424804688	105.45820643984038	104.10617815215012	104.55685424804688	5260	2022/11/15 
2022/11/16 	106.35955931541677	106.35955931541677	98.24738953712227	102.30347442626953	19848	2022/11/16 
2022/11/17 	100.05009488192472	100.05009488192472	98.69806657270952	99.14874267578125	12900	2022/11/17 
2022/11/18 	101.40212277125885	101.40212277125885	100.05009446764205	100.50077056884766	11210	2022/11/18 
2022/11/21 	102.30347456130306	102.30347456130306	100.95144626313606	101.85279846191406	18000	2022/11/21 
2022/11/22 	99.59941877885298	100.05009488192472	98.69806657270952	99.14874267578125	13200	2022/11/22 
2022/11/23 	98.69806657270952	99.14874267578125	98.69806657270952	99.14874267578125	14360	2022/11/23 
2022/11/24 	100.95144708806818	100.95144708806818	98.24739046963778	99.14874267578125	3710	2022/11/24 
2022/11/25 	101.40212277125885	103.20482717608122	100.50077056884766	100.50077056884766	3700	2022/11/25 
2022/11/28 	102.75415025736046	103.20482635498047	101.40212196450047	103.20482635498047	2519	2022/11/28 
2022/11/29 	103.655502587034	103.655502587034	102.3034742924205	102.754150390625	6151	2022/11/29 
2022/11/30 	103.20481955411746	103.20481955411746	99.14873494282027	99.59941101074219	15031	2022/11/30 
2022/12/01 	97.79671436656605	99.14874267578125	97.79671436656605	99.14874267578125	200	2022/12/01 
2022/12/02 	100.05009559808776	100.95144781068315	96.8953628540039	96.8953628540039	15501	2022/12/02 
2022/12/05 	93.28994605983544	99.59941101074219	93.28994605983544	99.59941101074219	14260	2022/12/05 
2022/12/06 	97.79671506659929	98.247391172897	96.8953628540039	96.8953628540039	4100	2022/12/06 
2022/12/07 	95.54332788439764	97.34603218410327	91.03656713513361	93.28994750976562	17412	2022/12/07 
2022/12/08 	96.8953628540039	96.8953628540039	96.8953628540039	96.8953628540039	1	2022/12/08 
2022/12/09 	97.34603881835938	97.34603881835938	97.34603881835938	97.34603881835938	200	2022/12/09 
2022/12/12 	97.3460314028731	97.3460314028731	93.28994676108672	96.4446792602539	8591	2022/12/12 
2022/12/13 	96.44468660707827	98.24739102964048	96.44468660707827	97.34603881835938	5200	2022/12/13 
2022/12/14 	96.44468674770621	96.8953628540039	94.19130621621775	96.8953628540039	3001	2022/12/14 
2022/12/15 	97.34603881835938	97.34603881835938	97.34603881835938	97.34603881835938	101	2022/12/15 
2022/12/16 	94.19129859467256	97.79670715332031	94.19129859467256	97.79670715332031	200	2022/12/16 
2022/12/19 	94.19130580797108	98.24739074707031	94.19130580797108	98.24739074707031	31	2022/12/19 
2022/12/20 	94.19130663601857	97.79671550246904	94.19130663601857	95.5433349609375	1331	2022/12/20 
2022/12/21 	97.79670715332031	97.79670715332031	97.79670715332031	97.79670715332031	100	2022/12/21 
2022/12/22 	97.79670715332031	97.79670715332031	97.79670715332031	97.79670715332031	0	2022/12/22 
2022/12/23 	94.19129890370591	96.4446792602539	93.74062283239633	96.4446792602539	14952	2022/12/23 
2022/12/26 	98.69806657270952	99.14874267578125	98.69806657270952	99.14874267578125	250	2022/12/26 
2022/12/27 	99.14874048675665	106.81023406982422	99.14874048675665	106.81023406982422	19387	2022/12/27 
2022/12/28 	106.8102336883545	108.16226196289062	105.90888150533041	108.16226196289062	11901	2022/12/28 
2022/12/29 	108.61293818262332	109.0636142746674	104.55685335422659	107.71158599853516	6602	2022/12/29 
2022/12/30 	107.71158651798329	107.71158651798329	101.40212119893825	105.90888214111328	18758	2022/12/30 
2023/01/03 	101.4021229099583	103.65550341906848	99.59941850267015	100.05009460449219	15265	2023/01/03 
2023/01/04 	102.30347539728338	102.30347539728338	97.79671436656605	99.14874267578125	7802	2023/01/04 
2023/01/05 	97.79671356741306	101.85279846191406	97.79671356741306	101.85279846191406	101	2023/01/05 
2023/01/06 	101.85279929421165	101.85279929421165	98.69806657270952	99.14874267578125	4500	2023/01/06 
2023/01/09 	98.69806076498593	99.59941291809082	89.41413083729704	91.93791961669922	44514	2023/01/09 
2023/01/10 	92.3885983059785	92.3885983059785	80.85128766925507	83.6454849243164	61916	2023/01/10 
2023/01/11 	82.02304865519206	82.02304865519206	79.3189921061198	81.12169647216797	53930	2023/01/11 
2023/01/12 	81.21183254059235	81.21183254059235	59.12870345135047	62.10316848754883	374491	2023/01/12 
2023/01/13 	59.9399186336633	62.19329903342507	57.41613327360723	59.48924255371094	111650	2023/01/13 
2023/01/16 	60.300460308495346	64.35654499009676	60.300460308495346	61.74262237548828	66902	2023/01/16 
2023/01/17 	63.455192850194834	63.545326690003726	61.47221399054336	62.91438293457031	28123	2023/01/17 
2023/01/30 	63.36506612065956	63.545333820505405	62.373573141191564	62.824249267578125	26945	2023/01/30 
2023/01/31 	63.36506525547711	68.50277027542526	62.824248409779955	66.60993194580078	42935	2023/01/31 
2023/02/01 	67.60141008320726	67.8718184742485	64.98748751796903	67.51127624511719	13667	2023/02/01 
2023/02/02 	67.42114289653915	67.78167825151709	64.89735415106699	66.0691146850586	26790	2023/02/02 
2023/02/03 	64.89735395449728	65.97897376969713	64.71708627755433	64.98748779296875	3558	2023/02/03 
2023/02/06 	64.6269460563789	64.9874882897922	63.545326232910156	63.545326232910156	8316	2023/02/06 
2023/02/07 	63.63546375766795	64.35654826625783	63.18478765899216	63.99600601196289	8234	2023/02/07 
2023/02/08 	62.82424204566802	63.09465044112416	62.553840526983045	63.0045166015625	8363	2023/02/08 
2023/02/09 	63.54533018384661	63.54533018384661	62.46371029312805	63.09465408325195	4490	2023/02/09 
2023/02/10 	63.45519584938468	63.7255973815918	62.73411134328937	63.7255973815918	8237	2023/02/10 
2023/02/13 	63.90586783998205	68.23235396822426	63.36505793354816	66.24938201904297	41856	2023/02/13 
2023/02/14 	66.33951635142157	66.33951635142157	63.635459922341035	64.80722045898438	20623	2023/02/14 
2023/02/15 	63.996009644155805	65.79871414117427	63.996009644155805	64.08614349365234	5469	2023/02/15 
2023/02/16 	63.996002010079955	66.0691146850586	63.09464986909291	66.0691146850586	17138	2023/02/16 
2023/02/17 	66.0691146850586	66.0691146850586	66.0691146850586	66.0691146850586	0	2023/02/17 
2023/02/20 	63.99600167825919	66.24938201904297	63.99600167825919	66.24938201904297	6001	2023/02/20 
2023/02/21 	65.79871337478225	67.60141785080368	65.52830495267031	66.70006561279297	41696	2023/02/21 
2023/02/22 	65.34803001442705	66.97046661376953	64.53681171475581	66.97046661376953	32651	2023/02/22 
2023/02/23 	66.97047440027268	67.60141821961366	65.5283053101701	66.5197982788086	25794	2023/02/23 
2023/02/24 	66.51979044139483	67.421142578125	65.25789607461839	67.421142578125	4051	2023/02/24 
2023/03/01 	65.07762913957512	66.70006592632973	64.89736144183433	65.79871368408203	15802	2023/03/01 
2023/03/02 	65.07762913957512	66.51979822858894	65.07762913957512	65.79871368408203	28373	2023/03/02 
2023/03/03 	65.5282974243164	66.06911420640745	65.16776207195043	65.5282974243164	22850	2023/03/03 
2023/03/06 	65.79870581536193	65.79870581536193	65.5282974243164	65.5282974243164	23770	2023/03/06 
2023/03/07 	65.52829725742961	67.60140991210938	65.52829725742961	67.60140991210938	4150	2023/03/07 
2023/03/08 	67.60141025476261	67.60141025476261	66.42964972630496	67.421142578125	8003	2023/03/08 
2023/03/09 	67.42114240809296	67.42114240809296	65.5282974243164	65.5282974243164	13368	2023/03/09 
2023/03/10 	65.52829789904949	66.88032611053005	65.52829789904949	66.0691146850586	23100	2023/03/10 
2023/03/13 	67.78167793768576	67.78167793768576	65.34802991899706	65.43816375732422	10102	2023/03/13 
2023/03/14 	65.34802991899706	65.79870598740393	65.16776224234273	65.43816375732422	7741	2023/03/14 
2023/03/15 	66.97047434971279	66.97047434971279	65.52830526069897	65.79871368408203	5440	2023/03/15 
2023/03/16 	65.34803771972656	65.61844614375832	65.0776292956948	65.34803771972656	9241	2023/03/16 
2023/03/17 	66.51979075555211	66.51979075555211	66.0691146850586	66.0691146850586	300	2023/03/17 
2023/03/20 	63.996001251138495	66.88032531738281	63.996001251138495	66.88032531738281	70	2023/03/20 
2023/03/21 	66.88032531738281	66.88032531738281	66.88032531738281	66.88032531738281	1115	2023/03/21 
2023/03/22 	66.88032604374574	67.15073443648028	64.5368118548738	65.70857238769531	3420	2023/03/22 
2023/03/23 	64.4466781616211	64.4466781616211	64.4466781616211	64.4466781616211	100	2023/03/23 
2023/03/24 	66.70006592632973	67.24087589632397	65.79871368408203	65.79871368408203	13031	2023/03/24 
2023/03/27 	67.15074173179833	68.77317851092636	65.88884722322896	66.70006561279297	3522	2023/03/27 
2023/03/28 	68.683037627529	68.683037627529	66.51979776270275	67.15074157714844	22551	2023/03/28 
2023/03/29 	68.95343814701113	68.95343814701113	66.88032549122919	68.7731704711914	4037	2023/03/29 
2023/03/30 	67.34634401023426	70.39024353027344	67.34634401023426	70.39024353027344	27855	2023/03/30 
2023/03/31 	69.34390534520864	70.96097564697266	69.34390534520864	70.96097564697266	17176	2023/03/31 
2023/04/06 	70.39024260860161	71.34146210331245	70.20000161255098	70.86585235595703	6275	2023/04/06 
2023/04/07 	70.48536588089746	71.15122390774019	70.39024537912825	70.96097564697266	5550	2023/04/07 
2023/04/10 	71.62683367381538	71.62683367381538	70.96097564697266	70.96097564697266	1010	2023/04/10 
2023/04/11 	70.8658494184717	71.53170013427734	70.58048067899584	71.53170013427734	11501	2023/04/11 
2023/04/12 	71.05609243402257	71.34146118164062	71.05609243402257	71.34146118164062	880	2023/04/12 
2023/04/13 	73.24390411376953	73.24390411376953	71.34146504587942	73.24390411376953	311	2023/04/13 
2023/04/14 	73.24389829133686	73.24389829133686	72.29267883300781	72.29267883300781	135	2023/04/14 
2023/04/17 	73.24389921276774	73.24389921276774	71.05609152819622	71.81707000732422	7710	2023/04/17 
2023/04/18 	71.05609644476573	74.0048828125	70.39024567237811	74.0048828125	9810	2023/04/18 
2023/04/19 	71.81707092285157	71.81707092285157	71.15122018804774	71.34146118164062	4000	2023/04/19 
2023/04/20 	71.81707205126953	71.81707205126953	71.34146230258563	71.6268310546875	12600	2023/04/20 
2023/04/21 	72.48292652131941	72.76829528808594	71.91219624501555	72.76829528808594	11533	2023/04/21 
2023/04/24 	72.19756318741537	72.29268368819086	70.10487588420928	70.67561340332031	30410	2023/04/24 
2023/04/25 	70.675614141665	70.96097564697266	70.48536588089746	70.96097564697266	7000	2023/04/25 
2023/04/26 	70.96097564697266	70.96097564697266	70.96097564697266	70.96097564697266	3000	2023/04/26 
2023/04/27 	69.15365711623828	69.43902587890625	69.15365711623828	69.43902587890625	5500	2023/04/27 
2023/04/28 	70.86584946911782	70.86584946911782	68.9634105571952	69.248779296875	14810	2023/04/28 
2023/05/02 	71.05609540642232	71.05609540642232	70.67561340332031	70.67561340332031	3010	2023/05/02 
2023/05/03 	70.86585235595703	70.86585235595703	70.86585235595703	70.86585235595703	1010	2023/05/03 
2023/05/04 	70.86585235595703	70.86585235595703	70.86585235595703	70.86585235595703	1020	2023/05/04 
2023/05/05 	70.00975427596131	70.39024353027344	69.91463377669051	70.39024353027344	7520	2023/05/05 
2023/05/08 	70.96097564697266	70.96097564697266	70.96097564697266	70.96097564697266	1000	2023/05/08 
2023/05/09 	69.62926203571908	70.39024051171008	69.53414154052734	69.53414154052734	8280	2023/05/09 
2023/05/10 	70.86585235595703	70.86585235595703	70.86585235595703	70.86585235595703	10	2023/05/10 
2023/05/11 	69.53414430704683	70.0097540591569	66.58536529541016	66.58536529541016	16264	2023/05/11 
2023/05/12 	69.43902587890625	69.43902587890625	69.43902587890625	69.43902587890625	10	2023/05/12 
2023/05/15 	69.34390520567871	69.34390520567871	68.67804718017578	68.67804718017578	7095	2023/05/15 
2023/05/16 	69.53414154052734	69.53414154052734	69.53414154052734	69.53414154052734	1010	2023/05/16 
2023/05/17 	69.53414245428101	69.72439070439312	69.05853271484375	69.05853271484375	10100	2023/05/17 
2023/05/18 	68.5829279403322	69.72439575195312	68.48780743700442	69.72439575195312	352	2023/05/18 
2023/05/19 	69.62926144679506	72.29267883300781	69.62926144679506	72.29267883300781	4021	2023/05/19 
2023/05/22 	72.29268139170928	72.76829113770737	70.10487365722656	70.10487365722656	21851	2023/05/22 
2023/05/23 	69.91463377669051	70.39024353027344	69.91463377669051	70.39024353027344	6500	2023/05/23 
2023/05/24 	71.34146118164062	71.34146118164062	71.34146118164062	71.34146118164062	10	2023/05/24 
2023/05/25 	71.15122411252486	71.15122411252486	69.62926705092053	70.20000457763672	2298	2023/05/25 
2023/05/26 	69.72439569630225	71.24634552001953	69.53414743256933	71.24634552001953	9001	2023/05/26 
2023/05/29 	71.05609243402257	71.34146118164062	70.1048729516007	71.34146118164062	12021	2023/05/29 
2023/05/30 	71.34146118164062	71.34146118164062	71.34146118164062	71.34146118164062	0	2023/05/30 
2023/05/31 	69.62926321038977	71.34146118164062	69.15365346917883	71.34146118164062	9522	2023/05/31 
2023/06/01 	69.43902308587758	69.62926408185147	69.34390258789062	69.34390258789062	3220	2023/06/01 
2023/06/02 	70.39024260860161	70.86585235595703	70.39024260860161	70.86585235595703	2000	2023/06/02 
2023/06/05 	69.05853202616127	70.39024073475093	68.77317053968189	70.29512023925781	6042	2023/06/05 
2023/06/06 	70.29512396395178	70.29512396395178	69.91463470458984	69.91463470458984	4000	2023/06/06 
2023/06/07 	70.20000457763672	70.20000457763672	69.91463581427863	70.20000457763672	2200	2023/06/07 
2023/06/08 	69.058537556333	70.20000536534454	68.773176047002	68.96341705322266	16435	2023/06/08 
2023/06/09 	69.72439258778296	69.72439258778296	68.77317308321417	69.62926483154297	6700	2023/06/09 
2023/06/12 	69.72439388110728	70.67561340332031	69.72439388110728	70.67561340332031	12255	2023/06/12 
2023/06/13 	70.39024169921875	71.43658167843707	69.43902221679687	71.34146118164062	18101	2023/06/13 
2023/06/14 	71.3414630374393	71.62683179248062	70.10487477523212	70.39024353027344	11526	2023/06/14 
2023/06/15 	71.34146416597783	71.34146416597783	70.10487588420928	70.67561340332031	13175	2023/06/15 
2023/06/16 	70.67561340332031	70.67561340332031	70.67561340332031	70.67561340332031	0	2023/06/16 
2023/06/19 	70.39024333808955	70.39024333808955	69.62926483154297	69.62926483154297	7780	2023/06/19 
2023/06/20 	68.86829561079941	69.43902587890625	68.86829561079941	69.43902587890625	1049	2023/06/20 
2023/06/21 	70.29512023925781	70.29512023925781	70.29512023925781	70.29512023925781	1	2023/06/21 
2023/06/26 	70.20000457763672	70.3902455817227	68.7731752753045	70.20000457763672	9102	2023/06/26 
2023/06/27 	70.20000158423078	70.20000158423078	68.67804458752438	69.34390258789062	9270	2023/06/27 
2023/06/28 	68.67804812616153	69.05853739494285	67.82195634294006	68.20243835449219	21564	2023/06/28 
2023/06/29 	68.20243253591748	68.77317001901254	67.25121307373047	67.25121307373047	14464	2023/06/29 
2023/06/30 	67.63170275472478	68.7731704711914	67.53658225932638	68.7731704711914	7941	2023/06/30 
2023/07/03 	68.48780620645856	68.77317496854376	67.15609741210938	67.15609741210938	2100	2023/07/03 
2023/07/04 	67.53658406875486	67.91707331777107	67.53658406875486	67.82195281982422	18050	2023/07/04 
2023/07/05 	68.4878017277676	68.7731704711914	68.4878017277676	68.7731704711914	13	2023/07/05 
2023/07/06 	67.5365857460516	68.48780526360162	66.10975646972656	66.10975646972656	10206	2023/07/06 
2023/07/07 	66.20487213134766	68.39267976470491	66.20487213134766	66.20487213134766	5297	2023/07/07 
2023/07/10 	66.10975163799048	68.48780025806208	66.10975163799048	66.20487213134766	15601	2023/07/10 
2023/07/11 	66.29999654125257	66.58536529541016	66.29999654125257	66.58536529541016	2001	2023/07/11 
2023/07/12 	66.10975393609797	68.29756164550781	66.10975393609797	68.29756164550781	2001	2023/07/12 
2023/07/13 	66.10975173820546	67.72682189941406	66.10975173820546	67.72682189941406	9753	2023/07/13 
2023/07/14 	67.8219535537879	67.8219535537879	65.91951454534761	66.58536529541016	14570	2023/07/14 
2023/07/17 	66.87073593732961	66.87073593732961	65.63414764404297	65.63414764404297	6001	2023/07/17 
2023/07/18 	65.63414875006742	66.29999953014745	65.63414875006742	65.91951751708984	11201	2023/07/18 
2023/07/19 	66.87073593732961	66.87073593732961	65.3487788818294	65.63414764404297	8103	2023/07/19 
2023/07/20 	66.58536529541016	66.58536529541016	66.58536529541016	66.58536529541016	1000	2023/07/20 
2023/07/21 	66.58536529541016	66.58536529541016	66.58536529541016	66.58536529541016	0	2023/07/21 
2023/07/24 	66.58536529541016	66.58536529541016	66.58536529541016	66.58536529541016	0	2023/07/24 
2023/07/25 	65.53902510058533	65.91951435260667	65.53902510058533	65.82438659667969	5210	2023/07/25 
2023/07/26 	67.72682579758278	67.72682579758278	65.15853603907993	66.58536529541016	19603	2023/07/26 
2023/07/27 	67.44146430065406	67.44146430065406	66.58536529541016	66.58536529541016	6000	2023/07/27 
2023/07/28 	67.5365847996303	67.5365847996303	65.34877703703242	66.58536529541016	10100	2023/07/28 
2023/07/31 	66.01463317871094	66.01463317871094	66.01463317871094	66.01463317871094	3100	2023/07/31 
2023/08/01 	66.01463690791802	66.01463690791802	65.25365838016792	65.63414764404297	5550	2023/08/01 
2023/08/02 	65.34877307295307	65.34877307295307	64.49268137686886	64.68292236328125	7020	2023/08/02 
2023/08/04 	64.20731631192294	64.20731631192294	61.44877830781678	62.780487060546875	7521	2023/08/04 
2023/08/07 	64.20731353759766	64.20731353759766	64.20731353759766	64.20731353759766	220	2023/08/07 
2023/08/08 	64.20731353759766	64.20731353759766	64.20731353759766	64.20731353759766	0	2023/08/08 
2023/08/09 	64.20731353759766	64.20731353759766	64.20731353759766	64.20731353759766	0	2023/08/09 
2023/08/10 	64.49268341064453	65.06341364510811	64.49268341064453	64.49268341064453	3208	2023/08/10 
2023/08/11 	64.68292236328125	64.68292236328125	64.68292236328125	64.68292236328125	1000	2023/08/11 
2023/08/14 	64.96829238623525	69.5341414655738	64.96829238623525	68.01219177246094	38876	2023/08/14 
2023/08/15 	66.77560629336263	68.48780430385045	65.91951454534761	66.58536529541016	45534	2023/08/15 
2023/08/16 	66.01463323322528	67.7268239395106	66.01463323322528	67.53658294677734	7110	2023/08/16 
2023/08/17 	67.82195655512795	67.82195655512795	66.5853682420272	67.44146728515625	17123	2023/08/17 
2023/08/18 	67.15609348952644	67.15609348952644	65.63414378083682	66.77560424804688	15032	2023/08/18 
2023/08/21 	66.87073516845703	66.87073516845703	66.87073516845703	66.87073516845703	10	2023/08/21 
2023/08/22 	66.87073516845703	66.87073516845703	66.87073516845703	66.87073516845703	10	2023/08/22 
2023/08/23 	66.87073516845703	66.87073516845703	66.87073516845703	66.87073516845703	10	2023/08/23 
2023/08/24 	66.87073404956776	66.87073404956776	66.58536529541016	66.58536529541016	2020	2023/08/24 
2023/08/25 	66.87073424067135	67.34634399414062	66.58536548569822	67.34634399414062	3520	2023/08/25 
2023/08/28 	66.58536279088517	69.0585319573866	66.58536279088517	68.7731704711914	11017	2023/08/28 
2023/08/29 	68.48780605675509	68.48780605675509	64.49268693966934	64.8731689453125	11072	2023/08/29 
2023/08/30 	67.06097387598906	67.06097387598906	63.82682616669419	64.77804565429688	6022	2023/08/30 
2023/08/31 	66.58536813554973	66.87073690187947	64.87317005202962	65.15853881835938	10516	2023/08/31 
2023/09/01 	64.87317005202962	65.15853881835938	64.39756027963284	65.15853881835938	8405	2023/09/01 
2023/09/04 	64.68292440305616	65.6341438795717	63.44633618069451	64.49268341064453	6002	2023/09/04 
2023/09/05 	64.68292445899183	66.10975367499901	64.39755571289894	66.01463317871094	18116	2023/09/05 
2023/09/06 	64.8731689453125	64.8731689453125	64.8731689453125	64.8731689453125	3000	2023/09/06 
2023/09/07 	64.68292236328125	65.44390082338771	64.68292236328125	64.68292236328125	8500	2023/09/07 
2023/09/08 	64.68292236328125	64.68292236328125	64.68292236328125	64.68292236328125	0	2023/09/08 
2023/09/11 	64.68292627428454	65.25365652525892	64.68292627428454	65.06341552734375	11000	2023/09/11 
2023/09/12 	65.63414579119001	66.58536529541016	65.63414579119001	66.58536529541016	5000	2023/09/12 
2023/09/13 	67.0609722315149	67.0609722315149	65.72926353008165	66.49024200439453	3011	2023/09/13 
2023/09/14 	65.34877331123022	65.63414204911777	64.96829133701812	65.44390106201172	4010	2023/09/14 
2023/09/15 	64.68292720198198	64.96829596017643	64.39755844378753	64.58780670166016	29910	2023/09/15 
2023/09/18 	65.91951751708984	65.91951751708984	65.91951751708984	65.91951751708984	10	2023/09/18 
2023/09/19 	66.39512410332611	66.39512410332611	64.39755734452136	65.82438659667969	15036	2023/09/19 
2023/09/20 	63.82682707802113	64.8731670778781	63.82682707802113	64.30243682861328	5010	2023/09/20 
2023/09/21 	64.96829577522907	64.96829577522907	63.82682800292969	63.82682800292969	160	2023/09/21 
2023/09/22 	65.63414747105696	65.63414747105696	64.39755918102948	64.8731689453125	4021	2023/09/22 
2023/09/25 	64.7780446811117	64.7780446811117	63.54146372014309	63.73170471191406	3870	2023/09/25 
2023/09/26 	63.351214794628724	64.96829223632812	63.351214794628724	64.96829223632812	40	2023/09/26 
2023/09/27 	63.446335289498435	64.96829223632812	63.446335289498435	64.96829223632812	10210	2023/09/27 
2023/09/28 	64.20731353759766	64.20731353759766	64.20731353759766	64.20731353759766	2700	2023/09/28 
2023/10/02 	64.96829200834208	65.63414272732204	63.73170380768953	64.20731353759766	206411	2023/10/02 
2023/10/03 	64.1121957335322	64.87316697898227	63.73170648219274	63.92194747924805	201099	2023/10/03 
2023/10/04 	63.92194747924805	63.92194747924805	63.92194747924805	63.92194747924805	0	2023/10/04 
2023/10/05 	63.73170648219274	64.49268498487166	63.63658598366509	63.92194747924805	16090	2023/10/05 
2023/10/06 	64.49268319345524	64.49268319345524	63.54146372014309	63.73170471191406	17200	2023/10/06 
2023/10/11 	64.49268319345524	65.63414365853836	63.73170471191406	63.73170471191406	6001	2023/10/11 
2023/10/12 	65.53902435302734	65.53902435302734	65.53902435302734	65.53902435302734	3000	2023/10/12 
2023/10/13 	63.921946830170384	64.96829407503627	63.921946830170384	64.01707458496094	15200	2023/10/13 
2023/10/16 	63.92194747924805	63.92194747924805	63.92194747924805	63.92194747924805	100	2023/10/16 
2023/10/17 	64.96829110012828	64.96829110012828	64.68292236328125	64.68292236328125	6000	2023/10/17 
2023/10/18 	64.20731353759766	64.20731353759766	64.20731353759766	64.20731353759766	4000	2023/10/18 
2023/10/19 	63.73170675715341	63.92194775502948	63.541465759277344	63.541465759277344	4020	2023/10/19 
2023/10/20 	63.73170583504683	64.01707458496094	63.73170583504683	64.01707458496094	6000	2023/10/20 
2023/10/23 	62.78048698245852	63.92194747924805	62.78048698245852	63.92194747924805	600	2023/10/23 
2023/10/24 	63.92194747924805	63.92194747924805	63.92194747924805	63.92194747924805	0	2023/10/24 
2023/10/25 	62.875607559192844	62.875607559192844	62.780487060546875	62.780487060546875	4000	2023/10/25 
2023/10/26 	64.8731689453125	64.8731689453125	64.8731689453125	64.8731689453125	3000	2023/10/26 
2023/10/27 	63.73170471191406	63.73170471191406	63.73170471191406	63.73170471191406	1000	2023/10/27 
2023/10/30 	63.73170471191406	63.73170471191406	63.73170471191406	63.73170471191406	0	2023/10/30 
2023/10/31 	63.73170471191406	63.73170471191406	63.73170471191406	63.73170471191406	1000	2023/10/31 
2023/11/01 	63.44633708513272	64.01707458496094	63.44633708513272	64.01707458496094	6000	2023/11/01 
2023/11/02 	64.49268341064453	64.49268341064453	64.49268341064453	64.49268341064453	101	2023/11/02 
2023/11/03 	64.49268341064453	64.49268341064453	64.49268341064453	64.49268341064453	1000	2023/11/03 
2023/11/06 	64.49268341064453	64.49268341064453	64.49268341064453	64.49268341064453	0	2023/11/06 
2023/11/07 	65.63414764404297	65.63414764404297	65.63414764404297	65.63414764404297	400	2023/11/07 
2023/11/08 	63.44633782610163	64.39755732728594	63.44633782610163	64.30243682861328	8566	2023/11/08 
2023/11/09 	64.01707616750164	64.01707616750164	63.44633865356445	63.44633865356445	3014	2023/11/09 
2023/11/10 	62.495117393730176	63.25609588623047	62.495117393730176	63.25609588623047	1150	2023/11/10 
2023/11/13 	64.01707616980894	64.01707616980894	61.92438888549805	61.92438888549805	3001	2023/11/13 
2023/11/14 	61.92438805827547	63.63658606281829	61.92438805827547	62.780487060546875	15000	2023/11/14 
2023/11/15 	62.30487731008819	63.54146556417232	62.30487731008819	62.780487060546875	16700	2023/11/15 
2023/11/16 	62.780487060546875	62.780487060546875	62.780487060546875	62.780487060546875	0	2023/11/16 
2023/11/17 	61.82926559448242	62.87560556078948	61.54389685038567	61.82926559448242	10210	2023/11/17 
2023/11/20 	61.734146866776214	62.019508361816406	61.734146866776214	62.019508361816406	3066	2023/11/20 
2023/11/21 	62.019505877128836	64.20731353759766	62.019505877128836	64.20731353759766	9001	2023/11/21 
2023/11/22 	64.20731353759766	64.20731353759766	64.20731353759766	64.20731353759766	0	2023/11/22 
2023/11/23 	63.826826332608604	64.01707458496094	63.826826332608604	64.01707458496094	4	2023/11/23 
2023/11/24 	64.01707458496094	64.01707458496094	64.01707458496094	64.01707458496094	0	2023/11/24 
2023/11/27 	63.73170769316809	63.73170769316809	63.06585693359375	63.06585693359375	1271	2023/11/27 
2023/11/28 	63.826825207799544	64.01707345679917	63.44633596702896	63.73170471191406	15000	2023/11/28 
2023/11/29 	65.63414272732204	65.91951146815835	63.92194479676136	64.20731353759766	12670	2023/11/29 
2023/11/30 	64.20731353759766	64.20731353759766	64.20731353759766	64.20731353759766	0	2023/11/30 
2023/12/01 	63.44633596702896	63.73170471191406	63.25609497525799	63.73170471191406	12000	2023/12/01 
2023/12/04 	63.4463378082975	63.4463378082975	62.495118307380125	62.780487060546875	15000	2023/12/04 
2023/12/05 	62.685364789168865	62.685364789168865	62.59024429321289	62.59024429321289	1150	2023/12/05 
2023/12/06 	62.59024524963391	63.6365852355957	62.39999699758619	63.6365852355957	21150	2023/12/06 
2023/12/07 	62.59024596540501	62.78048696239953	62.20975671418712	62.39999771118164	11100	2023/12/07 
2023/12/08 	62.019508361816406	62.019508361816406	62.019508361816406	62.019508361816406	100	2023/12/08 
2023/12/11 	62.019507712948986	62.1146354675293	62.019507712948986	62.1146354675293	4000	2023/12/11 
2023/12/12 	63.06585398348702	63.73170471191406	62.78048523860191	63.73170471191406	7250	2023/12/12 
2023/12/13 	63.25609774989936	63.25609774989936	62.01950947746087	62.30487823486328	8150	2023/12/13 
2023/12/14 	62.01950863692035	62.304877390455204	61.163416890773526	61.6390266418457	19032	2023/12/14 
2023/12/15 	61.6390266418457	61.6390266418457	61.6390266418457	61.6390266418457	0	2023/12/15 
2023/12/18 	62.875607460896795	62.875607460896795	60.9731684620362	62.39999771118164	23913	2023/12/18 
2023/12/19 	61.35365697425939	62.1146354675293	61.06828822497597	62.1146354675293	12000	2023/12/19 
2023/12/20 	62.01950658572784	62.01950658572784	61.82926559448242	61.82926559448242	6000	2023/12/20 
2023/12/21 	61.82926559448242	61.82926559448242	61.82926559448242	61.82926559448242	3050	2023/12/21 
2023/12/22 	61.16341577473281	62.2097557565534	61.16341577473281	61.35365676879883	6008	2023/12/22 
2023/12/25 	60.87804784422215	61.35365759300514	60.49755859375	60.49755859375	11070	2023/12/25 
2023/12/26 	60.49755765451697	60.87804689908197	60.21219253540039	60.21219253540039	11408	2023/12/26 
2023/12/27 	60.497560544410995	60.97317030852937	60.497560544410995	60.68780517578125	8300	2023/12/27 
2023/12/28 	60.87804633709075	62.59024429321289	60.87804633709075	62.59024429321289	11000	2023/12/28 
2023/12/29 	62.590246901742006	62.78048790158249	60.40243911743164	60.40243911743164	3510	2023/12/29 
2024/01/02 	63.065854721487014	63.065854721487014	60.11707214254394	60.592681884765625	12110	2024/01/02 
2024/01/03 	61.82926838792215	62.399998644672564	60.02194986052171	60.40243911743164	13000	2024/01/03 
2024/01/04 	61.63902834583248	61.63902834583248	59.54634102892606	59.92683029174805	17986	2024/01/04 
2024/01/05 	60.87804973170977	60.87804973170977	59.260975809988324	59.54634094238281	12816	2024/01/05 
2024/01/08 	60.87804887426181	61.353658631091974	59.4512196037713	60.40243911743164	8150	2024/01/08 
2024/01/09 	60.40243911743164	60.40243911743164	60.40243911743164	60.40243911743164	0	2024/01/09 
2024/01/10 	61.639029405514854	66.87073690187947	61.639029405514854	65.15853881835938	32600	2024/01/10 
2024/01/11 	65.25365631148628	65.25365631148628	62.01950855692144	62.780487060546875	18420	2024/01/11 
2024/01/12 	65.06341534986589	65.91951435260667	63.44633784308246	65.82438659667969	24110	2024/01/12 
2024/01/15 	65.82438659667969	65.82438659667969	65.82438659667969	65.82438659667969	0	2024/01/15 
2024/01/16 	64.68292440305616	64.68292440305616	64.2073146647984	64.49268341064453	6450	2024/01/16 
2024/01/17 	64.68292794249092	64.8731689453125	63.73170841392488	64.8731689453125	15000	2024/01/17 
2024/01/18 	63.8268269807204	63.92194747924805	63.63658598366509	63.92194747924805	6000	2024/01/18 
2024/01/19 	64.96829223632812	64.96829223632812	64.96829223632812	64.96829223632812	1	2024/01/19 
2024/01/22 	64.96829223632812	64.96829223632812	64.96829223632812	64.96829223632812	0	2024/01/22 
2024/01/23 	64.96829223632812	64.96829223632812	64.96829223632812	64.96829223632812	0	2024/01/23 
2024/01/24 	64.01707367238676	64.49268341064453	64.01707367238676	64.49268341064453	2100	2024/01/24 
2024/01/25 	63.82682430222544	64.20731353759766	63.82682430222544	64.20731353759766	3000	2024/01/25 
2024/01/26 	63.73170471191406	63.92194570368503	63.73170471191406	63.73170471191406	2263	2024/01/26 
2024/01/29 	63.73170471191406	63.73170471191406	63.35121547114347	63.73170471191406	18000	2024/01/29 
2024/01/30 	64.87316820262562	64.87316820262562	64.58780670166016	64.58780670166016	13000	2024/01/30 
2024/01/31 	64.30243682861328	64.30243682861328	64.30243682861328	64.30243682861328	2000	2024/01/31 
2024/02/01 	63.92194747924805	63.92194747924805	63.92194747924805	63.92194747924805	1025	2024/02/01 
2024/02/02 	63.92194747924805	63.92194747924805	63.92194747924805	63.92194747924805	0	2024/02/02 
2024/02/05 	63.92194747924805	63.92194747924805	63.92194747924805	63.92194747924805	0	2024/02/05 
2024/02/15 	63.4463378082975	64.01707531463101	61.8292675596295	62.780487060546875	9002	2024/02/15 
2024/02/16 	61.8292675596295	62.780487060546875	61.8292675596295	62.780487060546875	8000	2024/02/16 
2024/02/19 	61.63902747722961	62.59024699226569	61.63902747722961	62.30487823486328	2900	2024/02/19 
2024/02/20 	61.63902477351879	63.73170471191406	61.63902477351879	63.73170471191406	16300	2024/02/20 
2024/02/21 	63.73170471191406	63.73170471191406	63.73170471191406	63.73170471191406	0	2024/02/21 
2024/02/22 	63.92194591895227	64.49268341064453	63.92194591895227	64.49268341064453	2000	2024/02/22 
2024/02/23 	64.39755935075632	65.91951640625653	64.20731834743334	65.63414764404297	17038	2024/02/23 
2024/02/26 	64.39755825609234	65.6341465283588	64.39755825609234	65.3487777709961	3214	2024/02/26 
2024/02/27 	64.77804844390171	64.8731689453125	64.49268693966934	64.8731689453125	3000	2024/02/27 
2024/02/29 	64.39755935075632	65.63414764404297	64.39755935075632	65.63414764404297	320	2024/02/29 
2024/03/01 	64.49268693966934	64.8731689453125	64.49268693966934	64.8731689453125	2000	2024/03/01 
2024/03/04 	64.49268803989555	65.44390758468913	64.49268803989555	65.15853881835938	8650	2024/03/04 
2024/03/05 	64.49268341064453	64.96829314890229	64.39755565721003	64.49268341064453	14910	2024/03/05 
2024/03/06 	65.6341422398885	69.43902005089653	65.539021746059	68.48780059814453	46701	2024/03/06 
2024/03/07 	70.67561265898914	78.19024099954744	70.67561265898914	78.0	104981	2024/03/07 
2024/03/08 	78.57072638639028	78.57072638639028	64.77804413882826	68.01219177246094	72586	2024/03/08 
2024/03/11 	69.72438949325766	74.57560729980469	68.48780128930926	74.57560729980469	17132	2024/03/11 
2024/03/12 	74.57561287802712	74.86097438374036	71.53170601648226	74.76585388183594	21094	2024/03/12 
2024/03/13 	74.57560925525856	81.04389741451732	74.38536100346259	78.19023895263672	26274	2024/03/13 
2024/03/14 	75.81218832597516	77.90487549967875	74.19511814117432	76.0975570678711	27952	2024/03/14 
2024/03/15 	74.19511814117432	76.0975570678711	74.09999764628519	76.0975570678711	5138	2024/03/15 
2024/03/18 	75.14633760452271	78.95121545791626	75.14633760452271	76.0975570678711	39032	2024/03/18 
2024/03/19 	76.95366263241489	76.95366263241489	75.43171281204923	75.81219482421875	1177	2024/03/19 
2024/03/20 	77.04878048780488	78.28536875655011	76.57317073170731	78.0	20170	2024/03/20 
2024/03/21 	77.0	79.80000305175781	77.0	79.80000305175781	9610	2024/03/21 
2024/03/22 	80.30000305175781	80.30000305175781	78.19999694824219	78.19999694824219	2331	2024/03/22 
2024/03/25 	78.19999694824219	78.19999694824219	78.19999694824219	78.19999694824219	0	2024/03/25 
2024/03/26 	78.5999984741211	78.5999984741211	78.5999984741211	78.5999984741211	1000	2024/03/26 
2024/03/27 	82.0	82.0	78.5	79.0	5930	2024/03/27 
2024/03/28 	79.0	79.0	78.19999694824219	78.5999984741211	4349	2024/03/28 
2024/03/29 	78.19999694824219	78.19999694824219	78.0999984741211	78.0999984741211	2200	2024/03/29 
2024/04/01 	78.0	78.5	78.0	78.5	6000	2024/04/01 
2024/04/02 	77.69999694824219	77.69999694824219	77.69999694824219	77.69999694824219	10	2024/04/02 
2024/04/03 	77.5	79.9000015258789	77.5	79.9000015258789	101	2024/04/03 
2024/04/08 	77.4000015258789	78.0	76.30000305175781	76.30000305175781	26731	2024/04/08 
2024/04/09 	76.30000305175781	76.30000305175781	76.30000305175781	76.30000305175781	0	2024/04/09 
2024/04/10 	76.30000305175781	76.30000305175781	76.30000305175781	76.30000305175781	337	2024/04/10 
2024/04/11 	76.30000305175781	76.30000305175781	76.30000305175781	76.30000305175781	1030	2024/04/11 
2024/04/12 	76.30000305175781	78.5	76.30000305175781	78.0	18200	2024/04/12 
2024/04/15 	78.0	78.0	78.0	78.0	0	2024/04/15 
2024/04/16 	76.80000305175781	77.30000305175781	73.5999984741211	76.69999694824219	13120	2024/04/16 
2024/04/17 	76.69999694824219	78.0	76.5	76.5	27000	2024/04/17 
2024/04/18 	78.0	78.0	78.0	78.0	2075	2024/04/18 
2024/04/19 	77.0	78.0	76.30000305175781	78.0	11550	2024/04/19 
2024/04/22 	76.19999694824219	76.19999694824219	76.19999694824219	76.19999694824219	2000	2024/04/22 
2024/04/23 	76.0999984741211	76.0999984741211	76.0999984741211	76.0999984741211	3	2024/04/23 
2024/04/24 	76.0	76.0999984741211	76.0	76.0999984741211	1100	2024/04/24 
2024/04/25 	76.0	77.0	76.0	76.69999694824219	6004	2024/04/25 
2024/04/26 	80.19999694824219	80.19999694824219	80.19999694824219	80.19999694824219	1000	2024/04/26 
2024/04/29 	80.69999694824219	80.69999694824219	80.69999694824219	80.69999694824219	2000	2024/04/29 
2024/04/30 	80.80000305175781	81.5	80.30000305175781	81.0	9598	2024/04/30 
2024/05/02 	81.0	81.0	81.0	81.0	8030	2024/05/02 
2024/05/03 	81.0	81.0	81.0	81.0	0	2024/05/03 
2024/05/06 	81.0	81.69999694824219	80.80000305175781	80.80000305175781	11132	2024/05/06 
2024/05/07 	80.80000305175781	80.80000305175781	80.80000305175781	80.80000305175781	0	2024/05/07 
2024/05/08 	80.69999694824219	96.4000015258789	80.69999694824219	95.0	191481	2024/05/08 
2024/05/09 	94.0	94.5	92.69999694824219	92.9000015258789	75159	2024/05/09 
2024/05/10 	92.9000015258789	93.30000305175781	92.5	92.80000305175781	16310	2024/05/10 
2024/05/13 	93.0	93.0	91.30000305175781	91.30000305175781	10111	2024/05/13 
2024/05/14 	87.69999694824219	88.30000305175781	87.4000015258789	88.30000305175781	19932	2024/05/14 
2024/05/15 	88.30000305175781	88.30000305175781	88.30000305175781	88.30000305175781	0	2024/05/15 
2024/05/16 	90.30000305175781	90.30000305175781	88.69999694824219	89.0	2220	2024/05/16 
2024/05/17 	90.0	90.30000305175781	90.0	90.30000305175781	2024	2024/05/17 
2024/05/20 	88.80000305175781	89.69999694824219	88.80000305175781	89.0	3080	2024/05/20 
2024/05/21 	89.0999984741211	91.0	89.0999984741211	90.5999984741211	10320	2024/05/21 
2024/05/22 	92.0	92.0	91.5999984741211	91.5999984741211	5301	2024/05/22 
2024/05/23 	90.19999694824219	91.0	90.0999984741211	90.0999984741211	8823	2024/05/23 
2024/05/24 	90.80000305175781	91.0999984741211	90.4000015258789	90.80000305175781	18372	2024/05/24 
2024/05/27 	91.30000305175781	99.4000015258789	91.30000305175781	98.0	29941	2024/05/27 
2024/05/28 	99.4000015258789	99.5999984741211	96.0	98.0999984741211	12327	2024/05/28 
2024/05/29 	99.0	99.5	97.5999984741211	98.0	25794	2024/05/29 
2024/05/30 	98.9000015258789	103.5	97.69999694824219	99.5	39627	2024/05/30 
2024/05/31 	100.5	106.5	100.0	101.0	68948	2024/05/31 
2024/06/03 	103.0	103.0	96.5999984741211	96.80000305175781	44220	2024/06/03 
2024/06/04 	95.80000305175781	95.9000015258789	89.69999694824219	91.9000015258789	48480	2024/06/04 
2024/06/05 	92.30000305175781	92.4000015258789	90.69999694824219	90.69999694824219	10079	2024/06/05 
2024/06/06 	90.69999694824219	91.0999984741211	90.0	90.0	17150	2024/06/06 
2024/06/07 	92.0	93.69999694824219	92.0	93.69999694824219	3073	2024/06/07 
2024/06/11 	93.69999694824219	93.69999694824219	92.0	93.0	6132	2024/06/11 
2024/06/12 	96.0	103.0	96.0	99.30000305175781	63411	2024/06/12 
2024/06/13 	97.69999694824219	99.30000305175781	95.0	96.30000305175781	26710	2024/06/13 
2024/06/14 	96.30000305175781	97.0999984741211	95.5999984741211	96.80000305175781	10110	2024/06/14 
2024/06/17 	97.0999984741211	99.30000305175781	96.80000305175781	97.69999694824219	21613	2024/06/17 
2024/06/18 	98.69999694824219	99.30000305175781	98.5999984741211	99.30000305175781	24101	2024/06/18 
2024/06/19 	99.9000015258789	101.5	99.9000015258789	101.5	40603	2024/06/19 
2024/06/20 	107.0	111.5	106.0	110.0	37195	2024/06/20 
2024/06/21 	110.5	118.5	109.5	114.0	68722	2024/06/21 
2024/06/24 	109.5	110.0	108.5	108.5	13012	2024/06/24 
2024/06/25 	111.5	113.5	111.0	113.0	21099	2024/06/25 
2024/06/26 	112.5	117.0	112.0	114.5	69371	2024/06/26 
2024/06/27 	116.0	116.5	112.5	115.0	22813	2024/06/27 
2024/06/28 	115.0	115.0	112.5	114.5	7354	2024/06/28 
2024/07/01 	116.0	116.0	113.0	116.0	22531	2024/07/01 
2024/07/02 	115.5	118.5	114.0	116.5	65600	2024/07/02 
2024/07/03 	114.5	115.5	110.0	111.0	59429	2024/07/03 
2024/07/04 	110.5	116.0	110.5	113.5	67146	2024/07/04 
2024/07/05 	116.0	130.0	115.0	123.0	181754	2024/07/05 
2024/07/08 	127.0	133.5	127.0	128.0	92841	2024/07/08 
2024/07/09 	129.5	135.5	120.0	123.0	204760	2024/07/09 
2024/07/10 	117.5	126.0	116.5	122.0	77762	2024/07/10 
2024/07/11 	120.0	135.0	119.5	132.5	401579	2024/07/11 
2024/07/12 	128.5	135.5	128.5	135.0	139522	2024/07/12 
2024/07/15 	135.5	144.0	133.5	138.0	133691	2024/07/15 
2024/07/16 	138.5	144.0	135.5	137.0	133689	2024/07/16 
2024/07/17 	136.5	138.5	129.5	130.5	157863	2024/07/17 
2024/07/18 	128.5	133.0	121.5	124.5	198660	2024/07/18 
2024/07/19 	125.5	125.5	121.5	124.0	33193	2024/07/19 
2024/07/22 	124.0	124.0	119.5	121.5	58221	2024/07/22 
2024/07/23 	117.0	122.5	117.0	121.0	24594	2024/07/23 
2024/07/26 	119.5	135.0	117.0	130.5	871000	2024/07/26 
2024/07/29 	125.0	133.0	114.0	115.0	557000	2024/07/29 
2024/07/30 	111.0	111.0	93.5	101.0	676000	2024/07/30 
2024/07/31 	97.4000015258789	99.5	94.0	97.0	174000	2024/07/31 
2024/08/01 	97.19999694824219	98.5999984741211	95.0999984741211	96.30000305175781	132000	2024/08/01 
2024/08/02 	94.5	95.9000015258789	92.5	93.4000015258789	145000	2024/08/02 
2024/08/05 	92.0	92.69999694824219	84.0999984741211	86.0	139000	2024/08/05 
2024/08/06 	88.0	88.5	81.0999984741211	83.0	116000	2024/08/06 
2024/08/07 	84.9000015258789	90.5	84.19999694824219	90.19999694824219	107000	2024/08/07 
2024/08/08 	88.9000015258789	90.4000015258789	86.5	90.0999984741211	42000	2024/08/08 
2024/08/09 	90.0999984741211	97.5	90.0999984741211	95.5	123000	2024/08/09 
2024/08/12 	93.80000305175781	95.9000015258789	93.0	94.5	66000	2024/08/12 
2024/08/13 	96.80000305175781	96.80000305175781	93.0999984741211	94.0999984741211	54000	2024/08/13 
2024/08/14 	84.69999694824219	84.69999694824219	84.69999694824219	84.69999694824219	105000	2024/08/14 
2024/08/15 	81.69999694824219	83.9000015258789	81.19999694824219	83.19999694824219	123000	2024/08/15 
2024/08/16 	83.80000305175781	83.80000305175781	82.5	83.4000015258789	41000	2024/08/16 
2024/08/19 	82.19999694824219	83.0999984741211	82.0	82.0999984741211	50000	2024/08/19 
2024/08/20 	82.4000015258789	85.0	82.19999694824219	84.80000305175781	87000	2024/08/20 
2024/08/21 	86.80000305175781	86.80000305175781	83.4000015258789	84.4000015258789	44000	2024/08/21 
2024/08/22 	83.80000305175781	85.0999984741211	83.69999694824219	84.19999694824219	15000	2024/08/22 
2024/08/23 	83.5	84.0999984741211	81.9000015258789	81.9000015258789	71000	2024/08/23 
2024/08/26 	82.0	82.80000305175781	80.0	81.19999694824219	112000	2024/08/26 
2024/08/27 	81.69999694824219	81.69999694824219	80.0999984741211	80.30000305175781	26000	2024/08/27 
2024/08/28 	80.30000305175781	81.0	79.9000015258789	80.30000305175781	30000	2024/08/28 
2024/08/29 	79.9000015258789	80.69999694824219	79.19999694824219	79.9000015258789	36000	2024/08/29 
2024/08/30 	80.5999984741211	82.5999984741211	79.80000305175781	82.0999984741211	64000	2024/08/30 
2024/09/02 	82.0999984741211	84.19999694824219	81.5999984741211	82.5999984741211	24000	2024/09/02 
2024/09/03 	81.5999984741211	81.9000015258789	80.19999694824219	80.9000015258789	30000	2024/09/03 
2024/09/04 	79.0	85.19999694824219	79.0	85.19999694824219	74000	2024/09/04 
2024/09/05 	84.4000015258789	84.5	80.19999694824219	81.0	35000	2024/09/05 
2024/09/06 	82.80000305175781	82.80000305175781	80.0999984741211	80.0999984741211	16000	2024/09/06 
2024/09/09 	80.19999694824219	80.19999694824219	78.30000305175781	78.80000305175781	30000	2024/09/09 
2024/09/10 	78.80000305175781	78.80000305175781	75.0	75.0999984741211	58000	2024/09/10 
2024/09/11 	75.0999984741211	77.80000305175781	72.19999694824219	77.19999694824219	41000	2024/09/11 
2024/09/12 	78.0	79.0999984741211	77.0999984741211	79.0999984741211	55000	2024/09/12 
2024/09/13 	79.19999694824219	84.30000305175781	79.19999694824219	84.19999694824219	135000	2024/09/13 
2024/09/16 	85.0	87.9000015258789	82.5	85.4000015258789	71000	2024/09/16 
2024/09/18 	85.4000015258789	85.4000015258789	83.0	83.0	55000	2024/09/18 
2024/09/19 	83.4000015258789	84.80000305175781	82.0	83.69999694824219	33000	2024/09/19 
2024/09/20 	82.0999984741211	82.30000305175781	80.4000015258789	81.0	36000	2024/09/20 
2024/09/23 	80.5	82.5	80.30000305175781	82.4000015258789	32000	2024/09/23 
2024/09/24 	81.0	82.19999694824219	80.80000305175781	81.69999694824219	14000	2024/09/24 
2024/09/25 	82.0	82.9000015258789	80.5	82.4000015258789	38000	2024/09/25 
2024/09/26 	82.69999694824219	84.5999984741211	81.0	84.0999984741211	50000	2024/09/26 
2024/09/27 	84.5999984741211	85.69999694824219	83.0	84.0	16000	2024/09/27 
2024/09/30 	81.5	82.5	81.5	82.5	9000	2024/09/30 
2024/10/01 	82.4000015258789	82.4000015258789	79.4000015258789	80.5999984741211	53000	2024/10/01 
2024/10/04 	82.0	82.0	78.0	78.0	24000	2024/10/04 
2024/10/07 	81.0999984741211	81.0999984741211	80.9000015258789	80.9000015258789	4000	2024/10/07 
2024/10/08 	81.5999984741211	81.5999984741211	81.0	81.5	6000	2024/10/08 
2024/10/09 	81.9000015258789	81.9000015258789	78.4000015258789	78.4000015258789	16000	2024/10/09 
2024/10/11 	80.4000015258789	80.4000015258789	76.0	78.0	26000	2024/10/11 
2024/10/14 	78.0	81.0	77.30000305175781	79.5999984741211	16000	2024/10/14 
2024/10/15 	80.0	81.80000305175781	80.0	81.80000305175781	46000	2024/10/15 
2024/10/16 	81.80000305175781	82.30000305175781	81.5	82.30000305175781	28000	2024/10/16 
2024/10/17 	81.5999984741211	81.5999984741211	81.5999984741211	81.5999984741211	1000	2024/10/17 
2024/10/18 	82.80000305175781	84.4000015258789	80.30000305175781	82.19999694824219	16000	2024/10/18 
2024/10/21 	80.0999984741211	83.5999984741211	80.0	81.4000015258789	37000	2024/10/21 
2024/10/22 	81.4000015258789	82.5	79.9000015258789	81.9000015258789	30000	2024/10/22 
2024/10/23 	80.0999984741211	81.30000305175781	79.0	79.0	25000	2024/10/23 
2024/10/24 	79.9000015258789	79.9000015258789	78.5	78.5	11000	2024/10/24 
2024/10/25 	78.9000015258789	81.5999984741211	78.5	81.5999984741211	14000	2024/10/25 
2024/10/28 	79.80000305175781	81.30000305175781	78.69999694824219	80.4000015258789	31000	2024/10/28 
2024/10/29 	80.4000015258789	80.5999984741211	80.4000015258789	80.5	5000	2024/10/29 
2024/10/30 	79.19999694824219	80.4000015258789	77.0	78.69999694824219	41000	2024/10/30 
2024/11/01 	78.30000305175781	79.9000015258789	78.30000305175781	79.0	8000	2024/11/01 
2024/11/04 	77.30000305175781	77.9000015258789	76.5	77.80000305175781	17000	2024/11/04 
2024/11/05 	76.30000305175781	77.4000015258789	75.5	77.19999694824219	9000	2024/11/05 
2024/11/06 	78.5	78.5	75.0	76.0	29000	2024/11/06 
2024/11/07 	76.0	76.30000305175781	75.0999984741211	76.30000305175781	26000	2024/11/07 
2024/11/08 	76.30000305175781	81.0	76.0	80.19999694824219	71000	2024/11/08 
2024/11/11 	80.0999984741211	80.0999984741211	76.5	78.9000015258789	65000	2024/11/11 
2024/11/12 	77.0	77.4000015258789	75.5	75.5999984741211	48000	2024/11/12 
2024/11/13 	78.5	81.19999694824219	78.0	78.0999984741211	154000	2024/11/13 
2024/11/14 	78.80000305175781	80.5999984741211	78.30000305175781	79.0	100000	2024/11/14 
2024/11/15 	79.5	79.5	78.4000015258789	78.9000015258789	31000	2024/11/15 
2024/11/18 	78.19999694824219	78.19999694824219	76.0999984741211	78.0999984741211	54000	2024/11/18 
2024/11/19 	80.5	80.5	77.5999984741211	78.30000305175781	17000	2024/11/19 
2024/11/20 	78.4000015258789	79.4000015258789	78.0	78.4000015258789	20071	2024/11/20 
2024/11/21 	78.80000305175781	80.0	78.5999984741211	79.4000015258789	17000	2024/11/21 
2024/11/22 	80.19999694824219	80.19999694824219	78.80000305175781	78.80000305175781	21000	2024/11/22 
2024/11/25 	79.4000015258789	79.5	78.5	79.19999694824219	4000	2024/11/25 
2024/11/26 	78.30000305175781	78.5	78.0999984741211	78.5	9000	2024/11/26 
2024/11/27 	79.5	79.5	77.5	77.5999984741211	17000	2024/11/27 
2024/11/28 	78.5	78.5	76.80000305175781	76.80000305175781	17000	2024/11/28 
2024/11/29 	77.69999694824219	77.9000015258789	77.69999694824219	77.80000305175781	5000	2024/11/29 
2024/12/02 	79.19999694824219	79.19999694824219	77.80000305175781	78.9000015258789	23000	2024/12/02 
2024/12/03 	79.9000015258789	79.9000015258789	79.0	79.9000015258789	54000	2024/12/03 
2024/12/04 	80.30000305175781	80.9000015258789	79.5	79.80000305175781	24000	2024/12/04 
2024/12/05 	79.80000305175781	80.4000015258789	79.5	83.0	23000	2024/12/05 
2024/12/06 	79.0	80.30000305175781	79.0	79.5999984741211	10000	2024/12/06 
2024/12/09 	78.9000015258789	80.0999984741211	78.9000015258789	79.5	17000	2024/12/09 
2024/12/10 	80.9000015258789	80.9000015258789	79.0999984741211	79.0999984741211	7000	2024/12/10 
2024/12/11 	79.5999984741211	80.4000015258789	78.30000305175781	79.5	19000	2024/12/11 
2024/12/12 	80.19999694824219	80.19999694824219	79.5	79.5	7000	2024/12/12 
2024/12/13 	79.0	79.5999984741211	78.0999984741211	78.5	11000	2024/12/13 
2024/12/16 	78.5	78.9000015258789	77.0	78.4000015258789	34000	2024/12/16 
2024/12/17 	78.0999984741211	78.19999694824219	77.5999984741211	78.19999694824219	4000	2024/12/17 
2024/12/18 	79.0	79.0	77.9000015258789	77.9000015258789	11000	2024/12/18 
2024/12/19 	77.0999984741211	77.80000305175781	76.80000305175781	77.5999984741211	10000	2024/12/19 
2024/12/20 	76.5	77.5999984741211	76.5	76.5999984741211	9000	2024/12/20 
2024/12/23 	78.0	78.0	77.69999694824219	77.9000015258789	4000	2024/12/23 
2024/12/24 	77.80000305175781	77.9000015258789	77.4000015258789	77.9000015258789	9000	2024/12/24 
2024/12/25 	77.30000305175781	77.4000015258789	77.0	77.0999984741211	11000	2024/12/25 
2024/12/26 	79.4000015258789	79.4000015258789	78.80000305175781	79.30000305175781	8000	2024/12/26 
2024/12/27 	79.4000015258789	79.4000015258789	79.0999984741211	79.0999984741211	2000	2024/12/27 
2024/12/30 	79.5999984741211	79.5999984741211	77.5999984741211	78.9000015258789	10000	2024/12/30 
2024/12/31 	79.30000305175781	79.30000305175781	79.0	79.0	4000	2024/12/31 
2025/01/02 	78.9000015258789	78.9000015258789	77.30000305175781	78.30000305175781	10000	2025/01/02 
2025/01/03 	78.5999984741211	78.5999984741211	77.5999984741211	78.19999694824219	4000	2025/01/03 
2025/01/06 	79.5	79.5	77.80000305175781	78.0	10000	2025/01/06 
2025/01/07 	78.4000015258789	78.4000015258789	76.5999984741211	77.0	44000	2025/01/07 
2025/01/08 	77.80000305175781	78.0	77.5	77.5	7000	2025/01/08 
2025/01/09 	78.5999984741211	78.5999984741211	76.80000305175781	77.4000015258789	7000	2025/01/09 
2025/01/10 	78.30000305175781	78.30000305175781	77.0	77.69999694824219	5000	2025/01/10 
2025/01/13 	76.9000015258789	76.9000015258789	73.80000305175781	75.80000305175781	29000	2025/01/13 
2025/01/14 	74.5	75.5	73.0999984741211	74.4000015258789	39000	2025/01/14 
2025/01/15 	75.5999984741211	75.5999984741211	73.69999694824219	74.69999694824219	5000	2025/01/15 
2025/01/16 	75.0	75.0	73.69999694824219	74.5	17000	2025/01/16 
2025/01/17 	73.69999694824219	74.69999694824219	73.5999984741211	74.4000015258789	13000	2025/01/17 
2025/01/20 	75.0999984741211	75.0999984741211	74.0999984741211	74.5999984741211	14000	2025/01/20 
2025/01/21 	75.19999694824219	75.19999694824219	73.80000305175781	74.5999984741211	11000	2025/01/21 
2025/01/22 	74.80000305175781	74.80000305175781	74.5999984741211	74.5999984741211	10000	2025/01/22 
2025/02/03 	76.0	77.5	74.80000305175781	77.4000015258789	96100	2025/02/03 
2025/02/04 	76.0999984741211	77.4000015258789	75.9000015258789	77.0	17000	2025/02/04 
2025/02/05 	79.5	79.5	78.0	78.19999694824219	24072	2025/02/05 
2025/02/06 	78.19999694824219	78.80000305175781	78.0	78.30000305175781	21000	2025/02/06 
2025/02/07 	78.5	78.5	77.4000015258789	77.9000015258789	13000	2025/02/07 
2025/02/10 	78.5	84.5	78.4000015258789	83.0999984741211	109010	2025/02/10 
2025/02/11 	85.4000015258789	85.4000015258789	80.0	81.4000015258789	88100	2025/02/11 
2025/02/12 	81.5	83.69999694824219	79.5999984741211	80.30000305175781	58100	2025/02/12 
2025/02/13 	79.69999694824219	81.4000015258789	78.69999694824219	80.30000305175781	23013	2025/02/13 
2025/02/14 	80.30000305175781	80.5999984741211	79.0	80.5999984741211	19000	2025/02/14 
2025/02/17 	85.5	85.5	80.80000305175781	81.4000015258789	62000	2025/02/17 
2025/02/18 	81.5	82.5999984741211	80.19999694824219	80.19999694824219	66000	2025/02/18 
2025/02/19 	79.9000015258789	80.9000015258789	79.5999984741211	80.4000015258789	35000	2025/02/19 
2025/02/20 	80.69999694824219	80.69999694824219	79.5	80.0	31005	2025/02/20 
2025/02/21 	80.0	80.0	78.80000305175781	79.0	38000	2025/02/21 
2025/02/24 	79.0	81.5	79.0	79.80000305175781	24072	2025/02/24 
2025/02/25 	80.5	80.5	78.9000015258789	80.0999984741211	37000	2025/02/25 
2025/02/26 	80.0999984741211	80.0999984741211	77.4000015258789	78.0999984741211	52000	2025/02/26 
2025/02/27 	78.0999984741211	78.9000015258789	76.0	78.69999694824219	52000	2025/02/27 
2025/03/03 	77.5999984741211	79.0	77.5999984741211	78.5999984741211	27000	2025/03/03 
2025/03/04 	78.30000305175781	78.30000305175781	78.0	78.30000305175781	21000	2025/03/04 
2025/03/05 	78.30000305175781	80.5	78.30000305175781	80.5	57000	2025/03/05 
2025/03/06 	80.30000305175781	80.9000015258789	79.30000305175781	80.19999694824219	40000	2025/03/06 
2025/03/07 	80.0999984741211	80.30000305175781	79.5999984741211	80.0	17000	2025/03/07 
2025/03/10 	79.9000015258789	79.9000015258789	79.69999694824219	79.69999694824219	23000	2025/03/10 
2025/03/11 	79.5999984741211	80.19999694824219	78.5	80.19999694824219	37000	2025/03/11 
2025/03/12 	80.0	81.4000015258789	80.0	81.4000015258789	52031	2025/03/12 
2025/03/13 	73.30000305175781	75.69999694824219	73.30000305175781	74.0999984741211	320000	2025/03/13 
2025/03/14 	71.0	74.5	70.19999694824219	73.30000305175781	21000	2025/03/14 
2025/03/17 	70.69999694824219	72.69999694824219	70.19999694824219	70.9000015258789	42020	2025/03/17 
2025/03/18 	70.69999694824219	70.69999694824219	64.5	66.4000015258789	278063	2025/03/18 
2025/03/19 	65.4000015258789	65.80000305175781	64.5	64.69999694824219	62000	2025/03/19 
2025/03/20 	65.5999984741211	65.5999984741211	64.5	65.0	27007	2025/03/20 
2025/03/21 	66.0	67.19999694824219	65.30000305175781	65.69999694824219	39000	2025/03/21 
2025/03/24 	67.0	68.80000305175781	65.9000015258789	68.19999694824219	42000	2025/03/24 
2025/03/25 	69.30000305175781	72.4000015258789	68.19999694824219	71.80000305175781	90000	2025/03/25 
2025/03/26 	73.0	73.5	71.0	71.9000015258789	40100	2025/03/26 
2025/03/27 	72.30000305175781	72.30000305175781	70.19999694824219	71.5999984741211	19000	2025/03/27 
2025/03/28 	70.0	70.9000015258789	68.5999984741211	69.80000305175781	15000	2025/03/28 
2025/03/31 	69.4000015258789	69.4000015258789	65.9000015258789	66.80000305175781	32000	2025/03/31 
2025/04/01 	66.80000305175781	67.69999694824219	66.5999984741211	67.69999694824219	28000	2025/04/01 
2025/04/02 	69.19999694824219	69.19999694824219	67.5	67.80000305175781	14000	2025/04/02 
2025/04/07 	61.400001525878906	62.900001525878906	61.099998474121094	61.099998474121094	70000	2025/04/07 
2025/04/08 	62.599998474121094	62.599998474121094	59.70000076293945	60.29999923706055	39324	2025/04/08 
2025/04/09 	59.0	61.79999923706055	57.20000076293945	58.599998474121094	29000	2025/04/09 
2025/04/10 	62.70000076293945	63.0	61.099998474121094	63.0	63000	2025/04/10 
2025/04/11 	62.20000076293945	63.099998474121094	60.099998474121094	60.70000076293945	25000	2025/04/11 
2025/04/14 	60.70000076293945	61.70000076293945	60.099998474121094	61.400001525878906	10045	2025/04/14 
2025/04/15 	62.0	63.400001525878906	61.599998474121094	63.400001525878906	34000	2025/04/15 
2025/04/16 	62.20000076293945	63.29999923706055	62.099998474121094	62.79999923706055	18000	2025/04/16 
2025/04/17 	61.79999923706055	63.79999923706055	60.900001525878906	62.0	12000	2025/04/17 
2025/04/18 	61.79999923706055	62.70000076293945	61.79999923706055	62.599998474121094	12000	2025/04/18 
2025/04/21 	63.70000076293945	65.0999984741211	62.70000076293945	63.0	37000	2025/04/21 
2025/04/22 	63.0	63.599998474121094	62.70000076293945	63.20000076293945	8000	2025/04/22 
2025/04/23 	64.69999694824219	64.69999694824219	62.70000076293945	64.0999984741211	18000	2025/04/23 
2025/04/24 	65.30000305175781	65.30000305175781	64.0999984741211	64.5	8000	2025/04/24 
2025/04/25 	65.5	67.9000015258789	65.0	67.80000305175781	49000	2025/04/25 
2025/04/28 	68.5	69.5	66.80000305175781	67.9000015258789	25000	2025/04/28 
2025/04/29 	68.80000305175781	68.80000305175781	67.0999984741211	68.0999984741211	6000	2025/04/29 
2025/04/30 	69.19999694824219	69.19999694824219	67.19999694824219	68.19999694824219	9000	2025/04/30 
2025/05/02 	69.4000015258789	69.5999984741211	68.19999694824219	68.19999694824219	42000	2025/05/02 
2025/05/05 	69.5	69.69999694824219	68.0	68.4000015258789	21000	2025/05/05 
2025/05/06 	69.4000015258789	75.19999694824219	69.4000015258789	75.19999694824219	143001	2025/05/06 
2025/05/07 	75.19999694824219	78.0	73.9000015258789	76.19999694824219	131010	2025/05/07 
2025/05/08 	76.9000015258789	76.9000015258789	73.5	73.80000305175781	57055	2025/05/08 
2025/05/09 	75.4000015258789	75.4000015258789	73.0999984741211	74.5999984741211	21000	2025/05/09 
2025/05/12 	75.5	75.5	71.5	71.80000305175781	39010	2025/05/12 
2025/05/13 	71.80000305175781	72.5	68.5	70.9000015258789	39000	2025/05/13 
2025/05/14 	71.9000015258789	71.9000015258789	68.80000305175781	70.80000305175781	26000	2025/05/14 
2025/05/15 	73.0	73.0	69.30000305175781	70.69999694824219	74000	2025/05/15 
2025/05/16 	71.30000305175781	72.9000015258789	71.30000305175781	72.4000015258789	41000	2025/05/16 
2025/05/19 	73.0999984741211	73.0999984741211	70.19999694824219	70.4000015258789	26009	2025/05/19 
2025/05/20 	71.19999694824219	71.19999694824219	69.5	70.80000305175781	10000	2025/05/20 
2025/05/21 	71.4000015258789	72.0	71.19999694824219	71.19999694824219	20000	2025/05/21 
2025/05/22 	72.0999984741211	73.0999984741211	72.0	73.0999984741211	36000	2025/05/22 
2025/05/23 	73.5999984741211	73.5999984741211	70.69999694824219	70.69999694824219	13455	2025/05/23 
2025/05/26 	70.30000305175781	72.4000015258789	70.0999984741211	72.0	27000	2025/05/26 
2025/05/27 	73.0999984741211	73.0999984741211	72.0	72.0999984741211	12000	2025/05/27 
2025/05/28 	72.0999984741211	73.0	70.9000015258789	72.0	10000	2025/05/28 
2025/05/29 	70.4000015258789	71.5	70.0	71.5	36000	2025/05/29 
2025/06/02 	70.0	70.0999984741211	69.5999984741211	69.5999984741211	7100	2025/06/02 
2025/06/03 	69.4000015258789	69.9000015258789	69.4000015258789	69.5	4000	2025/06/03 
2025/06/04 	69.5	69.5999984741211	69.19999694824219	69.5	14000	2025/06/04 
2025/06/05 	71.0999984741211	71.0999984741211	68.80000305175781	68.80000305175781	3000	2025/06/05 
2025/06/06 	68.0999984741211	69.69999694824219	68.0	68.5	11100	2025/06/06 
