Date	Open	High	Low	Close	Volume	Date
2022/03/02 	23.089876174926758	24.33317756652832	21.09171485900879	21.890979766845703	866383	2022/03/02 
2022/03/03 	21.668962478637695	22.290611267089844	21.09171485900879	21.757768630981445	198437	2022/03/03 
2022/03/04 	22.201805114746094	22.290611267089844	21.757768630981445	21.979787826538086	260960	2022/03/04 
2022/03/07 	22.11299705505371	22.11299705505371	21.224925994873047	21.757768630981445	188794	2022/03/07 
2022/03/08 	21.668962478637695	21.846576690673828	21.668962478637695	21.757768630981445	90082	2022/03/08 
2022/03/09 	21.668962478637695	22.24620819091797	21.580154418945312	22.201805114746094	42262	2022/03/09 
2022/03/10 	22.290611267089844	22.690244674682617	22.201805114746094	22.46822738647461	74622	2022/03/10 
2022/03/11 	22.55703353881836	22.645841598510742	22.201805114746094	22.33501625061035	72416	2022/03/11 
2022/03/14 	22.201805114746094	22.201805114746094	21.935382843017578	22.068593978881836	62618	2022/03/14 
2022/03/15 	22.11299705505371	22.11299705505371	21.71336555480957	21.935382843017578	57765	2022/03/15 
2022/03/16 	22.11299705505371	22.201805114746094	21.935382843017578	21.979787826538086	60310	2022/03/16 
2022/03/17 	21.979787826538086	22.24620819091797	21.979787826538086	22.02419090270996	106522	2022/03/17 
2022/03/18 	22.11299705505371	22.11299705505371	21.979787826538086	22.02419090270996	16946	2022/03/18 
2022/03/21 	22.11299705505371	22.290611267089844	22.068593978881836	22.068593978881836	65310	2022/03/21 
2022/03/22 	22.201805114746094	22.290611267089844	22.068593978881836	22.24620819091797	54500	2022/03/22 
2022/03/23 	22.201805114746094	23.977949142456055	22.11299705505371	23.089876174926758	183139	2022/03/23 
2022/03/24 	23.356298446655273	28.24069595336914	23.267492294311523	27.663448333740234	384456	2022/03/24 
2022/03/25 	27.707853317260742	30.061243057250977	27.352624893188477	27.796659469604492	303871	2022/03/25 
2022/03/28 	28.107484817504883	29.572803497314453	28.063081741333008	28.507118225097656	275374	2022/03/28 
2022/03/29 	29.30638313293457	33.0806884765625	29.217575073242188	32.725460052490234	436248	2022/03/29 
2022/03/30 	33.92435836791992	43.2047119140625	33.657936096191406	39.87444305419922	873238	2022/03/30 
2022/03/31 	39.918846130371094	39.918846130371094	33.61353302001953	35.389678955078125	483929	2022/03/31 
2022/04/01 	34.5460090637207	34.5460090637207	32.50344467163086	33.746742248535156	238625	2022/04/01 
2022/04/06 	34.01316452026367	37.52104949951172	33.746742248535156	35.6116943359375	445217	2022/04/06 
2022/04/07 	35.656097412109375	35.656097412109375	33.87995529174805	34.05756759643555	289378	2022/04/07 
2022/04/08 	34.01316452026367	34.45720291137695	33.746742248535156	33.746742248535156	204925	2022/04/08 
2022/04/11 	33.61353302001953	34.32398986816406	33.480323791503906	33.92435836791992	94204	2022/04/11 
2022/04/12 	33.61353302001953	33.746742248535156	32.725460052490234	32.903076171875	128097	2022/04/12 
2022/04/13 	32.858673095703125	32.99188232421875	32.59225082397461	32.76986312866211	119307	2022/04/13 
2022/04/14 	32.325828552246094	32.725460052490234	30.949316024780273	31.17133331298828	182725	2022/04/14 
2022/04/15 	30.860509872436523	30.860509872436523	28.418310165405273	29.83922576904297	215365	2022/04/15 
2022/04/18 	30.194454193115234	30.549684524536133	28.32950210571289	28.99555778503418	111648	2022/04/18 
2022/04/19 	28.418310165405273	28.862346649169922	26.997394561767578	27.707853317260742	297378	2022/04/19 
2022/04/20 	28.063081741333008	29.30638313293457	27.885467529296875	29.30638313293457	181517	2022/04/20 
2022/04/21 	29.75041961669922	32.28142547607422	29.30638313293457	30.238859176635742	237267	2022/04/21 
2022/04/22 	31.393352508544922	31.52656364440918	29.972436904907227	30.105648040771484	39402	2022/04/22 
2022/04/25 	29.75041961669922	31.21573829650879	28.507118225097656	29.261978149414062	50874	2022/04/25 
2022/04/26 	29.128768920898438	29.30638313293457	28.418310165405273	28.55152130126953	58346	2022/04/26 
2022/04/27 	28.68473243713379	28.729135513305664	28.32950210571289	28.595924377441406	111701	2022/04/27 
2022/04/28 	28.68473243713379	28.68473243713379	28.32950210571289	28.3739070892334	36168	2022/04/28 
2022/04/29 	28.640329360961914	28.640329360961914	28.24069595336914	28.418310165405273	111106	2022/04/29 
2022/05/03 	28.55152130126953	28.862346649169922	28.32950210571289	28.507118225097656	160279	2022/05/03 
2022/05/04 	28.32950210571289	28.418310165405273	28.24069595336914	28.32950210571289	108155	2022/05/04 
2022/05/05 	27.92987060546875	27.974273681640625	27.530237197875977	27.663448333740234	186482	2022/05/05 
2022/05/06 	27.530237197875977	27.752256393432617	27.441431045532227	27.663448333740234	116206	2022/05/06 
2022/05/09 	27.39702796936035	27.39702796936035	26.997394561767578	27.08620262145996	85026	2022/05/09 
2022/05/10 	26.908588409423828	26.997394561767578	26.55335807800293	26.642166137695312	175269	2022/05/10 
2022/05/11 	26.730972290039062	27.4858341217041	26.642166137695312	26.642166137695312	50769	2022/05/11 
2022/05/12 	27.530237197875977	27.530237197875977	26.508955001831055	26.597763061523438	116399	2022/05/12 
2022/05/13 	26.819780349731445	26.819780349731445	26.642166137695312	26.642166137695312	56336	2022/05/13 
2022/05/16 	26.55335807800293	26.642166137695312	26.331340789794922	26.642166137695312	36370	2022/05/16 
2022/05/17 	26.730972290039062	26.730972290039062	26.508955001831055	26.597763061523438	39906	2022/05/17 
2022/05/18 	27.08620262145996	27.08620262145996	26.46455192565918	26.597763061523438	15875	2022/05/18 
2022/05/19 	26.46455192565918	26.730972290039062	26.46455192565918	26.642166137695312	111488	2022/05/19 
2022/05/20 	26.46455192565918	26.819780349731445	26.375743865966797	26.55335807800293	96253	2022/05/20 
2022/05/23 	26.730972290039062	26.908588409423828	26.686569213867188	26.819780349731445	101455	2022/05/23 
2022/05/24 	27.530237197875977	27.530237197875977	26.642166137695312	26.730972290039062	36146	2022/05/24 
2022/05/25 	27.4858341217041	27.530237197875977	26.642166137695312	27.4858341217041	14021	2022/05/25 
2022/05/26 	26.642166137695312	28.418310165405273	26.642166137695312	28.418310165405273	30405	2022/05/26 
2022/05/27 	28.68473243713379	28.817943572998047	27.885467529296875	28.063081741333008	47629	2022/05/27 
2022/05/30 	28.418310165405273	28.507118225097656	28.418310165405273	28.418310165405273	6786	2022/05/30 
2022/05/31 	27.441431045532227	28.507118225097656	27.441431045532227	28.46271324157715	23762	2022/05/31 
2022/06/01 	28.507118225097656	28.595924377441406	27.92987060546875	27.92987060546875	62422	2022/06/01 
2022/06/02 	28.28510093688965	28.507118225097656	27.885467529296875	28.24069595336914	13965	2022/06/02 
2022/06/06 	28.15188980102539	28.55152130126953	27.796659469604492	27.885467529296875	107424	2022/06/06 
2022/06/07 	28.640329360961914	28.640329360961914	27.61904525756836	28.063081741333008	78496	2022/06/07 
2022/06/08 	28.418310165405273	28.418310165405273	27.61904525756836	27.707853317260742	15043	2022/06/08 
2022/06/09 	27.530237197875977	27.796659469604492	27.530237197875977	27.530237197875977	68751	2022/06/09 
2022/06/10 	27.61904525756836	27.61904525756836	27.441431045532227	27.574642181396484	27643	2022/06/10 
2022/06/13 	27.974273681640625	27.974273681640625	27.130605697631836	27.530237197875977	18266	2022/06/13 
2022/06/14 	27.041799545288086	27.4858341217041	26.642166137695312	27.4858341217041	77475	2022/06/14 
2022/06/15 	27.530237197875977	27.61904525756836	26.997394561767578	27.17500877380371	51915	2022/06/15 
2022/06/16 	27.61904525756836	27.61904525756836	26.77537727355957	26.908588409423828	19484	2022/06/16 
2022/06/17 	27.574642181396484	27.574642181396484	27.574642181396484	27.574642181396484	12	2022/06/17 
2022/06/20 	27.574642181396484	27.663448333740234	26.642166137695312	27.530237197875977	25131	2022/06/20 
2022/06/21 	27.574642181396484	27.574642181396484	26.508955001831055	26.642166137695312	37275	2022/06/21 
2022/06/22 	26.819780349731445	26.819780349731445	26.642166137695312	26.730972290039062	26125	2022/06/22 
2022/06/23 	27.08620262145996	27.17500877380371	26.642166137695312	26.642166137695312	15166	2022/06/23 
2022/06/24 	27.17500877380371	27.17500877380371	26.642166137695312	26.642166137695312	37538	2022/06/24 
2022/06/27 	26.730972290039062	27.263816833496094	26.730972290039062	26.77537727355957	11825	2022/06/27 
2022/06/28 	27.263816833496094	27.263816833496094	26.642166137695312	26.686569213867188	11939	2022/06/28 
2022/06/29 	27.263816833496094	27.263816833496094	26.642166137695312	26.642166137695312	24835	2022/06/29 
2022/06/30 	26.819780349731445	27.17500877380371	26.55335807800293	26.686569213867188	55304	2022/06/30 
2022/07/01 	26.730972290039062	26.908588409423828	26.420148849487305	26.508955001831055	25128	2022/07/01 
2022/07/04 	26.642166137695312	26.642166137695312	26.198129653930664	26.375743865966797	31506	2022/07/04 
2022/07/05 	26.642166137695312	27.663448333740234	26.55335807800293	27.574642181396484	40091	2022/07/05 
2022/07/06 	27.530237197875977	27.796659469604492	26.642166137695312	27.39702796936035	3425	2022/07/06 
2022/07/07 	26.508955001831055	27.130605697631836	26.46455192565918	27.130605697631836	9009	2022/07/07 
2022/07/08 	27.441431045532227	27.441431045532227	26.642166137695312	26.642166137695312	11262	2022/07/08 
2022/07/11 	27.041799545288086	27.130605697631836	26.46455192565918	27.130605697631836	5982	2022/07/11 
2022/07/12 	27.08620262145996	27.08620262145996	26.242534637451172	27.041799545288086	13515	2022/07/12 
2022/07/13 	27.08620262145996	27.17500877380371	26.198129653930664	27.17500877380371	2255	2022/07/13 
2022/07/14 	27.263816833496094	27.263816833496094	26.642166137695312	26.642166137695312	319	2022/07/14 
2022/07/15 	27.17500877380371	27.17500877380371	27.17500877380371	27.17500877380371	225	2022/07/15 
2022/07/18 	26.109323501586914	26.819780349731445	26.109323501586914	26.730972290039062	5877	2022/07/18 
2022/07/19 	26.730972290039062	26.730972290039062	26.109323501586914	26.109323501586914	19390	2022/07/19 
2022/07/20 	26.198129653930664	26.508955001831055	25.93170738220215	26.198129653930664	18276	2022/07/20 
2022/07/21 	26.286937713623047	26.642166137695312	26.15372657775879	26.198129653930664	38625	2022/07/21 
2022/07/22 	26.109323501586914	26.242534637451172	25.665287017822266	26.15372657775879	77724	2022/07/22 
2022/07/25 	26.198129653930664	26.198129653930664	25.176847457885742	25.31005859375	73462	2022/07/25 
2022/07/26 	25.354461669921875	25.39886474609375	25.132442474365234	25.354461669921875	13740	2022/07/26 
2022/07/27 	24.86602210998535	25.043636322021484	23.48950958251953	24.066757202148438	110661	2022/07/27 
2022/07/28 	24.33317756652832	24.9548282623291	24.155563354492188	24.86602210998535	46223	2022/07/28 
2022/07/29 	24.77721405029297	24.9548282623291	24.77721405029297	24.9548282623291	12386	2022/07/29 
2022/08/01 	25.93170738220215	25.93170738220215	25.93170738220215	25.93170738220215	57	2022/08/01 
2022/08/02 	26.02051544189453	26.02051544189453	26.02051544189453	26.02051544189453	1	2022/08/02 
2022/08/03 	25.976112365722656	25.976112365722656	24.86602210998535	25.31005859375	18453	2022/08/03 
2022/08/04 	25.043636322021484	25.31005859375	24.33317756652832	24.33317756652832	135340	2022/08/04 
2022/08/05 	24.9548282623291	24.9548282623291	24.644004821777344	24.86602210998535	10669	2022/08/05 
2022/08/08 	25.754093170166016	25.754093170166016	25.31005859375	25.31005859375	6863	2022/08/08 
2022/08/09 	25.8429012298584	25.93170738220215	25.221250534057617	25.8429012298584	37605	2022/08/09 
2022/08/10 	25.93170738220215	25.93170738220215	25.31005859375	25.8429012298584	31619	2022/08/10 
2022/08/11 	25.665287017822266	25.665287017822266	25.665287017822266	25.665287017822266	2252	2022/08/11 
2022/08/12 	26.15372657775879	26.286937713623047	25.754093170166016	25.754093170166016	12611	2022/08/12 
2022/08/15 	25.798498153686523	26.242534637451172	25.798498153686523	26.109323501586914	20429	2022/08/15 
2022/08/16 	25.976112365722656	26.064918518066406	25.93170738220215	25.93170738220215	18241	2022/08/16 
2022/08/17 	26.198129653930664	26.198129653930664	26.064918518066406	26.109323501586914	9064	2022/08/17 
2022/08/18 	26.242534637451172	26.242534637451172	25.93170738220215	25.93170738220215	8670	2022/08/18 
2022/08/19 	25.487672805786133	26.02051544189453	25.487672805786133	25.8429012298584	10369	2022/08/19 
2022/08/22 	26.02051544189453	26.064918518066406	26.02051544189453	26.064918518066406	3704	2022/08/22 
2022/08/23 	26.15372657775879	26.15372657775879	25.665287017822266	25.798498153686523	6410	2022/08/23 
2022/08/24 	25.798498153686523	25.798498153686523	25.798498153686523	25.798498153686523	0	2022/08/24 
2022/08/25 	25.754093170166016	26.109323501586914	25.39886474609375	26.109323501586914	2703	2022/08/25 
2022/08/26 	26.064918518066406	26.064918518066406	26.064918518066406	26.064918518066406	1	2022/08/26 
2022/08/29 	26.02051544189453	26.109323501586914	25.93170738220215	26.02051544189453	24779	2022/08/29 
2022/08/30 	26.109323501586914	27.041799545288086	26.064918518066406	26.46455192565918	33084	2022/08/30 
2022/08/31 	26.46455192565918	26.952991485595703	26.46455192565918	26.642166137695312	12247	2022/08/31 
2022/09/01 	27.530237197875977	31.52656364440918	27.530237197875977	29.128768920898438	159144	2022/09/01 
2022/09/02 	31.152685165405273	31.152685165405273	28.226221084594727	28.41502571105957	90293	2022/09/02 
2022/09/05 	28.226221084594727	28.32062339782715	28.179019927978516	28.32062339782715	5614	2022/09/05 
2022/09/06 	28.792633056640625	28.792633056640625	28.131818771362305	28.131818771362305	8380	2022/09/06 
2022/09/07 	28.792633056640625	28.792633056640625	28.792633056640625	28.792633056640625	1061	2022/09/07 
2022/09/08 	28.084617614746094	28.792633056640625	28.084617614746094	28.792633056640625	3180	2022/09/08 
2022/09/12 	28.792633056640625	28.792633056640625	28.32062339782715	28.41502571105957	17107	2022/09/12 
2022/09/13 	28.60382843017578	28.60382843017578	28.226221084594727	28.32062339782715	11020	2022/09/13 
2022/09/14 	28.41502571105957	28.887035369873047	28.32062339782715	28.792633056640625	17160	2022/09/14 
2022/09/15 	28.934236526489258	28.934236526489258	28.934236526489258	28.934236526489258	1060	2022/09/15 
2022/09/16 	28.32062339782715	28.934236526489258	28.32062339782715	28.698230743408203	4237	2022/09/16 
2022/09/19 	28.698230743408203	28.698230743408203	28.698230743408203	28.698230743408203	0	2022/09/19 
2022/09/20 	28.698230743408203	28.698230743408203	28.698230743408203	28.698230743408203	0	2022/09/20 
2022/09/21 	28.698230743408203	28.698230743408203	28.698230743408203	28.698230743408203	0	2022/09/21 
2022/09/22 	28.698230743408203	28.698230743408203	28.698230743408203	28.698230743408203	0	2022/09/22 
2022/09/23 	28.698230743408203	28.698230743408203	28.698230743408203	28.698230743408203	0	2022/09/23 
2022/09/26 	27.28219985961914	27.376602172851562	26.66858673095703	26.904590606689453	59437	2022/09/26 
2022/09/27 	27.707008361816406	27.707008361816406	27.707008361816406	27.707008361816406	1	2022/09/27 
2022/09/28 	26.857389450073242	27.18779754638672	26.81018829345703	26.81018829345703	13760	2022/09/28 
2022/09/29 	26.62138557434082	27.707008361816406	26.62138557434082	27.659807205200195	2119	2022/09/29 
2022/09/30 	26.432580947875977	26.432580947875977	26.432580947875977	26.432580947875977	147	2022/09/30 
2022/10/03 	26.432580947875977	26.432580947875977	26.432580947875977	26.432580947875977	2648	2022/10/03 
2022/10/04 	26.338178634643555	27.376602172851562	26.338178634643555	27.28219985961914	4237	2022/10/04 
2022/10/05 	27.565406799316406	27.565406799316406	26.385379791259766	26.385379791259766	1683	2022/10/05 
2022/10/06 	27.565406799316406	27.565406799316406	27.565406799316406	27.565406799316406	1060	2022/10/06 
2022/10/07 	27.565406799316406	27.565406799316406	27.376602172851562	27.376602172851562	2224	2022/10/07 
2022/10/11 	27.565406799316406	27.565406799316406	27.565406799316406	27.565406799316406	1093	2022/10/11 
2022/10/12 	27.471004486083984	27.471004486083984	27.28219985961914	27.28219985961914	3389	2022/10/12 
2022/10/13 	26.243776321411133	26.904590606689453	25.818967819213867	25.9605712890625	14765	2022/10/13 
2022/10/14 	26.196575164794922	26.290977478027344	25.110952377319336	25.205354690551758	27826	2022/10/14 
2022/10/17 	25.016550064086914	25.016550064086914	24.63894271850586	24.63894271850586	7955	2022/10/17 
2022/10/18 	24.544540405273438	24.87494659423828	24.261333465576172	24.355735778808594	21036	2022/10/18 
2022/10/19 	24.261333465576172	24.355735778808594	23.60051918029785	23.978126525878906	27684	2022/10/19 
2022/10/20 	23.978126525878906	23.978126525878906	23.978126525878906	23.978126525878906	0	2022/10/20 
2022/10/21 	23.60051918029785	24.072528839111328	23.317312240600586	23.60051918029785	47365	2022/10/21 
2022/10/24 	23.883724212646484	23.883724212646484	23.128507614135742	23.128507614135742	12712	2022/10/24 
2022/10/25 	23.222909927368164	23.411714553833008	23.128507614135742	23.222909927368164	36347	2022/10/25 
2022/10/26 	23.222909927368164	23.222909927368164	23.222909927368164	23.222909927368164	133	2022/10/26 
2022/10/27 	23.222909927368164	23.317312240600586	23.175708770751953	23.175708770751953	11758	2022/10/27 
2022/10/28 	23.317312240600586	23.317312240600586	23.222909927368164	23.222909927368164	12061	2022/10/28 
2022/10/31 	23.222909927368164	23.222909927368164	23.222909927368164	23.222909927368164	0	2022/10/31 
2022/11/01 	23.317312240600586	23.317312240600586	23.128507614135742	23.222909927368164	10984	2022/11/01 
2022/11/02 	23.411714553833008	23.411714553833008	23.128507614135742	23.128507614135742	1272	2022/11/02 
2022/11/03 	23.222909927368164	23.222909927368164	23.222909927368164	23.222909927368164	3177	2022/11/03 
2022/11/04 	23.317312240600586	23.317312240600586	23.03410530090332	23.03410530090332	6885	2022/11/04 
2022/11/07 	23.03410530090332	23.128507614135742	23.03410530090332	23.128507614135742	20232	2022/11/07 
2022/11/08 	22.89250373840332	23.03410530090332	22.89250373840332	22.98690414428711	9006	2022/11/08 
2022/11/09 	22.656497955322266	23.03410530090332	22.656497955322266	22.93970489501953	5336	2022/11/09 
2022/11/10 	22.750900268554688	22.93970489501953	22.750900268554688	22.7981014251709	4766	2022/11/10 
2022/11/11 	22.98690414428711	22.98690414428711	22.7981014251709	22.89250373840332	7552	2022/11/11 
2022/11/14 	23.03410530090332	23.128507614135742	23.03410530090332	23.128507614135742	16131	2022/11/14 
2022/11/15 	22.93970489501953	23.128507614135742	22.750900268554688	22.89250373840332	18427	2022/11/15 
2022/11/16 	23.128507614135742	23.128507614135742	22.656497955322266	22.750900268554688	4576	2022/11/16 
2022/11/17 	22.750900268554688	22.84530258178711	22.18448829650879	22.84530258178711	4683	2022/11/17 
2022/11/18 	22.656497955322266	22.656497955322266	22.18448829650879	22.27889060974121	7626	2022/11/18 
2022/11/21 	22.090085983276367	22.27889060974121	22.090085983276367	22.18448829650879	10150	2022/11/21 
2022/11/22 	21.618074417114258	22.137287139892578	21.523672103881836	22.137287139892578	37636	2022/11/22 
2022/11/23 	21.8068790435791	21.8068790435791	21.71247673034668	21.71247673034668	4427	2022/11/23 
2022/11/24 	21.8068790435791	21.8068790435791	21.8068790435791	21.8068790435791	4250	2022/11/24 
2022/11/25 	21.334869384765625	21.429271697998047	21.240467071533203	21.334869384765625	21185	2022/11/25 
2022/11/28 	21.240467071533203	21.334869384765625	21.00446128845215	21.09886360168457	22227	2022/11/28 
2022/11/29 	21.240467071533203	21.240467071533203	19.635631561279297	19.635631561279297	55780	2022/11/29 
2022/11/30 	20.107641220092773	20.39084815979004	20.060440063476562	20.343647003173828	15765	2022/11/30 
2022/12/01 	20.768455505371094	20.768455505371094	19.918838500976562	20.060440063476562	21292	2022/12/01 
2022/12/02 	20.107641220092773	20.107641220092773	19.82443618774414	19.966039657592773	16954	2022/12/02 
2022/12/05 	19.73003387451172	20.013240814208984	19.73003387451172	19.918838500976562	19184	2022/12/05 
2022/12/06 	19.73003387451172	19.82443618774414	19.399625778198242	19.73003387451172	13752	2022/12/06 
2022/12/07 	19.35242462158203	19.446826934814453	18.786012649536133	18.974817276000977	22992	2022/12/07 
2022/12/08 	18.55000877380371	18.786012649536133	18.408405303955078	18.597209930419922	19001	2022/12/08 
2022/12/09 	18.786012649536133	18.786012649536133	18.03079605102539	18.738811492919922	3874	2022/12/09 
2022/12/12 	18.03079605102539	18.786012649536133	18.03079605102539	18.597209930419922	11295	2022/12/12 
2022/12/13 	18.03079605102539	18.786012649536133	18.03079605102539	18.408405303955078	40369	2022/12/13 
2022/12/14 	19.25802230834961	19.35242462158203	19.25802230834961	19.35242462158203	3495	2022/12/14 
2022/12/15 	20.626853942871094	21.240467071533203	19.73003387451172	20.39084815979004	135688	2022/12/15 
2022/12/16 	20.107641220092773	20.768455505371094	20.107641220092773	20.626853942871094	5296	2022/12/16 
2022/12/19 	19.918838500976562	20.013240814208984	19.82443618774414	19.82443618774414	9533	2022/12/19 
2022/12/20 	19.022018432617188	19.82443618774414	18.974817276000977	18.974817276000977	11457	2022/12/20 
2022/12/21 	18.927616119384766	19.446826934814453	18.880414962768555	19.399625778198242	6899	2022/12/21 
2022/12/22 	19.446826934814453	19.446826934814453	19.446826934814453	19.446826934814453	3177	2022/12/22 
2022/12/23 	19.541229248046875	19.541229248046875	19.35242462158203	19.35242462158203	6355	2022/12/23 
2022/12/26 	19.35242462158203	19.35242462158203	19.35242462158203	19.35242462158203	0	2022/12/26 
2022/12/27 	19.022018432617188	19.25802230834961	19.022018432617188	19.25802230834961	7184	2022/12/27 
2022/12/28 	19.918838500976562	22.27889060974121	19.918838500976562	21.71247673034668	79173	2022/12/28 
2022/12/29 	21.240467071533203	21.240467071533203	19.25802230834961	19.399625778198242	73478	2022/12/29 
2022/12/30 	19.966039657592773	21.334869384765625	19.73003387451172	21.240467071533203	64512	2022/12/30 
2023/01/03 	21.14606475830078	24.87494659423828	21.14606475830078	23.222909927368164	119264	2023/01/03 
2023/01/04 	22.562095642089844	23.03410530090332	20.532451629638672	20.86285972595215	336862	2023/01/04 
2023/01/05 	21.05166244506836	21.382070541381836	19.82443618774414	21.334869384765625	151529	2023/01/05 
2023/01/06 	20.532451629638672	21.193265914916992	20.532451629638672	20.768455505371094	1181	2023/01/06 
2023/01/09 	20.296445846557617	20.86285972595215	20.296445846557617	20.86285972595215	2127	2023/01/09 
2023/01/10 	20.107641220092773	20.86285972595215	20.107641220092773	20.296445846557617	7825	2023/01/10 
2023/01/11 	20.768455505371094	20.815656661987305	20.674053192138672	20.768455505371094	14883	2023/01/11 
2023/01/12 	21.240467071533203	21.287668228149414	20.674053192138672	21.09886360168457	9708	2023/01/12 
2023/01/13 	20.202043533325195	20.768455505371094	20.013240814208984	20.768455505371094	50108	2023/01/13 
2023/01/16 	20.86285972595215	20.957260131835938	20.579652786254883	20.957260131835938	24000	2023/01/16 
2023/01/17 	21.523672103881836	21.523672103881836	20.48525047302246	20.532451629638672	20286	2023/01/17 
2023/01/30 	21.14606475830078	21.14606475830078	20.532451629638672	20.579652786254883	46291	2023/01/30 
2023/01/31 	21.05769157409668	21.05769157409668	20.576923370361328	20.721153259277344	46214	2023/01/31 
2023/02/01 	21.153846740722656	21.153846740722656	20.576923370361328	20.769229888916016	23046	2023/02/01 
2023/02/02 	21.153846740722656	21.25	20.817306518554688	21.153846740722656	33156	2023/02/02 
2023/02/03 	20.673076629638672	21.05769157409668	20.673076629638672	20.769229888916016	16386	2023/02/03 
2023/02/06 	21.153846740722656	21.153846740722656	20.673076629638672	20.769229888916016	35360	2023/02/06 
2023/02/07 	21.25	21.923076629638672	20.86538314819336	21.634614944458008	96376	2023/02/07 
2023/02/08 	22.259614944458008	22.259614944458008	21.346153259277344	21.634614944458008	5201	2023/02/08 
2023/02/09 	21.25	21.442306518554688	21.153846740722656	21.442306518554688	14420	2023/02/09 
2023/02/10 	21.153846740722656	22.11538314819336	21.153846740722656	21.826923370361328	60288	2023/02/10 
2023/02/13 	22.11538314819336	23.653846740722656	21.826923370361328	22.884614944458008	174907	2023/02/13 
2023/02/14 	23.173076629638672	23.173076629638672	22.019229888916016	22.836538314819336	69529	2023/02/14 
2023/02/15 	22.403846740722656	22.403846740722656	21.923076629638672	22.163461685180664	43786	2023/02/15 
2023/02/16 	22.019229888916016	22.692306518554688	21.971153259277344	22.692306518554688	26019	2023/02/16 
2023/02/17 	22.692306518554688	27.019229888916016	22.692306518554688	27.019229888916016	495260	2023/02/17 
2023/02/20 	27.11538314819336	27.596153259277344	25.336538314819336	25.817306518554688	305666	2023/02/20 
2023/02/21 	25.961538314819336	26.394229888916016	25.384614944458008	26.394229888916016	101569	2023/02/21 
2023/02/22 	26.298076629638672	26.298076629638672	24.326923370361328	25.769229888916016	69277	2023/02/22 
2023/02/23 	26.153846740722656	28.461538314819336	25.961538314819336	27.93269157409668	306330	2023/02/23 
2023/02/24 	27.30769157409668	27.98076820373535	26.826923370361328	27.019229888916016	74629	2023/02/24 
2023/03/01 	27.211538314819336	27.211538314819336	25.961538314819336	26.586538314819336	65540	2023/03/01 
2023/03/02 	26.923076629638672	26.923076629638672	25.961538314819336	26.49038314819336	15961	2023/03/02 
2023/03/03 	26.538461685180664	26.538461685180664	25.384614944458008	26.10576820373535	12840	2023/03/03 
2023/03/06 	26.442306518554688	26.538461685180664	26.153846740722656	26.442306518554688	13629	2023/03/06 
2023/03/07 	26.538461685180664	26.538461685180664	26.538461685180664	26.538461685180664	5243	2023/03/07 
2023/03/08 	26.634614944458008	26.634614944458008	25.576923370361328	26.201923370361328	102292	2023/03/08 
2023/03/09 	26.538461685180664	26.634614944458008	25.913461685180664	26.442306518554688	40112	2023/03/09 
2023/03/10 	26.346153259277344	26.346153259277344	25.769229888916016	25.769229888916016	38169	2023/03/10 
2023/03/13 	26.346153259277344	27.93269157409668	26.25	27.403846740722656	93222	2023/03/13 
2023/03/14 	27.5	27.5	26.153846740722656	26.153846740722656	86338	2023/03/14 
2023/03/15 	26.73076820373535	27.11538314819336	26.538461685180664	26.538461685180664	75828	2023/03/15 
2023/03/16 	26.923076629638672	26.923076629638672	25.576923370361328	26.05769157409668	27973	2023/03/16 
2023/03/17 	26.538461685180664	26.586538314819336	25.384614944458008	26.538461685180664	58613	2023/03/17 
2023/03/20 	26.634614944458008	27.019229888916016	26.442306518554688	26.923076629638672	41673	2023/03/20 
2023/03/21 	27.019229888916016	27.884614944458008	26.826923370361328	26.875	111769	2023/03/21 
2023/03/22 	27.5	27.5	27.019229888916016	27.211538314819336	71250	2023/03/22 
2023/03/23 	27.596153259277344	27.596153259277344	26.826923370361328	26.826923370361328	25387	2023/03/23 
2023/03/24 	27.403846740722656	27.403846740722656	26.826923370361328	27.019229888916016	28606	2023/03/24 
2023/03/27 	27.403846740722656	27.403846740722656	26.73076820373535	26.73076820373535	37957	2023/03/27 
2023/03/28 	26.73076820373535	26.73076820373535	25.769229888916016	25.86538314819336	58436	2023/03/28 
2023/03/29 	26.442306518554688	26.442306518554688	25.769229888916016	25.86538314819336	20854	2023/03/29 
2023/03/30 	25.961538314819336	25.961538314819336	23.99038314819336	24.759614944458008	282861	2023/03/30 
2023/03/31 	24.326923370361328	25.288461685180664	24.23076820373535	24.519229888916016	59129	2023/03/31 
2023/04/06 	24.61538314819336	24.61538314819336	23.99038314819336	24.134614944458008	42726	2023/04/06 
2023/04/07 	24.519229888916016	24.519229888916016	24.278846740722656	24.423076629638672	8888	2023/04/07 
2023/04/10 	25.0	26.05769157409668	25.0	26.05769157409668	42843	2023/04/10 
2023/04/11 	26.05769157409668	26.201923370361328	25.86538314819336	26.153846740722656	11117	2023/04/11 
2023/04/12 	26.201923370361328	26.298076629638672	25.43269157409668	26.05769157409668	55425	2023/04/12 
2023/04/13 	26.298076629638672	26.346153259277344	25.817306518554688	26.346153259277344	51912	2023/04/13 
2023/04/14 	25.384614944458008	25.673076629638672	25.096153259277344	25.336538314819336	21981	2023/04/14 
2023/04/17 	25.576923370361328	26.153846740722656	25.576923370361328	25.86538314819336	107812	2023/04/17 
2023/04/18 	26.153846740722656	26.153846740722656	25.384614944458008	25.673076629638672	36154	2023/04/18 
2023/04/19 	25.769229888916016	25.961538314819336	24.663461685180664	25.721153259277344	53679	2023/04/19 
2023/04/20 	25.86538314819336	25.86538314819336	24.903846740722656	25.817306518554688	7556	2023/04/20 
2023/04/21 	25.86538314819336	25.86538314819336	25.673076629638672	25.721153259277344	7126	2023/04/21 
2023/04/24 	25.817306518554688	26.009614944458008	25.0	25.48076820373535	43437	2023/04/24 
2023/04/25 	26.05769157409668	26.05769157409668	25.961538314819336	25.961538314819336	6245	2023/04/25 
2023/04/26 	26.05769157409668	26.05769157409668	24.759614944458008	25.913461685180664	2620	2023/04/26 
2023/04/27 	25.961538314819336	25.961538314819336	24.80769157409668	25.769229888916016	12760	2023/04/27 
2023/04/28 	25.86538314819336	25.961538314819336	25.0	25.0	22271	2023/04/28 
2023/05/02 	25.961538314819336	25.961538314819336	24.663461685180664	24.663461685180664	78223	2023/05/02 
2023/05/03 	25.673076629638672	25.673076629638672	24.23076820373535	24.326923370361328	98219	2023/05/03 
2023/05/04 	25.288461685180664	25.288461685180664	23.99038314819336	25.0	106780	2023/05/04 
2023/05/05 	25.096153259277344	25.096153259277344	24.038461685180664	24.134614944458008	89908	2023/05/05 
2023/05/08 	25.0	25.0	24.711538314819336	24.711538314819336	44219	2023/05/08 
2023/05/09 	25.0	25.0	24.711538314819336	24.711538314819336	2137	2023/05/09 
2023/05/10 	25.0	25.0	24.038461685180664	24.375	71263	2023/05/10 
2023/05/11 	25.0	25.096153259277344	24.038461685180664	24.711538314819336	72930	2023/05/11 
2023/05/12 	25.0	25.0	24.519229888916016	24.519229888916016	9498	2023/05/12 
2023/05/15 	25.0	25.0	24.038461685180664	24.375	27175	2023/05/15 
2023/05/16 	25.0	25.0	24.61538314819336	24.951923370361328	10415	2023/05/16 
2023/05/17 	25.0	25.0	23.99038314819336	24.951923370361328	49454	2023/05/17 
2023/05/18 	25.0	25.0	24.61538314819336	24.951923370361328	21847	2023/05/18 
2023/05/19 	25.0	25.0	23.317306518554688	23.317306518554688	115608	2023/05/19 
2023/05/22 	24.134614944458008	24.951923370361328	23.942306518554688	24.519229888916016	22575	2023/05/22 
2023/05/23 	24.903846740722656	24.903846740722656	23.942306518554688	24.375	14731	2023/05/23 
2023/05/24 	24.519229888916016	24.519229888916016	24.038461685180664	24.23076820373535	20300	2023/05/24 
2023/05/25 	24.61538314819336	24.61538314819336	23.75	24.038461685180664	5210	2023/05/25 
2023/05/26 	24.61538314819336	24.61538314819336	23.461538314819336	23.55769157409668	42538	2023/05/26 
2023/05/29 	24.038461685180664	24.038461685180664	23.99038314819336	24.038461685180664	3260	2023/05/29 
2023/05/30 	24.038461685180664	24.038461685180664	23.076923370361328	23.653846740722656	44892	2023/05/30 
2023/05/31 	24.038461685180664	24.038461685180664	22.98076820373535	23.076923370361328	30822	2023/05/31 
2023/06/01 	23.55769157409668	23.55769157409668	23.076923370361328	23.173076629638672	25069	2023/06/01 
2023/06/02 	23.653846740722656	23.653846740722656	23.076923370361328	23.269229888916016	15782	2023/06/02 
2023/06/05 	23.653846740722656	23.653846740722656	23.125	23.125	9529	2023/06/05 
2023/06/06 	24.038461685180664	24.134614944458008	24.038461685180664	24.134614944458008	10638	2023/06/06 
2023/06/07 	23.076923370361328	24.134614944458008	23.076923370361328	24.086538314819336	6966	2023/06/07 
2023/06/08 	24.134614944458008	24.134614944458008	23.461538314819336	23.461538314819336	10167	2023/06/08 
2023/06/09 	23.894229888916016	23.894229888916016	23.461538314819336	23.798076629638672	4898	2023/06/09 
2023/06/12 	23.269229888916016	24.61538314819336	23.269229888916016	23.60576820373535	90188	2023/06/12 
2023/06/13 	23.55769157409668	24.23076820373535	23.55769157409668	23.653846740722656	59269	2023/06/13 
2023/06/14 	24.038461685180664	24.038461685180664	23.55769157409668	24.038461685180664	4191	2023/06/14 
2023/06/15 	23.55769157409668	24.134614944458008	23.55769157409668	23.942306518554688	12599	2023/06/15 
2023/06/16 	24.23076820373535	24.23076820373535	23.55769157409668	24.038461685180664	41606	2023/06/16 
2023/06/19 	23.55769157409668	24.711538314819336	23.461538314819336	24.567306518554688	119304	2023/06/19 
2023/06/20 	25.0	25.096153259277344	24.038461685180664	25.0	31509	2023/06/20 
2023/06/21 	25.096153259277344	25.096153259277344	24.471153259277344	24.903846740722656	60480	2023/06/21 
2023/06/26 	24.903846740722656	24.903846740722656	23.653846740722656	24.038461685180664	152153	2023/06/26 
2023/06/27 	23.846153259277344	24.134614944458008	23.846153259277344	24.134614944458008	5221	2023/06/27 
2023/06/28 	24.038461685180664	24.038461685180664	22.5	23.653846740722656	61270	2023/06/28 
2023/06/29 	24.134614944458008	24.134614944458008	23.55769157409668	23.55769157409668	13553	2023/06/29 
2023/06/30 	24.038461685180664	24.038461685180664	23.076923370361328	23.846153259277344	72864	2023/06/30 
2023/07/03 	23.076923370361328	23.942306518554688	22.93269157409668	23.701923370361328	59540	2023/07/03 
2023/07/04 	23.653846740722656	23.653846740722656	23.173076629638672	23.413461685180664	7917	2023/07/04 
2023/07/05 	23.942306518554688	23.99038314819336	23.461538314819336	23.99038314819336	14347	2023/07/05 
2023/07/06 	23.75	24.134614944458008	23.076923370361328	23.60576820373535	108077	2023/07/06 
2023/07/07 	23.75	23.75	23.076923370361328	23.60576820373535	7285	2023/07/07 
2023/07/10 	23.076923370361328	23.221153259277344	22.98076820373535	23.221153259277344	33440	2023/07/10 
2023/07/11 	23.55769157409668	26.25	23.55769157409668	25.048076629638672	345517	2023/07/11 
2023/07/12 	25.576923370361328	25.576923370361328	23.60576820373535	24.567306518554688	53690	2023/07/12 
2023/07/13 	24.759614944458008	28.317306518554688	24.759614944458008	28.173076629638672	741732	2023/07/13 
2023/07/14 	28.36538314819336	30.576923370361328	26.826923370361328	28.076923370361328	505273	2023/07/14 
2023/07/17 	27.884614944458008	28.269229888916016	26.826923370361328	27.35576820373535	241271	2023/07/17 
2023/07/18 	27.5	28.75	27.019229888916016	27.836538314819336	278421	2023/07/18 
2023/07/19 	26.394229888916016	27.596153259277344	25.48076820373535	26.394229888916016	98791	2023/07/19 
2023/07/20 	25.384614944458008	26.586538314819336	25.24038314819336	26.538461685180664	45541	2023/07/20 
2023/07/21 	26.634614944458008	26.634614944458008	25.384614944458008	26.442306518554688	37129	2023/07/21 
2023/07/24 	26.442306518554688	26.442306518554688	25.625	26.298076629638672	50667	2023/07/24 
2023/07/25 	26.153846740722656	26.153846740722656	25.673076629638672	26.10576820373535	44007	2023/07/25 
2023/07/26 	26.153846740722656	26.442306518554688	25.769229888916016	26.346153259277344	36881	2023/07/26 
2023/07/27 	26.442306518554688	26.442306518554688	25.625	26.153846740722656	127528	2023/07/27 
2023/07/28 	26.25	26.25	25.576923370361328	26.153846740722656	28104	2023/07/28 
2023/07/31 	26.25	26.298076629638672	25.721153259277344	25.86538314819336	44144	2023/07/31 
2023/08/01 	26.346153259277344	26.346153259277344	25.673076629638672	25.769229888916016	8541	2023/08/01 
2023/08/02 	26.153846740722656	26.153846740722656	25.384614944458008	25.961538314819336	72900	2023/08/02 
2023/08/04 	25.48076820373535	26.10576820373535	24.951923370361328	26.05769157409668	48875	2023/08/04 
2023/08/07 	26.05769157409668	26.201923370361328	25.673076629638672	26.153846740722656	15804	2023/08/07 
2023/08/08 	26.153846740722656	26.442306518554688	25.769229888916016	26.442306518554688	76015	2023/08/08 
2023/08/09 	26.25	26.25	25.86538314819336	26.201923370361328	49138	2023/08/09 
2023/08/10 	26.05769157409668	26.442306518554688	25.384614944458008	25.673076629638672	49008	2023/08/10 
2023/08/11 	25.096153259277344	26.05769157409668	24.038461685180664	25.096153259277344	96671	2023/08/11 
2023/08/14 	25.096153259277344	25.096153259277344	24.278846740722656	25.0	23782	2023/08/14 
2023/08/15 	25.096153259277344	25.096153259277344	24.134614944458008	25.096153259277344	18733	2023/08/15 
2023/08/16 	25.0	25.048076629638672	23.99038314819336	24.903846740722656	1160	2023/08/16 
2023/08/17 	24.903846740722656	24.903846740722656	23.942306518554688	24.326923370361328	12603	2023/08/17 
2023/08/18 	24.903846740722656	24.903846740722656	23.076923370361328	24.134614944458008	137687	2023/08/18 
2023/08/21 	23.461538314819336	24.18269157409668	23.028846740722656	24.18269157409668	77294	2023/08/21 
2023/08/22 	24.18269157409668	25.0	24.086538314819336	25.0	35841	2023/08/22 
2023/08/23 	25.192306518554688	25.288461685180664	24.038461685180664	25.24038314819336	27134	2023/08/23 
2023/08/24 	25.288461685180664	25.288461685180664	22.98076820373535	24.086538314819336	166950	2023/08/24 
2023/08/25 	24.23076820373535	24.23076820373535	23.076923370361328	24.18269157409668	19765	2023/08/25 
2023/08/28 	24.23076820373535	24.23076820373535	23.60576820373535	24.086538314819336	4449	2023/08/28 
2023/08/29 	24.134614944458008	24.134614944458008	23.028846740722656	24.134614944458008	3388	2023/08/29 
2023/08/30 	24.134614944458008	24.134614944458008	23.942306518554688	24.134614944458008	9372	2023/08/30 
2023/08/31 	24.134614944458008	24.134614944458008	24.038461685180664	24.134614944458008	7285	2023/08/31 
2023/09/01 	24.134614944458008	24.134614944458008	23.317306518554688	24.086538314819336	12402	2023/09/01 
2023/09/04 	24.134614944458008	24.18269157409668	23.942306518554688	24.18269157409668	16831	2023/09/04 
2023/09/05 	24.134614944458008	24.326923370361328	24.134614944458008	24.326923370361328	5316	2023/09/05 
2023/09/06 	24.326923370361328	24.326923370361328	23.461538314819336	24.326923370361328	6253	2023/09/06 
2023/09/07 	24.326923370361328	24.326923370361328	23.942306518554688	24.038461685180664	4588	2023/09/07 
2023/09/08 	24.038461685180664	24.038461685180664	24.038461685180664	24.038461685180664	0	2023/09/08 
2023/09/11 	24.038461685180664	24.038461685180664	22.98076820373535	23.846153259277344	26523	2023/09/11 
2023/09/12 	22.98076820373535	23.894229888916016	22.98076820373535	23.846153259277344	12618	2023/09/12 
2023/09/13 	23.846153259277344	23.846153259277344	22.98076820373535	23.846153259277344	3135	2023/09/13 
2023/09/14 	23.846153259277344	23.846153259277344	22.98076820373535	22.98076820373535	53669	2023/09/14 
2023/09/15 	23.55769157409668	23.55769157409668	22.98076820373535	23.509614944458008	4386	2023/09/15 
2023/09/18 	23.653846740722656	23.894229888916016	23.173076629638672	23.846153259277344	7290	2023/09/18 
2023/09/19 	23.894229888916016	23.894229888916016	23.461538314819336	23.461538314819336	17901	2023/09/19 
2023/09/20 	23.846153259277344	23.846153259277344	23.173076629638672	23.846153259277344	3143	2023/09/20 
2023/09/21 	23.894229888916016	23.942306518554688	23.798076629638672	23.942306518554688	15612	2023/09/21 
2023/09/22 	23.942306518554688	24.326923370361328	23.846153259277344	23.894229888916016	55471	2023/09/22 
2023/09/25 	24.086538314819336	24.086538314819336	23.509614944458008	24.086538314819336	9508	2023/09/25 
2023/09/26 	24.519229888916016	24.519229888916016	23.846153259277344	24.519229888916016	8748	2023/09/26 
2023/09/27 	24.567306518554688	24.567306518554688	24.038461685180664	24.375	8344	2023/09/27 
2023/09/28 	24.326923370361328	24.326923370361328	24.038461685180664	24.23076820373535	9367	2023/09/28 
2023/10/02 	24.326923370361328	24.326923370361328	23.461538314819336	24.134614944458008	4168	2023/10/02 
2023/10/03 	24.134614944458008	24.134614944458008	24.134614944458008	24.134614944458008	8	2023/10/03 
2023/10/04 	24.134614944458008	24.134614944458008	23.076923370361328	24.134614944458008	1045	2023/10/04 
2023/10/05 	24.134614944458008	24.134614944458008	23.076923370361328	23.60576820373535	7453	2023/10/05 
2023/10/06 	24.038461685180664	24.038461685180664	23.221153259277344	23.846153259277344	19769	2023/10/06 
2023/10/11 	23.846153259277344	24.038461685180664	23.269229888916016	23.846153259277344	55129	2023/10/11 
2023/10/12 	23.942306518554688	23.99038314819336	23.173076629638672	23.99038314819336	16712	2023/10/12 
2023/10/13 	24.038461685180664	24.038461685180664	23.125	24.038461685180664	53044	2023/10/13 
2023/10/16 	24.038461685180664	24.038461685180664	23.028846740722656	23.99038314819336	10376	2023/10/16 
2023/10/17 	24.038461685180664	24.038461685180664	23.413461685180664	23.798076629638672	40810	2023/10/17 
2023/10/18 	24.038461685180664	24.038461685180664	23.076923370361328	23.99038314819336	19764	2023/10/18 
2023/10/19 	24.038461685180664	24.038461685180664	23.461538314819336	24.038461685180664	2119	2023/10/19 
2023/10/20 	24.038461685180664	24.038461685180664	23.55769157409668	23.942306518554688	27358	2023/10/20 
2023/10/23 	24.038461685180664	24.038461685180664	23.461538314819336	24.038461685180664	62613	2023/10/23 
2023/10/24 	24.038461685180664	24.23076820373535	23.125	23.798076629638672	75578	2023/10/24 
2023/10/25 	24.134614944458008	24.134614944458008	23.076923370361328	24.134614944458008	559	2023/10/25 
2023/10/26 	24.038461685180664	24.038461685180664	23.36538314819336	23.653846740722656	26218	2023/10/26 
2023/10/27 	23.846153259277344	23.846153259277344	23.028846740722656	23.798076629638672	4169	2023/10/27 
2023/10/30 	22.98076820373535	23.846153259277344	22.93269157409668	23.653846740722656	8340	2023/10/30 
2023/10/31 	23.653846740722656	23.653846740722656	22.98076820373535	23.653846740722656	3239	2023/10/31 
2023/11/01 	23.653846740722656	23.653846740722656	23.221153259277344	23.60576820373535	4188	2023/11/01 
2023/11/02 	23.60576820373535	23.60576820373535	23.173076629638672	23.36538314819336	29188	2023/11/02 
2023/11/03 	23.173076629638672	23.653846740722656	22.98076820373535	23.125	33608	2023/11/03 
2023/11/06 	23.653846740722656	23.701923370361328	23.076923370361328	23.653846740722656	21660	2023/11/06 
2023/11/07 	23.653846740722656	23.653846740722656	23.076923370361328	23.60576820373535	20814	2023/11/07 
2023/11/08 	23.653846740722656	23.653846740722656	22.98076820373535	23.413461685180664	28736	2023/11/08 
2023/11/09 	23.653846740722656	23.653846740722656	23.076923370361328	23.55769157409668	23938	2023/11/09 
2023/11/10 	23.653846740722656	23.653846740722656	23.076923370361328	23.509614944458008	4167	2023/11/10 
2023/11/13 	22.98076820373535	23.60576820373535	22.98076820373535	23.269229888916016	13544	2023/11/13 
2023/11/14 	23.36538314819336	23.36538314819336	22.98076820373535	23.221153259277344	15822	2023/11/14 
2023/11/15 	23.269229888916016	23.269229888916016	21.923076629638672	23.076923370361328	60563	2023/11/15 
2023/11/16 	23.173076629638672	23.269229888916016	22.11538314819336	22.98076820373535	22134	2023/11/16 
2023/11/17 	22.98076820373535	23.076923370361328	22.019229888916016	23.076923370361328	30778	2023/11/17 
2023/11/20 	23.173076629638672	23.173076629638672	22.019229888916016	22.596153259277344	25293	2023/11/20 
2023/11/21 	22.884614944458008	22.884614944458008	22.067306518554688	22.644229888916016	38605	2023/11/21 
2023/11/22 	22.788461685180664	22.788461685180664	22.019229888916016	22.5	21131	2023/11/22 
2023/11/23 	22.5	22.5	21.923076629638672	22.259614944458008	28029	2023/11/23 
2023/11/24 	22.30769157409668	22.692306518554688	22.11538314819336	22.403846740722656	14718	2023/11/24 
2023/11/27 	22.596153259277344	22.596153259277344	22.259614944458008	22.548076629638672	6656	2023/11/27 
2023/11/28 	22.596153259277344	22.596153259277344	22.211538314819336	22.596153259277344	24141	2023/11/28 
2023/11/29 	22.596153259277344	22.596153259277344	22.019229888916016	22.548076629638672	16502	2023/11/29 
2023/11/30 	22.596153259277344	22.596153259277344	22.403846740722656	22.5	4827	2023/11/30 
2023/12/01 	22.5	22.596153259277344	21.586538314819336	22.259614944458008	66478	2023/12/01 
2023/12/04 	22.30769157409668	22.30769157409668	21.009614944458008	22.211538314819336	124083	2023/12/04 
2023/12/05 	22.259614944458008	22.259614944458008	21.346153259277344	22.163461685180664	11609	2023/12/05 
2023/12/06 	22.211538314819336	22.211538314819336	21.49038314819336	22.163461685180664	5630	2023/12/06 
2023/12/07 	22.211538314819336	22.211538314819336	21.442306518554688	22.163461685180664	9580	2023/12/07 
2023/12/08 	22.019229888916016	22.019229888916016	21.153846740722656	21.442306518554688	7037	2023/12/08 
2023/12/11 	22.11538314819336	22.11538314819336	21.153846740722656	22.019229888916016	33820	2023/12/11 
2023/12/12 	22.11538314819336	22.11538314819336	21.05769157409668	22.11538314819336	60600	2023/12/12 
2023/12/13 	22.11538314819336	22.163461685180664	21.442306518554688	21.923076629638672	8442	2023/12/13 
2023/12/14 	22.11538314819336	23.269229888916016	21.634614944458008	22.98076820373535	101147	2023/12/14 
2023/12/15 	23.076923370361328	24.80769157409668	23.076923370361328	24.471153259277344	191935	2023/12/15 
2023/12/18 	24.519229888916016	24.61538314819336	23.269229888916016	23.942306518554688	53381	2023/12/18 
2023/12/19 	24.134614944458008	24.23076820373535	23.55769157409668	24.038461685180664	28817	2023/12/19 
2023/12/20 	24.134614944458008	24.134614944458008	23.846153259277344	24.038461685180664	9478	2023/12/20 
2023/12/21 	24.038461685180664	24.134614944458008	23.173076629638672	23.99038314819336	18128	2023/12/21 
2023/12/22 	24.038461685180664	24.038461685180664	23.269229888916016	23.99038314819336	56290	2023/12/22 
2023/12/25 	24.038461685180664	24.038461685180664	24.038461685180664	24.038461685180664	2089	2023/12/25 
2023/12/26 	24.038461685180664	24.134614944458008	23.461538314819336	24.134614944458008	8330	2023/12/26 
2023/12/27 	24.134614944458008	24.134614944458008	23.461538314819336	24.134614944458008	15791	2023/12/27 
2023/12/28 	24.134614944458008	24.134614944458008	23.653846740722656	23.942306518554688	20845	2023/12/28 
2023/12/29 	24.038461685180664	24.038461685180664	23.028846740722656	23.99038314819336	13894	2023/12/29 
2024/01/02 	23.942306518554688	24.038461685180664	23.36538314819336	24.038461685180664	17794	2024/01/02 
2024/01/03 	24.038461685180664	24.038461685180664	23.269229888916016	23.55769157409668	39528	2024/01/03 
2024/01/04 	23.75	23.846153259277344	23.269229888916016	23.846153259277344	40881	2024/01/04 
2024/01/05 	23.846153259277344	23.846153259277344	23.846153259277344	23.846153259277344	1047	2024/01/05 
2024/01/08 	23.942306518554688	23.942306518554688	23.509614944458008	23.509614944458008	20283	2024/01/08 
2024/01/09 	23.846153259277344	23.846153259277344	23.173076629638672	23.173076629638672	56285	2024/01/09 
2024/01/10 	23.653846740722656	23.653846740722656	23.55769157409668	23.55769157409668	1043	2024/01/10 
2024/01/11 	23.55769157409668	23.653846740722656	23.461538314819336	23.653846740722656	10408	2024/01/11 
2024/01/12 	23.55769157409668	23.55769157409668	23.173076629638672	23.413461685180664	23510	2024/01/12 
2024/01/15 	23.413461685180664	23.413461685180664	23.413461685180664	23.413461685180664	0	2024/01/15 
2024/01/16 	23.076923370361328	23.653846740722656	23.076923370361328	23.509614944458008	22892	2024/01/16 
2024/01/17 	23.55769157409668	23.55769157409668	22.98076820373535	23.173076629638672	44374	2024/01/17 
2024/01/18 	23.36538314819336	23.36538314819336	23.076923370361328	23.269229888916016	21470	2024/01/18 
2024/01/19 	23.36538314819336	23.36538314819336	23.028846740722656	23.269229888916016	6244	2024/01/19 
2024/01/22 	23.36538314819336	23.461538314819336	23.173076629638672	23.461538314819336	21848	2024/01/22 
2024/01/23 	23.461538314819336	23.461538314819336	22.98076820373535	23.461538314819336	1442	2024/01/23 
2024/01/24 	23.55769157409668	23.55769157409668	23.36538314819336	23.55769157409668	5208	2024/01/24 
2024/01/25 	23.55769157409668	23.55769157409668	22.98076820373535	23.461538314819336	12488	2024/01/25 
2024/01/26 	23.461538314819336	23.461538314819336	23.028846740722656	23.461538314819336	17684	2024/01/26 
2024/01/29 	23.461538314819336	23.55769157409668	23.173076629638672	23.36538314819336	21952	2024/01/29 
2024/01/30 	23.55769157409668	23.55769157409668	22.98076820373535	23.461538314819336	14851	2024/01/30 
2024/01/31 	23.461538314819336	23.461538314819336	22.884614944458008	23.173076629638672	28091	2024/01/31 
2024/02/01 	23.173076629638672	23.221153259277344	23.173076629638672	23.221153259277344	1568	2024/02/01 
2024/02/02 	23.317306518554688	23.317306518554688	23.221153259277344	23.269229888916016	60	2024/02/02 
2024/02/05 	23.317306518554688	23.317306518554688	22.548076629638672	23.317306518554688	2295	2024/02/05 
2024/02/15 	23.461538314819336	23.461538314819336	22.692306518554688	23.173076629638672	61425	2024/02/15 
2024/02/16 	23.173076629638672	23.173076629638672	22.5	23.125	51420	2024/02/16 
2024/02/19 	23.076923370361328	23.125	22.788461685180664	23.125	17711	2024/02/19 
2024/02/20 	23.173076629638672	23.173076629638672	22.5	23.125	11459	2024/02/20 
2024/02/21 	23.173076629638672	23.173076629638672	22.788461685180664	23.173076629638672	16722	2024/02/21 
2024/02/22 	23.173076629638672	23.173076629638672	22.788461685180664	23.125	19776	2024/02/22 
2024/02/23 	23.173076629638672	23.173076629638672	23.028846740722656	23.028846740722656	14	2024/02/23 
2024/02/26 	23.028846740722656	23.076923370361328	22.403846740722656	22.93269157409668	17696	2024/02/26 
2024/02/27 	22.93269157409668	22.93269157409668	22.451923370361328	22.884614944458008	6262	2024/02/27 
2024/02/29 	22.93269157409668	22.98076820373535	22.548076629638672	22.98076820373535	12499	2024/02/29 
2024/03/01 	22.98076820373535	23.076923370361328	22.596153259277344	22.93269157409668	39756	2024/03/01 
2024/03/04 	22.98076820373535	23.028846740722656	22.259614944458008	22.788461685180664	46943	2024/03/04 
2024/03/05 	22.93269157409668	22.98076820373535	22.35576820373535	22.93269157409668	51958	2024/03/05 
2024/03/06 	22.98076820373535	22.98076820373535	22.548076629638672	22.98076820373535	21851	2024/03/06 
2024/03/07 	22.98076820373535	22.98076820373535	22.35576820373535	22.5	34065	2024/03/07 
2024/03/08 	22.884614944458008	22.98076820373535	22.692306518554688	22.93269157409668	18736	2024/03/08 
2024/03/11 	22.98076820373535	22.98076820373535	22.11538314819336	22.93269157409668	23928	2024/03/11 
2024/03/12 	22.98076820373535	22.98076820373535	22.11538314819336	22.788461685180664	18558	2024/03/12 
2024/03/13 	22.836538314819336	22.884614944458008	22.30769157409668	22.884614944458008	6774	2024/03/13 
2024/03/14 	22.884614944458008	22.98076820373535	22.30769157409668	22.93269157409668	44837	2024/03/14 
2024/03/15 	22.98076820373535	23.076923370361328	22.884614944458008	23.076923370361328	25485	2024/03/15 
2024/03/18 	23.076923370361328	23.076923370361328	23.076923370361328	23.076923370361328	0	2024/03/18 
2024/03/19 	23.076923370361328	23.125	22.692306518554688	23.028846740722656	38695	2024/03/19 
2024/03/20 	23.076923370361328	23.076923370361328	22.30769157409668	22.93269157409668	100682	2024/03/20 
2024/03/21 	23.076923370361328	23.076923370361328	22.259614944458008	22.548076629638672	41826	2024/03/21 
2024/03/22 	23.076923370361328	23.076923370361328	22.596153259277344	22.98076820373535	20805	2024/03/22 
2024/03/25 	22.98076820373535	22.98076820373535	22.98076820373535	22.98076820373535	0	2024/03/25 
2024/03/26 	22.98076820373535	22.98076820373535	22.11538314819336	22.98076820373535	3749	2024/03/26 
2024/03/27 	22.98076820373535	23.028846740722656	22.019229888916016	22.692306518554688	60545	2024/03/27 
2024/03/28 	23.076923370361328	24.18269157409668	22.884614944458008	23.461538314819336	134385	2024/03/28 
2024/03/29 	23.461538314819336	23.461538314819336	22.451923370361328	23.413461685180664	6453	2024/03/29 
2024/04/01 	23.75	23.75	22.788461685180664	23.701923370361328	13533	2024/04/01 
2024/04/02 	23.75	23.75	22.836538314819336	22.836538314819336	14886	2024/04/02 
2024/04/03 	23.173076629638672	23.701923370361328	23.076923370361328	23.701923370361328	57205	2024/04/03 
2024/04/08 	23.701923370361328	23.701923370361328	22.884614944458008	23.55769157409668	32043	2024/04/08 
2024/04/09 	23.653846740722656	23.653846740722656	23.028846740722656	23.461538314819336	22898	2024/04/09 
2024/04/10 	23.701923370361328	23.701923370361328	23.076923370361328	23.55769157409668	32248	2024/04/10 
2024/04/11 	23.55769157409668	23.55769157409668	22.98076820373535	23.55769157409668	23621	2024/04/11 
2024/04/12 	23.076923370361328	23.55769157409668	22.93269157409668	23.125	23412	2024/04/12 
2024/04/15 	23.173076629638672	23.173076629638672	22.5	22.5	64491	2024/04/15 
2024/04/16 	22.403846740722656	22.5	22.30769157409668	22.5	63782	2024/04/16 
2024/04/17 	22.98076820373535	23.028846740722656	22.30769157409668	23.028846740722656	10411	2024/04/17 
2024/04/18 	23.076923370361328	23.173076629638672	22.259614944458008	22.30769157409668	29295	2024/04/18 
2024/04/19 	23.173076629638672	23.173076629638672	22.5	22.98076820373535	5256	2024/04/19 
2024/04/22 	22.884614944458008	22.884614944458008	22.067306518554688	22.596153259277344	35902	2024/04/22 
2024/04/23 	22.692306518554688	22.692306518554688	22.019229888916016	22.692306518554688	47953	2024/04/23 
2024/04/24 	22.692306518554688	22.692306518554688	22.019229888916016	22.644229888916016	36507	2024/04/24 
2024/04/25 	22.692306518554688	22.692306518554688	22.019229888916016	22.644229888916016	6919	2024/04/25 
2024/04/26 	22.692306518554688	22.692306518554688	22.019229888916016	22.692306518554688	4169	2024/04/26 
2024/04/29 	22.692306518554688	22.788461685180664	22.211538314819336	22.692306518554688	30375	2024/04/29 
2024/04/30 	22.98076820373535	23.028846740722656	22.019229888916016	22.884614944458008	8389	2024/04/30 
2024/05/02 	22.98076820373535	22.98076820373535	22.11538314819336	22.692306518554688	8321	2024/05/02 
2024/05/03 	22.692306518554688	22.692306518554688	22.019229888916016	22.644229888916016	7865	2024/05/03 
2024/05/06 	22.019229888916016	22.692306518554688	21.923076629638672	22.11538314819336	57561	2024/05/06 
2024/05/07 	22.596153259277344	22.596153259277344	21.923076629638672	22.548076629638672	31483	2024/05/07 
2024/05/08 	22.11538314819336	22.11538314819336	22.019229888916016	22.11538314819336	12482	2024/05/08 
2024/05/09 	21.875	22.11538314819336	21.538461685180664	21.73076820373535	76556	2024/05/09 
2024/05/10 	22.019229888916016	22.019229888916016	21.49038314819336	21.73076820373535	28197	2024/05/10 
2024/05/13 	21.346153259277344	21.73076820373535	20.384614944458008	21.346153259277344	104083	2024/05/13 
2024/05/14 	21.346153259277344	21.346153259277344	20.769229888916016	21.153846740722656	18882	2024/05/14 
2024/05/15 	21.25	21.68269157409668	21.10576820373535	21.298076629638672	10825	2024/05/15 
2024/05/16 	21.538461685180664	21.538461685180664	21.298076629638672	21.394229888916016	10534	2024/05/16 
2024/05/17 	21.442306518554688	21.538461685180664	20.86538314819336	21.394229888916016	21542	2024/05/17 
2024/05/20 	21.346153259277344	21.346153259277344	20.86538314819336	21.05769157409668	64622	2024/05/20 
2024/05/21 	20.769229888916016	20.769229888916016	20.384614944458008	20.721153259277344	57539	2024/05/21 
2024/05/22 	20.384614944458008	20.48076820373535	19.711538314819336	20.48076820373535	46076	2024/05/22 
2024/05/23 	21.153846740722656	21.201923370361328	20.961538314819336	21.201923370361328	9365	2024/05/23 
2024/05/24 	21.25	21.25	20.673076629638672	21.009614944458008	23385	2024/05/24 
2024/05/27 	21.05769157409668	21.25	20.576923370361328	21.153846740722656	85549	2024/05/27 
2024/05/28 	21.25	21.346153259277344	21.153846740722656	21.346153259277344	36411	2024/05/28 
2024/05/29 	21.346153259277344	22.11538314819336	21.153846740722656	22.067306518554688	47698	2024/05/29 
2024/05/30 	22.11538314819336	22.11538314819336	22.019229888916016	22.019229888916016	2142	2024/05/30 
2024/05/31 	22.019229888916016	22.067306518554688	21.10576820373535	21.778846740722656	34327	2024/05/31 
2024/06/03 	22.11538314819336	22.211538314819336	21.201923370361328	22.211538314819336	28101	2024/06/03 
2024/06/04 	22.163461685180664	22.211538314819336	21.346153259277344	21.923076629638672	31321	2024/06/04 
2024/06/05 	22.11538314819336	22.11538314819336	21.298076629638672	21.971153259277344	42656	2024/06/05 
2024/06/06 	22.11538314819336	21.971153259277344	21.346153259277344	21.923076629638672	27098	2024/06/06 
2024/06/07 	21.923076629638672	22.019229888916016	21.634614944458008	22.019229888916016	20812	2024/06/07 
2024/06/11 	22.211538314819336	22.211538314819336	21.538461685180664	22.019229888916016	20763	2024/06/11 
2024/06/12 	22.11538314819336	22.11538314819336	21.153846740722656	21.923076629638672	11778	2024/06/12 
2024/06/13 	22.019229888916016	22.067306518554688	21.201923370361328	21.971153259277344	3148	2024/06/13 
2024/06/14 	21.73076820373535	21.73076820373535	21.009614944458008	21.73076820373535	21081	2024/06/14 
2024/06/17 	21.826923370361328	21.826923370361328	21.153846740722656	21.73076820373535	39529	2024/06/17 
2024/06/18 	21.826923370361328	21.826923370361328	21.538461685180664	21.826923370361328	8330	2024/06/18 
2024/06/19 	21.826923370361328	21.826923370361328	20.913461685180664	21.68269157409668	17691	2024/06/19 
2024/06/20 	21.826923370361328	21.826923370361328	20.913461685180664	21.634614944458008	5997	2024/06/20 
2024/06/21 	21.826923370361328	21.826923370361328	21.153846740722656	21.49038314819336	31972	2024/06/21 
2024/06/24 	21.826923370361328	21.826923370361328	21.153846740722656	21.73076820373535	24971	2024/06/24 
2024/06/25 	21.73076820373535	21.826923370361328	21.49038314819336	21.73076820373535	43687	2024/06/25 
2024/06/26 	21.73076820373535	21.875	21.298076629638672	21.875	76261	2024/06/26 
2024/06/27 	21.68269157409668	21.923076629638672	21.442306518554688	21.923076629638672	42567	2024/06/27 
2024/06/28 	21.923076629638672	25.384614944458008	21.634614944458008	25.384614944458008	784869	2024/06/28 
2024/07/01 	26.923076629638672	29.038461685180664	25.48076820373535	26.826923370361328	1082493	2024/07/01 
2024/07/02 	27.019229888916016	27.019229888916016	24.61538314819336	25.096153259277344	309223	2024/07/02 
2024/07/03 	26.05769157409668	26.201923370361328	25.192306518554688	25.528846740722656	141048	2024/07/03 
2024/07/04 	25.48076820373535	25.625	24.423076629638672	24.711538314819336	101593	2024/07/04 
2024/07/05 	24.903846740722656	24.903846740722656	23.942306518554688	24.23076820373535	98874	2024/07/05 
2024/07/08 	24.519229888916016	24.519229888916016	23.653846740722656	23.846153259277344	69255	2024/07/08 
2024/07/09 	24.519229888916016	24.519229888916016	23.461538314819336	24.038461685180664	46152	2024/07/09 
2024/07/10 	24.519229888916016	24.519229888916016	23.509614944458008	24.134614944458008	10780	2024/07/10 
2024/07/11 	24.134614944458008	24.134614944458008	23.461538314819336	24.134614944458008	87455	2024/07/11 
2024/07/12 	24.23076820373535	24.61538314819336	23.942306518554688	24.423076629638672	61484	2024/07/12 
2024/07/15 	24.61538314819336	24.61538314819336	23.894229888916016	24.278846740722656	91232	2024/07/15 
2024/07/16 	24.519229888916016	28.894229888916016	24.519229888916016	28.173076629638672	1261710	2024/07/16 
2024/07/17 	28.173076629638672	28.942306518554688	25.576923370361328	28.509614944458008	728175	2024/07/17 
2024/07/18 	28.36538314819336	28.55769157409668	26.49038314819336	27.98076820373535	75747	2024/07/18 
2024/07/19 	28.317306518554688	32.30769348144531	27.884614944458008	31.971153259277344	1448947	2024/07/19 
2024/07/22 	31.634614944458008	35.38461685180664	30.769229888916016	32.5	956832	2024/07/22 
2024/07/23 	32.78845977783203	32.78845977783203	29.61538314819336	31.153846740722656	436578	2024/07/23 
2024/07/26 	31.538461685180664	31.826923370361328	30.48076820373535	31.346153259277344	275249	2024/07/26 
2024/07/29 	34.13461685180664	34.75961685180664	32.2115364074707	33.17307662963867	648009	2024/07/29 
2024/07/30 	33.70192337036133	33.94230651855469	32.25961685180664	32.69230651855469	216775	2024/07/30 
2024/07/31 	33.125	33.605770111083984	32.45192337036133	33.125	175557	2024/07/31 
2024/08/01 	33.50961685180664	33.50961685180664	31.73076820373535	32.16345977783203	101449	2024/08/01 
2024/08/02 	32.69230651855469	32.69230651855469	27.403846740722656	29.134614944458008	438954	2024/08/02 
2024/08/05 	31.05769157409668	31.05769157409668	23.942306518554688	24.951923370361328	578397	2024/08/05 
2024/08/06 	26.153846740722656	27.067306518554688	24.278846740722656	27.067306518554688	209223	2024/08/06 
2024/08/07 	27.067306518554688	28.317306518554688	26.923076629638672	28.221153259277344	199109	2024/08/07 
2024/08/08 	27.93269157409668	28.317306518554688	26.153846740722656	26.971153259277344	90408	2024/08/08 
2024/08/09 	27.30769157409668	27.30769157409668	25.86538314819336	26.826923370361328	128894	2024/08/09 
2024/08/12 	26.826923370361328	28.125	26.826923370361328	27.98076820373535	56852	2024/08/12 
2024/08/13 	27.98076820373535	27.98076820373535	26.586538314819336	27.067306518554688	92997	2024/08/13 
2024/08/14 	27.11538314819336	27.30769157409668	27.11538314819336	27.30769157409668	9391	2024/08/14 
2024/08/15 	27.30769157409668	27.451923370361328	26.49038314819336	27.451923370361328	43723	2024/08/15 
2024/08/16 	27.692306518554688	28.413461685180664	26.826923370361328	28.125	103212	2024/08/16 
2024/08/19 	28.125	28.60576820373535	27.211538314819336	27.98076820373535	43859	2024/08/19 
2024/08/20 	28.269229888916016	28.269229888916016	28.028846740722656	28.173076629638672	8016	2024/08/20 
2024/08/21 	28.269229888916016	28.269229888916016	26.826923370361328	27.211538314819336	29812	2024/08/21 
2024/08/22 	27.692306518554688	27.884614944458008	26.634614944458008	27.884614944458008	33298	2024/08/22 
2024/08/23 	27.884614944458008	27.884614944458008	26.634614944458008	27.451923370361328	8374	2024/08/23 
2024/08/26 	27.788461685180664	27.836538314819336	26.826923370361328	27.74038314819336	29576	2024/08/26 
2024/08/27 	27.884614944458008	27.884614944458008	26.49038314819336	27.403846740722656	33349	2024/08/27 
2024/08/28 	27.5	27.596153259277344	26.538461685180664	27.451923370361328	60707	2024/08/28 
2024/08/29 	27.11538314819336	27.11538314819336	26.25	26.923076629638672	19841	2024/08/29 
2024/08/30 	26.826923370361328	26.826923370361328	26.10576820373535	26.538461685180664	76564	2024/08/30 
2024/09/02 	27.403846740722656	27.403846740722656	26.05769157409668	26.25	54784	2024/09/02 
2024/09/03 	26.73076820373535	26.73076820373535	25.384614944458008	26.009614944458008	71365	2024/09/03 
2024/09/04 	26.05769157409668	26.05769157409668	24.903846740722656	25.86538314819336	72157	2024/09/04 
2024/09/05 	25.961538314819336	25.961538314819336	25.288461685180664	25.913461685180664	45414	2024/09/05 
2024/09/06 	26.399999618530273	27.149999618530273	25.649999618530273	27.100000381469727	75843	2024/09/06 
2024/09/09 	27.0	27.0	25.75	26.0	26104	2024/09/09 
2024/09/10 	26.5	26.549999237060547	25.899999618530273	26.549999237060547	28577	2024/09/10 
2024/09/11 	26.600000381469727	27.149999618530273	26.399999618530273	27.100000381469727	70971	2024/09/11 
2024/09/12 	27.200000762939453	27.200000762939453	26.049999237060547	27.0	19008	2024/09/12 
2024/09/13 	27.200000762939453	27.200000762939453	26.200000762939453	27.049999237060547	20009	2024/09/13 
2024/09/16 	27.100000381469727	27.100000381469727	25.899999618530273	27.049999237060547	29507	2024/09/16 
2024/09/18 	27.100000381469727	27.100000381469727	25.899999618530273	27.100000381469727	2011	2024/09/18 
2024/09/19 	27.100000381469727	27.100000381469727	26.100000381469727	27.100000381469727	6032	2024/09/19 
2024/09/20 	26.100000381469727	27.200000762939453	25.899999618530273	27.049999237060547	38649	2024/09/20 
2024/09/23 	27.100000381469727	27.100000381469727	25.899999618530273	27.049999237060547	54111	2024/09/23 
2024/09/24 	27.100000381469727	27.100000381469727	27.100000381469727	27.100000381469727	22	2024/09/24 
2024/09/25 	27.100000381469727	27.149999618530273	25.899999618530273	27.100000381469727	50487	2024/09/25 
2024/09/26 	27.0	27.0	25.899999618530273	27.0	27030	2024/09/26 
2024/09/27 	27.0	27.0	25.899999618530273	26.850000381469727	40070	2024/09/27 
2024/09/30 	26.899999618530273	26.899999618530273	26.5	26.850000381469727	6020	2024/09/30 
2024/10/01 	26.899999618530273	27.25	26.399999618530273	27.200000762939453	114147	2024/10/01 
2024/10/04 	27.200000762939453	27.200000762939453	26.799999237060547	27.200000762939453	3010	2024/10/04 
2024/10/07 	27.299999237060547	27.299999237060547	26.100000381469727	27.049999237060547	17150	2024/10/07 
2024/10/08 	27.100000381469727	27.100000381469727	25.950000762939453	27.0	7081	2024/10/08 
2024/10/09 	27.0	27.0	25.950000762939453	26.850000381469727	28033	2024/10/09 
2024/10/11 	27.100000381469727	27.100000381469727	25.950000762939453	26.549999237060547	23168	2024/10/11 
2024/10/14 	26.0	27.149999618530273	25.899999618530273	27.100000381469727	31329	2024/10/14 
2024/10/15 	27.0	27.100000381469727	25.950000762939453	27.0	20029	2024/10/15 
2024/10/16 	27.100000381469727	27.100000381469727	25.950000762939453	27.0	16112	2024/10/16 
2024/10/17 	27.100000381469727	27.25	26.850000381469727	27.200000762939453	112842	2024/10/17 
2024/10/18 	27.200000762939453	29.700000762939453	26.950000762939453	29.399999618530273	314083	2024/10/18 
2024/10/21 	29.700000762939453	31.100000381469727	29.0	29.899999618530273	230483	2024/10/21 
2024/10/22 	29.5	30.200000762939453	28.950000762939453	29.549999237060547	135175	2024/10/22 
2024/10/23 	29.600000381469727	29.799999237060547	28.899999618530273	29.399999618530273	71152	2024/10/23 
2024/10/24 	29.600000381469727	29.600000381469727	28.549999237060547	29.149999618530273	92726	2024/10/24 
2024/10/25 	29.200000762939453	29.299999237060547	28.5	29.100000381469727	17193	2024/10/25 
2024/10/28 	29.299999237060547	29.299999237060547	28.649999618530273	29.25	109007	2024/10/28 
2024/10/29 	29.299999237060547	29.299999237060547	27.799999237060547	28.950000762939453	50406	2024/10/29 
2024/10/30 	28.899999618530273	28.899999618530273	27.899999618530273	28.5	32040	2024/10/30 
2024/11/01 	27.850000381469727	28.549999237060547	27.799999237060547	28.399999618530273	36027	2024/11/01 
2024/11/04 	28.0	28.600000381469727	27.899999618530273	28.200000762939453	50830	2024/11/04 
2024/11/05 	28.299999237060547	29.0	27.950000762939453	28.950000762939453	33311	2024/11/05 
2024/11/06 	29.0	29.0	28.0	28.600000381469727	12072	2024/11/06 
2024/11/07 	29.0	29.0	27.799999237060547	28.200000762939453	38757	2024/11/07 
2024/11/08 	28.600000381469727	28.600000381469727	27.899999618530273	28.200000762939453	49779	2024/11/08 
2024/11/11 	28.700000762939453	28.700000762939453	27.0	27.25	109876	2024/11/11 
2024/11/12 	27.75	27.75	25.799999237060547	26.0	240508	2024/11/12 
2024/11/13 	26.200000762939453	27.0	25.75	26.75	153056	2024/11/13 
2024/11/14 	26.549999237060547	26.549999237060547	25.0	25.75	163251	2024/11/14 
2024/11/15 	25.799999237060547	26.100000381469727	25.799999237060547	26.100000381469727	3005	2024/11/15 
2024/11/18 	25.399999618530273	26.25	25.399999618530273	26.25	13002	2024/11/18 
2024/11/19 	26.299999237060547	28.100000381469727	26.0	28.100000381469727	46177	2024/11/19 
2024/11/20 	27.950000762939453	28.100000381469727	26.700000762939453	27.950000762939453	12315	2024/11/20 
2024/11/21 	28.0	28.0	26.399999618530273	26.75	36527	2024/11/21 
2024/11/22 	26.75	26.75	26.0	26.700000762939453	1093	2024/11/22 
2024/11/25 	26.799999237060547	26.799999237060547	25.549999237060547	26.700000762939453	39078	2024/11/25 
2024/11/26 	26.700000762939453	26.700000762939453	25.5	26.549999237060547	43210	2024/11/26 
2024/11/27 	26.600000381469727	26.600000381469727	25.450000762939453	26.600000381469727	24006	2024/11/27 
2024/11/28 	26.649999618530273	26.649999618530273	24.899999618530273	25.700000762939453	110078	2024/11/28 
2024/11/29 	25.75	25.75	25.0	25.700000762939453	13205	2024/11/29 
2024/12/02 	25.700000762939453	28.100000381469727	25.700000762939453	27.149999618530273	163308	2024/12/02 
2024/12/03 	27.450000762939453	28.100000381469727	27.25	27.299999237060547	111425	2024/12/03 
2024/12/04 	27.799999237060547	28.0	26.850000381469727	26.850000381469727	87302	2024/12/04 
2024/12/05 	27.5	27.600000381469727	26.600000381469727	26.600000381469727	18826	2024/12/05 
2024/12/06 	27.700000762939453	27.700000762939453	27.700000762939453	27.700000762939453	6	2024/12/06 
2024/12/09 	27.5	27.649999618530273	26.350000381469727	26.549999237060547	20381	2024/12/09 
2024/12/10 	27.649999618530273	27.649999618530273	26.549999237060547	27.5	16202	2024/12/10 
2024/12/11 	27.350000381469727	28.049999237060547	27.200000762939453	27.850000381469727	64974	2024/12/11 
2024/12/12 	27.899999618530273	27.950000762939453	27.700000762939453	27.950000762939453	5109	2024/12/12 
2024/12/13 	27.950000762939453	29.350000381469727	27.75	28.0	276058	2024/12/13 
2024/12/16 	28.350000381469727	31.100000381469727	28.350000381469727	28.950000762939453	377929	2024/12/16 
2024/12/17 	28.799999237060547	29.350000381469727	28.25	28.700000762939453	80893	2024/12/17 
2024/12/18 	28.950000762939453	29.0	27.899999618530273	28.799999237060547	19406	2024/12/18 
2024/12/19 	29.0	29.0	27.899999618530273	28.899999618530273	38108	2024/12/19 
2024/12/20 	28.950000762939453	28.950000762939453	27.600000381469727	28.649999618530273	70960	2024/12/20 
2024/12/23 	28.700000762939453	28.700000762939453	27.649999618530273	28.549999237060547	9048	2024/12/23 
2024/12/24 	28.700000762939453	28.700000762939453	27.5	28.399999618530273	37575	2024/12/24 
2024/12/25 	28.200000762939453	28.200000762939453	27.75	27.75	11127	2024/12/25 
2024/12/26 	28.399999618530273	28.399999618530273	28.100000381469727	28.100000381469727	207	2024/12/26 
2024/12/27 	28.200000762939453	28.200000762939453	26.850000381469727	27.600000381469727	32727	2024/12/27 
2024/12/30 	28.0	28.100000381469727	26.899999618530273	28.100000381469727	23259	2024/12/30 
2024/12/31 	28.100000381469727	28.100000381469727	26.5	27.0	101157	2024/12/31 
2025/01/02 	27.0	27.700000762939453	27.0	27.700000762939453	2170	2025/01/02 
2025/01/03 	27.700000762939453	27.700000762939453	26.899999618530273	27.700000762939453	13007	2025/01/03 
2025/01/06 	27.700000762939453	27.700000762939453	26.700000762939453	27.600000381469727	53377	2025/01/06 
2025/01/07 	27.700000762939453	27.700000762939453	26.450000762939453	27.649999618530273	2007	2025/01/07 
2025/01/08 	27.700000762939453	27.700000762939453	26.399999618530273	27.549999237060547	27110	2025/01/08 
2025/01/09 	27.5	27.5	25.299999237060547	25.5	165947	2025/01/09 
2025/01/10 	26.149999618530273	26.149999618530273	26.149999618530273	26.149999618530273	128	2025/01/10 
2025/01/13 	26.200000762939453	26.200000762939453	25.5	26.100000381469727	2153	2025/01/13 
2025/01/14 	26.200000762939453	26.200000762939453	25.600000381469727	25.600000381469727	3156	2025/01/14 
2025/01/15 	25.600000381469727	25.950000762939453	24.950000762939453	25.799999237060547	61325	2025/01/15 
2025/01/16 	25.799999237060547	26.200000762939453	25.0	26.0	42338	2025/01/16 
2025/01/17 	26.100000381469727	26.200000762939453	25.850000381469727	26.049999237060547	41005	2025/01/17 
2025/01/20 	26.049999237060547	26.049999237060547	24.950000762939453	25.850000381469727	68783	2025/01/20 
2025/01/21 	25.950000762939453	25.950000762939453	25.450000762939453	25.549999237060547	6179	2025/01/21 
2025/01/22 	26.049999237060547	26.149999618530273	25.149999618530273	26.100000381469727	77161	2025/01/22 
2025/02/03 	26.049999237060547	26.100000381469727	26.049999237060547	26.049999237060547	7007	2025/02/03 
2025/02/04 	26.0	26.0	24.899999618530273	25.850000381469727	24110	2025/02/04 
2025/02/05 	25.899999618530273	25.899999618530273	25.899999618530273	25.899999618530273	1106	2025/02/05 
2025/02/06 	25.899999618530273	26.0	25.200000762939453	26.0	28088	2025/02/06 
2025/02/07 	25.0	26.100000381469727	25.0	26.0	50205	2025/02/07 
2025/02/10 	26.0	26.049999237060547	24.899999618530273	25.649999618530273	38909	2025/02/10 
2025/02/11 	25.600000381469727	25.600000381469727	24.700000762939453	25.549999237060547	52168	2025/02/11 
2025/02/12 	25.600000381469727	25.700000762939453	24.700000762939453	25.200000762939453	53133	2025/02/12 
2025/02/13 	25.600000381469727	25.600000381469727	25.0	25.549999237060547	24710	2025/02/13 
2025/02/14 	25.600000381469727	25.649999618530273	24.450000762939453	25.5	76278	2025/02/14 
2025/02/17 	25.450000762939453	25.450000762939453	24.75	25.450000762939453	4172	2025/02/17 
2025/02/18 	25.5	25.600000381469727	25.5	25.600000381469727	8033	2025/02/18 
2025/02/19 	25.600000381469727	25.700000762939453	24.549999237060547	25.100000381469727	83540	2025/02/19 
2025/02/20 	25.100000381469727	25.600000381469727	24.799999237060547	25.600000381469727	4115	2025/02/20 
2025/02/21 	25.600000381469727	25.600000381469727	25.600000381469727	25.600000381469727	2110	2025/02/21 
2025/02/24 	25.600000381469727	25.600000381469727	25.600000381469727	25.600000381469727	3007	2025/02/24 
2025/02/25 	25.600000381469727	25.649999618530273	24.899999618530273	25.600000381469727	8008	2025/02/25 
2025/02/26 	25.649999618530273	25.649999618530273	24.5	25.649999618530273	3011	2025/02/26 
2025/02/27 	25.649999618530273	25.649999618530273	24.700000762939453	25.399999618530273	13350	2025/02/27 
2025/03/03 	25.5	25.5	24.5	25.399999618530273	12267	2025/03/03 
2025/03/04 	25.549999237060547	25.549999237060547	25.200000762939453	25.549999237060547	4116	2025/03/04 
2025/03/05 	25.549999237060547	25.600000381469727	24.399999618530273	25.549999237060547	11422	2025/03/05 
2025/03/06 	25.600000381469727	25.600000381469727	24.450000762939453	25.149999618530273	20008	2025/03/06 
2025/03/07 	25.549999237060547	25.549999237060547	24.450000762939453	25.200000762939453	4010	2025/03/07 
2025/03/10 	25.200000762939453	25.600000381469727	24.649999618530273	25.450000762939453	26529	2025/03/10 
2025/03/11 	25.0	25.100000381469727	24.350000381469727	25.100000381469727	19191	2025/03/11 
2025/03/12 	25.200000762939453	25.200000762939453	24.399999618530273	25.100000381469727	26357	2025/03/12 
2025/03/13 	25.100000381469727	25.100000381469727	24.399999618530273	24.899999618530273	1111	2025/03/13 
2025/03/14 	25.100000381469727	25.100000381469727	24.0	25.0	26098	2025/03/14 
2025/03/17 	25.049999237060547	25.049999237060547	24.0	25.0	35211	2025/03/17 
2025/03/18 	25.0	25.0	24.5	24.899999618530273	18107	2025/03/18 
2025/03/19 	25.0	25.0	24.799999237060547	25.0	8206	2025/03/19 
2025/03/20 	25.0	25.149999618530273	24.100000381469727	24.149999618530273	68577	2025/03/20 
2025/03/21 	25.0	25.0	24.0	24.549999237060547	32161	2025/03/21 
2025/03/24 	24.600000381469727	24.600000381469727	23.75	24.049999237060547	32710	2025/03/24 
2025/03/25 	24.049999237060547	24.149999618530273	23.100000381469727	24.149999618530273	46160	2025/03/25 
2025/03/26 	24.200000762939453	24.200000762939453	23.100000381469727	24.049999237060547	3210	2025/03/26 
2025/03/27 	24.100000381469727	24.100000381469727	23.0	24.049999237060547	38276	2025/03/27 
2025/03/28 	24.100000381469727	24.100000381469727	24.0	24.049999237060547	9809	2025/03/28 
2025/03/31 	24.0	24.0	22.700000762939453	22.899999618530273	66893	2025/03/31 
2025/04/01 	22.950000762939453	23.100000381469727	22.600000381469727	23.100000381469727	8107	2025/04/01 
2025/04/02 	22.799999237060547	23.100000381469727	22.299999237060547	22.700000762939453	41158	2025/04/02 
2025/04/07 	21.899999618530273	22.5	17.100000381469727	18.549999237060547	264605	2025/04/07 
2025/04/08 	18.549999237060547	19.700000762939453	18.399999618530273	19.700000762939453	116206	2025/04/08 
2025/04/09 	19.850000381469727	20.649999618530273	19.649999618530273	20.100000381469727	153288	2025/04/09 
2025/04/10 	20.0	21.5	20.0	21.5	91468	2025/04/10 
2025/04/11 	21.100000381469727	21.600000381469727	20.700000762939453	21.049999237060547	19518	2025/04/11 
2025/04/14 	21.100000381469727	21.149999618530273	20.100000381469727	20.850000381469727	39184	2025/04/14 
2025/04/15 	20.899999618530273	21.049999237060547	20.450000762939453	20.899999618530273	15015	2025/04/15 
2025/04/16 	21.100000381469727	21.100000381469727	20.100000381469727	21.049999237060547	20005	2025/04/16 
2025/04/17 	21.100000381469727	21.100000381469727	20.399999618530273	21.049999237060547	10006	2025/04/17 
2025/04/18 	21.100000381469727	25.200000762939453	20.850000381469727	24.950000762939453	335952	2025/04/18 
2025/04/21 	25.0	25.100000381469727	22.850000381469727	24.200000762939453	42216	2025/04/21 
2025/04/22 	23.049999237060547	23.799999237060547	23.0	23.25	21010	2025/04/22 
2025/04/23 	23.600000381469727	23.899999618530273	22.899999618530273	23.649999618530273	2203	2025/04/23 
2025/04/24 	23.700000762939453	23.700000762939453	22.899999618530273	23.649999618530273	8003	2025/04/24 
2025/04/25 	23.700000762939453	23.75	23.0	23.549999237060547	20313	2025/04/25 
2025/04/28 	23.600000381469727	23.649999618530273	23.0	23.200000762939453	57450	2025/04/28 
2025/04/29 	23.200000762939453	23.299999237060547	22.899999618530273	23.149999618530273	67015	2025/04/29 
2025/04/30 	23.299999237060547	23.299999237060547	23.200000762939453	23.200000762939453	6	2025/04/30 
2025/05/02 	23.100000381469727	23.25	22.899999618530273	23.049999237060547	29006	2025/05/02 
2025/05/05 	23.299999237060547	23.299999237060547	22.5	23.100000381469727	23090	2025/05/05 
2025/05/06 	23.100000381469727	23.100000381469727	22.399999618530273	23.100000381469727	1017	2025/05/06 
2025/05/07 	23.100000381469727	24.0	22.700000762939453	23.049999237060547	28675	2025/05/07 
2025/05/08 	23.100000381469727	23.100000381469727	23.100000381469727	23.100000381469727	10	2025/05/08 
2025/05/09 	23.100000381469727	23.200000762939453	22.899999618530273	23.049999237060547	30512	2025/05/09 
2025/05/12 	23.100000381469727	23.100000381469727	22.5	22.850000381469727	8005	2025/05/12 
2025/05/13 	23.549999237060547	24.100000381469727	22.899999618530273	23.100000381469727	45108	2025/05/13 
2025/05/14 	22.600000381469727	23.100000381469727	22.450000762939453	23.100000381469727	27012	2025/05/14 
2025/05/15 	23.100000381469727	23.100000381469727	22.450000762939453	23.100000381469727	6050	2025/05/15 
2025/05/16 	23.100000381469727	23.100000381469727	22.899999618530273	23.0	4004	2025/05/16 
2025/05/19 	23.100000381469727	23.100000381469727	22.5	23.0	18895	2025/05/19 
2025/05/20 	23.100000381469727	23.149999618530273	22.700000762939453	22.899999618530273	55508	2025/05/20 
2025/05/21 	22.899999618530273	22.899999618530273	22.100000381469727	22.899999618530273	8584	2025/05/21 
2025/05/22 	22.899999618530273	22.950000762939453	21.850000381469727	22.75	17546	2025/05/22 
2025/05/23 	21.799999237060547	22.799999237060547	21.799999237060547	22.799999237060547	5004	2025/05/23 
2025/05/26 	22.799999237060547	22.899999618530273	22.600000381469727	22.850000381469727	21422	2025/05/26 
2025/05/27 	22.899999618530273	22.899999618530273	21.850000381469727	22.600000381469727	10008	2025/05/27 
2025/05/28 	22.899999618530273	22.899999618530273	21.899999618530273	22.75	7015	2025/05/28 
2025/05/29 	22.799999237060547	22.850000381469727	21.75	22.200000762939453	26577	2025/05/29 
2025/06/02 	22.600000381469727	22.600000381469727	22.600000381469727	22.600000381469727	4	2025/06/02 
2025/06/03 	22.600000381469727	22.600000381469727	22.600000381469727	22.600000381469727	11	2025/06/03 
2025/06/04 	22.600000381469727	22.600000381469727	22.600000381469727	22.600000381469727	1	2025/06/04 
2025/06/05 	22.5	22.5	21.5	22.399999618530273	29880	2025/06/05 
2025/06/06 	22.5	22.5	20.649999618530273	21.600000381469727	87022	2025/06/06 
2025/06/09 	21.450000762939453	21.549999237060547	21.350000381469727	21.549999237060547	7003	2025/06/09 
2025/06/10 	21.600000381469727	23.149999618530273	21.5	22.549999237060547	78775	2025/06/10 
2025/06/11 	22.600000381469727	22.600000381469727	21.5	22.100000381469727	44306	2025/06/11 
2025/06/12 	22.200000762939453	22.299999237060547	21.600000381469727	22.25	52439	2025/06/12 
2025/06/13 	22.299999237060547	22.299999237060547	22.0	22.100000381469727	4002	2025/06/13 
2025/06/16 	22.299999237060547	22.299999237060547	19.950000762939453	20.950000762939453	60750	2025/06/16 
2025/06/17 	21.149999618530273	21.149999618530273	20.700000762939453	21.100000381469727	23699	2025/06/17 
2025/06/18 	21.200000762939453	22.700000762939453	21.200000762939453	21.850000381469727	76497	2025/06/18 
2025/06/19 	21.899999618530273	21.899999618530273	20.899999618530273	21.850000381469727	3503	2025/06/19 
2025/06/20 	21.850000381469727	21.950000762939453	20.899999618530273	21.850000381469727	65009	2025/06/20 
2025/06/23 	21.850000381469727	21.850000381469727	20.399999618530273	21.5	55584	2025/06/23 
2025/06/24 	21.600000381469727	21.600000381469727	21.200000762939453	21.600000381469727	19022	2025/06/24 
2025/06/25 	21.600000381469727	21.600000381469727	20.899999618530273	21.600000381469727	1066	2025/06/25 
2025/06/26 	21.700000762939453	22.100000381469727	20.899999618530273	22.100000381469727	52195	2025/06/26 
2025/06/27 	21.25	22.100000381469727	20.850000381469727	21.399999618530273	54524	2025/06/27 
2025/06/30 	21.388580322265625	21.388580322265625	20.358396530151367	20.554622650146484	25900	2025/06/30 
2025/07/01 	20.603679656982422	20.701791763305664	20.603679656982422	20.701791763305664	2153	2025/07/01 
2025/07/02 	20.701791763305664	20.701791763305664	19.72066307067871	20.701791763305664	4815	2025/07/02 
2025/07/03 	20.701791763305664	20.701791763305664	19.76972007751465	20.701791763305664	13728	2025/07/03 
2025/07/04 	19.76972007751465	20.701791763305664	19.76972007751465	20.211227416992188	16321	2025/07/04 
2025/07/07 	21.0	21.700000762939453	20.399999618530273	21.0	67013	2025/07/07 
2025/07/08 	21.049999237060547	21.049999237060547	19.950000762939453	20.299999237060547	30030	2025/07/08 
2025/07/09 	20.5	20.5	19.649999618530273	20.450000762939453	11111	2025/07/09 
2025/07/10 	20.5	21.350000381469727	20.200000762939453	21.350000381469727	97077	2025/07/10 
2025/07/11 	21.399999618530273	21.399999618530273	20.5	21.399999618530273	5600	2025/07/11 
2025/07/14 	21.399999618530273	21.450000762939453	20.5	21.399999618530273	17476	2025/07/14 
2025/07/15 	21.450000762939453	21.450000762939453	20.299999237060547	21.149999618530273	46166	2025/07/15 
2025/07/16 	21.200000762939453	21.200000762939453	19.950000762939453	20.899999618530273	97321	2025/07/16 
2025/07/17 	21.0	21.0	19.149999618530273	20.5	104894	2025/07/17 
2025/07/18 	20.600000381469727	20.600000381469727	19.600000381469727	20.100000381469727	54726	2025/07/18 
2025/07/21 	19.5	19.700000762939453	18.399999618530273	18.950000762939453	153900	2025/07/21 
2025/07/22 	19.049999237060547	19.049999237060547	18.100000381469727	18.950000762939453	260850	2025/07/22 
2025/07/23 	19.0	19.0	18.25	18.25	59157	2025/07/23 
2025/07/24 	19.0	19.100000381469727	18.399999618530273	19.100000381469727	59099	2025/07/24 
2025/07/25 	19.0	19.0	18.25	18.75	48120	2025/07/25 
2025/07/28 	18.799999237060547	18.899999618530273	18.5	18.600000381469727	50298	2025/07/28 
2025/07/29 	19.0	19.5	18.649999618530273	19.5	102607	2025/07/29 
2025/07/30 	19.600000381469727	20.600000381469727	18.899999618530273	20.299999237060547	318541	2025/07/30 
2025/07/31 	20.350000381469727	20.399999618530273	19.75	20.399999618530273	9961	2025/07/31 
2025/08/04 	20.399999618530273	21.100000381469727	19.700000762939453	20.049999237060547	46914	2025/08/04 
2025/08/05 	20.200000762939453	20.200000762939453	19.299999237060547	20.049999237060547	48641	2025/08/05 
2025/08/06 	20.100000381469727	20.100000381469727	19.399999618530273	20.0	24626	2025/08/06 
2025/08/07 	20.100000381469727	20.100000381469727	19.200000762939453	19.899999618530273	55180	2025/08/07 
