Date	Open	High	Low	Close	Volume	Date
2024/03/28 	17.317147126710314	31.892414093017578	17.317147126710314	31.892414093017578	146864	2024/03/28 
2024/03/29 	30.64173109649042	30.737937839405394	24.628832601692103	27.80364227294922	177113	2024/03/29 
2024/04/01 	27.996054655317362	27.996054655317362	26.26433885607626	26.93778419494629	33462	2024/04/01 
2024/04/02 	26.93778419494629	27.178300125258307	26.841577455823295	26.93778419494629	8164	2024/04/02 
2024/04/03 	27.178300263181164	27.85174560546875	26.841577592037368	27.85174560546875	9171	2024/04/03 
2024/04/08 	27.85174585085569	27.899848303589636	25.59089570753213	26.552959442138672	25507	2024/04/08 
2024/04/09 	26.55296008748121	27.515023845469727	26.216237405187034	26.88968276977539	17668	2024/04/09 
2024/04/10 	26.93778350747211	26.93778350747211	24.628831002401245	25.59089469909668	43221	2024/04/10 
2024/04/11 	26.120029896505788	26.120029896505788	24.917450234281844	25.63899803161621	9768	2024/04/11 
2024/04/12 	25.73520410516555	26.55295862129983	25.25417225273255	25.302274703979492	14201	2024/04/12 
2024/04/15 	26.504854335061996	26.504854335061996	25.206069801485608	25.302274703979492	12455	2024/04/15 
2024/04/16 	26.071927814828804	28.2846736907959	25.975721073484372	28.2846736907959	59351	2024/04/16 
2024/04/17 	28.332778102156283	31.84430857907318	27.947951135105303	31.218969345092773	92150	2024/04/17 
2024/04/18 	30.882243978433873	34.87480988887741	27.899847911101926	27.94795036315918	158706	2024/04/18 
2024/04/19 	28.765704602978154	32.22913433090994	27.130197394642938	30.35310935974121	70276	2024/04/19 
2024/04/22 	29.82397653419965	32.66206535774086	27.80364227294922	27.80364227294922	103713	2024/04/22 
2024/04/23 	27.70743428746395	27.70743428746395	25.0617590684009	26.023822784423828	51441	2024/04/23 
2024/04/24 	27.322609676866836	27.659332350743643	26.40865023061944	27.563125610351562	3478	2024/04/24 
2024/04/25 	27.56312509622712	27.56312509622712	27.130197525024414	27.130197525024414	7189	2024/04/25 
2024/04/26 	26.79347515219162	27.611229686780987	26.745370864868164	26.745370864868164	10110	2024/04/26 
2024/04/29 	28.09226137293929	31.315173368660897	28.09226137293929	31.170866012573242	82721	2024/04/29 
2024/04/30 	31.170866891706886	31.218969345092773	29.82397617701041	31.218969345092773	6630	2024/04/30 
2024/05/02 	31.218968318459634	31.267070770263672	29.920181934850497	31.267070770263672	3465	2024/05/02 
2024/05/03 	31.267070624043626	31.459484100341797	29.92018179492916	31.459484100341797	9363	2024/05/03 
2024/05/06 	31.74810403393161	31.74810403393161	29.246737894563044	29.823976516723633	20802	2024/05/06 
2024/05/07 	29.294841108878455	30.786039146017295	28.284673098405204	28.958118438720703	51356	2024/05/07 
2024/05/08 	29.00622045360677	29.439149856567383	27.996054293353204	29.439149856567383	4218	2024/05/08 
2024/05/09 	29.391046901932214	31.02655601501465	29.391046901932214	31.02655601501465	11811	2024/05/09 
2024/05/10 	31.026555848692055	37.47238368923842	29.58346022782266	36.1735954284668	275767	2024/05/10 
2024/05/13 	36.1735935612458	42.18649167115912	35.64445926156978	38.29013442993164	164140	2024/05/13 
2024/05/14 	38.29013569061865	38.29013569061865	30.978452816222603	31.892414093017578	170257	2024/05/14 
2024/05/15 	33.38361047720534	33.38361047720534	31.07465617394748	32.61396026611328	28944	2024/05/15 
2024/05/16 	31.12276034230426	31.74810323770639	29.102427967897523	30.593626022338867	107690	2024/05/16 
2024/05/17 	30.545522983257587	31.267070770263672	30.3531095060596	31.267070770263672	7212	2024/05/17 
2024/05/20 	31.748103672301408	31.84430857907318	30.256905597447275	31.218969345092773	10303	2024/05/20 
2024/05/21 	31.411381644237785	31.411381644237785	29.246736458663378	30.35310935974121	39634	2024/05/21 
2024/05/22 	30.35310935974121	30.4974203844395	29.05432481738383	30.35310935974121	6739	2024/05/22 
2024/05/23 	29.054324747636464	30.449316024780273	29.054324747636464	30.449316024780273	8915	2024/05/23 
2024/05/24 	30.497422477679095	32.181034088134766	30.497422477679095	32.181034088134766	12584	2024/05/24 
2024/05/27 	32.18103411772476	36.02928923087613	31.267072794354895	34.00895309448242	97005	2024/05/27 
2024/05/28 	34.008950421392164	34.008950421392164	30.208799896840155	31.74810218811035	73163	2024/05/28 
2024/05/29 	31.748102484809028	32.46965026855469	30.78603877314815	32.46965026855469	7655	2024/05/29 
2024/05/30 	32.37344639409323	32.37344639409323	30.88224465764838	32.325340270996094	3552	2024/05/30 
2024/05/31 	32.325341293593944	32.37344741821289	30.83414317995763	32.37344741821289	2374	2024/05/31 
2024/06/03 	32.325341293593944	32.37344741821289	32.325341293593944	32.37344741821289	661	2024/06/03 
2024/06/04 	32.37344462740923	32.37344462740923	30.78603807136194	32.22913360595703	3616	2024/06/04 
2024/06/05 	32.229133658639874	34.297572062933334	32.229133658639874	34.24946594238281	47185	2024/06/05 
2024/06/06 	32.7101667688248	34.63429422581449	32.32533980943411	33.91274642944336	40018	2024/06/06 
2024/06/07 	33.91274614521106	33.91274614521106	30.593625575725948	32.08482360839844	28014	2024/06/07 
2024/06/11 	32.08482388970482	32.90258026123047	30.97845280349748	32.90258026123047	24366	2024/06/11 
2024/06/12 	32.90257936531072	32.99878426758501	30.305006634105336	31.74810218811035	33560	2024/06/12 
2024/06/13 	30.256905449639635	31.4113826751709	30.208801161497767	31.4113826751709	52799	2024/06/13 
2024/06/14 	31.4113826751709	31.4113826751709	31.4113826751709	31.4113826751709	1712	2024/06/14 
2024/06/17 	31.4113826751709	31.4113826751709	31.4113826751709	31.4113826751709	409	2024/06/17 
2024/06/18 	30.208801019012363	31.55568988578534	30.208801019012363	31.507587432861328	18954	2024/06/18 
2024/06/19 	31.507586848435224	31.507586848435224	29.87207778948191	31.074657440185547	15124	2024/06/19 
2024/06/20 	31.026555587177565	31.026555587177565	30.016389395079795	30.497421264648438	5051	2024/06/20 
2024/06/21 	30.930350954795514	31.218969345092773	30.305008050833163	31.218969345092773	8010	2024/06/21 
2024/06/24 	31.170866891706886	31.218969345092773	31.07465831495317	31.218969345092773	3110	2024/06/24 
2024/06/25 	31.218969345092773	31.218969345092773	31.218969345092773	31.218969345092773	400	2024/06/25 
2024/06/26 	30.208800457070573	31.170866012573242	30.208800457070573	31.170866012573242	5864	2024/06/26 
2024/06/27 	31.170866012573242	31.170866012573242	30.786039056375806	31.170866012573242	2110	2024/06/27 
2024/06/28 	30.20879988268241	30.73793601989746	30.160697431567808	30.73793601989746	8210	2024/06/28 
2024/07/01 	30.737936886350653	31.796205520629883	30.449316666554644	31.796205520629883	27920	2024/07/01 
2024/07/02 	31.796206399349526	31.892414976931285	31.02655612860532	31.844308853149414	37511	2024/07/02 
2024/07/03 	31.84430753187581	31.892413653661677	30.208800315656568	31.267070770263672	28225	2024/07/03 
2024/07/04 	31.218969192585366	31.4113826751709	30.305007902790535	31.4113826751709	4670	2024/07/04 
2024/07/05 	30.305008050833163	31.218969345092773	30.305008050833163	31.218969345092773	5029	2024/07/05 
2024/07/08 	31.218969345092773	31.267071798478657	30.305008050833163	31.218969345092773	3477	2024/07/08 
2024/07/09 	31.267070336775344	31.74810218811035	30.401213371370513	31.74810218811035	25033	2024/07/09 
2024/07/10 	31.70000045676548	33.23930094799673	31.603791882324863	33.094993591308594	29782	2024/07/10 
2024/07/11 	33.14309634511986	33.14309634511986	31.651898292548996	32.710166931152344	24970	2024/07/11 
2024/07/12 	32.71016545082206	32.71016545082206	31.651896860111684	32.22913360595703	7129	2024/07/12 
2024/07/15 	32.22913360595703	32.22913360595703	31.940515233034358	32.22913360595703	3716	2024/07/15 
2024/07/16 	32.22913360595703	32.22913360595703	31.26706991622697	32.22913360595703	2535	2024/07/16 
2024/07/17 	32.22913536476568	32.325340270996094	31.31517407564908	32.325340270996094	7361	2024/07/17 
2024/07/18 	32.181034088134766	32.181034088134766	32.181034088134766	32.181034088134766	8745	2024/07/18 
2024/07/19 	32.229136543008515	32.229136543008515	32.181034088134766	32.181034088134766	340	2024/07/19 
2024/07/22 	32.181033369712615	32.181033369712615	31.218969613786868	31.844308853149414	9410	2024/07/22 
2024/07/23 	31.844308121021378	31.844308121021378	30.30500761492282	31.700000762939453	11366	2024/07/23 
2024/07/26 	31.899999618530273	32.04999923706055	30.899999618530273	32.04999923706055	10949	2024/07/26 
2024/07/29 	32.04999923706055	32.04999923706055	31.899999618530273	31.899999618530273	2069	2024/07/29 
2024/07/30 	31.950000762939453	31.950000762939453	31.200000762939453	31.200000762939453	4050	2024/07/30 
2024/07/31 	31.149999618530273	31.950000762939453	31.149999618530273	31.299999237060547	3292	2024/07/31 
2024/08/01 	31.299999237060547	32.0	31.25	32.0	7316	2024/08/01 
2024/08/02 	31.25	32.29999923706055	31.25	32.29999923706055	4110	2024/08/02 
2024/08/05 	31.049999237060547	31.299999237060547	30.299999237060547	30.299999237060547	12120	2024/08/05 
2024/08/06 	29.149999618530273	29.950000762939453	29.0	29.950000762939453	14653	2024/08/06 
2024/08/07 	29.049999237060547	31.25	29.049999237060547	31.25	10810	2024/08/07 
2024/08/08 	31.25	31.25	31.25	31.25	2003	2024/08/08 
2024/08/09 	31.299999237060547	31.399999618530273	31.0	31.399999618530273	11442	2024/08/09 
2024/08/12 	31.399999618530273	32.099998474121094	31.0	32.099998474121094	8873	2024/08/12 
2024/08/13 	32.099998474121094	32.099998474121094	32.099998474121094	32.099998474121094	2	2024/08/13 
2024/08/15 	32.25	32.25	32.25	32.25	2	2024/08/15 
2024/08/16 	32.25	32.25	32.25	32.25	2000	2024/08/16 
2024/08/19 	30.75	31.5	30.75	31.0	9000	2024/08/19 
2024/08/20 	30.850000381469727	31.0	30.850000381469727	30.899999618530273	12000	2024/08/20 
2024/08/21 	32.25	32.25	30.700000762939453	30.700000762939453	2011	2024/08/21 
2024/08/22 	30.649999618530273	30.75	30.649999618530273	30.649999618530273	5398	2024/08/22 
2024/08/23 	31.799999237060547	31.799999237060547	30.200000762939453	30.5	8150	2024/08/23 
2024/08/26 	31.649999618530273	31.649999618530273	31.649999618530273	31.649999618530273	1000	2024/08/26 
2024/08/27 	31.649999618530273	31.649999618530273	30.149999618530273	31.5	12085	2024/08/27 
2024/08/28 	31.850000381469727	31.850000381469727	30.299999237060547	31.700000762939453	3488	2024/08/28 
2024/08/29 	31.649999618530273	31.649999618530273	30.299999237060547	31.649999618530273	9079	2024/08/29 
2024/08/30 	31.649999618530273	31.649999618530273	31.649999618530273	31.649999618530273	101	2024/08/30 
2024/09/02 	30.5	31.649999618530273	30.25	30.299999237060547	13275	2024/09/02 
2024/09/03 	31.100000381469727	31.100000381469727	31.100000381469727	31.100000381469727	200	2024/09/03 
2024/09/04 	31.100000381469727	31.100000381469727	31.100000381469727	31.100000381469727	50	2024/09/04 
2024/09/06 	30.899999618530273	30.899999618530273	29.899999618530273	30.899999618530273	5250	2024/09/06 
2024/09/09 	30.899999618530273	30.899999618530273	30.399999618530273	30.399999618530273	2282	2024/09/09 
2024/09/10 	31.0	31.0	30.950000762939453	30.950000762939453	225	2024/09/10 
2024/09/11 	30.950000762939453	30.950000762939453	30.950000762939453	30.950000762939453	2096	2024/09/11 
2024/09/12 	31.0	31.0	31.0	31.0	215	2024/09/12 
2024/09/13 	31.0	31.0	31.0	31.0	1000	2024/09/13 
2024/09/16 	31.0	31.0	31.0	31.0	560	2024/09/16 
2024/09/18 	31.0	31.25	31.0	31.0	3450	2024/09/18 
2024/09/19 	31.0	31.0	30.350000381469727	30.350000381469727	3150	2024/09/19 
2024/09/20 	30.5	30.5	29.450000762939453	29.450000762939453	1700	2024/09/20 
2024/09/23 	29.450000762939453	30.950000762939453	29.450000762939453	30.0	3034	2024/09/23 
2024/09/24 	30.950000762939453	31.0	29.5	30.799999237060547	8610	2024/09/24 
2024/09/25 	30.850000381469727	30.850000381469727	30.850000381469727	30.850000381469727	1100	2024/09/25 
2024/09/26 	30.899999618530273	30.899999618530273	29.600000381469727	30.850000381469727	7000	2024/09/26 
2024/09/27 	30.850000381469727	30.850000381469727	30.850000381469727	30.850000381469727	129	2024/09/27 
2024/09/30 	30.850000381469727	30.899999618530273	30.850000381469727	30.899999618530273	6000	2024/09/30 
2024/10/04 	31.799999237060547	31.799999237060547	30.350000381469727	30.75	2700	2024/10/04 
2024/10/07 	31.799999237060547	31.799999237060547	31.799999237060547	31.799999237060547	100	2024/10/07 
2024/10/08 	31.799999237060547	31.799999237060547	31.799999237060547	31.799999237060547	81	2024/10/08 
2024/10/11 	31.799999237060547	31.799999237060547	31.799999237060547	31.799999237060547	31	2024/10/11 
2024/10/14 	31.649999618530273	31.799999237060547	30.350000381469727	31.0	3408	2024/10/14 
2024/10/15 	30.200000762939453	30.200000762939453	30.200000762939453	30.200000762939453	1000	2024/10/15 
2024/10/16 	31.399999618530273	31.399999618530273	31.399999618530273	31.399999618530273	1029	2024/10/16 
2024/10/17 	29.899999618530273	31.100000381469727	29.899999618530273	31.100000381469727	18950	2024/10/17 
2024/10/18 	31.100000381469727	31.100000381469727	30.5	30.5	3050	2024/10/18 
2024/10/21 	31.100000381469727	31.100000381469727	30.299999237060547	31.100000381469727	6075	2024/10/21 
2024/10/22 	29.649999618530273	30.950000762939453	29.649999618530273	30.950000762939453	4275	2024/10/22 
2024/10/23 	29.600000381469727	30.850000381469727	29.600000381469727	30.850000381469727	625	2024/10/23 
2024/10/24 	30.850000381469727	30.850000381469727	30.850000381469727	30.850000381469727	75	2024/10/24 
2024/10/25 	30.850000381469727	30.850000381469727	30.850000381469727	30.850000381469727	50	2024/10/25 
2024/10/28 	30.850000381469727	30.850000381469727	30.850000381469727	30.850000381469727	25	2024/10/28 
2024/10/29 	30.850000381469727	30.850000381469727	30.850000381469727	30.850000381469727	75	2024/10/29 
2024/10/30 	30.850000381469727	30.850000381469727	30.850000381469727	30.850000381469727	325	2024/10/30 
2024/11/01 	30.850000381469727	30.850000381469727	30.850000381469727	30.850000381469727	20	2024/11/01 
2024/11/04 	30.850000381469727	30.850000381469727	30.399999618530273	30.399999618530273	2020	2024/11/04 
2024/11/05 	30.850000381469727	30.850000381469727	30.399999618530273	30.399999618530273	2025	2024/11/05 
2024/11/06 	30.899999618530273	30.899999618530273	30.799999237060547	30.799999237060547	1020	2024/11/06 
2024/11/07 	30.899999618530273	30.899999618530273	29.899999618530273	29.899999618530273	5200	2024/11/07 
2024/11/11 	30.950000762939453	30.950000762939453	30.950000762939453	30.950000762939453	10	2024/11/11 
2024/11/13 	29.950000762939453	30.950000762939453	29.950000762939453	30.950000762939453	35	2024/11/13 
2024/11/14 	29.950000762939453	31.0	29.950000762939453	31.0	7025	2024/11/14 
2024/11/15 	30.0	30.0	30.0	30.0	40	2024/11/15 
2024/11/18 	30.0	30.399999618530273	30.0	30.399999618530273	2072	2024/11/18 
2024/11/19 	30.399999618530273	30.399999618530273	30.399999618530273	30.399999618530273	3000	2024/11/19 
2024/11/20 	30.399999618530273	30.450000762939453	30.399999618530273	30.450000762939453	3025	2024/11/20 
2024/11/21 	30.450000762939453	30.450000762939453	30.450000762939453	30.450000762939453	200	2024/11/21 
2024/11/22 	30.350000381469727	30.350000381469727	30.149999618530273	30.149999618530273	3010	2024/11/22 
2024/11/25 	30.350000381469727	30.75	30.350000381469727	30.75	6025	2024/11/25 
2024/11/26 	31.049999237060547	31.049999237060547	29.549999237060547	29.899999618530273	3301	2024/11/26 
2024/11/27 	30.950000762939453	30.950000762939453	29.549999237060547	29.549999237060547	2	2024/11/27 
2024/11/28 	29.5	30.899999618530273	29.5	30.899999618530273	1072	2024/11/28 
2024/12/02 	30.850000381469727	30.850000381469727	29.5	29.5	1050	2024/12/02 
2024/12/05 	30.549999237060547	30.549999237060547	30.549999237060547	30.549999237060547	1050	2024/12/05 
2024/12/06 	30.549999237060547	30.549999237060547	30.549999237060547	30.549999237060547	27	2024/12/06 
2024/12/09 	30.549999237060547	30.549999237060547	30.549999237060547	30.549999237060547	1025	2024/12/09 
2024/12/10 	30.549999237060547	30.549999237060547	30.549999237060547	30.549999237060547	75	2024/12/10 
2024/12/11 	30.549999237060547	30.549999237060547	30.549999237060547	30.549999237060547	104	2024/12/11 
2024/12/12 	30.549999237060547	30.549999237060547	30.549999237060547	30.549999237060547	1106	2024/12/12 
2024/12/13 	30.549999237060547	30.600000381469727	29.450000762939453	30.600000381469727	2053	2024/12/13 
2024/12/16 	30.549999237060547	30.549999237060547	30.549999237060547	30.549999237060547	35	2024/12/16 
2024/12/19 	30.549999237060547	30.549999237060547	30.549999237060547	30.549999237060547	25	2024/12/19 
2024/12/20 	30.549999237060547	30.549999237060547	29.399999618530273	29.399999618530273	5075	2024/12/20 
2024/12/23 	29.399999618530273	30.100000381469727	29.399999618530273	30.100000381469727	3050	2024/12/23 
2024/12/24 	30.100000381469727	30.100000381469727	30.100000381469727	30.100000381469727	1025	2024/12/24 
2024/12/25 	30.100000381469727	30.100000381469727	28.950000762939453	30.0	3256	2024/12/25 
2024/12/26 	30.049999237060547	30.049999237060547	28.950000762939453	28.950000762939453	3160	2024/12/26 
2024/12/27 	29.899999618530273	29.899999618530273	29.899999618530273	29.899999618530273	311	2024/12/27 
2024/12/30 	29.899999618530273	29.899999618530273	29.899999618530273	29.899999618530273	25	2024/12/30 
2024/12/31 	29.899999618530273	29.899999618530273	28.450000762939453	29.100000381469727	9220	2024/12/31 
2025/01/02 	29.100000381469727	29.100000381469727	29.100000381469727	29.100000381469727	1528	2025/01/02 
2025/01/03 	29.100000381469727	29.100000381469727	29.100000381469727	29.100000381469727	50	2025/01/03 
2025/01/06 	29.100000381469727	29.149999618530273	28.600000381469727	29.149999618530273	6157	2025/01/06 
2025/01/07 	29.200000762939453	29.25	29.200000762939453	29.25	2085	2025/01/07 
2025/01/08 	29.25	29.25	29.25	29.25	1235	2025/01/08 
2025/01/09 	29.25	29.25	28.149999618530273	28.399999618530273	2513	2025/01/09 
2025/01/10 	29.25	29.25	29.25	29.25	1000	2025/01/10 
2025/01/13 	29.25	29.350000381469727	29.25	29.25	8125	2025/01/13 
2025/01/14 	29.450000762939453	29.450000762939453	29.450000762939453	29.450000762939453	105	2025/01/14 
2025/01/15 	29.5	29.5	29.5	29.5	1184	2025/01/15 
2025/01/17 	29.600000381469727	29.600000381469727	29.600000381469727	29.600000381469727	1	2025/01/17 
2025/01/20 	29.600000381469727	29.600000381469727	28.25	28.25	1023	2025/01/20 
2025/01/21 	29.549999237060547	29.549999237060547	29.549999237060547	29.549999237060547	10	2025/01/21 
2025/01/22 	29.549999237060547	29.649999618530273	29.549999237060547	29.649999618530273	252	2025/01/22 
2025/02/03 	29.649999618530273	29.649999618530273	28.299999237060547	29.0	4037	2025/02/03 
2025/02/04 	29.649999618530273	29.649999618530273	29.649999618530273	29.649999618530273	52	2025/02/04 
2025/02/05 	29.649999618530273	29.649999618530273	29.200000762939453	29.649999618530273	376	2025/02/05 
2025/02/06 	29.399999618530273	29.399999618530273	29.399999618530273	29.399999618530273	1000	2025/02/06 
2025/02/07 	29.649999618530273	29.649999618530273	28.25	29.649999618530273	4747	2025/02/07 
2025/02/10 	29.649999618530273	29.649999618530273	29.649999618530273	29.649999618530273	987	2025/02/10 
2025/02/11 	29.649999618530273	29.649999618530273	29.649999618530273	29.649999618530273	2600	2025/02/11 
2025/02/12 	29.649999618530273	29.649999618530273	29.649999618530273	29.649999618530273	2051	2025/02/12 
2025/02/13 	29.700000762939453	29.700000762939453	29.700000762939453	29.700000762939453	4172	2025/02/13 
2025/02/17 	29.700000762939453	29.700000762939453	29.700000762939453	29.700000762939453	13	2025/02/17 
2025/02/19 	29.700000762939453	29.700000762939453	29.700000762939453	29.700000762939453	1057	2025/02/19 
2025/02/20 	29.700000762939453	29.700000762939453	29.700000762939453	29.700000762939453	1070	2025/02/20 
2025/02/27 	29.700000762939453	29.75	29.700000762939453	29.75	4000	2025/02/27 
2025/03/04 	29.799999237060547	29.799999237060547	29.799999237060547	29.799999237060547	1000	2025/03/04 
2025/03/05 	29.799999237060547	29.899999618530273	29.799999237060547	29.899999618530273	3189	2025/03/05 
2025/03/06 	30.0	30.549999237060547	29.899999618530273	30.549999237060547	6427	2025/03/06 
2025/03/07 	30.549999237060547	30.600000381469727	30.549999237060547	30.600000381469727	88	2025/03/07 
2025/03/10 	30.600000381469727	30.649999618530273	30.149999618530273	30.299999237060547	8001	2025/03/10 
2025/03/11 	30.700000762939453	30.700000762939453	30.700000762939453	30.700000762939453	1	2025/03/11 
2025/03/14 	30.700000762939453	30.700000762939453	30.700000762939453	30.700000762939453	85	2025/03/14 
2025/03/17 	30.75	30.75	30.0	30.75	2093	2025/03/17 
2025/03/18 	30.75	30.75	30.75	30.75	33	2025/03/18 
2025/03/19 	30.850000381469727	32.349998474121094	30.75	31.850000381469727	11641	2025/03/19 
2025/03/20 	31.899999618530273	31.950000762939453	31.899999618530273	31.950000762939453	1320	2025/03/20 
2025/03/21 	32.04999923706055	32.04999923706055	29.600000381469727	29.600000381469727	12386	2025/03/21 
2025/03/24 	29.350000381469727	29.399999618530273	29.350000381469727	29.399999618530273	118	2025/03/24 
2025/03/25 	30.799999237060547	32.099998474121094	30.799999237060547	32.099998474121094	5360	2025/03/25 
2025/03/26 	30.700000762939453	32.099998474121094	30.700000762939453	32.099998474121094	2100	2025/03/26 
2025/03/27 	32.099998474121094	32.099998474121094	31.5	32.099998474121094	6981	2025/03/27 
2025/03/28 	32.099998474121094	32.099998474121094	30.5	30.600000381469727	21273	2025/03/28 
2025/03/31 	29.899999618530273	30.049999237060547	28.649999618530273	29.0	17300	2025/03/31 
2025/04/01 	30.0	30.0	30.0	30.0	2700	2025/04/01 
2025/04/02 	30.149999618530273	30.25	30.149999618530273	30.25	163	2025/04/02 
2025/04/07 	28.899999618530273	28.899999618530273	26.850000381469727	26.850000381469727	9816	2025/04/07 
2025/04/08 	26.649999618530273	26.950000762939453	26.200000762939453	26.950000762939453	15591	2025/04/08 
2025/04/09 	25.75	26.649999618530273	24.600000381469727	25.799999237060547	14465	2025/04/09 
2025/04/10 	25.799999237060547	28.549999237060547	25.799999237060547	28.549999237060547	35639	2025/04/10 
2025/04/11 	28.549999237060547	28.549999237060547	27.149999618530273	27.600000381469727	11269	2025/04/11 
2025/04/14 	26.350000381469727	29.0	26.350000381469727	29.0	22800	2025/04/14 
2025/04/15 	29.450000762939453	30.450000762939453	29.100000381469727	29.100000381469727	18294	2025/04/15 
2025/04/16 	30.0	30.0	28.649999618530273	28.700000762939453	5061	2025/04/16 
2025/04/17 	30.0	30.149999618530273	28.649999618530273	30.149999618530273	19364	2025/04/17 
2025/04/18 	30.149999618530273	30.200000762939453	28.700000762939453	30.200000762939453	5220	2025/04/18 
2025/04/21 	30.200000762939453	30.200000762939453	29.350000381469727	30.200000762939453	1234	2025/04/21 
2025/04/22 	30.200000762939453	30.200000762939453	30.200000762939453	30.200000762939453	46	2025/04/22 
2025/04/23 	30.200000762939453	31.200000762939453	30.100000381469727	31.200000762939453	12619	2025/04/23 
2025/04/24 	31.5	31.5	30.149999618530273	30.399999618530273	10004	2025/04/24 
2025/04/25 	31.700000762939453	31.700000762939453	31.700000762939453	31.700000762939453	155	2025/04/25 
2025/04/28 	31.799999237060547	32.150001525878906	30.600000381469727	32.150001525878906	11581	2025/04/28 
2025/04/29 	32.20000076293945	32.20000076293945	31.5	31.799999237060547	4010	2025/04/29 
2025/04/30 	32.20000076293945	32.25	31.549999237060547	32.04999923706055	23039	2025/04/30 
2025/05/02 	32.849998474121094	32.849998474121094	32.849998474121094	32.849998474121094	19	2025/05/02 
2025/05/05 	32.849998474121094	32.849998474121094	31.450000762939453	32.0	5082	2025/05/05 
2025/05/06 	32.099998474121094	32.099998474121094	31.5	31.600000381469727	1316	2025/05/06 
2025/05/07 	31.600000381469727	31.600000381469727	31.600000381469727	31.600000381469727	250	2025/05/07 
2025/05/08 	31.600000381469727	31.600000381469727	31.600000381469727	31.600000381469727	155	2025/05/08 
2025/05/09 	31.600000381469727	34.150001525878906	31.600000381469727	33.900001525878906	57143	2025/05/09 
2025/05/12 	32.400001525878906	34.0	30.299999237060547	30.700000762939453	38886	2025/05/12 
2025/05/13 	31.899999618530273	32.150001525878906	31.0	32.150001525878906	3059	2025/05/13 
2025/05/14 	32.150001525878906	32.25	32.150001525878906	32.25	1095	2025/05/14 
2025/05/15 	30.899999618530273	32.29999923706055	30.899999618530273	32.29999923706055	4012	2025/05/15 
2025/05/16 	32.25	32.25	30.850000381469727	32.0	23536	2025/05/16 
2025/05/19 	32.29999923706055	32.29999923706055	31.799999237060547	32.29999923706055	6120	2025/05/19 
