Date	Open	High	Low	Close	Volume	Date
2023/12/22 	49.32341068348986	51.394992426965395	39.45872854679189	46.36400604248047	114000	2023/12/22 
2023/12/25 	45.32821409545754	45.32821409545754	41.43166399128108	44.292423248291016	37000	2023/12/25 
2023/12/26 	45.278892517089844	46.36400604700139	44.39106961946942	45.278892517089844	72000	2023/12/26 
2023/12/27 	44.637685640749915	46.85723907040047	44.489713906875544	45.92009353637695	111000	2023/12/27 
2023/12/28 	46.364005724942956	47.005211564667874	45.96941693694645	46.75859451293945	72000	2023/12/28 
2023/12/29 	46.758594217633366	49.81664413452148	46.758594217633366	49.32341003417969	100000	2023/12/29 
2024/01/02 	49.32341028432377	63.33125579460967	49.32341028432377	60.174560546875	338733	2024/01/02 
2024/01/03 	58.20162439581678	61.259674341891376	54.35439687120125	55.43951416015625	277744	2024/01/03 
2024/01/04 	56.22868902033025	56.22868902033025	52.77605022083629	54.25575256347656	178736	2024/01/04 
2024/01/05 	54.25574873216285	68.46089172363281	54.25574873216285	68.46089172363281	467943	2024/01/05 
2024/01/08 	67.86901638427686	68.36225049309819	60.17456127620205	61.55561828613281	536074	2024/01/08 
2024/01/09 	61.16102696921985	61.35832135721992	58.00432805045107	59.977264404296875	246639	2024/01/09 
2024/01/10 	60.47049919375398	61.35832206850753	58.990796911216385	60.2732048034668	128679	2024/01/10 
2024/01/11 	60.27320446605849	60.47049885524122	59.1880909701697	59.582679748535156	89409	2024/01/11 
2024/01/12 	59.18809159011563	59.385385981364855	58.79350280761719	58.79350280761719	85075	2024/01/12 
2024/01/15 	59.48403087822106	59.48403087822106	56.228686616213665	57.017860412597656	171910	2024/01/15 
2024/01/16 	57.21515618571819	57.41245058035343	55.43951416015625	55.43951416015625	24499	2024/01/16 
2024/01/17 	56.228686882396545	56.327332196257466	53.76251640509845	54.45304489135742	107763	2024/01/17 
2024/01/18 	54.35439581441899	54.45304489135742	53.86116171895937	54.45304489135742	64107	2024/01/18 
2024/01/19 	54.45304489135742	54.45304489135742	53.86116171895937	54.45304489135742	40606	2024/01/19 
2024/01/22 	54.45304543034988	54.45304543034988	49.17543829884613	49.32341003417969	319630	2024/01/22 
2024/01/23 	49.126114538478184	49.32340892680088	47.79438400268555	47.79438400268555	140020	2024/01/23 
2024/01/24 	48.48491420259008	49.52070507423147	47.20250251447659	47.449119567871094	177851	2024/01/24 
2024/01/25 	47.35047403921912	52.38146040065513	46.51197756667232	52.18416976928711	203363	2024/01/25 
2024/01/26 	51.888226296621724	54.453045898286085	51.49364127080399	53.269283294677734	288452	2024/01/26 
2024/01/29 	54.45304499840877	59.38538596270164	53.17063710030813	57.70838928222656	316002	2024/01/29 
2024/01/30 	57.41245091287725	59.38538734450136	54.847631293919335	55.044925689697266	184011	2024/01/30 
2024/01/31 	55.04492307137399	57.215153795544616	54.65033806166497	57.11650848388672	52002	2024/01/31 
2024/02/01 	57.31380187159159	57.31380187159159	55.63680891405715	57.21515655517578	43701	2024/02/01 
2024/02/02 	56.130040614170774	57.90568257501911	54.9462780525794	56.721920013427734	48571	2024/02/02 
2024/02/05 	56.524627735725815	57.609745025634766	56.524627735725815	57.609745025634766	36290	2024/02/05 
2024/02/15 	57.609745346994245	57.609745346994245	57.01786215926655	57.21515655517578	87877	2024/02/15 
2024/02/16 	57.017862166878814	57.60974535468553	55.14357481318491	56.130043029785156	136199	2024/02/16 
2024/02/19 	56.031392881139446	57.215155471087805	54.354396192302396	55.14357376098633	173871	2024/02/19 
2024/02/20 	55.14357369500163	55.83409842215748	52.973342909872784	54.05845642089844	98214	2024/02/20 
2024/02/21 	53.36792861089777	54.35439682006836	53.36792861089777	54.35439682006836	81864	2024/02/21 
2024/02/22 	53.663870315946625	53.86116094081817	52.48010775133005	53.07198715209961	91510	2024/02/22 
2024/02/23 	52.87469553844792	54.55169227938909	52.87469553844792	54.25575256347656	93018	2024/02/23 
2024/02/26 	54.25575223502669	60.37185596686341	54.05845783792016	58.99079895019531	241969	2024/02/26 
2024/02/27 	58.102979783840915	58.79350452881221	56.8205680847168	56.8205680847168	164865	2024/02/27 
2024/02/29 	56.72191971110026	58.10297665277542	56.72191971110026	57.11650848388672	73482	2024/02/29 
2024/03/01 	57.017859251707016	63.923140177937675	57.017859251707016	60.76643753051758	404580	2024/03/01 
2024/03/04 	60.76644017906801	72.30812274194129	60.17456075880263	71.02571105957031	1206685	2024/03/04 
2024/03/05 	70.13788725680863	70.82841950996196	62.14749637142752	65.30419158935547	766601	2024/03/05 
2024/03/06 	65.30418904562967	67.37577819824219	64.12043026655518	67.37577819824219	301311	2024/03/06 
2024/03/07 	67.1784796509553	72.1108204113214	66.88254372102617	71.42029571533203	627436	2024/03/07 
2024/03/08 	72.01217642693918	72.01217642693918	67.77036028447944	69.84194946289062	379558	2024/03/08 
2024/03/11 	69.84194914207228	89.07807837323615	69.84194914207228	86.61190795898438	1635310	2024/03/11 
2024/03/12 	85.52678579412735	86.11867270643238	78.62150872801288	80.89038848876953	1555648	2024/03/12 
2024/03/13 	80.89039260344627	80.89039260344627	75.95805159104101	78.32557678222656	472239	2024/03/13 
2024/03/14 	77.43775593150745	88.97943119363944	76.94452181729403	86.8092041015625	805642	2024/03/14 
2024/03/15 	86.31596643066528	87.79566871233382	80.29851199044418	83.15927124023438	412947	2024/03/15 
2024/03/18 	83.15927531291057	93.61583711024122	83.15927531291057	89.27537536621094	686033	2024/03/18 
2024/03/19 	89.27537183750101	89.47266246645889	85.03355557951132	86.71055603027344	344517	2024/03/19 
2024/03/20 	87.10514824106673	88.38755243205286	85.03355892473735	86.02002716064453	259367	2024/03/20 
2024/03/21 	86.11867789309808	86.11867789309808	77.93098872540945	81.87686157226562	544660	2024/03/21 
2024/03/22 	81.97550689050294	81.97550689050294	79.0161022552779	80.791748046875	142340	2024/03/22 
2024/03/25 	79.60797812482656	79.90392158560556	77.93098525015851	78.2269287109375	187533	2024/03/25 
2024/03/26 	78.6215141041772	81.3836281299591	77.53640056767544	78.9174575805664	162637	2024/03/26 
2024/03/27 	77.93098449707031	79.41068673435646	77.53639572856305	77.93098449707031	100297	2024/03/27 
2024/03/28 	77.04316219594969	77.53639627854368	76.05669403076172	76.05669403076172	142985	2024/03/28 
2024/03/29 	75.76076018455855	76.7472283769296	73.68917095965533	74.7742919921875	207679	2024/03/29 
2024/04/01 	74.28105997967837	76.74723052978516	73.19593891670719	76.74723052978516	100375	2024/04/01 
2024/04/02 	76.74722525956274	81.77821133107233	75.46481365110816	80.89038848876953	373154	2024/04/02 
2024/04/03 	80.89039124669605	81.18633471293865	78.32557546849523	80.9890365600586	315722	2024/04/03 
2024/04/08 	79.21339966159645	81.18633606635696	76.94451978565982	77.24046325683594	261497	2024/04/08 
2024/04/09 	77.24046039365756	78.91745326507854	76.8458716221012	77.14180755615234	146070	2024/04/09 
2024/04/10 	76.25399494306879	77.93098787420354	75.46481737185532	76.15534210205078	140021	2024/04/10 
2024/04/11 	76.15534422409043	87.10514758055267	76.15534422409043	81.38362884521484	479919	2024/04/11 
2024/04/12 	81.58091517349627	81.58091517349627	78.22692939483787	79.60797882080078	326098	2024/04/12 
2024/04/15 	79.60797735553271	79.60797735553271	77.24045979679869	77.93098449707031	107252	2024/04/15 
2024/04/16 	77.24046389480242	77.53639984226771	75.85940689483222	76.45128631591797	112400	2024/04/16 
2024/04/17 	75.76076022200047	78.7201648005762	75.76076022200047	76.94451904296875	80956	2024/04/17 
2024/04/18 	76.45128494653946	77.83234192177247	76.15534147821987	76.94451904296875	62341	2024/04/18 
2024/04/19 	77.24046249247475	77.93098721684554	75.26752610723815	75.85940551757812	123351	2024/04/19 
2024/04/22 	75.16887387145094	75.46481734207799	71.22300106925078	72.9000015258789	237514	2024/04/22 
2024/04/23 	73.98511708998939	74.28106056881145	72.3081241130784	72.70270538330078	33178	2024/04/23 
2024/04/24 	72.40676815621772	79.11474747195118	72.40676815621772	78.62151336669922	325216	2024/04/24 
2024/04/25 	77.4377503022452	77.73369375972206	75.07022522089466	75.76075744628906	110659	2024/04/25 
2024/04/26 	75.76075675532961	77.04316083167232	75.76075675532961	76.5499267578125	33400	2024/04/26 
2024/04/29 	76.84587653974386	80.49580597636385	76.5499330605994	79.2134017944336	214061	2024/04/29 
2024/04/30 	78.72016203408484	79.0160979658492	76.84587102829143	77.93098449707031	79750	2024/04/30 
2024/05/02 	76.94452042118196	78.02963394753169	76.15534284229751	76.45128631591797	94167	2024/05/02 
2024/05/03 	77.14181105282549	77.24046389480242	75.26752747374647	76.45128631591797	47072	2024/05/03 
2024/05/06 	76.9445176443545	78.12827644380569	76.15534009395044	76.3526382446289	60228	2024/05/06 
2024/05/07 	76.4512855727946	76.74722904353843	74.67563980064185	76.15534210205078	137112	2024/05/07 
2024/05/08 	75.16887664794922	76.4512883664945	74.87294069254634	75.16887664794922	73450	2024/05/08 
2024/05/09 	75.56346203039132	76.35263959475017	74.47834852401418	74.7742919921875	150617	2024/05/09 
2024/05/10 	74.77429262227845	76.1553420823114	73.68917158060242	73.98511505126953	73878	2024/05/10 
2024/05/13 	74.28106131676955	74.28106131676955	72.70270611536594	72.99864959716797	58679	2024/05/13 
2024/05/14 	72.70269986084776	72.99864331719016	71.71623170791275	72.50540924072266	101596	2024/05/14 
2024/05/15 	71.61758773987283	73.39323345889107	71.61758773987283	72.01217651367188	37336	2024/05/15 
2024/05/16 	71.5189437866211	72.70270260435144	71.22300031911101	71.5189437866211	115300	2024/05/16 
2024/05/17 	71.3216518041397	72.40676528747092	71.22299896607379	72.01217651367188	58643	2024/05/17 
2024/05/20 	72.30812413330305	72.30812413330305	70.92706710867257	71.61759185791016	32386	2024/05/20 
2024/05/21 	72.70269973186126	72.70269973186126	69.54600465853164	70.3351821899414	143132	2024/05/21 
2024/05/22 	69.74329937609551	70.7297675852406	67.77036295780533	68.85548400878906	238039	2024/05/22 
2024/05/23 	68.85548326493033	69.34871736417438	68.06630569567783	68.55953979492188	74500	2024/05/23 
2024/05/24 	68.16494826554091	68.65818234492421	67.67171418615762	68.46089172363281	95125	2024/05/24 
2024/05/27 	68.75683181027146	69.05277528624603	67.47442764207717	68.0663070678711	106243	2024/05/27 
2024/05/28 	67.17847942791144	69.25006103515625	67.17847942791144	69.25006103515625	49660	2024/05/28 
2024/05/29 	68.85548196210281	71.2229995727539	67.57307031787103	71.2229995727539	233478	2024/05/29 
2024/05/30 	71.02571315214446	72.0121813903687	70.53247903303235	71.91353607177734	70166	2024/05/30 
2024/05/31 	71.81488938313996	71.81488938313996	70.63112300416091	71.3216552734375	68030	2024/05/31 
2024/06/03 	70.63111811960403	71.32165034112626	70.3351821899414	70.3351821899414	36259	2024/06/03 
2024/06/04 	70.5324728097165	71.81488441671867	69.94059342423652	70.3351821899414	83728	2024/06/04 
2024/06/05 	69.94059401807864	70.13788463952885	68.46089177873772	69.54600524902344	53544	2024/06/05 
2024/06/06 	68.95412645742411	69.74329647623412	68.75682830810547	68.75682830810547	36832	2024/06/06 
2024/06/07 	69.2500612027143	70.3351821899414	69.2500612027143	70.3351821899414	49300	2024/06/07 
2024/06/11 	70.33518909032024	71.61759329698062	69.94060028590341	70.03924560546875	148511	2024/06/11 
2024/06/12 	70.8284218115097	70.92706712912133	69.74330073931593	70.53247833251953	50805	2024/06/12 
2024/06/13 	71.02571318365695	71.22300382092718	70.23653558226528	70.82842254638672	120250	2024/06/13 
2024/06/14 	71.32165257576597	73.98511365695434	71.02570911067616	73.39323425292969	205614	2024/06/14 
2024/06/17 	73.1959353510303	74.08375821105027	72.70270126503641	73.0972900390625	79814	2024/06/17 
2024/06/18 	72.70269979733439	72.99864325341824	70.23652941715133	71.42029571533203	75670	2024/06/18 
2024/06/19 	71.51894656094638	71.51894656094638	70.23653485352935	70.53247833251953	13905	2024/06/19 
2024/06/20 	70.43383163930493	71.02571105957031	70.23653348177969	71.02571105957031	44102	2024/06/20 
2024/06/21 	70.92706712912133	70.92706712912133	70.13788953591772	70.53247833251953	49150	2024/06/21 
2024/06/24 	70.43383163875619	70.63112227012473	69.94059753417969	69.94059753417969	38350	2024/06/24 
2024/06/25 	69.44736342960319	70.03924284986395	69.05277464071094	69.94059753417969	39281	2024/06/25 
2024/06/26 	70.43383163875619	70.53247695444047	69.3487181139189	69.94059753417969	34781	2024/06/26 
2024/06/27 	68.95412510620967	70.92706140380564	68.95412510620967	69.25006103515625	25381	2024/06/27 
2024/06/28 	69.94059763347052	75.7607615809669	69.64465415984242	74.28105926513672	243597	2024/06/28 
2024/07/01 	74.87294075421822	75.26752955456912	72.99864959716797	72.99864959716797	71013	2024/07/01 
2024/07/02 	72.0121813903687	73.29459311052234	71.22300378932715	71.91353607177734	33503	2024/07/02 
2024/07/03 	71.81488801050487	72.9000015258789	71.81488801050487	72.9000015258789	53876	2024/07/03 
2024/07/04 	73.0	73.0	71.80000305175781	72.5	41046	2024/07/04 
2024/07/05 	73.69999694824219	73.69999694824219	72.0999984741211	72.69999694824219	49776	2024/07/05 
2024/07/08 	72.0	72.30000305175781	71.5	72.0	48604	2024/07/08 
2024/07/09 	72.19999694824219	72.19999694824219	70.0	70.80000305175781	63690	2024/07/09 
2024/07/10 	70.0	71.5999984741211	69.9000015258789	70.69999694824219	29635	2024/07/10 
2024/07/11 	72.19999694824219	72.19999694824219	70.0	70.69999694824219	33865	2024/07/11 
2024/07/12 	71.0	71.0	69.69999694824219	69.9000015258789	54552	2024/07/12 
2024/07/15 	70.9000015258789	70.9000015258789	69.19999694824219	69.19999694824219	58706	2024/07/15 
2024/07/16 	68.80000305175781	70.19999694824219	68.69999694824219	69.0	66501	2024/07/16 
2024/07/17 	68.19999694824219	69.69999694824219	67.9000015258789	69.30000305175781	107169	2024/07/17 
2024/07/18 	69.80000305175781	69.80000305175781	67.9000015258789	67.9000015258789	39885	2024/07/18 
2024/07/19 	67.9000015258789	70.0999984741211	67.69999694824219	69.30000305175781	54433	2024/07/19 
2024/07/22 	68.19999694824219	69.5999984741211	68.19999694824219	68.5999984741211	114356	2024/07/22 
2024/07/23 	68.69999694824219	69.30000305175781	68.5999984741211	69.0	45007	2024/07/23 
2024/07/26 	68.69999694824219	69.80000305175781	68.0	69.80000305175781	91908	2024/07/26 
2024/07/29 	70.0	70.30000305175781	68.80000305175781	70.0999984741211	85704	2024/07/29 
2024/07/30 	70.19999694824219	70.19999694824219	68.5	69.0	55314	2024/07/30 
2024/07/31 	70.19999694824219	70.19999694824219	69.19999694824219	69.19999694824219	17024	2024/07/31 
2024/08/01 	70.0	70.69999694824219	69.9000015258789	70.0	35367	2024/08/01 
2024/08/02 	69.0	70.5	69.0	69.9000015258789	59090	2024/08/02 
2024/08/05 	67.5999984741211	68.80000305175781	53.70000076293945	57.79999923706055	261083	2024/08/05 
2024/08/06 	58.5	62.099998474121094	58.0	59.0	172470	2024/08/06 
2024/08/07 	61.0	67.80000305175781	61.0	67.80000305175781	111317	2024/08/07 
2024/08/08 	66.30000305175781	67.30000305175781	65.5999984741211	66.80000305175781	27626	2024/08/08 
2024/08/09 	67.9000015258789	69.69999694824219	67.80000305175781	69.30000305175781	84698	2024/08/09 
2024/08/12 	68.30000305175781	69.5	68.30000305175781	69.5	8551	2024/08/12 
2024/08/13 	69.80000305175781	70.19999694824219	69.5	69.69999694824219	8003	2024/08/13 
2024/08/14 	69.69999694824219	69.69999694824219	68.69999694824219	69.0	23771	2024/08/14 
2024/08/15 	69.0999984741211	69.30000305175781	68.80000305175781	68.80000305175781	18229	2024/08/15 
2024/08/16 	70.0999984741211	70.0999984741211	69.0	69.4000015258789	40401	2024/08/16 
2024/08/19 	69.0	69.5	68.80000305175781	68.80000305175781	11450	2024/08/19 
2024/08/20 	69.19999694824219	70.19999694824219	69.19999694824219	70.19999694824219	46322	2024/08/20 
2024/08/21 	70.0999984741211	70.0999984741211	69.0	69.30000305175781	16607	2024/08/21 
2024/08/22 	69.30000305175781	69.69999694824219	68.30000305175781	68.30000305175781	22552	2024/08/22 
2024/08/23 	68.19999694824219	68.5	67.0999984741211	68.5	30509	2024/08/23 
2024/08/26 	68.80000305175781	69.19999694824219	68.19999694824219	68.30000305175781	31066	2024/08/26 
2024/08/27 	68.4000015258789	69.80000305175781	68.4000015258789	69.80000305175781	5001	2024/08/27 
2024/08/28 	69.80000305175781	69.9000015258789	69.0	69.4000015258789	48611	2024/08/28 
2024/08/29 	69.80000305175781	70.0	69.5	69.5999984741211	25802	2024/08/29 
2024/08/30 	69.9000015258789	69.9000015258789	69.30000305175781	69.5999984741211	6973	2024/08/30 
2024/09/02 	69.30000305175781	70.19999694824219	69.30000305175781	70.0	34396	2024/09/02 
2024/09/03 	70.0	70.0	69.0999984741211	69.69999694824219	20985	2024/09/03 
2024/09/04 	69.0999984741211	74.69999694824219	69.0	72.30000305175781	204548	2024/09/04 
2024/09/05 	71.69999694824219	74.5	71.4000015258789	73.80000305175781	330026	2024/09/05 
2024/09/06 	74.0	74.0	71.69999694824219	72.69999694824219	88170	2024/09/06 
2024/09/09 	70.80000305175781	72.9000015258789	70.5	71.5	51414	2024/09/09 
2024/09/10 	71.0999984741211	71.19999694824219	69.69999694824219	70.0999984741211	91598	2024/09/10 
2024/09/11 	70.30000305175781	70.9000015258789	68.80000305175781	69.5999984741211	68891	2024/09/11 
2024/09/12 	69.9000015258789	70.0999984741211	69.0	69.30000305175781	39825	2024/09/12 
2024/09/13 	69.9000015258789	70.9000015258789	69.69999694824219	70.9000015258789	21045	2024/09/13 
2024/09/16 	70.9000015258789	71.0999984741211	69.4000015258789	70.80000305175781	30062	2024/09/16 
2024/09/18 	71.0	71.30000305175781	70.19999694824219	71.19999694824219	53850	2024/09/18 
2024/09/19 	71.0999984741211	71.19999694824219	70.0	71.19999694824219	11533	2024/09/19 
2024/09/20 	71.0	71.19999694824219	70.0	70.4000015258789	68258	2024/09/20 
2024/09/23 	70.4000015258789	70.69999694824219	69.69999694824219	70.5	32670	2024/09/23 
2024/09/24 	70.5	70.69999694824219	69.9000015258789	70.5999984741211	18282	2024/09/24 
2024/09/25 	70.69999694824219	70.69999694824219	70.0	70.5	34076	2024/09/25 
2024/09/26 	69.69999694824219	70.30000305175781	68.69999694824219	70.19999694824219	75235	2024/09/26 
2024/09/27 	70.19999694824219	71.5	69.5	71.19999694824219	96610	2024/09/27 
2024/09/30 	70.19999694824219	71.0	70.19999694824219	70.4000015258789	21600	2024/09/30 
2024/10/01 	70.30000305175781	73.0	70.19999694824219	72.80000305175781	41435	2024/10/01 
2024/10/04 	71.69999694824219	74.0	70.80000305175781	74.0	124362	2024/10/04 
2024/10/07 	74.0	77.19999694824219	73.80000305175781	76.80000305175781	239763	2024/10/07 
2024/10/08 	76.5999984741211	79.80000305175781	75.19999694824219	76.4000015258789	273453	2024/10/08 
2024/10/09 	74.0	77.5	74.0	75.9000015258789	136704	2024/10/09 
2024/10/11 	77.80000305175781	77.80000305175781	76.0999984741211	77.19999694824219	162022	2024/10/11 
2024/10/14 	77.19999694824219	78.19999694824219	76.30000305175781	78.0999984741211	101344	2024/10/14 
2024/10/15 	78.19999694824219	79.69999694824219	77.30000305175781	77.80000305175781	184430	2024/10/15 
2024/10/16 	77.5	77.9000015258789	77.0	77.30000305175781	104234	2024/10/16 
2024/10/17 	77.19999694824219	78.0999984741211	77.0	77.4000015258789	137205	2024/10/17 
2024/10/18 	77.19999694824219	77.80000305175781	76.69999694824219	77.80000305175781	134845	2024/10/18 
2024/10/21 	77.80000305175781	77.80000305175781	75.69999694824219	77.30000305175781	128240	2024/10/21 
2024/10/22 	76.0999984741211	76.5	75.69999694824219	76.19999694824219	124520	2024/10/22 
2024/10/23 	76.4000015258789	77.30000305175781	76.0	76.30000305175781	71351	2024/10/23 
2024/10/24 	76.5999984741211	77.5	76.5	77.0	80855	2024/10/24 
2024/10/25 	77.0	78.30000305175781	76.80000305175781	78.0	71114	2024/10/25 
2024/10/28 	78.30000305175781	82.69999694824219	78.0	82.5	602875	2024/10/28 
2024/10/29 	82.80000305175781	84.5999984741211	81.0	81.69999694824219	362017	2024/10/29 
2024/10/30 	81.69999694824219	84.0999984741211	81.69999694824219	81.9000015258789	178666	2024/10/30 
2024/11/01 	81.69999694824219	81.69999694824219	78.30000305175781	81.19999694824219	119856	2024/11/01 
2024/11/04 	81.9000015258789	81.9000015258789	81.19999694824219	81.5	250808	2024/11/04 
2024/11/05 	81.9000015258789	81.9000015258789	79.0999984741211	79.5	192245	2024/11/05 
2024/11/06 	80.69999694824219	80.69999694824219	78.69999694824219	79.80000305175781	125246	2024/11/06 
2024/11/07 	80.0999984741211	80.5	77.5	80.0	205730	2024/11/07 
2024/11/08 	79.80000305175781	83.9000015258789	79.80000305175781	81.0	361552	2024/11/08 
2024/11/11 	79.69999694824219	80.5	75.5999984741211	76.80000305175781	381609	2024/11/11 
2024/11/12 	77.30000305175781	77.4000015258789	76.5	76.69999694824219	104007	2024/11/12 
2024/11/13 	77.19999694824219	81.5	76.69999694824219	81.30000305175781	792387	2024/11/13 
2024/11/14 	81.30000305175781	86.0999984741211	79.4000015258789	80.5	1547024	2024/11/14 
2024/11/15 	81.30000305175781	83.5	80.30000305175781	83.19999694824219	1460302	2024/11/15 
2024/11/18 	82.69999694824219	88.30000305175781	82.4000015258789	88.0	1496761	2024/11/18 
2024/11/19 	88.30000305175781	90.5	86.19999694824219	90.4000015258789	1520721	2024/11/19 
2024/11/20 	90.30000305175781	94.19999694824219	82.69999694824219	84.0	2161829	2024/11/20 
2024/11/21 	84.0	84.30000305175781	80.19999694824219	80.69999694824219	876573	2024/11/21 
2024/11/22 	80.19999694824219	81.30000305175781	78.19999694824219	79.80000305175781	462320	2024/11/22 
2024/11/25 	79.69999694824219	80.80000305175781	78.5999984741211	79.0	370273	2024/11/25 
2024/11/26 	78.69999694824219	79.5999984741211	77.69999694824219	78.9000015258789	264649	2024/11/26 
2024/11/27 	79.30000305175781	79.30000305175781	77.9000015258789	78.4000015258789	99191	2024/11/27 
2024/11/28 	77.80000305175781	79.19999694824219	77.5	78.4000015258789	71948	2024/11/28 
2024/11/29 	77.69999694824219	79.0	77.4000015258789	79.0	91289	2024/11/29 
2024/12/02 	79.30000305175781	84.0	78.69999694824219	83.5	305723	2024/12/02 
2024/12/03 	84.19999694824219	85.0999984741211	82.30000305175781	83.80000305175781	275537	2024/12/03 
2024/12/04 	84.30000305175781	84.30000305175781	81.80000305175781	82.0	168566	2024/12/04 
2024/12/05 	82.30000305175781	82.30000305175781	79.80000305175781	80.5999984741211	164910	2024/12/05 
2024/12/06 	81.0	81.4000015258789	80.4000015258789	81.0	63549	2024/12/06 
2024/12/09 	80.80000305175781	80.80000305175781	79.5	79.5999984741211	119154	2024/12/09 
2024/12/10 	79.30000305175781	79.9000015258789	78.5	78.69999694824219	77459	2024/12/10 
2024/12/11 	78.69999694824219	82.5	78.69999694824219	82.5	210992	2024/12/11 
2024/12/12 	82.30000305175781	82.30000305175781	80.0	80.80000305175781	151262	2024/12/12 
2024/12/13 	81.0	81.0	79.80000305175781	80.4000015258789	29770	2024/12/13 
2024/12/16 	81.69999694824219	81.69999694824219	79.0999984741211	79.30000305175781	128386	2024/12/16 
2024/12/17 	80.69999694824219	80.69999694824219	79.0	79.0999984741211	94460	2024/12/17 
2024/12/18 	78.9000015258789	80.30000305175781	78.9000015258789	80.30000305175781	45500	2024/12/18 
2024/12/19 	78.80000305175781	80.0999984741211	78.69999694824219	79.5	43735	2024/12/19 
2024/12/20 	79.9000015258789	79.9000015258789	78.69999694824219	78.9000015258789	55391	2024/12/20 
2024/12/23 	78.9000015258789	79.0	78.30000305175781	78.69999694824219	102508	2024/12/23 
2024/12/24 	78.0	79.30000305175781	78.0	78.5999984741211	37909	2024/12/24 
2024/12/25 	79.0	79.30000305175781	78.80000305175781	79.30000305175781	30615	2024/12/25 
2024/12/26 	78.5999984741211	79.19999694824219	78.5999984741211	78.5999984741211	51337	2024/12/26 
2024/12/27 	79.0	79.30000305175781	78.5999984741211	79.19999694824219	84181	2024/12/27 
2024/12/30 	79.30000305175781	79.30000305175781	78.19999694824219	78.80000305175781	156116	2024/12/30 
2024/12/31 	78.4000015258789	78.69999694824219	77.80000305175781	78.0999984741211	121701	2024/12/31 
2025/01/02 	78.80000305175781	78.80000305175781	77.69999694824219	78.0999984741211	122686	2025/01/02 
2025/01/03 	77.5999984741211	78.0999984741211	76.69999694824219	77.0999984741211	119304	2025/01/03 
2025/01/06 	77.0999984741211	77.19999694824219	76.5999984741211	77.0999984741211	105326	2025/01/06 
2025/01/07 	78.0	78.30000305175781	77.4000015258789	78.30000305175781	53500	2025/01/07 
2025/01/08 	78.30000305175781	79.19999694824219	78.0	78.0	28023	2025/01/08 
2025/01/09 	78.0999984741211	78.4000015258789	77.9000015258789	78.19999694824219	79495	2025/01/09 
2025/01/10 	78.19999694824219	78.19999694824219	77.69999694824219	78.0999984741211	22680	2025/01/10 
2025/01/13 	77.80000305175781	77.80000305175781	76.19999694824219	77.30000305175781	69487	2025/01/13 
2025/01/14 	77.0	77.5	76.9000015258789	77.0	29300	2025/01/14 
2025/01/15 	77.0	77.5	75.69999694824219	76.19999694824219	149349	2025/01/15 
2025/01/16 	76.4000015258789	77.19999694824219	76.19999694824219	76.69999694824219	29500	2025/01/16 
2025/01/17 	76.5999984741211	77.30000305175781	76.5999984741211	77.30000305175781	27260	2025/01/17 
2025/01/20 	76.69999694824219	77.0	76.30000305175781	77.0	49801	2025/01/20 
2025/01/21 	76.5	76.9000015258789	76.5	76.9000015258789	9500	2025/01/21 
2025/01/22 	77.0	77.0	75.0	76.5	49580	2025/01/22 
2025/02/03 	75.80000305175781	77.9000015258789	75.5	77.30000305175781	56750	2025/02/03 
2025/02/04 	77.0	77.0	76.0	76.9000015258789	64765	2025/02/04 
2025/02/05 	76.69999694824219	77.0	76.19999694824219	76.80000305175781	67835	2025/02/05 
2025/02/06 	77.0	77.0	76.0	76.0	70499	2025/02/06 
2025/02/07 	76.4000015258789	76.4000015258789	74.5	75.30000305175781	93695	2025/02/07 
2025/02/10 	75.19999694824219	79.9000015258789	75.19999694824219	79.80000305175781	120845	2025/02/10 
2025/02/11 	78.5	79.0999984741211	78.0	78.0	130560	2025/02/11 
2025/02/12 	78.30000305175781	78.80000305175781	77.19999694824219	77.30000305175781	75050	2025/02/12 
2025/02/13 	77.5999984741211	78.30000305175781	77.30000305175781	77.5	42250	2025/02/13 
2025/02/14 	77.30000305175781	77.80000305175781	77.0	77.19999694824219	38521	2025/02/14 
2025/02/17 	78.0	78.0	77.0	77.5	39692	2025/02/17 
2025/02/18 	77.80000305175781	81.9000015258789	77.80000305175781	81.19999694824219	260829	2025/02/18 
2025/02/19 	81.19999694824219	83.0	81.0	81.5999984741211	180414	2025/02/19 
2025/02/20 	82.30000305175781	82.5999984741211	81.5	82.4000015258789	160467	2025/02/20 
2025/02/21 	81.9000015258789	82.0	80.5	81.19999694824219	115655	2025/02/21 
2025/02/24 	82.0	84.5	82.0	82.4000015258789	188743	2025/02/24 
2025/02/25 	82.0	82.30000305175781	81.19999694824219	81.5	132193	2025/02/25 
2025/02/26 	81.9000015258789	81.9000015258789	79.5	80.69999694824219	98946	2025/02/26 
2025/02/27 	80.69999694824219	81.30000305175781	80.0	81.19999694824219	75048	2025/02/27 
2025/03/03 	81.19999694824219	82.9000015258789	81.0	81.5999984741211	183146	2025/03/03 
2025/03/04 	81.4000015258789	82.19999694824219	80.5	81.9000015258789	104782	2025/03/04 
2025/03/05 	82.0	82.4000015258789	81.9000015258789	82.0999984741211	59066	2025/03/05 
2025/03/06 	82.5999984741211	82.5999984741211	81.5	81.9000015258789	77570	2025/03/06 
2025/03/07 	81.4000015258789	81.80000305175781	80.4000015258789	81.0	75871	2025/03/07 
2025/03/10 	82.0	82.0	80.80000305175781	81.0999984741211	71885	2025/03/10 
2025/03/11 	81.30000305175781	81.30000305175781	78.69999694824219	79.80000305175781	89081	2025/03/11 
2025/03/12 	80.0	80.30000305175781	79.80000305175781	80.0	25525	2025/03/12 
2025/03/13 	80.19999694824219	80.19999694824219	78.69999694824219	79.4000015258789	113971	2025/03/13 
2025/03/14 	79.69999694824219	80.0999984741211	79.0	79.69999694824219	18132	2025/03/14 
2025/03/17 	79.69999694824219	79.69999694824219	78.0999984741211	79.69999694824219	66379	2025/03/17 
2025/03/18 	79.69999694824219	80.30000305175781	78.5	79.9000015258789	79267	2025/03/18 
2025/03/19 	79.9000015258789	79.9000015258789	78.9000015258789	78.9000015258789	17103	2025/03/19 
2025/03/20 	79.9000015258789	79.9000015258789	78.69999694824219	79.9000015258789	92160	2025/03/20 
2025/03/21 	79.30000305175781	79.9000015258789	79.0	79.0	30510	2025/03/21 
2025/03/24 	79.5	80.30000305175781	79.0	79.80000305175781	90140	2025/03/24 
2025/03/25 	79.80000305175781	80.0999984741211	78.69999694824219	79.5	118609	2025/03/25 
2025/03/26 	79.69999694824219	79.9000015258789	79.0	79.9000015258789	16848	2025/03/26 
2025/03/27 	79.30000305175781	80.0	78.80000305175781	80.0	74834	2025/03/27 
2025/03/28 	79.0	79.5999984741211	78.0	79.5999984741211	73725	2025/03/28 
2025/03/31 	79.5	79.5	76.69999694824219	76.69999694824219	119121	2025/03/31 
2025/04/01 	77.9000015258789	79.19999694824219	77.9000015258789	78.5	52800	2025/04/01 
2025/04/02 	78.5	79.0	78.19999694824219	78.30000305175781	61804	2025/04/02 
2025/04/07 	76.0	76.0	63.20000076293945	63.400001525878906	336595	2025/04/07 
2025/04/08 	63.5	67.80000305175781	63.5	66.5	171339	2025/04/08 
2025/04/09 	67.0	67.0	61.79999923706055	62.0	162251	2025/04/09 
2025/04/10 	70.0	72.69999694824219	64.19999694824219	71.9000015258789	175289	2025/04/10 
2025/04/11 	72.0	72.0	68.0	68.9000015258789	60138	2025/04/11 
2025/04/14 	69.0	69.5999984741211	68.4000015258789	69.0	56155	2025/04/14 
2025/04/15 	68.30000305175781	69.4000015258789	68.0	69.30000305175781	63840	2025/04/15 
2025/04/16 	69.0	69.0	66.9000015258789	68.0	35395	2025/04/16 
2025/04/17 	67.69999694824219	67.69999694824219	66.30000305175781	66.30000305175781	30831	2025/04/17 
2025/04/18 	65.5999984741211	66.9000015258789	65.5999984741211	66.69999694824219	41253	2025/04/18 
2025/04/21 	66.30000305175781	66.80000305175781	65.5999984741211	65.5999984741211	52712	2025/04/21 
2025/04/22 	66.0	66.19999694824219	65.19999694824219	65.9000015258789	13733	2025/04/22 
2025/04/23 	65.9000015258789	68.30000305175781	65.9000015258789	67.30000305175781	29446	2025/04/23 
2025/04/24 	67.0	67.30000305175781	66.30000305175781	67.0	22199	2025/04/24 
2025/04/25 	67.0	68.69999694824219	66.80000305175781	68.30000305175781	21177	2025/04/25 
2025/04/28 	68.19999694824219	69.69999694824219	67.19999694824219	68.19999694824219	58184	2025/04/28 
2025/04/29 	66.69999694824219	68.19999694824219	66.5	66.5	64908	2025/04/29 
2025/04/30 	67.0999984741211	67.0999984741211	66.0	67.0999984741211	74585	2025/04/30 
2025/05/02 	67.0	67.30000305175781	66.0	66.69999694824219	22266	2025/05/02 
2025/05/05 	65.69999694824219	66.4000015258789	64.9000015258789	65.5	48525	2025/05/05 
2025/05/06 	65.0	66.0	64.80000305175781	65.5	17113	2025/05/06 
2025/05/07 	65.5	67.0	65.0	66.9000015258789	19022	2025/05/07 
2025/05/08 	66.9000015258789	66.9000015258789	64.9000015258789	66.30000305175781	2895	2025/05/08 
2025/05/09 	66.30000305175781	67.30000305175781	66.0999984741211	66.30000305175781	22531	2025/05/09 
2025/05/12 	66.0999984741211	66.30000305175781	63.79999923706055	64.9000015258789	124804	2025/05/12 
2025/05/13 	64.0	65.30000305175781	64.0	65.0999984741211	35073	2025/05/13 
2025/05/14 	65.0	65.19999694824219	64.0999984741211	64.5999984741211	75615	2025/05/14 
2025/05/15 	64.5999984741211	64.69999694824219	63.79999923706055	64.4000015258789	125540	2025/05/15 
2025/05/16 	64.19999694824219	64.5	63.70000076293945	64.19999694824219	55357	2025/05/16 
2025/05/19 	63.70000076293945	64.4000015258789	63.599998474121094	64.0999984741211	49375	2025/05/19 
