Date	Open	High	Low	Close	Volume	Date
2024/08/16 	41.349998474121094	42.0	36.75	37.25	207144	2024/08/16 
2024/08/19 	38.0	41.04999923706055	37.099998474121094	39.95000076293945	181827	2024/08/19 
2024/08/20 	39.849998474121094	52.20000076293945	39.849998474121094	51.29999923706055	132049	2024/08/20 
2024/08/21 	51.0	65.19999694824219	49.0	59.79999923706055	301793	2024/08/21 
2024/08/22 	59.0	59.0	52.79999923706055	55.5	111842	2024/08/22 
2024/08/23 	55.599998474121094	57.29999923706055	55.5	57.20000076293945	26730	2024/08/23 
2024/08/26 	57.400001525878906	61.20000076293945	57.400001525878906	60.400001525878906	128317	2024/08/26 
2024/08/27 	60.900001525878906	61.5	57.099998474121094	57.5	90285	2024/08/27 
2024/08/28 	58.5	58.5	58.099998474121094	58.099998474121094	11658	2024/08/28 
2024/08/29 	59.0	60.5	57.900001525878906	60.20000076293945	195672	2024/08/29 
2024/08/30 	60.20000076293945	60.599998474121094	60.0	60.0	36511	2024/08/30 
2024/09/02 	60.20000076293945	60.400001525878906	59.79999923706055	59.900001525878906	37030	2024/09/02 
2024/09/03 	59.79999923706055	59.79999923706055	52.20000076293945	54.79999923706055	67875	2024/09/03 
2024/09/04 	55.599998474121094	55.79999923706055	55.29999923706055	55.599998474121094	27900	2024/09/04 
2024/09/05 	55.79999923706055	57.0	55.79999923706055	56.0	2054	2024/09/05 
2024/09/06 	56.599998474121094	56.599998474121094	55.0	55.5	5800	2024/09/06 
2024/09/09 	55.79999923706055	56.70000076293945	55.0	56.0	7901	2024/09/09 
2024/09/10 	56.0	56.0	51.900001525878906	52.099998474121094	70654	2024/09/10 
2024/09/11 	51.900001525878906	51.900001525878906	47.20000076293945	49.29999923706055	46393	2024/09/11 
2024/09/12 	49.20000076293945	49.20000076293945	49.0	49.0	15000	2024/09/12 
2024/09/13 	49.0	49.0	47.849998474121094	48.0	10400	2024/09/13 
2024/09/16 	48.5	48.5	48.400001525878906	48.400001525878906	3000	2024/09/16 
2024/09/18 	48.45000076293945	48.45000076293945	48.150001525878906	48.150001525878906	9703	2024/09/18 
2024/09/19 	48.29999923706055	48.29999923706055	47.849998474121094	48.0	9003	2024/09/19 
2024/09/20 	48.150001525878906	48.45000076293945	48.0	48.29999923706055	16000	2024/09/20 
2024/09/23 	48.5	48.5	48.5	48.5	5000	2024/09/23 
2024/09/24 	48.5	49.0	48.5	48.5	4000	2024/09/24 
2024/09/25 	48.5	48.5	48.5	48.5	0	2024/09/25 
2024/09/26 	48.150001525878906	48.5	48.150001525878906	48.5	3000	2024/09/26 
2024/09/27 	48.099998474121094	48.5	48.099998474121094	48.25	4001	2024/09/27 
2024/09/30 	49.0	49.0	48.349998474121094	48.349998474121094	4005	2024/09/30 
2024/10/01 	48.349998474121094	48.349998474121094	48.349998474121094	48.349998474121094	0	2024/10/01 
2024/10/04 	48.5	48.599998474121094	48.45000076293945	48.599998474121094	4005	2024/10/04 
2024/10/07 	49.5	49.5	49.349998474121094	49.349998474121094	6000	2024/10/07 
2024/10/08 	49.400001525878906	49.5	48.849998474121094	49.400001525878906	7007	2024/10/08 
2024/10/09 	49.5	49.5	48.5	48.650001525878906	8110	2024/10/09 
2024/10/11 	48.400001525878906	48.400001525878906	48.400001525878906	48.400001525878906	2	2024/10/11 
2024/10/14 	48.400001525878906	48.400001525878906	48.400001525878906	48.400001525878906	0	2024/10/14 
2024/10/15 	49.0	49.0	48.5	48.5	2001	2024/10/15 
2024/10/16 	49.150001525878906	49.150001525878906	49.150001525878906	49.150001525878906	1000	2024/10/16 
2024/10/17 	49.400001525878906	49.400001525878906	48.25	48.25	8057	2024/10/17 
2024/10/18 	48.5	48.5	48.5	48.5	1051	2024/10/18 
2024/10/21 	48.5	48.5	48.400001525878906	48.5	3030	2024/10/21 
2024/10/22 	48.0	48.349998474121094	48.0	48.0	2129	2024/10/22 
2024/10/23 	47.79999923706055	48.5	47.79999923706055	48.5	3000	2024/10/23 
2024/10/24 	47.70000076293945	48.20000076293945	47.70000076293945	48.0	4010	2024/10/24 
2024/10/25 	47.650001525878906	48.5	47.650001525878906	48.5	1026	2024/10/25 
2024/10/28 	48.5	48.5	48.5	48.5	0	2024/10/28 
2024/10/29 	48.099998474121094	48.099998474121094	48.0	48.0	2010	2024/10/29 
2024/10/30 	48.20000076293945	48.20000076293945	48.0	48.0	4000	2024/10/30 
2024/11/01 	48.04999923706055	48.099998474121094	48.04999923706055	48.099998474121094	2050	2024/11/01 
2024/11/04 	48.150001525878906	48.150001525878906	48.0	48.0	2000	2024/11/04 
2024/11/05 	48.0	48.0	48.0	48.0	0	2024/11/05 
2024/11/06 	48.0	48.099998474121094	47.849998474121094	48.099998474121094	3000	2024/11/06 
2024/11/07 	47.75	47.75	47.75	47.75	1000	2024/11/07 
2024/11/08 	48.150001525878906	48.150001525878906	47.79999923706055	47.79999923706055	9000	2024/11/08 
2024/11/11 	47.70000076293945	47.95000076293945	47.70000076293945	47.95000076293945	4021	2024/11/11 
2024/11/12 	47.70000076293945	47.70000076293945	47.349998474121094	47.349998474121094	7001	2024/11/12 
2024/11/13 	47.349998474121094	47.400001525878906	47.0	47.349998474121094	2031	2024/11/13 
2024/11/14 	47.5	47.70000076293945	47.5	47.70000076293945	3000	2024/11/14 
2024/11/15 	47.5	47.5	47.5	47.5	1000	2024/11/15 
2024/11/18 	47.29999923706055	47.29999923706055	46.5	46.5	4000	2024/11/18 
2024/11/19 	47.0	47.0	47.0	47.0	2000	2024/11/19 
2024/11/20 	47.0	47.0	47.0	47.0	0	2024/11/20 
2024/11/21 	46.95000076293945	47.099998474121094	46.95000076293945	47.099998474121094	3400	2024/11/21 
2024/11/22 	47.099998474121094	47.099998474121094	47.0	47.0	3000	2024/11/22 
2024/11/25 	47.150001525878906	47.150001525878906	47.099998474121094	47.099998474121094	2000	2024/11/25 
2024/11/26 	46.75	46.75	46.75	46.75	2000	2024/11/26 
2024/11/27 	46.5	46.5	45.849998474121094	46.0	10000	2024/11/27 
2024/11/28 	45.79999923706055	45.79999923706055	44.04999923706055	45.0	9101	2024/11/28 
2024/11/29 	44.849998474121094	45.0	44.849998474121094	45.0	4000	2024/11/29 
2024/12/02 	44.04999923706055	44.5	44.04999923706055	44.04999923706055	7000	2024/12/02 
2024/12/03 	44.04999923706055	44.04999923706055	44.04999923706055	44.04999923706055	0	2024/12/03 
2024/12/04 	44.04999923706055	45.099998474121094	44.04999923706055	45.099998474121094	7001	2024/12/04 
2024/12/05 	45.099998474121094	45.099998474121094	45.099998474121094	45.099998474121094	0	2024/12/05 
2024/12/06 	44.04999923706055	44.29999923706055	44.04999923706055	44.29999923706055	2000	2024/12/06 
2024/12/09 	44.29999923706055	44.29999923706055	44.29999923706055	44.29999923706055	0	2024/12/09 
2024/12/10 	44.0	44.150001525878906	44.0	44.150001525878906	5001	2024/12/10 
2024/12/11 	43.349998474121094	44.0	42.95000076293945	43.0	11630	2024/12/11 
2024/12/12 	44.0	44.0	44.0	44.0	2000	2024/12/12 
2024/12/13 	44.0	44.0	44.0	44.0	0	2024/12/13 
2024/12/16 	44.0	44.0	44.0	44.0	0	2024/12/16 
2024/12/17 	42.79999923706055	42.900001525878906	42.79999923706055	42.900001525878906	2	2024/12/17 
2024/12/18 	42.70000076293945	42.70000076293945	42.70000076293945	42.70000076293945	3000	2024/12/18 
2024/12/19 	41.349998474121094	41.349998474121094	40.349998474121094	40.349998474121094	12000	2024/12/19 
2024/12/20 	39.45000076293945	40.0	39.400001525878906	39.400001525878906	7010	2024/12/20 
2024/12/23 	39.0	39.599998474121094	38.54999923706055	39.599998474121094	6000	2024/12/23 
2024/12/24 	39.599998474121094	39.599998474121094	39.599998474121094	39.599998474121094	0	2024/12/24 
2024/12/25 	37.650001525878906	37.79999923706055	37.599998474121094	37.599998474121094	12000	2024/12/25 
2024/12/26 	37.75	37.95000076293945	37.0	37.0	7010	2024/12/26 
2024/12/27 	37.75	37.79999923706055	37.75	37.79999923706055	5000	2024/12/27 
2024/12/30 	37.04999923706055	37.20000076293945	37.0	37.150001525878906	16010	2024/12/30 
2024/12/31 	37.150001525878906	37.150001525878906	37.150001525878906	37.150001525878906	0	2024/12/31 
2025/01/02 	37.150001525878906	37.150001525878906	37.150001525878906	37.150001525878906	0	2025/01/02 
2025/01/03 	36.900001525878906	37.04999923706055	36.849998474121094	37.04999923706055	1053	2025/01/03 
2025/01/06 	37.04999923706055	37.04999923706055	36.75	36.75	7500	2025/01/06 
2025/01/07 	36.75	36.75	36.75	36.75	0	2025/01/07 
2025/01/08 	36.75	36.75	36.75	36.75	0	2025/01/08 
2025/01/09 	36.75	36.75	36.75	36.75	0	2025/01/09 
2025/01/10 	36.0	36.79999923706055	35.29999923706055	36.79999923706055	2032	2025/01/10 
2025/01/13 	35.20000076293945	35.70000076293945	35.20000076293945	35.5	2030	2025/01/13 
2025/01/14 	35.900001525878906	35.900001525878906	35.900001525878906	35.900001525878906	2	2025/01/14 
2025/01/15 	35.150001525878906	35.150001525878906	34.20000076293945	34.20000076293945	2002	2025/01/15 
2025/01/16 	34.20000076293945	34.20000076293945	34.20000076293945	34.20000076293945	0	2025/01/16 
2025/01/17 	33.54999923706055	33.599998474121094	32.099998474121094	33.0	13650	2025/01/17 
2025/01/20 	33.20000076293945	33.20000076293945	32.0	32.04999923706055	6030	2025/01/20 
2025/01/21 	32.29999923706055	32.29999923706055	32.29999923706055	32.29999923706055	1000	2025/01/21 
2025/01/22 	31.850000381469727	31.850000381469727	30.75	31.100000381469727	28105	2025/01/22 
2025/02/03 	31.049999237060547	31.100000381469727	30.549999237060547	31.100000381469727	3057	2025/02/03 
2025/02/04 	31.100000381469727	31.100000381469727	31.100000381469727	31.100000381469727	1	2025/02/04 
2025/02/05 	31.100000381469727	31.100000381469727	30.600000381469727	30.600000381469727	3000	2025/02/05 
2025/02/06 	31.100000381469727	31.100000381469727	30.549999237060547	30.549999237060547	1100	2025/02/06 
2025/02/07 	30.0	30.049999237060547	29.799999237060547	29.950000762939453	51535	2025/02/07 
2025/02/10 	29.799999237060547	30.0	28.600000381469727	29.5	46844	2025/02/10 
2025/02/11 	29.0	29.950000762939453	28.700000762939453	29.950000762939453	10085	2025/02/11 
2025/02/12 	29.0	29.100000381469727	26.75	27.0	37319	2025/02/12 
2025/02/13 	27.299999237060547	27.299999237060547	25.5	26.799999237060547	39871	2025/02/13 
2025/02/14 	26.399999618530273	26.5	24.649999618530273	25.0	50870	2025/02/14 
2025/02/17 	25.0	25.25	23.799999237060547	25.200000762939453	61717	2025/02/17 
2025/02/18 	24.25	25.0	21.899999618530273	24.399999618530273	52277	2025/02/18 
2025/02/19 	23.5	23.850000381469727	22.899999618530273	22.899999618530273	28089	2025/02/19 
2025/02/20 	23.5	24.5	23.0	24.0	62138	2025/02/20 
2025/02/21 	23.649999618530273	23.75	22.350000381469727	23.399999618530273	63028	2025/02/21 
2025/02/24 	23.450000762939453	24.399999618530273	23.450000762939453	24.399999618530273	216866	2025/02/24 
2025/02/25 	24.200000762939453	24.5	23.700000762939453	24.0	240191	2025/02/25 
2025/02/26 	24.399999618530273	24.5	23.899999618530273	24.149999618530273	64507	2025/02/26 
2025/02/27 	24.350000381469727	24.399999618530273	24.100000381469727	24.25	80123	2025/02/27 
2025/03/03 	24.25	24.25	23.200000762939453	23.450000762939453	88310	2025/03/03 
2025/03/04 	22.600000381469727	23.100000381469727	21.950000762939453	23.100000381469727	123869	2025/03/04 
2025/03/05 	23.100000381469727	23.600000381469727	23.0	23.049999237060547	63010	2025/03/05 
2025/03/06 	22.899999618530273	23.0	22.5	22.700000762939453	45102	2025/03/06 
2025/03/07 	23.049999237060547	23.049999237060547	21.950000762939453	22.200000762939453	100100	2025/03/07 
2025/03/10 	22.399999618530273	23.0	21.899999618530273	21.899999618530273	69107	2025/03/10 
2025/03/11 	22.0	22.0	21.399999618530273	21.600000381469727	247286	2025/03/11 
2025/03/12 	21.549999237060547	21.600000381469727	21.299999237060547	21.399999618530273	59010	2025/03/12 
2025/03/13 	21.200000762939453	22.100000381469727	21.100000381469727	21.700000762939453	350215	2025/03/13 
2025/03/14 	21.850000381469727	24.100000381469727	21.850000381469727	22.5	491724	2025/03/14 
2025/03/17 	21.5	23.200000762939453	21.399999618530273	22.700000762939453	199029	2025/03/17 
2025/03/18 	22.5	23.100000381469727	22.399999618530273	22.850000381469727	74832	2025/03/18 
2025/03/19 	22.399999618530273	22.5	21.5	22.399999618530273	164361	2025/03/19 
2025/03/20 	21.899999618530273	23.100000381469727	21.049999237060547	21.049999237060547	151774	2025/03/20 
2025/03/21 	21.25	22.25	21.149999618530273	21.200000762939453	7305	2025/03/21 
2025/03/24 	21.149999618530273	21.549999237060547	20.899999618530273	21.25	15680	2025/03/24 
2025/03/25 	20.600000381469727	20.950000762939453	19.899999618530273	20.0	32262	2025/03/25 
2025/03/26 	20.200000762939453	20.200000762939453	19.899999618530273	20.100000381469727	10181	2025/03/26 
2025/03/27 	20.149999618530273	20.75	20.100000381469727	20.75	165013	2025/03/27 
2025/03/28 	20.399999618530273	21.100000381469727	19.899999618530273	20.5	38093	2025/03/28 
2025/03/31 	19.899999618530273	20.149999618530273	19.149999618530273	20.100000381469727	118195	2025/03/31 
2025/04/01 	19.549999237060547	20.0	19.049999237060547	19.950000762939453	7717	2025/04/01 
2025/04/02 	19.0	19.899999618530273	19.0	19.899999618530273	1016	2025/04/02 
2025/04/07 	18.049999237060547	18.049999237060547	13.699999809265137	15.649999618530273	157721	2025/04/07 
2025/04/08 	15.649999618530273	15.649999618530273	13.399999618530273	13.5	126966	2025/04/08 
2025/04/09 	13.5	13.5	11.699999809265137	11.949999809265137	115747	2025/04/09 
2025/04/10 	12.0	14.199999809265137	12.0	14.0	77100	2025/04/10 
2025/04/11 	13.850000381469727	14.800000190734863	13.850000381469727	14.800000190734863	24110	2025/04/11 
2025/04/14 	14.800000190734863	18.100000381469727	14.800000190734863	18.100000381469727	73761	2025/04/14 
2025/04/15 	18.5	18.5	18.049999237060547	18.049999237060547	56900	2025/04/15 
2025/04/16 	18.0	18.200000762939453	18.0	18.0	11800	2025/04/16 
2025/04/17 	18.399999618530273	18.399999618530273	18.399999618530273	18.399999618530273	1000	2025/04/17 
2025/04/18 	18.450000762939453	21.5	18.450000762939453	20.0	121268	2025/04/18 
2025/04/21 	19.450000762939453	19.450000762939453	18.450000762939453	18.450000762939453	20501	2025/04/21 
2025/04/22 	18.100000381469727	18.5	18.100000381469727	18.5	12000	2025/04/22 
2025/04/23 	18.549999237060547	19.399999618530273	18.450000762939453	18.549999237060547	33320	2025/04/23 
2025/04/24 	18.549999237060547	18.549999237060547	18.549999237060547	18.549999237060547	0	2025/04/24 
2025/04/25 	19.049999237060547	19.5	19.0	19.0	12200	2025/04/25 
2025/04/28 	19.200000762939453	19.25	19.149999618530273	19.149999618530273	10000	2025/04/28 
2025/04/29 	18.5	18.5	18.450000762939453	18.450000762939453	10000	2025/04/29 
2025/04/30 	18.100000381469727	18.100000381469727	18.100000381469727	18.100000381469727	5000	2025/04/30 
2025/05/02 	18.549999237060547	18.549999237060547	18.549999237060547	18.549999237060547	1000	2025/05/02 
2025/05/05 	17.700000762939453	17.700000762939453	17.700000762939453	17.700000762939453	1000	2025/05/05 
2025/05/06 	17.700000762939453	17.700000762939453	17.700000762939453	17.700000762939453	0	2025/05/06 
2025/05/07 	18.0	18.0	17.600000381469727	17.600000381469727	14150	2025/05/07 
2025/05/08 	16.950000762939453	16.950000762939453	16.700000762939453	16.799999237060547	8200	2025/05/08 
2025/05/09 	16.799999237060547	16.799999237060547	16.799999237060547	16.799999237060547	0	2025/05/09 
2025/05/12 	16.549999237060547	16.549999237060547	15.800000190734863	15.850000381469727	21600	2025/05/12 
2025/05/13 	15.75	15.75	15.199999809265137	15.25	30310	2025/05/13 
2025/05/14 	15.25	15.25	14.850000381469727	15.199999809265137	8400	2025/05/14 
2025/05/15 	15.199999809265137	15.199999809265137	14.949999809265137	15.0	4000	2025/05/15 
2025/05/16 	14.600000381469727	14.949999809265137	14.600000381469727	14.949999809265137	30810	2025/05/16 
2025/05/19 	14.5	14.550000190734863	12.600000381469727	13.0	77854	2025/05/19 
2025/05/20 	12.800000190734863	12.850000381469727	12.699999809265137	12.699999809265137	21000	2025/05/20 
2025/05/21 	13.050000190734863	13.5	13.0	13.5	29461	2025/05/21 
2025/05/22 	13.0	14.75	13.0	14.300000190734863	58250	2025/05/22 
2025/05/23 	13.75	14.300000190734863	13.75	14.050000190734863	72000	2025/05/23 
2025/05/26 	14.0	14.050000190734863	13.850000381469727	14.0	35920	2025/05/26 
2025/05/27 	14.0	14.0	14.0	14.0	0	2025/05/27 
2025/05/28 	14.550000190734863	14.600000381469727	13.949999809265137	14.5	77500	2025/05/28 
2025/05/29 	14.5	14.75	14.5	14.699999809265137	36070	2025/05/29 
2025/06/02 	15.0	15.699999809265137	14.600000381469727	14.600000381469727	31512	2025/06/02 
2025/06/03 	14.550000190734863	14.550000190734863	14.550000190734863	14.550000190734863	2500	2025/06/03 
2025/06/04 	14.949999809265137	18.100000381469727	14.949999809265137	17.350000381469727	108300	2025/06/04 
2025/06/05 	16.899999618530273	17.100000381469727	15.949999809265137	17.0	57100	2025/06/05 
2025/06/06 	17.399999618530273	18.850000381469727	17.299999237060547	18.850000381469727	17864	2025/06/06 
2025/06/09 	18.549999237060547	22.5	18.549999237060547	22.450000762939453	185023	2025/06/09 
2025/06/10 	22.399999618530273	23.100000381469727	22.399999618530273	22.950000762939453	182470	2025/06/10 
2025/06/11 	22.100000381469727	23.25	21.950000762939453	23.149999618530273	135360	2025/06/11 
2025/06/12 	23.0	23.600000381469727	22.399999618530273	23.200000762939453	99809	2025/06/12 
2025/06/13 	22.700000762939453	23.100000381469727	22.700000762939453	23.100000381469727	19000	2025/06/13 
2025/06/16 	23.100000381469727	23.100000381469727	22.799999237060547	23.100000381469727	54400	2025/06/16 
2025/06/17 	22.850000381469727	22.899999618530273	22.299999237060547	22.299999237060547	50521	2025/06/17 
2025/06/18 	21.5	22.549999237060547	21.5	22.549999237060547	9000	2025/06/18 
2025/06/19 	22.399999618530273	22.850000381469727	22.399999618530273	22.450000762939453	55000	2025/06/19 
2025/06/20 	22.399999618530273	22.899999618530273	21.899999618530273	22.0	44000	2025/06/20 
2025/06/23 	22.049999237060547	22.049999237060547	19.600000381469727	19.700000762939453	100208	2025/06/23 
2025/06/24 	19.799999237060547	21.100000381469727	19.799999237060547	20.899999618530273	29200	2025/06/24 
2025/06/25 	21.350000381469727	21.350000381469727	21.350000381469727	21.350000381469727	6000	2025/06/25 
2025/06/26 	20.299999237060547	21.0	20.25	21.0	69057	2025/06/26 
2025/06/27 	20.850000381469727	20.850000381469727	19.899999618530273	20.200000762939453	120000	2025/06/27 
2025/06/30 	20.399999618530273	20.399999618530273	20.0	20.100000381469727	37000	2025/06/30 
2025/07/01 	19.899999618530273	20.200000762939453	19.399999618530273	19.5	62000	2025/07/01 
2025/07/02 	19.600000381469727	19.600000381469727	18.75	19.600000381469727	88400	2025/07/02 
2025/07/03 	19.0	19.649999618530273	19.0	19.600000381469727	36000	2025/07/03 
2025/07/04 	19.5	20.0	19.450000762939453	19.899999618530273	154200	2025/07/04 
2025/07/07 	19.799999237060547	20.100000381469727	19.700000762939453	19.899999618530273	220200	2025/07/07 
2025/07/08 	19.799999237060547	21.299999237060547	19.799999237060547	21.299999237060547	439017	2025/07/08 
2025/07/09 	21.299999237060547	24.799999237060547	21.299999237060547	24.399999618530273	692634	2025/07/09 
2025/07/10 	24.600000381469727	25.350000381469727	23.899999618530273	24.899999618530273	573769	2025/07/10 
