Date	Open	High	Low	Close	Volume	Date
2023/12/22 	37.09437705699314	39.15517807006836	37.09437705699314	39.15517807006836	4000	2023/12/22 
2023/12/26 	37.48691357745775	37.48691357745775	36.35837936401367	36.35837936401367	5000	2023/12/26 
2023/12/28 	34.49384770516569	34.49384770516569	33.855979919433594	33.855979919433594	2000	2023/12/28 
2023/12/29 	33.85598275320871	34.346649169921875	33.85598275320871	34.346649169921875	2000	2023/12/29 
2024/01/02 	35.08264591269297	36.260245964753565	35.08264591269297	35.81864547729492	10001	2024/01/02 
2024/01/03 	35.32797928121772	36.55464522848223	34.73918112392572	36.11304473876953	31034	2024/01/03 
2024/01/04 	36.113044554438225	36.407443631581536	34.935444502377635	35.81864547729492	40033	2024/01/04 
2024/01/05 	35.13171161934114	35.81864529143601	33.855979796014864	35.52424621582031	49151	2024/01/05 
2024/01/08 	34.34664666359607	34.44477844238281	33.65971298162667	34.44477844238281	13006	2024/01/08 
2024/01/09 	33.757850646972656	33.85598243198916	33.757850646972656	33.757850646972656	19000	2024/01/09 
2024/01/10 	33.85598087310791	33.85598087310791	33.07091539866087	33.36531448364258	11001	2024/01/10 
2024/01/11 	32.87464933157404	33.31624984741211	32.62931612760707	33.31624984741211	11004	2024/01/11 
2024/01/12 	33.26718221698569	33.26718221698569	32.38398123146	32.62931442260742	15104	2024/01/12 
2024/01/15 	31.893315315246582	31.893315315246582	30.274116604359733	30.421316146850586	81918	2024/01/15 
2024/01/16 	29.93064994110654	29.93064994110654	27.967984371197918	28.753049850463867	61202	2024/01/16 
2024/01/17 	28.94931715615223	28.94931715615223	28.458650763675074	28.753049850463867	5000	2024/01/17 
2024/01/18 	28.94931715615223	28.94931715615223	28.753049850463867	28.753049850463867	12000	2024/01/18 
2024/01/19 	29.439983367919922	29.439983367919922	29.439983367919922	29.439983367919922	1	2024/01/19 
2024/01/22 	29.243716557688362	29.439983865489133	28.115184217193367	28.21331787109375	19008	2024/01/22 
2024/01/23 	28.0170504776843	28.066118240356445	28.0170504776843	28.066118240356445	4000	2024/01/23 
2024/01/24 	28.949316797042027	29.145584100295732	28.017049914202506	28.16425132751465	2021	2024/01/24 
2024/01/25 	28.16425092685809	28.16425092685809	26.495984488165035	27.575450897216797	133854	2024/01/25 
2024/01/26 	27.77171594805846	28.262382320792664	27.477316873115406	27.96798324584961	83013	2024/01/26 
2024/01/29 	28.36051623044106	31.30451449391405	28.36051623044106	31.20638084411621	93579	2024/01/29 
2024/01/30 	31.402648758191553	33.07091522216797	31.402648758191553	33.07091522216797	56242	2024/01/30 
2024/01/31 	32.92371565791929	34.3466490083931	32.92371565791929	34.052249908447266	30510	2024/01/31 
2024/02/01 	33.2671808792966	33.2671808792966	28.556782675627176	32.53118133544922	56660	2024/02/01 
2024/02/02 	31.402648326964016	31.598915627705022	30.911981946855203	31.50078010559082	17000	2024/02/02 
2024/02/05 	31.304515273539437	31.40264892578125	30.911982536315918	31.40264892578125	3200	2024/02/05 
2024/02/15 	30.911982536315918	31.40264892578125	29.83251610514344	31.40264892578125	19000	2024/02/15 
2024/02/16 	30.911983094313847	31.304515838623047	30.911983094313847	31.304515838623047	1003	2024/02/16 
2024/02/19 	29.930648803710938	29.930648803710938	29.930648803710938	29.930648803710938	1000	2024/02/19 
2024/02/20 	30.225049387964923	31.304515838623047	30.126917605695446	31.304515838623047	6000	2024/02/20 
2024/02/21 	30.274116604359733	31.40264892578125	30.274116604359733	31.40264892578125	7001	2024/02/21 
2024/02/22 	30.323182494608773	31.40264892578125	30.323182494608773	31.40264892578125	16000	2024/02/22 
2024/02/23 	30.911982536315918	30.961048426564957	30.22504884236696	30.421316146850586	17000	2024/02/23 
2024/02/26 	30.12691706186888	30.421316146850586	30.028783409627067	30.421316146850586	20385	2024/02/26 
2024/02/27 	29.930648987773772	30.421315364622522	29.930648987773772	30.225048065185547	23000	2024/02/27 
2024/02/29 	30.421317085387216	30.911983489990234	30.22504977484849	30.911983489990234	8000	2024/02/29 
2024/03/01 	30.32318304197816	31.304515838623047	30.126917605695446	31.304515838623047	7043	2024/03/01 
2024/03/04 	31.304516068157582	31.304516068157582	30.617584228515625	30.617584228515625	6000	2024/03/04 
2024/03/05 	31.304515838623047	31.304515838623047	31.304515838623047	31.304515838623047	1000	2024/03/05 
2024/03/06 	31.402649272270402	31.99144744873047	31.402649272270402	31.99144744873047	9002	2024/03/06 
2024/03/07 	31.402650669642856	34.346649169921875	31.402650669642856	34.346649169921875	21200	2024/03/07 
2024/03/08 	34.34664708954099	35.32797986352787	33.3653143155541	35.0335807800293	39069	2024/03/08 
2024/03/11 	35.42611082409934	35.42611082409934	33.36531354378963	33.855979919433594	31068	2024/03/11 
2024/03/12 	33.85598070254754	35.0335807800293	33.561581619048965	35.0335807800293	20004	2024/03/12 
2024/03/13 	34.93544543253665	35.327980041503906	34.54291456705687	35.327980041503906	12000	2024/03/13 
2024/03/14 	34.83731558663504	35.32798200334821	34.346649169921875	34.346649169921875	26000	2024/03/14 
2024/03/15 	34.83731558663504	34.83731558663504	34.346649169921875	34.346649169921875	16000	2024/03/15 
2024/03/18 	34.34664648092525	34.837312859224184	34.1503791809082	34.1503791809082	22000	2024/03/18 
2024/03/19 	35.03358179456129	35.03358179456129	34.346648084180174	34.69011306762695	18010	2024/03/19 
2024/03/20 	35.32798200334821	35.32798200334821	34.346649169921875	34.346649169921875	13000	2024/03/20 
2024/03/21 	35.327980041503906	35.81864643096924	35.327980041503906	35.327980041503906	30000	2024/03/21 
2024/03/22 	34.837311911376254	35.131710981648176	34.64104461669922	34.64104461669922	14000	2024/03/22 
2024/03/25 	35.08264667003115	35.08264667003115	34.34664708954099	35.0335807800293	14000	2024/03/25 
2024/03/26 	34.64104729585643	35.03358191556935	34.64104729585643	34.83731460571289	23000	2024/03/26 
2024/03/28 	34.64104827125224	34.83731558663504	34.15038185453907	34.346649169921875	63000	2024/03/28 
2024/03/29 	34.54291409089606	34.59197998046875	34.346646789117905	34.59197998046875	25000	2024/03/29 
2024/04/01 	34.837312859224184	34.837312859224184	33.75784832436149	34.1503791809082	26000	2024/04/01 
2024/04/02 	34.15038072643939	35.52424814524797	34.15038072643939	34.54291534423828	15000	2024/04/02 
2024/04/03 	34.24851738397431	34.59198237827846	34.24851738397431	34.346649169921875	19000	2024/04/03 
2024/04/08 	34.59197985405033	34.83731304450458	34.05224758374844	34.44477844238281	22000	2024/04/08 
2024/04/09 	34.83731460571289	34.83731460571289	34.83731460571289	34.83731460571289	2000	2024/04/09 
2024/04/10 	33.855981634833995	34.591981235591255	33.36531523432915	34.54291534423828	17000	2024/04/10 
2024/04/11 	33.36531336008455	33.561580657958984	33.36531336008455	33.561580657958984	5000	2024/04/11 
2024/04/12 	33.11997947313222	33.11997947313222	30.911980841590072	32.53118133544922	22001	2024/04/12 
2024/04/15 	32.53118133544922	32.53118133544922	32.53118133544922	32.53118133544922	2000	2024/04/15 
2024/04/16 	30.911981964663685	32.482112884521484	30.911981964663685	32.482112884521484	8000	2024/04/16 
2024/04/17 	32.38398187451559	33.65971374511719	32.18771456900284	33.65971374511719	10000	2024/04/17 
2024/04/19 	32.482114260050444	32.58024978637695	32.482114260050444	32.58024978637695	6000	2024/04/19 
2024/04/22 	32.187715333975056	32.87464904785156	31.991448023797833	32.87464904785156	19010	2024/04/22 
2024/04/23 	31.697047658866634	32.87464772920737	31.598915879458	31.795183181762695	12001	2024/04/23 
2024/04/24 	32.87464904785156	33.267183668206016	32.87464904785156	32.87464904785156	26000	2024/04/24 
2024/04/25 	32.874648927732586	32.874648927732586	32.727447509765625	32.727447509765625	5000	2024/04/25 
2024/04/26 	32.38398066953437	33.708778381347656	32.18771337132457	33.708778381347656	20000	2024/04/26 
2024/04/29 	32.874648456908076	33.3653148517873	31.795183885568786	31.99144744873047	32000	2024/04/29 
2024/04/30 	32.87464759885803	32.87464759885803	31.353582563130736	31.647981643676758	38000	2024/04/30 
2024/05/02 	31.30451509593302	31.991446914240928	30.911982360936538	31.10824966430664	45000	2024/05/02 
2024/05/03 	32.43304772227936	32.43304772227936	31.40264904905475	31.549850463867188	131000	2024/05/03 
2024/05/06 	32.383980736365686	32.383980736365686	31.598915285393684	31.893314361572266	9275	2024/05/06 
2024/05/07 	30.421315763210075	30.96104803611793	30.421315763210075	30.8138484954834	40000	2024/05/07 
2024/05/08 	30.5194497990924	30.5194497990924	28.851183326212777	29.439983367919922	69100	2024/05/08 
2024/05/09 	28.458649778260423	28.458649778260423	27.133850190096116	27.281049728393555	72306	2024/05/09 
2024/05/10 	27.57545107781452	27.869850158691406	27.47731742694099	27.869850158691406	16470	2024/05/10 
2024/05/13 	27.86985014450926	27.967983795332856	26.888517379760742	26.888517379760742	59674	2024/05/13 
2024/05/14 	27.869850050321556	27.869850050321556	26.692251859649314	26.741317749023438	164203	2024/05/14 
2024/05/15 	26.348786052670363	26.6431851439541	26.299718289627222	26.397851943969727	31000	2024/05/15 
2024/05/16 	26.888517587231398	26.888517587231398	26.20158576965332	26.20158576965332	2000	2024/05/16 
2024/05/17 	26.88851776835145	26.937585530344222	26.15251818415345	26.49598503112793	18000	2024/05/17 
2024/05/20 	27.37918472290039	27.37918472290039	27.37918472290039	27.37918472290039	1	2024/05/20 
2024/05/22 	26.594118683369743	26.692252335611556	26.10345229390441	26.49598503112793	10000	2024/05/22 
2024/05/23 	26.495985967462712	26.986652374267578	26.495985967462712	26.986652374267578	4000	2024/05/23 
2024/05/24 	27.477317894823628	28.605850219726562	27.281050589734534	28.605850219726562	4002	2024/05/24 
2024/05/27 	28.60585063237391	28.60585063237391	27.231985092163086	27.231985092163086	9004	2024/05/27 
2024/05/28 	27.23198452059328	27.23198452059328	25.36745262145996	25.36745262145996	29003	2024/05/28 
2024/05/29 	26.4959854255621	27.428252328121975	26.103452682495117	26.103452682495117	32004	2024/05/29 
2024/05/30 	26.495984852651965	26.495984852651965	26.20158576965332	26.20158576965332	4000	2024/05/30 
2024/05/31 	26.20158585499805	26.20158585499805	25.171185317659095	25.36745262145996	29365	2024/05/31 
2024/06/03 	25.416517667873777	26.00531768798828	25.416517667873777	26.00531768798828	4000	2024/06/03 
2024/06/04 	25.269318130781066	26.00531768798828	25.269318130781066	26.00531768798828	12000	2024/06/04 
2024/06/05 	25.220252393046433	25.51465146899117	25.17118463255986	25.318384170532227	9001	2024/06/05 
2024/06/06 	25.514652252197266	26.49598503112793	25.514652252197266	26.49598503112793	5000	2024/06/06 
2024/06/07 	25.907184349424018	26.446918487548828	25.907184349424018	26.446918487548828	2001	2024/06/07 
2024/06/11 	26.446918487548828	26.446918487548828	26.446918487548828	26.446918487548828	4000	2024/06/11 
2024/06/12 	25.514652819462675	26.397851965787627	25.171185964851922	25.416519165039062	774000	2024/06/12 
2024/06/14 	26.692251425438148	28.115182783321135	26.692251425438148	27.96798324584961	29000	2024/06/14 
2024/06/17 	28.654917719951243	29.636250492939386	28.654917719951243	29.145584106445312	21000	2024/06/17 
2024/06/18 	29.14558363506166	29.39091682434082	28.26238265626173	29.39091682434082	16001	2024/06/18 
2024/06/19 	28.94931755527005	29.390918063285234	28.360517501831055	28.360517501831055	16000	2024/06/19 
2024/06/20 	28.753049673970963	29.439983367919922	28.458650588989258	28.458650588989258	19000	2024/06/20 
2024/06/21 	29.39091788460416	29.538117429133074	27.673585497698095	28.066118240356445	28002	2024/06/21 
2024/06/24 	26.69225169981271	27.428251266479492	26.495984400004094	27.428251266479492	8001	2024/06/24 
2024/06/25 	27.428251919809554	27.575451462300407	26.49598503112793	26.49598503112793	19078	2024/06/25 
2024/06/26 	26.700000762939453	27.899999618530273	26.549999237060547	27.850000381469727	6201	2024/06/26 
2024/06/28 	27.850000381469727	28.100000381469727	27.850000381469727	28.100000381469727	22001	2024/06/28 
2024/07/01 	27.200000762939453	27.5	26.149999618530273	27.5	8052	2024/07/01 
2024/07/03 	27.5	27.5	27.5	27.5	2000	2024/07/03 
2024/07/04 	27.200000762939453	27.5	27.0	27.5	2900	2024/07/04 
2024/07/08 	27.5	28.0	26.149999618530273	26.600000381469727	33618	2024/07/08 
2024/07/09 	27.0	27.0	25.799999237060547	26.950000762939453	8001	2024/07/09 
2024/07/10 	25.700000762939453	25.700000762939453	25.700000762939453	25.700000762939453	3000	2024/07/10 
2024/07/11 	26.899999618530273	26.899999618530273	25.700000762939453	25.700000762939453	5000	2024/07/11 
2024/07/15 	25.700000762939453	26.0	25.700000762939453	26.0	3100	2024/07/15 
2024/07/16 	26.899999618530273	26.899999618530273	26.899999618530273	26.899999618530273	3000	2024/07/16 
2024/07/18 	27.0	27.0	27.0	27.0	1000	2024/07/18 
2024/07/19 	27.0	27.0	26.25	26.899999618530273	7004	2024/07/19 
2024/07/22 	26.0	26.200000762939453	25.700000762939453	26.200000762939453	4025	2024/07/22 
2024/07/26 	26.899999618530273	26.899999618530273	25.950000762939453	25.950000762939453	3000	2024/07/26 
2024/07/29 	26.899999618530273	28.350000381469727	26.899999618530273	28.350000381469727	39250	2024/07/29 
2024/07/30 	28.350000381469727	28.5	27.799999237060547	27.799999237060547	14100	2024/07/30 
2024/07/31 	27.149999618530273	27.200000762939453	27.0	27.100000381469727	16000	2024/07/31 
2024/08/01 	26.700000762939453	27.950000762939453	26.700000762939453	27.5	5000	2024/08/01 
2024/08/02 	27.950000762939453	27.950000762939453	26.700000762939453	26.700000762939453	1300	2024/08/02 
2024/08/05 	26.5	26.700000762939453	26.5	26.600000381469727	6000	2024/08/05 
2024/08/07 	27.0	27.0	27.0	27.0	5230	2024/08/07 
2024/08/08 	27.5	27.5	27.5	27.5	1000	2024/08/08 
2024/08/09 	27.5	27.5	27.5	27.5	900	2024/08/09 
2024/08/12 	27.5	27.649999618530273	26.899999618530273	26.899999618530273	4100	2024/08/12 
2024/08/13 	27.799999237060547	27.799999237060547	26.450000762939453	26.450000762939453	11780	2024/08/13 
2024/08/14 	27.799999237060547	27.799999237060547	26.450000762939453	27.0	6889	2024/08/14 
2024/08/15 	27.799999237060547	27.799999237060547	27.5	27.5	5050	2024/08/15 
2024/08/16 	28.25	28.25	28.25	28.25	311	2024/08/16 
2024/08/19 	28.25	28.799999237060547	27.600000381469727	28.799999237060547	33500	2024/08/19 
2024/08/20 	28.799999237060547	28.899999618530273	28.0	28.0	7029	2024/08/20 
2024/08/21 	27.600000381469727	28.0	27.100000381469727	27.100000381469727	11020	2024/08/21 
2024/08/22 	27.100000381469727	28.200000762939453	27.100000381469727	28.200000762939453	3400	2024/08/22 
2024/08/23 	28.200000762939453	28.299999237060547	28.0	28.299999237060547	16001	2024/08/23 
2024/08/26 	28.5	28.5	27.299999237060547	27.5	8000	2024/08/26 
2024/08/28 	28.5	28.5	28.100000381469727	28.100000381469727	7000	2024/08/28 
2024/08/29 	28.75	28.75	28.75	28.75	1	2024/08/29 
2024/08/30 	28.75	29.0	27.799999237060547	27.799999237060547	16000	2024/08/30 
2024/09/02 	29.0	29.0	28.799999237060547	28.799999237060547	450	2024/09/02 
2024/09/03 	27.799999237060547	29.100000381469727	27.799999237060547	29.100000381469727	5000	2024/09/03 
2024/09/04 	27.799999237060547	28.0	27.75	27.899999618530273	11100	2024/09/04 
2024/09/05 	28.549999237060547	28.549999237060547	28.549999237060547	28.549999237060547	1	2024/09/05 
2024/09/06 	27.75	27.75	27.75	27.75	1000	2024/09/06 
2024/09/09 	29.100000381469727	29.100000381469727	29.100000381469727	29.100000381469727	7	2024/09/09 
2024/09/10 	29.100000381469727	29.100000381469727	29.100000381469727	29.100000381469727	1000	2024/09/10 
2024/09/11 	29.149999618530273	29.149999618530273	29.100000381469727	29.149999618530273	3000	2024/09/11 
2024/09/13 	28.799999237060547	28.799999237060547	28.5	28.5	4000	2024/09/13 
2024/09/19 	29.100000381469727	29.100000381469727	28.5	28.5	5000	2024/09/19 
2024/09/20 	28.799999237060547	28.799999237060547	28.0	28.5	7000	2024/09/20 
2024/09/23 	28.5	28.5	28.0	28.0	2000	2024/09/23 
2024/09/24 	27.799999237060547	28.399999618530273	27.299999237060547	27.299999237060547	13200	2024/09/24 
2024/09/26 	27.200000762939453	27.5	27.100000381469727	27.5	10000	2024/09/26 
2024/09/27 	28.450000762939453	28.450000762939453	28.299999237060547	28.299999237060547	2000	2024/09/27 
2024/09/30 	27.100000381469727	27.799999237060547	26.75	27.799999237060547	43000	2024/09/30 
2024/10/01 	27.0	27.0	26.75	26.899999618530273	12000	2024/10/01 
2024/10/07 	26.75	28.049999237060547	26.75	27.700000762939453	9610	2024/10/07 
2024/10/08 	28.100000381469727	28.149999618530273	27.799999237060547	28.149999618530273	17000	2024/10/08 
2024/10/09 	28.299999237060547	28.299999237060547	28.0	28.0	4070	2024/10/09 
2024/10/14 	28.450000762939453	28.450000762939453	27.200000762939453	27.200000762939453	3650	2024/10/14 
2024/10/15 	27.149999618530273	27.299999237060547	27.100000381469727	27.299999237060547	9003	2024/10/15 
2024/10/18 	26.850000381469727	27.0	26.700000762939453	26.700000762939453	6050	2024/10/18 
2024/10/21 	26.649999618530273	27.200000762939453	26.649999618530273	27.200000762939453	2000	2024/10/21 
2024/10/22 	27.950000762939453	27.950000762939453	26.700000762939453	26.799999237060547	5139	2024/10/22 
2024/10/25 	27.950000762939453	27.950000762939453	27.5	27.5	6000	2024/10/25 
2024/10/28 	26.649999618530273	27.25	26.600000381469727	26.75	8103	2024/10/28 
2024/10/29 	27.700000762939453	27.700000762939453	27.700000762939453	27.700000762939453	1	2024/10/29 
2024/10/30 	26.399999618530273	26.899999618530273	26.399999618530273	26.899999618530273	1115	2024/10/30 
2024/11/04 	26.399999618530273	26.5	26.399999618530273	26.5	6000	2024/11/04 
2024/11/05 	26.399999618530273	26.399999618530273	26.399999618530273	26.399999618530273	1000	2024/11/05 
2024/11/07 	26.399999618530273	26.700000762939453	26.399999618530273	26.700000762939453	5000	2024/11/07 
2024/11/08 	27.700000762939453	27.700000762939453	27.700000762939453	27.700000762939453	1	2024/11/08 
2024/11/11 	27.700000762939453	27.700000762939453	27.600000381469727	27.600000381469727	4001	2024/11/11 
2024/11/15 	27.0	27.0	27.0	27.0	2000	2024/11/15 
2024/11/19 	27.700000762939453	27.700000762939453	27.700000762939453	27.700000762939453	301	2024/11/19 
2024/11/20 	27.700000762939453	27.700000762939453	27.700000762939453	27.700000762939453	101	2024/11/20 
2024/11/21 	26.5	27.700000762939453	26.5	27.0	2202	2024/11/21 
2024/11/25 	27.799999237060547	27.799999237060547	27.799999237060547	27.799999237060547	1	2024/11/25 
2024/11/26 	27.799999237060547	27.799999237060547	27.25	27.799999237060547	5000	2024/11/26 
2024/11/29 	27.799999237060547	27.799999237060547	27.5	27.5	11000	2024/11/29 
2024/12/02 	27.0	27.0	27.0	27.0	2000	2024/12/02 
2024/12/04 	27.5	27.5	26.5	26.950000762939453	9104	2024/12/04 
2024/12/09 	27.5	27.5	27.5	27.5	1000	2024/12/09 
2024/12/11 	27.350000381469727	27.350000381469727	27.350000381469727	27.350000381469727	1000	2024/12/11 
2024/12/12 	27.850000381469727	29.100000381469727	27.549999237060547	27.75	142600	2024/12/12 
2024/12/13 	28.5	28.899999618530273	27.649999618530273	27.649999618530273	118245	2024/12/13 
2024/12/16 	29.0	29.0	27.649999618530273	27.649999618530273	1010	2024/12/16 
2024/12/17 	27.899999618530273	27.899999618530273	27.450000762939453	27.450000762939453	31203	2024/12/17 
2024/12/18 	27.450000762939453	27.450000762939453	27.350000381469727	27.350000381469727	10248	2024/12/18 
2024/12/19 	27.350000381469727	27.350000381469727	25.0	25.0	47850	2024/12/19 
2024/12/23 	24.899999618530273	25.0	24.899999618530273	25.0	3162	2024/12/23 
2024/12/24 	24.899999618530273	24.899999618530273	24.899999618530273	24.899999618530273	1000	2024/12/24 
2024/12/25 	25.0	25.0	25.0	25.0	4000	2024/12/25 
2024/12/30 	26.200000762939453	26.200000762939453	26.200000762939453	26.200000762939453	1000	2024/12/30 
2024/12/31 	25.200000762939453	26.0	25.200000762939453	25.700000762939453	4250	2024/12/31 
2025/01/08 	26.149999618530273	26.149999618530273	26.149999618530273	26.149999618530273	1214	2025/01/08 
2025/01/09 	24.899999618530273	25.0	23.899999618530273	25.0	14224	2025/01/09 
2025/01/10 	24.25	24.5	24.25	24.5	3200	2025/01/10 
2025/01/13 	24.299999237060547	24.399999618530273	23.299999237060547	24.299999237060547	7300	2025/01/13 
2025/01/14 	24.25	24.25	23.299999237060547	24.0	4210	2025/01/14 
2025/01/16 	24.0	24.0	24.0	24.0	1500	2025/01/16 
2025/01/17 	24.0	24.0	24.0	24.0	116	2025/01/17 
2025/01/21 	22.799999237060547	24.0	22.799999237060547	23.850000381469727	16000	2025/01/21 
2025/01/22 	23.5	24.0	23.5	23.600000381469727	11118	2025/01/22 
2025/02/03 	23.5	24.200000762939453	23.450000762939453	24.200000762939453	12549	2025/02/03 
2025/02/04 	23.450000762939453	23.600000381469727	23.450000762939453	23.600000381469727	10000	2025/02/04 
2025/02/05 	23.450000762939453	23.450000762939453	23.450000762939453	23.450000762939453	1000	2025/02/05 
2025/02/06 	23.450000762939453	24.649999618530273	23.450000762939453	24.649999618530273	5022	2025/02/06 
2025/02/07 	23.549999237060547	24.0	23.549999237060547	24.0	4000	2025/02/07 
2025/02/11 	24.200000762939453	24.200000762939453	23.450000762939453	24.0	17000	2025/02/11 
2025/02/12 	23.649999618530273	24.799999237060547	23.649999618530273	24.799999237060547	6015	2025/02/12 
2025/02/13 	23.850000381469727	24.850000381469727	23.649999618530273	24.850000381469727	5013	2025/02/13 
2025/02/18 	24.200000762939453	27.700000762939453	24.0	27.450000762939453	1033119	2025/02/18 
2025/02/19 	26.200000762939453	26.799999237060547	25.700000762939453	25.700000762939453	16800	2025/02/19 
2025/02/20 	25.700000762939453	26.0	25.5	25.799999237060547	10000	2025/02/20 
2025/02/21 	25.5	25.600000381469727	25.5	25.5	5388	2025/02/21 
2025/02/24 	25.5	26.100000381469727	25.5	26.100000381469727	13000	2025/02/24 
2025/02/25 	25.600000381469727	25.799999237060547	25.600000381469727	25.799999237060547	6000	2025/02/25 
2025/02/26 	26.100000381469727	26.100000381469727	26.100000381469727	26.100000381469727	2000	2025/02/26 
2025/02/27 	25.5	25.799999237060547	25.299999237060547	25.5	25388	2025/02/27 
2025/03/05 	26.600000381469727	26.600000381469727	26.600000381469727	26.600000381469727	1	2025/03/05 
2025/03/06 	25.350000381469727	25.350000381469727	25.350000381469727	25.350000381469727	2000	2025/03/06 
2025/03/07 	25.350000381469727	25.350000381469727	25.299999237060547	25.350000381469727	6000	2025/03/07 
2025/03/12 	25.350000381469727	25.5	25.299999237060547	25.5	12000	2025/03/12 
2025/03/13 	25.200000762939453	25.450000762939453	25.200000762939453	25.350000381469727	16000	2025/03/13 
2025/03/27 	25.0	25.100000381469727	25.0	25.100000381469727	4000	2025/03/27 
2025/03/31 	25.200000762939453	25.200000762939453	24.200000762939453	24.200000762939453	13116	2025/03/31 
2025/04/01 	23.700000762939453	24.799999237060547	23.600000381469727	24.799999237060547	19064	2025/04/01 
2025/04/07 	23.600000381469727	23.600000381469727	20.450000762939453	20.649999618530273	53268	2025/04/07 
2025/04/08 	21.399999618530273	21.399999618530273	21.0	21.399999618530273	15001	2025/04/08 
2025/04/09 	21.5	21.5	21.5	21.5	492	2025/04/09 
2025/04/10 	21.5	24.350000381469727	21.5	24.25	27180	2025/04/10 
2025/04/11 	25.200000762939453	25.200000762939453	24.25	24.25	3729	2025/04/11 
2025/04/14 	23.950000762939453	24.200000762939453	23.950000762939453	24.0	18000	2025/04/14 
2025/04/15 	24.200000762939453	25.25	24.100000381469727	25.149999618530273	21000	2025/04/15 
2025/04/16 	24.700000762939453	24.700000762939453	24.200000762939453	24.200000762939453	6000	2025/04/16 
2025/04/18 	23.75	24.0	23.75	24.0	2050	2025/04/18 
2025/04/22 	24.100000381469727	24.100000381469727	24.100000381469727	24.100000381469727	20	2025/04/22 
2025/04/23 	24.100000381469727	24.100000381469727	24.100000381469727	24.100000381469727	116	2025/04/23 
2025/04/25 	23.100000381469727	24.100000381469727	23.100000381469727	24.100000381469727	5236	2025/04/25 
2025/04/28 	24.100000381469727	24.100000381469727	24.100000381469727	24.100000381469727	1	2025/04/28 
2025/04/30 	24.100000381469727	24.100000381469727	24.100000381469727	24.100000381469727	1300	2025/04/30 
2025/05/02 	22.899999618530273	23.799999237060547	22.899999618530273	23.0	10251	2025/05/02 
2025/05/05 	22.799999237060547	23.0	22.799999237060547	23.0	3090	2025/05/05 
2025/05/06 	23.0	23.0	23.0	23.0	1	2025/05/06 
2025/05/07 	23.0	23.0	22.649999618530273	22.75	3372	2025/05/07 
2025/05/13 	22.799999237060547	22.799999237060547	22.799999237060547	22.799999237060547	1	2025/05/13 
2025/05/14 	21.850000381469727	22.0	21.850000381469727	22.0	5050	2025/05/14 
2025/05/16 	21.700000762939453	22.799999237060547	21.700000762939453	22.799999237060547	1124	2025/05/16 
2025/05/20 	21.700000762939453	22.299999237060547	21.700000762939453	21.799999237060547	7207	2025/05/20 
2025/05/21 	22.299999237060547	22.299999237060547	22.299999237060547	22.299999237060547	4	2025/05/21 
2025/05/23 	22.299999237060547	22.299999237060547	22.299999237060547	22.299999237060547	1000	2025/05/23 
2025/05/26 	21.700000762939453	22.299999237060547	21.700000762939453	22.299999237060547	7001	2025/05/26 
2025/05/29 	21.399999618530273	21.399999618530273	21.399999618530273	21.399999618530273	1000	2025/05/29 
2025/06/02 	21.399999618530273	21.399999618530273	21.399999618530273	21.399999618530273	2000	2025/06/02 
2025/06/03 	21.399999618530273	21.399999618530273	21.399999618530273	21.399999618530273	2000	2025/06/03 
2025/06/04 	22.299999237060547	22.299999237060547	21.450000762939453	21.450000762939453	2001	2025/06/04 
2025/06/06 	21.299999237060547	22.299999237060547	21.299999237060547	22.299999237060547	5	2025/06/06 
