Date	Open	High	Low	Close	Volume	Date
2024/03/14 	454.4429400618094	1128.3523226582406	454.4429400618094	1124.474853515625	260440	2024/03/14 
2024/03/15 	1070.1899522092333	1139.9848741034427	884.0699424198775	1015.9049072265625	245687	2024/03/15 
2024/03/18 	1015.9049072265625	1015.9049072265625	1015.9049072265625	1015.9049072265625	0	2024/03/18 
2024/03/19 	977.1298674438312	1070.189897300886	938.3548797842386	1023.659912109375	120016	2024/03/19 
2024/03/20 	1039.1699811979574	1039.1699811979574	930.5999485431345	969.3749389648438	63487	2024/03/20 
2024/03/21 	1008.1499403017846	1023.65993572341	953.8648968520617	984.8848876953125	59951	2024/03/21 
2024/03/22 	1023.6599979702148	1031.4149366785564	977.1299494019015	1019.7824096679688	45518	2024/03/22 
2024/03/25 	1019.7823401718896	1019.7823401718896	969.374885158608	977.1298828125	25005	2024/03/25 
2024/03/26 	977.1298828125	977.1298828125	977.1298828125	977.1298828125	0	2024/03/26 
2024/03/27 	953.8648681640625	977.1298605967934	934.477344733104	953.8648681640625	37949	2024/03/27 
2024/03/28 	946.10986699401	949.9873359806494	915.0898772047668	918.9673461914062	29105	2024/03/28 
2024/03/29 	953.8648755095785	961.619873046875	930.5998828976886	961.619873046875	28584	2024/03/29 
2024/04/01 	977.1298296031393	1054.679861393126	965.4973040187308	1046.9248046875	68609	2024/04/01 
2024/04/02 	1062.434875567412	1202.0248357762846	1046.9248799886484	1194.2698974609375	164048	2024/04/02 
2024/04/03 	1174.882425082286	1388.1448926401026	1171.0048370017657	1318.349853515625	181379	2024/04/03 
2024/04/08 	1318.349867154652	1372.6349113628607	1202.0248403931012	1298.96240234375	84011	2024/04/08 
2024/04/09 	1275.6973312888124	1295.084795824283	1178.7598896633906	1248.5548095703125	97477	2024/04/09 
2024/04/10 	1240.7999267578125	1252.432453577909	1194.2699384255	1240.7999267578125	49707	2024/04/10 
2024/04/11 	1256.3098648381606	1442.4298095703125	1225.2898740494686	1442.4298095703125	244201	2024/04/11 
2024/04/12 	1457.9399166772873	1519.9799030083993	1384.2674031720726	1392.0224609375	168897	2024/04/12 
2024/04/15 	1403.6549178430664	1403.6549178430664	1240.7999024025632	1349.369873046875	155641	2024/04/15 
2024/04/16 	1357.125	1357.125	1225.2899694133516	1357.125	46071	2024/04/16 
2024/04/17 	1372.6349552266624	1496.7149242984344	1333.8599054176968	1485.0823974609375	92497	2024/04/17 
2024/04/18 	1446.3072914939125	1481.20487065138	1302.839862562331	1388.1448974609375	116337	2024/04/18 
2024/04/19 	1364.8798408058499	1388.1448935112996	1279.5748061499587	1353.247314453125	74931	2024/04/19 
2024/04/22 	1364.8797804351448	1380.3897752367245	1252.4323478607073	1291.207275390625	52112	2024/04/22 
2024/04/23 	1314.472384383173	1333.8598489935014	1271.8198670819959	1318.349853515625	42178	2024/04/23 
2024/04/24 	1318.3498676372371	1364.879854569276	1310.5948103411959	1333.85986328125	43441	2024/04/24 
2024/04/25 	1349.3698545771633	1349.3698545771633	1264.0648193359375	1264.0648193359375	45561	2024/04/25 
2024/04/26 	1279.5748053469	1318.349853515625	1264.0648098690237	1318.349853515625	21575	2024/04/26 
2024/04/29 	1318.3497935423595	1318.3497935423595	1256.309814453125	1256.309814453125	32923	2024/04/29 
2024/04/30 	1283.4524866406268	1295.0848948828088	1248.5549050698498	1287.3299560546875	21762	2024/04/30 
2024/05/02 	1264.064901931818	1267.942490294746	1194.2699766721921	1217.534912109375	57019	2024/05/02 
2024/05/03 	1221.4123477213802	1233.044754511174	1155.4947811722382	1186.5147705078125	18907	2024/05/03 
2024/05/06 	1186.51486767334	1240.799912930112	1132.22994136464	1225.2899169921875	32485	2024/05/06 
2024/05/07 	1233.044827558074	1233.044827558074	1178.7599024789529	1229.1673583984375	8377	2024/05/07 
2024/05/08 	1229.1674258467415	1229.1674258467415	1174.8824977888344	1202.02490234375	7228	2024/05/08 
2024/05/09 	1174.8824185843057	1213.6573475905082	1159.3724231922113	1178.7598876953125	16842	2024/05/09 
2024/05/10 	1205.9023944679343	1205.9023944679343	1108.9648352540885	1163.2498779296875	46745	2024/05/10 
2024/05/13 	1209.7798219835242	1209.7798219835242	1155.4947811722382	1186.5147705078125	13517	2024/05/13 
2024/05/14 	1194.269883087407	1205.9024093684948	1132.2299015190292	1178.7598876953125	33360	2024/05/14 
2024/05/15 	1186.5148504183578	1190.3924385575028	1136.1073940901751	1139.98486328125	12061	2024/05/15 
2024/05/16 	1186.5148794359557	1186.5148794359557	1136.107421875	1136.107421875	946	2024/05/16 
2024/05/17 	1186.5147705078125	1190.392358385806	1143.8622554343822	1186.5147705078125	12609	2024/05/17 
2024/05/20 	1147.7398378199427	1163.2498324135079	1077.944802674869	1116.7198486328125	51536	2024/05/20 
2024/05/21 	1147.7399486807815	1171.0048833442713	1101.2099604057287	1136.107421875	21458	2024/05/21 
2024/05/22 	1171.0048689478785	1171.0048689478785	1112.8423545820972	1155.494873046875	13811	2024/05/22 
2024/05/23 	1163.249986887594	1163.249986887594	1120.597466354222	1147.739990234375	2873	2024/05/23 
2024/05/24 	1120.5973699764702	1155.494829707814	1108.96484375	1108.96484375	4885	2024/05/24 
2024/05/27 	1163.2498324135079	1163.2498324135079	1108.9647918619992	1116.7198486328125	17636	2024/05/27 
2024/05/28 	1147.7398378199427	1147.7398378199427	1077.944802674869	1116.7198486328125	31724	2024/05/28 
2024/05/29 	1124.4748668928726	1124.4748668928726	1070.18994140625	1070.18994140625	11848	2024/05/29 
2024/05/30 	1070.1899552679358	1093.4548896498086	1046.9249019379915	1085.699951171875	5590	2024/05/30 
2024/05/31 	1085.699951171875	1101.209947075814	1054.6799593639969	1085.699951171875	2535	2024/05/31 
2024/06/03 	1085.6998503195084	1085.6998503195084	1019.7822846399001	1046.9248046875	35559	2024/06/03 
2024/06/04 	1070.189966156177	1074.0674354345938	1046.9249125895312	1066.3123779296875	4143	2024/06/04 
2024/06/05 	1066.3124059035765	1085.6999907004242	1046.9249400548051	1062.4349365234375	22512	2024/06/05 
2024/06/06 	1070.1900510023313	1077.944990173987	1027.537528713978	1054.6800537109375	8701	2024/06/06 
2024/06/07 	1046.9248046875	1058.5573302719085	1031.4148102243087	1046.9248046875	9617	2024/06/07 
2024/06/11 	1062.4349102200133	1171.0048828125	1027.5374487665895	1171.0048828125	42776	2024/06/11 
2024/06/12 	1194.2698683305823	1209.7798635310296	1105.0873661909932	1163.2498779296875	26511	2024/06/12 
2024/06/13 	1186.5148504183578	1186.5148504183578	1124.4748675688807	1139.98486328125	27546	2024/06/13 
2024/06/14 	1155.4948589936193	1155.4948589936193	1116.7199291867312	1139.98486328125	35412	2024/06/14 
2024/06/17 	1139.9848397410426	1240.7998692636902	1136.1073706300358	1178.7598876953125	91460	2024/06/17 
2024/06/18 	1178.7599684846025	1205.902492018066	1116.7199826641577	1167.12744140625	15826	2024/06/18 
2024/06/19 	1171.004816055878	1171.004816055878	1132.2298875287927	1163.2498779296875	8588	2024/06/19 
2024/06/20 	1171.0048719182016	1190.3924560546875	1147.7399374817192	1190.3924560546875	11127	2024/06/20 
2024/06/21 	1186.5149076441448	1240.799954729648	1147.739975967136	1236.9224853515625	40171	2024/06/21 
2024/06/24 	1240.7999131237927	1240.7999131237927	1190.3924560546875	1190.3924560546875	20822	2024/06/24 
2024/06/25 	1190.392467129356	1190.392467129356	1132.229952074934	1171.0048828125	17579	2024/06/25 
2024/06/26 	1198.2158140849108	1198.2158140849108	1155.1426730319713	1190.3843994140625	13056	2024/06/26 
2024/06/27 	1178.6371279912653	1194.3000770647452	1139.4796952470215	1159.0584716796875	16200	2024/06/27 
2024/06/28 	1135.5639797513552	1174.7214122108549	1119.9010307917727	1151.2269287109375	15282	2024/06/28 
2024/07/01 	1155.1427081341403	1162.9742431640625	1119.9011008022278	1162.9742431640625	11078	2024/07/01 
2024/07/02 	1174.7214122108549	1174.7214122108549	1135.5639797513552	1151.2269287109375	11007	2024/07/02 
2024/07/03 	1162.9741638707612	1166.8898710581961	1135.5639733165433	1143.3955078125	12648	2024/07/03 
2024/07/04 	1159.058498791429	1162.9742061211198	1123.8167724609375	1123.8167724609375	18547	2024/07/04 
2024/07/05 	1143.3955226062076	1162.9741789177854	1131.6482807708257	1159.0584716796875	14091	2024/07/05 
2024/07/08 	1162.9741484057643	1162.9741484057643	1127.7325439453125	1127.7325439453125	4718	2024/07/08 
2024/07/09 	1159.058498791429	1159.058498791429	1096.4067010320102	1123.8167724609375	25953	2024/07/09 
2024/07/10 	1123.8167661780992	1123.8167661780992	1092.4908674735211	1115.9853515625	13748	2024/07/10 
2024/07/11 	1123.8167661780992	1162.974199619367	1076.8279181212322	1115.9853515625	69556	2024/07/11 
2024/07/12 	1135.5640673394294	1135.5640673394294	1076.8279741803044	1112.0697021484375	30078	2024/07/12 
2024/07/15 	1112.0696585184764	1135.5640227877113	1084.6594667701258	1131.6483154296875	8956	2024/07/15 
2024/07/16 	1131.6482424137735	1131.6482424137735	1092.490810996765	1119.9010009765625	4777	2024/07/16 
2024/07/17 	1112.0696504718649	1127.7325999117195	1084.6594589218464	1123.8167724609375	13873	2024/07/17 
2024/07/18 	1108.1538230210829	1131.6483072414105	1084.6594589218464	1123.8167724609375	4726	2024/07/18 
2024/07/19 	1123.8167661780992	1135.5640082225887	1096.4066949024113	1115.9853515625	10408	2024/07/19 
2024/07/22 	1115.9853368409838	1115.9853368409838	1065.0807821478243	1100.3223876953125	11362	2024/07/22 
2024/07/23 	1100.3224377362721	1100.3224377362721	1072.912245454502	1088.5751953125	4478	2024/07/23 
2024/07/26 	1080.7437804440483	1088.5751953125	1057.249295596504	1088.5751953125	10690	2024/07/26 
2024/07/29 	1096.4066720739204	1096.4066720739204	1061.164946674227	1092.4908447265625	3601	2024/07/29 
2024/07/30 	1092.4908447265625	1096.4066720739204	1061.164946674227	1092.4908447265625	9149	2024/07/30 
2024/07/31 	1084.6594878782741	1092.4909027467259	1022.0076884462823	1088.5751953125	49021	2024/07/31 
2024/08/01 	1057.249234508488	1080.7437179985175	1002.4289131730213	1022.0076293945312	48101	2024/08/01 
2024/08/02 	1018.0919646868945	1033.7549142937362	865.3781159293686	935.8613891601562	91674	2024/08/02 
2024/08/05 	900.6197806210522	928.029912343283	729.1104047195321	747.122802734375	266325	2024/08/05 
2024/08/06 	783.1475871268859	818.3892531724193	747.9059811418977	787.0633544921875	70550	2024/08/06 
2024/08/07 	794.894843536177	900.6197835240358	787.0633687245039	869.2938842773438	132702	2024/08/07 
2024/08/08 	896.704026464757	900.6197939461806	861.4624194346788	881.0410766601562	38504	2024/08/08 
2024/08/09 	888.8725536610243	971.1030703595922	888.8725536610243	951.5243530273438	59414	2024/08/09 
2024/08/12 	939.7771706764324	982.8502527105035	916.2827459140626	951.5243530273438	41967	2024/08/12 
2024/08/13 	955.4401103189127	955.4401103189127	924.1142109701497	939.7771606445312	12489	2024/08/13 
2024/08/14 	955.4400667161575	975.0187228853637	951.52429944599	959.3557739257812	8093	2024/08/14 
2024/08/15 	959.3558279481337	963.2715954388023	939.7771706764324	951.5243530273438	21613	2024/08/15 
2024/08/16 	947.6086611950765	1057.2493118908455	947.6086611950765	1037.670654296875	41944	2024/08/16 
2024/08/19 	1068.9965179074281	1088.5751748312853	1025.9233765780682	1065.080810546875	38070	2024/08/19 
2024/08/20 	1092.4908673008567	1092.4908673008567	1045.5020192514162	1049.4178466796875	8545	2024/08/20 
2024/08/21 	1033.7549069437737	1072.9122206219245	990.6817057403888	994.5974731445312	32151	2024/08/21 
2024/08/22 	1025.9233948409853	1025.9233948409853	990.6817276659251	1018.0919799804688	14591	2024/08/22 
2024/08/23 	1018.091957448295	1018.091957448295	982.8502309926495	994.5974731445312	8824	2024/08/23 
2024/08/26 	1018.0919254030564	1037.6705816258784	994.5974418387999	1025.92333984375	5688	2024/08/26 
2024/08/27 	1025.9233097210436	1147.31119095636	1025.9233097210436	1119.9010009765625	76391	2024/08/27 
2024/08/28 	1147.31119095636	1151.2268980617355	1092.490810996765	1119.9010009765625	29348	2024/08/28 
2024/08/29 	1096.406686757616	1127.7325852294857	1072.912202843169	1108.15380859375	18784	2024/08/29 
2024/08/30 	1123.8167961924112	1123.8167961924112	1068.9965320558338	1080.7437744140625	18260	2024/08/30 
2024/09/02 	1123.8167877888632	1123.8167877888632	1061.1649891749262	1072.9122314453125	17108	2024/09/02 
2024/09/03 	1112.0696017733526	1147.3112064394918	1065.0807555114716	1135.56396484375	81678	2024/09/03 
2024/09/04 	1135.5640385506397	1135.5640385506397	1041.5863399269983	1080.7437744140625	82388	2024/09/04 
2024/09/05 	1076.8278769861274	1155.1426207559289	1076.8278769861274	1135.56396484375	35755	2024/09/05 
2024/09/06 	1155.1426534254751	1253.036175997149	1112.0696332247148	1233.45751953125	109064	2024/09/06 
2024/09/09 	1190.3843799658314	1339.1824574918326	1190.3843799658314	1300.0250244140625	112309	2024/09/09 
2024/09/10 	1347.0139383688067	1397.9184957677364	1253.0362384995078	1303.9407958984375	87995	2024/09/10 
2024/09/11 	1323.5194029114134	1327.4352303475857	1260.8676053857434	1315.68798828125	38405	2024/09/11 
2024/09/12 	1300.0250251596847	1378.3397712390527	1288.2777832175072	1366.592529296875	83238	2024/09/12 
2024/09/13 	1382.255521492642	1417.4972484149819	1343.0982072959441	1413.5814208984375	79330	2024/09/13 
2024/09/16 	1421.4128642679286	1456.6544687995288	1296.1092747146074	1319.6036376953125	269043	2024/09/16 
2024/09/18 	1331.3509091524554	1394.0027053364686	1307.8564255229064	1350.9295654296875	123880	2024/09/18 
2024/09/19 	1350.9296314407175	1394.002773452199	1311.7723169728933	1354.845458984375	55990	2024/09/19 
2024/09/20 	1370.5083470975333	1370.5083470975333	1288.277774199028	1292.1934814453125	23040	2024/09/20 
2024/09/23 	1331.3508830992057	1331.3508830992057	1245.204604971443	1260.8675537109375	37254	2024/09/23 
2024/09/24 	1206.0472989702662	1245.2046109463492	1186.4686429822245	1202.131591796875	82063	2024/09/24 
2024/09/25 	1221.7103331528667	1233.4575756149738	1198.2158482286525	1229.541748046875	44446	2024/09/25 
2024/09/26 	1233.45751953125	1256.951883266111	1194.3000864783626	1233.45751953125	12379	2024/09/26 
2024/09/27 	1233.4575319382093	1296.1093293561523	1170.805734520266	1182.5528564453125	88467	2024/09/27 
2024/09/30 	1170.80578067846	1194.3001455758922	1088.575203234709	1096.40673828125	94600	2024/09/30 
2024/10/01 	1104.238052433976	1159.058432393571	1068.9964482434275	1119.9010009765625	55956	2024/10/01 
2024/10/04 	1162.974199619367	1162.974199619367	1115.9853515625	1115.9853515625	17141	2024/10/04 
2024/10/07 	1143.395590956883	1300.0250910547863	1131.6483484192665	1237.373291015625	63859	2024/10/07 
2024/10/08 	1206.0473755624168	1331.3509740372458	1190.3844257530634	1288.27783203125	54017	2024/10/08 
2024/10/09 	1288.2778536974802	1366.5926040613442	1260.8676610398538	1311.7723388671875	83099	2024/10/09 
2024/10/11 	1358.761069491268	1362.676776634538	1296.1092747146074	1319.6036376953125	29796	2024/10/11 
2024/10/14 	1292.1934443947803	1307.8563930519092	1217.7945283642307	1253.0361328125	52674	2024/10/14 
2024/10/15 	1268.6990814696292	1268.6990814696292	1186.4686310499724	1253.0361328125	98057	2024/10/15 
2024/10/16 	1253.036175997149	1253.036175997149	1194.3000864783626	1233.45751953125	43551	2024/10/16 
2024/10/17 	1256.9518980283372	1272.6148474092272	1221.7102919516071	1249.1204833984375	11875	2024/10/17 
2024/10/18 	1249.120425678489	1296.1092716498763	1249.120425678489	1253.0361328125	8809	2024/10/18 
2024/10/21 	1272.6147886036401	1296.1092716498763	1237.3731841553708	1253.0361328125	21255	2024/10/21 
2024/10/22 	1249.120432247131	1268.6990881412275	1249.120432247131	1260.8675537109375	17025	2024/10/22 
2024/10/23 	1229.5417127133474	1260.8676116313527	1217.7945907099138	1256.951904296875	18617	2024/10/23 
2024/10/24 	1260.867605343287	1260.867605343287	1233.4575340175475	1249.1204833984375	8100	2024/10/24 
2024/10/25 	1253.0361687402908	1292.1934814453125	1249.1204614940063	1292.1934814453125	79601	2024/10/25 
2024/10/28 	1343.0981207971029	1343.0981207971029	1292.193447450252	1319.6036376953125	16381	2024/10/28 
2024/10/29 	1331.3509521484375	1354.8454365367409	1292.1935182082957	1331.3509521484375	46225	2024/10/29 
2024/10/30 	1303.9407523904624	1347.0138934236304	1303.9407523904624	1323.5194091796875	30901	2024/10/30 
2024/11/01 	1331.3509292975516	1339.1824639995987	1288.277788739017	1307.8564453125	28399	2024/11/01 
2024/11/04 	1323.5194313776346	1370.5084006536154	1319.603723978334	1347.013916015625	75339	2024/11/04 
2024/11/05 	1347.0138432468825	1347.0138432468825	1311.7722383148218	1335.2666015625	8766	2024/11/05 
2024/11/06 	1296.1093234410644	1343.0981712900773	1280.4463741580598	1307.8564453125	32198	2024/11/06 
2024/11/07 	1300.0250388998325	1331.3509376626675	1284.3620895184151	1315.68798828125	14326	2024/11/07 
2024/11/08 	1335.2666513016588	1335.2666513016588	1272.614853479266	1323.5194091796875	26016	2024/11/08 
2024/11/11 	1292.1935611853994	1319.6037538430257	1268.6991961367883	1311.7723388671875	28677	2024/11/11 
2024/11/12 	1307.8564305515388	1315.6879651651964	1256.9518759865753	1292.1934814453125	29412	2024/11/12 
2024/11/13 	1253.036196962397	1284.3620958804024	1225.6260053788696	1256.951904296875	36231	2024/11/13 
2024/11/14 	1249.120432247131	1268.6990881412275	1209.9630003378518	1260.8675537109375	14409	2024/11/14 
2024/11/15 	1268.6991115187689	1307.85642402849	1249.1204552639083	1284.362060546875	17878	2024/11/15 
2024/11/18 	1288.2778399864162	1296.109375	1233.457575375708	1296.109375	29181	2024/11/18 
2024/11/19 	1296.1093023482265	1296.1093023482265	1256.9518697174174	1284.362060546875	8718	2024/11/19 
2024/11/20 	1409.6656577803894	1444.9072631885726	1264.7834087859007	1417.4971923828125	370696	2024/11/20 
2024/11/21 	1425.328633994544	1440.991583376438	1358.7611291517667	1382.2554931640625	57447	2024/11/21 
2024/11/22 	1386.1712672504711	1534.9692205910997	1382.2554399648889	1452.73876953125	217828	2024/11/22 
2024/11/25 	1460.570298642795	1476.2332486527778	1413.5814486128472	1444.9073486328125	37536	2024/11/25 
2024/11/26 	1460.570298642795	1464.4861262361123	1409.6657411406254	1444.9073486328125	15215	2024/11/26 
2024/11/27 	1409.6656429143713	1444.9072479509045	1378.3397450772115	1401.834228515625	48197	2024/11/27 
2024/11/28 	1397.9183861198749	1413.5813348695442	1347.0138327137215	1386.1712646484375	73777	2024/11/28 
2024/11/29 	1417.4972422564085	1456.6545562829804	1374.4241007303056	1405.75	45373	2024/11/29 
2024/12/02 	1386.1712859884083	1433.1601329608045	1386.1712859884083	1409.6656494140625	39997	2024/12/02 
2024/12/03 	1397.9184711955397	1444.907320304233	1378.3398140971908	1413.5814208984375	46710	2024/12/03 
2024/12/04 	1429.2443205395466	1429.2443205395466	1409.6656641269744	1425.32861328125	5047	2024/12/04 
2024/12/05 	1425.3285984048612	1429.244305622289	1401.834234979207	1409.6656494140625	87204	2024/12/05 
2024/12/06 	1413.5813501137445	1417.497177434205	1394.0026939957913	1401.834228515625	20956	2024/12/06 
2024/12/09 	1413.5813769444958	1413.5813769444958	1331.3509235914319	1366.592529296875	56981	2024/12/09 
2024/12/10 	1370.5083198810828	1370.5083198810828	1327.4351806640625	1327.4351806640625	10074	2024/12/10 
2024/12/11 	1323.5194390720221	1331.3509740372458	1288.27783203125	1288.27783203125	8184	2024/12/11 
2024/12/12 	1280.4463741580598	1343.0981712900773	1280.4463741580598	1307.8564453125	16300	2024/12/12 
2024/12/13 	1280.4464171871202	1335.2666814593108	1280.4464171871202	1288.27783203125	3994	2024/12/13 
2024/12/16 	1335.2666676146298	1339.1824951171875	1288.2778186737717	1339.1824951171875	8961	2024/12/16 
2024/12/17 	1343.0982309045264	1347.0139383688067	1303.9407958984375	1303.9407958984375	12014	2024/12/17 
2024/12/18 	1343.0981797290033	1347.013887044085	1303.9407462149143	1315.68798828125	2236	2024/12/18 
2024/12/19 	1303.9407818406034	1343.0982164245347	1288.27783203125	1288.27783203125	3675	2024/12/19 
2024/12/20 	1288.277810850609	1331.3509521484375	1288.277810850609	1331.3509521484375	1399	2024/12/20 
2024/12/23 	1343.0982309045264	1343.0982309045264	1288.2778459202211	1303.9407958984375	7153	2024/12/23 
2024/12/24 	1339.1824639995987	1339.1824639995987	1288.277788739017	1307.8564453125	4911	2024/12/24 
2024/12/25 	1339.1824724139217	1347.013887044085	1280.4463822033333	1315.68798828125	15289	2024/12/25 
2024/12/26 	1327.4352366344056	1327.4352366344056	1276.5305608128929	1323.5194091796875	3276	2024/12/26 
2024/12/27 	1280.4463822033333	1315.68798828125	1272.6148474520792	1315.68798828125	2732	2024/12/27 
2024/12/30 	1280.446403042776	1307.856474815541	1268.6991607852522	1272.6148681640625	10290	2024/12/30 
2024/12/31 	1268.6991971016373	1296.1093897801093	1217.7946393566867	1245.2047119140625	42477	2024/12/31 
2025/01/02 	1260.86759699591	1260.86759699591	1225.6259911524915	1241.2889404296875	5860	2025/01/02 
2025/01/03 	1221.7103468475839	1268.6991971016373	1221.7103468475839	1245.2047119140625	6978	2025/01/03 
2025/01/06 	1268.6990881412275	1280.44632972612	1253.0361394017332	1260.8675537109375	11622	2025/01/06 
2025/01/07 	1272.6148474092272	1280.4463821602176	1249.1204833984375	1249.1204833984375	7665	2025/01/07 
2025/01/08 	1276.5305975265878	1296.109375	1249.120525281781	1296.109375	16295	2025/01/08 
2025/01/09 	1300.0250824462446	1300.0250824462446	1268.6991826340986	1296.109375	4960	2025/01/09 
2025/01/10 	1300.0250450568358	1323.5194091796875	1280.4463882676107	1323.5194091796875	11434	2025/01/10 
2025/01/13 	1323.5193881638531	1323.5193881638531	1276.5305405431825	1300.0250244140625	9007	2025/01/13 
2025/01/14 	1300.0250682716578	1307.8564830787584	1276.5305836081689	1280.4464111328125	6518	2025/01/14 
2025/01/15 	1276.5305693450211	1315.6880033062844	1260.8676197847342	1264.783447265625	52596	2025/01/15 
2025/01/16 	1292.1935394533148	1331.3509740372458	1260.8676398346076	1288.27783203125	41493	2025/01/16 
2025/01/17 	1288.2778186737717	1358.7611521456054	1288.2778186737717	1339.1824951171875	29046	2025/01/17 
2025/01/20 	1366.5925515289296	1480.1490252821939	1335.2666525875652	1456.654541015625	80035	2025/01/20 
2025/01/21 	1448.8230664901873	1464.4860153138357	1366.5924950752187	1394.002685546875	43387	2025/01/21 
2025/01/22 	1401.8342782689476	1437.0758845562611	1370.5083793199817	1390.0870361328125	15982	2025/01/22 
2025/02/03 	1354.845472879576	1421.412980230245	1323.5194528145075	1370.5084228515625	47924	2025/02/03 
2025/02/04 	1354.8454447641402	1382.255516555488	1327.4352528517	1339.1824951171875	30993	2025/02/04 
2025/02/05 	1354.8454156578182	1374.424072265625	1331.3509316315779	1374.424072265625	12317	2025/02/05 
2025/02/06 	1382.2555310634143	1386.1713586070719	1327.4352667842418	1354.845458984375	41325	2025/02/06 
2025/02/07 	1386.1713440580456	1386.1713440580456	1339.1824951171875	1339.1824951171875	26713	2025/02/07 
2025/02/10 	1339.1824422057903	1378.3397547155114	1253.0361624906627	1284.362060546875	68130	2025/02/10 
2025/02/11 	1280.4463671220615	1323.5193873228216	1233.45751953125	1233.45751953125	70612	2025/02/11 
2025/02/12 	1233.457498124887	1276.530517578125	1190.3843585505617	1276.530517578125	92332	2025/02/12 
2025/02/13 	1245.2046503634836	1378.3397795629683	1237.3732357687968	1374.424072265625	103618	2025/02/13 
2025/02/14 	1378.3397923348268	1378.3397923348268	1300.0250450568358	1323.5194091796875	15948	2025/02/14 
2025/02/17 	1331.3509292975516	1335.2666365880302	1300.0250307315428	1307.8564453125	24613	2025/02/17 
2025/02/18 	1319.6037018460606	1331.3509439680322	1296.109337723209	1323.5194091796875	13822	2025/02/18 
2025/02/19 	1323.5193881638531	1327.4352155563927	1276.5305405431825	1300.0250244140625	31016	2025/02/19 
2025/02/20 	1315.6879800145473	1315.6879800145473	1276.5305467464914	1307.8564453125	17907	2025/02/20 
2025/02/21 	1327.4351721029377	1331.3508792462078	1296.1092747146074	1319.6036376953125	21841	2025/02/21 
2025/02/24 	1292.193531941043	1350.9296234149256	1292.193531941043	1347.013916015625	33795	2025/02/24 
2025/02/25 	1347.0139098801176	1362.6768595270703	1315.6880105862122	1339.1824951171875	40856	2025/02/25 
2025/02/26 	1206.0473773163062	1245.2046918360875	1194.300134911934	1221.7103271484375	621321	2025/02/26 
2025/02/27 	1233.4575835434514	1249.1205335532416	1221.7103410058346	1237.373291015625	340770	2025/02/27 
2025/03/03 	1213.8787698566941	1221.7103046893374	1190.3844056009489	1198.2158203125	130771	2025/03/03 
2025/03/04 	1174.7214418286148	1186.4686838747518	1135.564008381855	1182.5528564453125	198906	2025/03/04 
2025/03/05 	1186.4686625885495	1186.4686625885495	1112.069624459248	1159.0584716796875	156336	2025/03/05 
2025/03/06 	1135.56396484375	1159.0584480352334	1135.56396484375	1135.56396484375	76923	2025/03/06 
2025/03/07 	1108.15380859375	1135.5639997869082	1084.6594448003925	1108.15380859375	138347	2025/03/07 
2025/03/10 	1092.4908229718021	1092.4908229718021	1068.9964599609375	1068.9964599609375	82963	2025/03/10 
2025/03/11 	1037.670554170645	1061.1649169921875	978.9344669351617	1061.1649169921875	150337	2025/03/11 
2025/03/12 	1076.827924351491	1119.9010653497687	1057.249267578125	1057.249267578125	139723	2025/03/12 
2025/03/13 	1065.0808210863006	1072.912235884902	994.5974872934229	1010.2604370117188	114550	2025/03/13 
2025/03/14 	1010.2604400498612	1018.0919749931074	978.9345405190637	1014.1761474609375	75545	2025/03/14 
2025/03/17 	1033.754847053902	1065.0807442300152	1022.0076055825883	1061.1649169921875	66093	2025/03/17 
2025/03/18 	1061.1650193854202	1068.9965544956663	1037.670654296875	1037.670654296875	62888	2025/03/18 
2025/03/19 	1033.754929822596	1033.754929822596	1018.0919799804688	1018.0919799804688	22624	2025/03/19 
2025/03/20 	1022.0077041974795	1045.5020692860246	1022.0077041974795	1037.670654296875	39929	2025/03/20 
2025/03/21 	1029.8390438104827	1033.754871139546	1018.0919221865555	1022.0076293945312	30832	2025/03/21 
2025/03/24 	1025.923336602507	1029.8390438104827	1006.3446804415407	1022.0076293945312	28936	2025/03/24 
2025/03/25 	1025.923336602507	1025.923336602507	1010.2603876495166	1022.0076293945312	21488	2025/03/25 
2025/03/26 	1022.0076293945312	1022.0076293945312	1022.0076293945312	1022.0076293945312	1277	2025/03/26 
2025/03/27 	1006.3447326387849	1018.0919749931074	978.9345405190637	1014.1761474609375	69484	2025/03/27 
2025/03/28 	982.8502165634542	982.8502165634542	971.1030346445781	978.9345092773438	20165	2025/03/28 
2025/03/31 	947.6085857875814	947.6085857875814	881.0410231320983	888.8724975585938	79300	2025/03/31 
2025/04/01 	888.8725188224207	888.8725188224207	837.9679638627206	845.7994384765625	86318	2025/04/01 
2025/04/02 	853.6309445323785	884.95684414158	845.7994696300782	881.0410766601562	24049	2025/04/02 
2025/04/07 	794.8948364257812	794.8948364257812	794.8948364257812	794.8948364257812	1344	2025/04/07 
2025/04/08 	715.796875	715.796875	715.796875	715.796875	51661	2025/04/08 
2025/04/09 	644.530517578125	644.530517578125	644.530517578125	644.530517578125	80430	2025/04/09 
2025/04/10 	697.0013617303279	708.7486036978346	678.2058346428619	690.7362060546875	629577	2025/04/10 
2025/04/11 	623.385491150653	645.3135953330802	621.8191722545328	641.3978881835938	292480	2025/04/11 
2025/04/14 	669.5912358004382	704.832841856959	660.1934421530752	683.6878662109375	263013	2025/04/14 
2025/04/15 	693.8688136145835	751.8217163085938	693.0856841367191	751.8217163085938	148469	2025/04/15 
2025/04/16 	783.1475589237964	810.5577493121627	743.9901869836609	744.7733764648438	252937	2025/04/16 
2025/04/17 	783.1475830078125	794.8948249813858	751.8216844923436	783.1475830078125	232707	2025/04/17 
2025/04/18 	790.9790867101506	790.9790867101506	767.4846619599806	773.7498779296875	144639	2025/04/18 
2025/04/21 	774.5329604944046	777.6655382592633	737.7250366210938	737.7250366210938	92234	2025/04/21 
2025/04/22 	704.8328249283562	741.640749062237	704.8328249283562	730.6766967773438	75844	2025/04/22 
2025/04/23 	764.3520770028799	780.0150266928323	751.038575772475	765.9183959960938	119745	2025/04/23 
2025/04/24 	767.484635912177	794.8948272207027	767.484635912177	772.1835327148438	149564	2025/04/24 
2025/04/25 	794.8948395192244	822.3049711912913	794.8948395192244	798.810546875	128488	2025/04/25 
2025/04/28 	830.1364676524926	877.1253775733079	822.3049926757812	822.3049926757812	227495	2025/04/28 
2025/04/29 	822.304943269065	837.9679523419513	806.6419942567226	834.0521850585938	62839	2025/04/29 
2025/04/30 	818.3892679829459	830.1364501703509	798.8105509232091	802.726318359375	71654	2025/04/30 
2025/05/02 	822.3049391076797	841.8836553042989	822.3049391076797	830.1364135742188	91818	2025/05/02 
2025/05/05 	830.1364408702392	837.9679756548334	765.9183841693683	780.0150146484375	196223	2025/05/05 
2025/05/06 	783.1476012996382	806.6420257349946	775.3161264878528	802.726318359375	76913	2025/05/06 
2025/05/07 	806.6420288085938	822.3049784918462	798.8105539669675	806.6420288085938	65371	2025/05/07 
2025/05/08 	826.2207178416605	853.630908885355	826.2207178416605	841.8836669921875	105591	2025/05/08 
2025/05/09 	845.7994225678403	857.546604237377	826.220706371221	830.1364135742188	105698	2025/05/09 
2025/05/12 	881.0410346246615	900.6197509765625	861.4623783333046	900.6197509765625	157146	2025/05/12 
2025/05/13 	912.366980396294	912.366980396294	884.9568481445312	884.9568481445312	133442	2025/05/13 
2025/05/14 	912.3669359822698	924.1141778472747	896.7039868692929	904.5354614257812	132242	2025/05/14 
2025/05/15 	900.6197467684892	920.1984029683664	896.7039794921875	896.7039794921875	85675	2025/05/15 
2025/05/16 	884.9567903756177	896.7039719850892	884.9567903756177	888.8724975585938	54867	2025/05/16 
2025/05/19 	892.7882938151342	892.7882938151342	853.6309204101562	853.6309204101562	88289	2025/05/19 
2025/05/20 	853.6309235348166	877.1253476638033	853.6309235348166	857.546630859375	45236	2025/05/20 
2025/05/21 	861.4624233313573	892.7883230822559	853.6309483936326	884.9568481445312	85570	2025/05/21 
2025/05/22 	877.1253445719321	928.0298999750249	873.2095772006314	920.1984252929688	122017	2025/05/22 
2025/05/23 	943.6928249661988	1002.4289135949047	939.7771177565751	959.3557739257812	111118	2025/05/23 
2025/05/26 	943.6928608470001	951.5243356245574	931.9456787109375	931.9456787109375	84427	2025/05/26 
2025/05/27 	908.4512401885182	924.1141894989818	908.4512401885182	916.28271484375	55404	2025/05/27 
2025/05/28 	939.7771462111693	959.3558029731785	916.282722060431	924.1141967773438	81699	2025/05/28 
2025/05/29 	939.7771606445312	947.608635481722	916.2827361329589	939.7771606445312	78069	2025/05/29 
2025/06/02 	928.0298740993287	928.0298740993287	888.872501780849	892.7882690429688	107023	2025/06/02 
2025/06/03 	908.4512212605489	912.3669284763067	896.7039794921875	896.7039794921875	59171	2025/06/03 
2025/06/04 	916.2827251419594	928.0299072265625	912.3669577400613	928.0299072265625	62860	2025/06/04 
2025/06/05 	935.861403185764	978.934545280382	935.861403185764	951.5243530273438	110824	2025/06/05 
2025/06/06 	951.52429944599	963.2715411959487	939.7771177565751	959.3557739257812	61939	2025/06/06 
2025/06/09 	939.7771177565751	967.1872484055724	939.7771177565751	959.3557739257812	54482	2025/06/09 
2025/06/10 	971.1030489013133	1002.4289478922706	971.1030489013133	994.5974731445312	108123	2025/06/10 
2025/06/11 	939.7771493717113	943.6928567130637	908.4512503987088	928.0299072265625	345580	2025/06/11 
2025/06/12 	935.8613596517353	935.8613596517353	904.5354614257812	904.5354614257812	103099	2025/06/12 
2025/06/13 	888.8725264443638	888.8725264443638	853.6309204101562	853.6309204101562	156419	2025/06/13 
2025/06/16 	853.6309056338348	853.6309056338348	830.1364219369914	837.9679565429688	55412	2025/06/16 
2025/06/17 	853.6309445323785	904.5355013670573	853.6309445323785	881.0410766601562	99342	2025/06/17 
2025/06/18 	884.9568339006897	884.9568339006897	869.2938842773438	869.2938842773438	41571	2025/06/18 
2025/06/19 	865.378090717978	865.378090717978	837.967959734828	841.8836669921875	67079	2025/06/19 
2025/06/20 	837.9680026897514	837.9680026897514	814.4735176990699	822.3049926757812	32671	2025/06/20 
2025/06/23 	822.3049685485627	861.46240234375	806.6420190547061	861.46240234375	77060	2025/06/23 
2025/06/24 	928.0298696910711	928.0298696910711	884.9567903756177	888.8724975585938	128349	2025/06/24 
2025/06/25 	892.7882722764296	900.6197467684892	877.1253232923103	896.7039794921875	66646	2025/06/25 
2025/06/26 	896.7040052378763	947.6086209280821	896.7040052378763	924.1141967773438	207952	2025/06/26 
2025/06/27 	928.0298850952468	943.6928342082238	904.5354614257812	904.5354614257812	121006	2025/06/27 
2025/06/30 	908.4512688484809	908.4512688484809	881.0410766601562	881.0410766601562	65557	2025/06/30 
2025/07/01 	892.7882690429688	912.3669251719368	892.7882690429688	892.7882690429688	50335	2025/07/01 
2025/07/02 	904.5355054585693	904.5355054585693	881.0410806453954	884.9568481445312	28941	2025/07/02 
2025/07/03 	896.703976244545	900.6197435066647	884.9567945792728	892.7882690429688	28937	2025/07/03 
2025/07/04 	900.6197908367222	904.5354982440796	877.1253662109375	877.1253662109375	41469	2025/07/04 
2025/07/07 	873.2095987430333	877.1253662109375	861.4624164604143	877.1253662109375	27646	2025/07/07 
2025/07/08 	877.1253662109375	888.8725484935565	865.3781238677717	877.1253662109375	44038	2025/07/08 
2025/07/09 	892.7882939360446	920.1984252929688	877.1253445719321	920.1984252929688	73078	2025/07/09 
2025/07/10 	916.2827361329589	939.7771606445312	916.2827361329589	939.7771606445312	114935	2025/07/10 
2025/07/11 	951.5243530273438	1002.4289700427519	939.7771706764324	951.5243530273438	251310	2025/07/11 
2025/07/14 	978.9345380056891	986.7660128682816	943.69287109375	943.69287109375	390027	2025/07/14 
2025/07/15 	947.6085890233253	967.1872451261464	935.8613473131978	955.4400634765625	143287	2025/07/15 
2025/07/16 	967.1872484055724	975.0187228853637	955.4400667161575	959.3557739257812	79293	2025/07/16 
2025/07/17 	963.2715454101562	967.1872526369107	943.6928290947516	963.2715454101562	93107	2025/07/17 
2025/07/18 	967.187295256132	1025.9233867300145	963.2715878568313	1010.2604370117188	306844	2025/07/18 
2025/07/21 	1037.6705970925882	1108.15380859375	1022.0076478566533	1108.15380859375	613382	2025/07/21 
2025/07/22 	1108.153801088487	1115.985335713958	1022.0076409348378	1033.7548828125	364607	2025/07/22 
2025/07/23 	1049.4178234080066	1065.0807724104816	1025.92333984375	1025.92333984375	205169	2025/07/23 
2025/07/24 	1037.6705783475218	1061.1649417164638	1022.0076293945312	1022.0076293945312	131063	2025/07/24 
2025/07/25 	1025.923348187029	1045.5020045690735	1006.3446918049844	1033.7548828125	168530	2025/07/25 
2025/07/28 	1037.6706187808195	1076.8279326285342	1025.9233765780682	1065.080810546875	401483	2025/07/28 
2025/07/29 	1070.0	1070.0	1030.0	1035.0	198932	2025/07/29 
2025/07/30 	1025.0	1055.0	1025.0	1045.0	76729	2025/07/30 
2025/07/31 	1055.0	1055.0	1015.0	1015.0	150388	2025/07/31 
2025/08/04 	1020.0	1020.0	995.0	997.0	85276	2025/08/04 
2025/08/05 	1015.0	1065.0	1015.0	1035.0	169040	2025/08/05 
2025/08/06 	1035.0	1050.0	1025.0	1035.0	64687	2025/08/06 
2025/08/07 	1060.0	1110.0	1050.0	1070.0	184461	2025/08/07 
2025/08/08 	1120.0	1120.0	1065.0	1095.0	158332	2025/08/08 
2025/08/11 	1115.0	1115.0	1070.0	1080.0	120900	2025/08/11 
2025/08/12 	1120.0	1185.0	1105.0	1170.0	481694	2025/08/12 
2025/08/13 	1130.0	1140.0	1105.0	1105.0	402457	2025/08/13 
2025/08/14 	1135.0	1135.0	1070.0	1080.0	183365	2025/08/14 
2025/08/15 	1075.0	1095.0	1065.0	1075.0	104421	2025/08/15 
2025/08/18 	1075.0	1095.0	1070.0	1080.0	74210	2025/08/18 
2025/08/19 	1090.0	1100.0	1080.0	1080.0	93107	2025/08/19 
2025/08/20 	1075.0	1075.0	1040.0	1040.0	94057	2025/08/20 
2025/08/21 	1055.0	1075.0	1030.0	1035.0	144131	2025/08/21 
2025/08/22 	1040.0	1050.0	1030.0	1035.0	43320	2025/08/22 
2025/08/25 	1065.0	1075.0	1050.0	1060.0	96068	2025/08/25 
2025/08/26 	1060.0	1105.0	1045.0	1105.0	234867	2025/08/26 
2025/08/27 	1110.0	1125.0	1105.0	1105.0	136105	2025/08/27 
2025/08/28 	1080.0	1095.0	1050.0	1060.0	152118	2025/08/28 
2025/08/29 	1065.0	1075.0	1030.0	1030.0	116549	2025/08/29 
2025/09/01 	1035.0	1035.0	986.0	996.0	188083	2025/09/01 
2025/09/02 	1005.0	1025.0	992.0	1000.0	93165	2025/09/02 
2025/09/03 	1010.0	1010.0	997.0	1000.0	41621	2025/09/03 
2025/09/04 	1020.0	1060.0	1020.0	1035.0	165662	2025/09/04 
2025/09/05 	1045.0	1050.0	1015.0	1035.0	86845	2025/09/05 
2025/09/08 	1045.0	1075.0	1045.0	1060.0	127159	2025/09/08 
2025/09/09 	1110.0	1165.0	1100.0	1140.0	453582	2025/09/09 
2025/09/10 	1150.0	1180.0	1125.0	1125.0	333380	2025/09/10 
2025/09/11 	1145.0	1155.0	1120.0	1125.0	201512	2025/09/11 
2025/09/12 	1145.0	1175.0	1085.0	1085.0	349162	2025/09/12 
2025/09/15 	1085.0	1090.0	1035.0	1040.0	180646	2025/09/15 
2025/09/16 	1050.0	1130.0	1040.0	1110.0	212828	2025/09/16 
2025/09/17 	1095.0	1105.0	1055.0	1080.0	212665	2025/09/17 
2025/09/18 	1070.0	1095.0	1070.0	1080.0	80490	2025/09/18 
2025/09/19 	1090.0	1115.0	1075.0	1085.0	136138	2025/09/19 
