Date	Open	High	Low	Close	Volume	Date
2024/08/01 	74.0	90.5	74.0	85.30000305175781	101113	2024/08/01 
2024/08/02 	80.30000305175781	82.0999984741211	75.0999984741211	78.0	70082	2024/08/02 
2024/08/05 	74.5	77.5	71.0	72.0	13751	2024/08/05 
2024/08/06 	73.5999984741211	73.80000305175781	70.30000305175781	73.80000305175781	4208	2024/08/06 
2024/08/07 	72.0	76.0	72.0	76.0	39077	2024/08/07 
2024/08/08 	76.0	76.0	72.5	74.0	13049	2024/08/08 
2024/08/09 	76.0	76.0	73.69999694824219	73.69999694824219	11755	2024/08/09 
2024/08/12 	75.0	75.0	73.5	74.5	9005	2024/08/12 
2024/08/13 	74.5	74.5	71.69999694824219	72.5	11422	2024/08/13 
2024/08/14 	73.5	73.5	71.0	72.0	10752	2024/08/14 
2024/08/15 	71.0	71.5	70.0	71.5	3210	2024/08/15 
2024/08/16 	73.0	73.0	72.0	72.5	49	2024/08/16 
2024/08/19 	72.5999984741211	73.4000015258789	70.5	73.30000305175781	5624	2024/08/19 
2024/08/20 	72.0	75.0	72.0	74.0	26442	2024/08/20 
2024/08/21 	74.0	74.30000305175781	70.9000015258789	73.0	23605	2024/08/21 
2024/08/22 	72.69999694824219	72.69999694824219	72.69999694824219	72.69999694824219	20	2024/08/22 
2024/08/23 	71.80000305175781	71.80000305175781	70.5	71.5	8217	2024/08/23 
2024/08/26 	70.5	72.5	70.0	70.80000305175781	18032	2024/08/26 
2024/08/27 	71.0	71.0	69.30000305175781	70.19999694824219	7551	2024/08/27 
2024/08/28 	70.30000305175781	70.80000305175781	70.30000305175781	70.5	2215	2024/08/28 
2024/08/29 	70.5	70.5	67.0	68.0	23527	2024/08/29 
2024/08/30 	67.69999694824219	68.30000305175781	67.69999694824219	68.19999694824219	24531	2024/08/30 
2024/09/02 	66.0	67.5	65.5	66.30000305175781	14161	2024/09/02 
2024/09/03 	65.0	65.5	63.0	63.20000076293945	21980	2024/09/03 
2024/09/04 	60.400001525878906	60.599998474121094	57.79999923706055	60.5	23931	2024/09/04 
2024/09/05 	61.0	61.0	59.70000076293945	59.70000076293945	4445	2024/09/05 
2024/09/06 	59.70000076293945	60.099998474121094	59.70000076293945	60.099998474121094	3060	2024/09/06 
2024/09/09 	59.70000076293945	62.0	59.70000076293945	62.0	1100	2024/09/09 
2024/09/10 	59.70000076293945	62.20000076293945	59.70000076293945	62.20000076293945	1100	2024/09/10 
2024/09/11 	62.29999923706055	62.29999923706055	62.29999923706055	62.29999923706055	550	2024/09/11 
2024/09/12 	62.29999923706055	62.29999923706055	61.0	61.79999923706055	8200	2024/09/12 
2024/09/13 	62.5	62.5	61.900001525878906	61.900001525878906	891	2024/09/13 
2024/09/16 	61.900001525878906	61.900001525878906	61.900001525878906	61.900001525878906	510	2024/09/16 
2024/09/18 	62.0	62.0	62.0	62.0	125	2024/09/18 
2024/09/19 	62.29999923706055	62.29999923706055	61.79999923706055	61.79999923706055	4482	2024/09/19 
2024/09/20 	62.29999923706055	62.29999923706055	62.0	62.0	1099	2024/09/20 
2024/09/23 	60.0	60.0	60.0	60.0	1000	2024/09/23 
2024/09/24 	62.29999923706055	62.29999923706055	61.5	61.79999923706055	1038	2024/09/24 
2024/09/25 	62.29999923706055	62.599998474121094	62.29999923706055	62.599998474121094	3797	2024/09/25 
2024/09/26 	63.0	63.0	63.0	63.0	370	2024/09/26 
2024/09/27 	63.0	63.0	63.0	63.0	222	2024/09/27 
2024/09/30 	60.70000076293945	61.0	60.70000076293945	61.0	4010	2024/09/30 
2024/10/01 	61.0	61.0	60.79999923706055	60.79999923706055	4000	2024/10/01 
2024/10/04 	60.0	60.900001525878906	60.0	60.29999923706055	2139	2024/10/04 
2024/10/07 	61.0	61.0	59.0	59.5	3287	2024/10/07 
2024/10/08 	61.0	61.0	61.0	61.0	1030	2024/10/08 
2024/10/09 	61.0	61.0	58.5	58.79999923706055	4391	2024/10/09 
2024/10/11 	60.0	60.0	59.20000076293945	59.5	5088	2024/10/11 
2024/10/14 	57.0	60.0	57.0	60.0	3054	2024/10/14 
2024/10/15 	60.0	60.29999923706055	59.5	60.29999923706055	20846	2024/10/15 
2024/10/16 	60.29999923706055	60.29999923706055	59.0	60.0	7303	2024/10/16 
2024/10/17 	60.20000076293945	60.20000076293945	58.79999923706055	60.20000076293945	1444	2024/10/17 
2024/10/18 	58.70000076293945	59.5	56.70000076293945	59.5	3493	2024/10/18 
2024/10/21 	59.5	59.5	59.5	59.5	60	2024/10/21 
2024/10/22 	59.5	59.5	59.5	59.5	1084	2024/10/22 
2024/10/23 	59.5	59.5	59.5	59.5	2043	2024/10/23 
2024/10/24 	58.0	59.5	58.0	58.0	843	2024/10/24 
2024/10/25 	58.0	58.0	58.0	58.0	1100	2024/10/25 
2024/10/28 	58.0	58.0	58.0	58.0	0	2024/10/28 
2024/10/29 	57.5	58.5	57.5	58.0	10592	2024/10/29 
2024/10/30 	57.5	58.0	56.5	57.0	8295	2024/10/30 
2024/11/01 	57.400001525878906	57.400001525878906	56.29999923706055	56.29999923706055	4453	2024/11/01 
2024/11/04 	57.0	57.400001525878906	56.0	57.400001525878906	3132	2024/11/04 
2024/11/05 	57.20000076293945	57.20000076293945	54.79999923706055	56.0	5979	2024/11/05 
2024/11/06 	55.0	56.900001525878906	54.79999923706055	54.79999923706055	220	2024/11/06 
2024/11/07 	53.20000076293945	55.0	53.20000076293945	53.599998474121094	6984	2024/11/07 
2024/11/08 	53.400001525878906	55.70000076293945	53.400001525878906	55.70000076293945	5079	2024/11/08 
2024/11/11 	55.70000076293945	55.70000076293945	55.70000076293945	55.70000076293945	536	2024/11/11 
2024/11/12 	55.70000076293945	55.70000076293945	55.599998474121094	55.599998474121094	31	2024/11/12 
2024/11/13 	55.599998474121094	55.599998474121094	53.20000076293945	53.20000076293945	5123	2024/11/13 
2024/11/14 	52.70000076293945	53.5	52.70000076293945	53.0	2744	2024/11/14 
2024/11/15 	52.900001525878906	52.900001525878906	52.0	52.0	1440	2024/11/15 
2024/11/18 	52.70000076293945	52.70000076293945	50.099998474121094	50.5	9392	2024/11/18 
2024/11/19 	51.400001525878906	51.400001525878906	50.900001525878906	50.900001525878906	2920	2024/11/19 
2024/11/20 	50.900001525878906	50.900001525878906	50.900001525878906	50.900001525878906	0	2024/11/20 
2024/11/21 	52.0	52.0	51.5	51.70000076293945	1533	2024/11/21 
2024/11/22 	51.70000076293945	51.70000076293945	49.79999923706055	49.79999923706055	2132	2024/11/22 
2024/11/25 	52.0	52.0	52.0	52.0	2000	2024/11/25 
2024/11/26 	52.400001525878906	52.5	49.79999923706055	50.5	15110	2024/11/26 
2024/11/27 	50.5	50.5	50.5	50.5	0	2024/11/27 
2024/11/28 	50.5	50.5	50.5	50.5	0	2024/11/28 
2024/11/29 	50.400001525878906	50.599998474121094	50.0	50.400001525878906	8506	2024/11/29 
2024/12/02 	50.5	50.5	50.5	50.5	30	2024/12/02 
2024/12/03 	49.5	50.79999923706055	49.0	49.0	14420	2024/12/03 
2024/12/04 	50.5	50.5	50.5	50.5	1000	2024/12/04 
2024/12/05 	51.0	51.0	51.0	51.0	120	2024/12/05 
2024/12/06 	50.29999923706055	50.29999923706055	50.29999923706055	50.29999923706055	1000	2024/12/06 
2024/12/09 	50.29999923706055	50.29999923706055	50.20000076293945	50.20000076293945	195	2024/12/09 
2024/12/10 	50.20000076293945	50.20000076293945	48.79999923706055	48.79999923706055	15000	2024/12/10 
2024/12/11 	50.5	50.70000076293945	50.099998474121094	50.5	9200	2024/12/11 
2024/12/12 	52.599998474121094	52.599998474121094	50.0	50.0	1001	2024/12/12 
2024/12/13 	52.20000076293945	52.20000076293945	49.599998474121094	49.599998474121094	8	2024/12/13 
2024/12/16 	50.900001525878906	50.900001525878906	50.900001525878906	50.900001525878906	10	2024/12/16 
2024/12/17 	50.900001525878906	50.900001525878906	50.900001525878906	50.900001525878906	0	2024/12/17 
2024/12/18 	50.900001525878906	50.900001525878906	50.900001525878906	50.900001525878906	0	2024/12/18 
2024/12/19 	50.900001525878906	50.900001525878906	50.900001525878906	50.900001525878906	0	2024/12/19 
2024/12/20 	51.5	51.5	51.5	51.5	2	2024/12/20 
2024/12/23 	49.0	50.0	49.0	49.5	2002	2024/12/23 
2024/12/24 	49.5	49.5	49.5	49.5	600	2024/12/24 
2024/12/25 	49.5	51.5	49.5	51.0	16290	2024/12/25 
2024/12/26 	51.5	51.5	51.5	51.5	3	2024/12/26 
2024/12/27 	49.20000076293945	50.0	49.20000076293945	50.0	3002	2024/12/27 
2024/12/30 	50.0	50.0	50.0	50.0	0	2024/12/30 
2024/12/31 	50.5	50.5	49.0	50.0	3010	2024/12/31 
2025/01/02 	50.0	50.0	50.0	50.0	0	2025/01/02 
2025/01/03 	50.0	50.0	50.0	50.0	0	2025/01/03 
2025/01/06 	50.0	50.0	50.0	50.0	0	2025/01/06 
2025/01/07 	50.0	50.0	50.0	50.0	0	2025/01/07 
2025/01/08 	51.5	51.5	51.0	51.0	6025	2025/01/08 
2025/01/09 	50.0	50.0	50.0	50.0	2000	2025/01/09 
2025/01/10 	49.5	50.0	48.95000076293945	50.0	11270	2025/01/10 
2025/01/13 	50.0	50.0	49.5	49.5	14000	2025/01/13 
2025/01/14 	49.0	49.5	49.0	49.20000076293945	3152	2025/01/14 
2025/01/15 	49.5	49.5	48.79999923706055	48.95000076293945	7822	2025/01/15 
2025/01/16 	48.95000076293945	48.95000076293945	48.95000076293945	48.95000076293945	0	2025/01/16 
2025/01/17 	49.70000076293945	49.70000076293945	49.70000076293945	49.70000076293945	2200	2025/01/17 
2025/01/20 	48.5	48.5	48.5	48.5	2220	2025/01/20 
2025/01/21 	48.5	48.5	48.5	48.5	1200	2025/01/21 
2025/01/22 	48.5	48.5	48.5	48.5	0	2025/01/22 
2025/02/03 	49.0	50.900001525878906	48.5	50.900001525878906	3033	2025/02/03 
2025/02/04 	51.0	51.5	50.5	51.0	16021	2025/02/04 
2025/02/05 	51.0	51.0	51.0	51.0	0	2025/02/05 
2025/02/06 	51.79999923706055	51.79999923706055	51.5	51.5	2000	2025/02/06 
2025/02/07 	51.70000076293945	51.70000076293945	51.70000076293945	51.70000076293945	14	2025/02/07 
2025/02/10 	51.70000076293945	51.70000076293945	51.70000076293945	51.70000076293945	0	2025/02/10 
2025/02/11 	51.70000076293945	51.70000076293945	51.70000076293945	51.70000076293945	0	2025/02/11 
2025/02/12 	51.70000076293945	51.70000076293945	51.70000076293945	51.70000076293945	0	2025/02/12 
2025/02/13 	51.70000076293945	51.70000076293945	49.79999923706055	50.0	8154	2025/02/13 
2025/02/14 	49.5	49.5	49.5	49.5	4	2025/02/14 
2025/02/17 	49.5	49.5	49.5	49.5	0	2025/02/17 
2025/02/18 	49.54999923706055	49.54999923706055	49.54999923706055	49.54999923706055	3000	2025/02/18 
2025/02/19 	49.75	49.75	49.54999923706055	49.54999923706055	3115	2025/02/19 
2025/02/20 	49.650001525878906	50.20000076293945	49.650001525878906	50.20000076293945	4000	2025/02/20 
2025/02/21 	49.70000076293945	50.5	49.54999923706055	50.5	21266	2025/02/21 
2025/02/24 	50.5	50.5	50.5	50.5	0	2025/02/24 
2025/02/25 	50.5	50.5	50.5	50.5	0	2025/02/25 
2025/02/26 	50.5	50.5	50.5	50.5	0	2025/02/26 
2025/02/27 	52.0	52.0	52.0	52.0	1	2025/02/27 
2025/03/03 	52.0	52.0	52.0	52.0	100	2025/03/03 
2025/03/04 	52.0	52.0	49.5	49.5	1021	2025/03/04 
2025/03/05 	52.0	52.0	52.0	52.0	101	2025/03/05 
2025/03/06 	52.0	52.0	52.0	52.0	2123	2025/03/06 
2025/03/07 	52.0	52.0	50.400001525878906	50.5	2245	2025/03/07 
2025/03/10 	53.099998474121094	53.20000076293945	53.099998474121094	53.20000076293945	4400	2025/03/10 
2025/03/11 	53.20000076293945	53.20000076293945	53.20000076293945	53.20000076293945	0	2025/03/11 
2025/03/12 	53.20000076293945	53.20000076293945	53.20000076293945	53.20000076293945	0	2025/03/12 
2025/03/13 	53.20000076293945	53.20000076293945	53.20000076293945	53.20000076293945	0	2025/03/13 
2025/03/14 	53.20000076293945	53.20000076293945	53.20000076293945	53.20000076293945	0	2025/03/14 
2025/03/17 	53.20000076293945	53.20000076293945	53.20000076293945	53.20000076293945	0	2025/03/17 
2025/03/18 	52.0	52.0	51.5	51.5	2025	2025/03/18 
2025/03/19 	51.5	52.5	51.099998474121094	51.099998474121094	4040	2025/03/19 
2025/03/20 	51.099998474121094	51.099998474121094	51.099998474121094	51.099998474121094	0	2025/03/20 
2025/03/21 	51.099998474121094	51.099998474121094	51.099998474121094	51.099998474121094	0	2025/03/21 
2025/03/24 	51.79999923706055	52.29999923706055	51.79999923706055	52.29999923706055	4000	2025/03/24 
2025/03/25 	52.29999923706055	52.29999923706055	52.29999923706055	52.29999923706055	3000	2025/03/25 
2025/03/26 	54.5	54.5	54.5	54.5	2	2025/03/26 
2025/03/27 	54.5	54.5	54.5	54.5	0	2025/03/27 
2025/03/28 	51.79999923706055	51.79999923706055	51.79999923706055	51.79999923706055	1000	2025/03/28 
2025/03/31 	51.5	51.5	51.5	51.5	1000	2025/03/31 
2025/04/01 	51.5	51.5	51.5	51.5	0	2025/04/01 
2025/04/02 	51.5	51.5	51.5	51.5	0	2025/04/02 
2025/04/07 	48.400001525878906	49.400001525878906	41.79999923706055	43.0	25498	2025/04/07 
2025/04/08 	44.29999923706055	46.29999923706055	44.150001525878906	44.150001525878906	11102	2025/04/08 
2025/04/09 	44.150001525878906	44.150001525878906	44.150001525878906	44.150001525878906	0	2025/04/09 
2025/04/10 	45.0	46.29999923706055	45.0	46.29999923706055	4000	2025/04/10 
2025/04/11 	45.599998474121094	45.599998474121094	45.599998474121094	45.599998474121094	520	2025/04/11 
2025/04/14 	47.5	47.5	47.29999923706055	47.29999923706055	6087	2025/04/14 
2025/04/15 	47.29999923706055	47.29999923706055	47.29999923706055	47.29999923706055	0	2025/04/15 
2025/04/16 	49.29999923706055	49.349998474121094	49.29999923706055	49.349998474121094	6000	2025/04/16 
2025/04/17 	49.349998474121094	49.349998474121094	49.349998474121094	49.349998474121094	0	2025/04/17 
2025/04/18 	49.349998474121094	49.349998474121094	49.349998474121094	49.349998474121094	0	2025/04/18 
2025/04/21 	49.349998474121094	49.349998474121094	49.349998474121094	49.349998474121094	0	2025/04/21 
2025/04/22 	49.349998474121094	49.349998474121094	49.349998474121094	49.349998474121094	0	2025/04/22 
2025/04/23 	51.0	51.0	51.0	51.0	2	2025/04/23 
2025/04/24 	51.0	51.0	51.0	51.0	0	2025/04/24 
2025/04/25 	51.0	51.0	51.0	51.0	0	2025/04/25 
2025/04/28 	51.0	51.0	48.599998474121094	50.099998474121094	3002	2025/04/28 
2025/04/29 	48.599998474121094	48.599998474121094	48.599998474121094	48.599998474121094	2	2025/04/29 
2025/04/30 	48.599998474121094	48.599998474121094	48.599998474121094	48.599998474121094	0	2025/04/30 
2025/05/02 	48.599998474121094	48.599998474121094	48.599998474121094	48.599998474121094	0	2025/05/02 
2025/05/05 	50.0	50.099998474121094	49.099998474121094	49.099998474121094	6029	2025/05/05 
2025/05/06 	51.5	51.599998474121094	51.0	51.0	10000	2025/05/06 
2025/05/07 	52.599998474121094	52.599998474121094	51.099998474121094	52.0	15000	2025/05/07 
2025/05/08 	52.29999923706055	53.70000076293945	52.0	53.70000076293945	26600	2025/05/08 
2025/05/09 	52.79999923706055	52.79999923706055	52.79999923706055	52.79999923706055	100	2025/05/09 
2025/05/12 	55.5	55.5	52.79999923706055	52.79999923706055	5001	2025/05/12 
2025/05/13 	52.79999923706055	52.79999923706055	52.79999923706055	52.79999923706055	0	2025/05/13 
2025/05/14 	52.79999923706055	52.79999923706055	52.79999923706055	52.79999923706055	0	2025/05/14 
2025/05/15 	52.79999923706055	52.79999923706055	52.79999923706055	52.79999923706055	0	2025/05/15 
2025/05/16 	52.79999923706055	52.79999923706055	52.79999923706055	52.79999923706055	0	2025/05/16 
2025/05/19 	52.79999923706055	52.79999923706055	52.79999923706055	52.79999923706055	0	2025/05/19 
2025/05/20 	51.79999923706055	51.79999923706055	51.79999923706055	51.79999923706055	1100	2025/05/20 
2025/05/21 	51.79999923706055	51.79999923706055	51.79999923706055	51.79999923706055	0	2025/05/21 
2025/05/22 	51.79999923706055	51.79999923706055	51.79999923706055	51.79999923706055	0	2025/05/22 
2025/05/23 	51.79999923706055	51.79999923706055	51.79999923706055	51.79999923706055	0	2025/05/23 
2025/05/26 	51.79999923706055	51.79999923706055	51.79999923706055	51.79999923706055	0	2025/05/26 
2025/05/27 	52.0	52.0	51.0	51.599998474121094	2120	2025/05/27 
2025/05/28 	51.5	51.5	51.5	51.5	13	2025/05/28 
2025/05/29 	51.5	51.5	51.5	51.5	0	2025/05/29 
2025/06/02 	49.099998474121094	49.099998474121094	49.099998474121094	49.099998474121094	3000	2025/06/02 
2025/06/03 	51.0	51.0	51.0	51.0	1	2025/06/03 
2025/06/04 	51.0	51.0	48.650001525878906	49.0	5727	2025/06/04 
2025/06/05 	49.0	49.0	49.0	49.0	0	2025/06/05 
2025/06/06 	49.0	49.0	49.0	49.0	0	2025/06/06 
2025/06/09 	49.0	49.0	49.0	49.0	0	2025/06/09 
2025/06/10 	48.099998474121094	48.099998474121094	48.099998474121094	48.099998474121094	3000	2025/06/10 
2025/06/11 	47.70000076293945	47.70000076293945	47.70000076293945	47.70000076293945	6	2025/06/11 
2025/06/12 	47.70000076293945	47.70000076293945	47.70000076293945	47.70000076293945	100	2025/06/12 
2025/06/13 	47.75	48.0	47.75	48.0	6030	2025/06/13 
2025/06/16 	47.70000076293945	48.0	47.70000076293945	48.0	4399	2025/06/16 
2025/06/17 	48.0	48.0	45.5	46.5	9814	2025/06/17 
2025/06/18 	46.5	46.599998474121094	46.5	46.599998474121094	2517	2025/06/18 
2025/06/19 	46.79999923706055	46.79999923706055	46.79999923706055	46.79999923706055	3000	2025/06/19 
2025/06/20 	46.0	46.29999923706055	46.0	46.29999923706055	4200	2025/06/20 
2025/06/23 	46.29999923706055	46.29999923706055	46.29999923706055	46.29999923706055	94	2025/06/23 
2025/06/24 	46.29999923706055	46.29999923706055	46.29999923706055	46.29999923706055	0	2025/06/24 
2025/06/25 	46.29999923706055	46.29999923706055	46.29999923706055	46.29999923706055	165	2025/06/25 
2025/06/26 	46.45000076293945	46.45000076293945	44.150001525878906	44.150001525878906	3116	2025/06/26 
2025/06/27 	46.29999923706055	46.29999923706055	46.0	46.0	528	2025/06/27 
