Date	Open	High	Low	Close	Volume	Date
2022/03/10 	20.24062156677246	20.24062156677246	20.24062156677246	20.24062156677246	100	2022/03/10 
2022/03/11 	20.13507308067422	20.13507308067422	20.053884506225586	20.053884506225586	1100	2022/03/11 
2022/03/14 	19.92398672524053	19.92398672524053	19.810319900512695	19.810319900512695	1200	2022/03/14 
2022/03/15 	19.82656113329865	19.956464767456055	19.82656113329865	19.956464767456055	200	2022/03/15 
2022/03/16 	20.118836981253416	20.20002555847168	20.0457660228987	20.20002555847168	4300	2022/03/16 
2022/03/17 	20.264973937948422	20.362402382211048	20.25685632045141	20.289331436157227	3700	2022/03/17 
2022/03/18 	20.33804827470792	20.41111923294394	20.33804827470792	20.36240577697754	1700	2022/03/18 
2022/03/21 	20.427354794371823	20.427354794371823	20.260915756225586	20.260915756225586	700	2022/03/21 
2022/03/22 	20.216261115747123	20.260915756225586	20.216261115747123	20.260915756225586	400	2022/03/22 
2022/03/23 	20.27309799194336	20.27309799194336	20.27309799194336	20.27309799194336	0	2022/03/23 
2022/03/24 	20.224388122558594	20.224388122558594	20.224388122558594	20.224388122558594	200	2022/03/24 
2022/03/25 	20.151309967041016	20.151309967041016	20.151309967041016	20.151309967041016	0	2022/03/25 
2022/03/28 	20.15943145751953	20.15943145751953	20.15943145751953	20.15943145751953	0	2022/03/28 
2022/03/29 	20.394878624695643	20.443592071533203	20.394878624695643	20.443592071533203	2000	2022/03/29 
2022/03/30 	20.41923545002037	20.41923545002037	20.41111628377029	20.416799545288086	3000	2022/03/30 
2022/03/31 	20.435479675377845	20.435479675377845	20.423301696777344	20.423301696777344	300	2022/03/31 
2022/04/01 	20.36240533253962	20.36240533253962	20.35022735595703	20.35022735595703	200	2022/04/01 
2022/04/04 	20.354286422411175	20.49230917019099	20.354286422411175	20.402999877929688	300	2022/04/04 
2022/04/05 	20.338046582402455	20.338046582402455	20.325868606567383	20.325868606567383	200	2022/04/05 
2022/04/06 	20.094480514526367	20.094480514526367	20.094480514526367	20.094480514526367	0	2022/04/06 
2022/04/07 	20.094480514526367	20.094480514526367	20.094480514526367	20.094480514526367	0	2022/04/07 
2022/04/08 	19.915864944458008	19.915864944458008	19.915864944458008	19.915864944458008	100	2022/04/08 
2022/04/11 	19.777842896422875	19.777842896422875	19.729127883911133	19.729127883911133	1000	2022/04/11 
2022/04/12 	19.806251525878906	19.806251525878906	19.806251525878906	19.806251525878906	0	2022/04/12 
2022/04/13 	19.887451171875	19.887451171875	19.887451171875	19.887451171875	100	2022/04/13 
2022/04/14 	19.883390426635742	19.883390426635742	19.883390426635742	19.883390426635742	0	2022/04/14 
2022/04/18 	19.818437576293945	19.818437576293945	19.818437576293945	19.818437576293945	100	2022/04/18 
2022/04/19 	19.76972007751465	19.76972007751465	19.76972007751465	19.76972007751465	100	2022/04/19 
2022/04/20 	19.859025955200195	19.859025955200195	19.859025955200195	19.859025955200195	100	2022/04/20 
2022/04/21 	19.729127883911133	19.729127883911133	19.729127883911133	19.729127883911133	0	2022/04/21 
2022/04/22 	19.631698608398438	19.631698608398438	19.631698608398438	19.631698608398438	100	2022/04/22 
2022/04/25 	19.59922469617843	19.68041483684468	19.59922469617843	19.65199851989746	6100	2022/04/25 
2022/04/26 	19.63575553894043	19.63575553894043	19.63575553894043	19.63575553894043	0	2022/04/26 
2022/04/27 	19.60734389657433	19.60734389657433	19.57080841064453	19.57080841064453	100	2022/04/27 
2022/04/28 	19.530216217041016	19.530216217041016	19.530216217041016	19.530216217041016	100	2022/04/28 
2022/04/29 	19.412480681243316	19.412480681243316	19.35970687866211	19.35970687866211	2000	2022/04/29 
2022/05/02 	19.25826644897461	19.25826644897461	19.25826644897461	19.25826644897461	100	2022/05/02 
2022/05/03 	19.39734649658203	19.39734649658203	19.39734649658203	19.39734649658203	0	2022/05/03 
2022/05/04 	19.47097394122231	19.60187112439153	19.47097394122231	19.5650577545166	3100	2022/05/04 
2022/05/05 	19.217363357543945	19.217363357543945	19.217363357543945	19.217363357543945	0	2022/05/05 
2022/05/06 	19.19281430281723	19.19281430281723	19.143728256225586	19.143728256225586	2000	2022/05/06 
2022/05/09 	18.98011408615554	19.000566482543945	18.98011408615554	19.000566482543945	1000	2022/05/09 
2022/05/10 	19.00465180756257	19.00465180756257	18.963747024536133	18.963747024536133	300	2022/05/10 
2022/05/11 	18.931028966567435	18.947391510009766	18.931028966567435	18.947391510009766	2000	2022/05/11 
2022/05/12 	18.849211389106685	18.849211389106685	18.84103012084961	18.84103012084961	1000	2022/05/12 
2022/05/13 	18.88193260288142	18.88193260288142	18.865570068359375	18.865570068359375	2000	2022/05/13 
2022/05/16 	18.9391999132914	18.9391999132914	18.865570068359375	18.865570068359375	600	2022/05/16 
2022/05/17 	18.83285140991211	18.83285140991211	18.83285140991211	18.83285140991211	100	2022/05/17 
2022/05/18 	18.677410125732422	18.677410125732422	18.677410125732422	18.677410125732422	100	2022/05/18 
2022/05/19 	18.701950073242188	18.701950073242188	18.701950073242188	18.701950073242188	800	2022/05/19 
2022/05/20 	18.742856979370117	18.742856979370117	18.742856979370117	18.742856979370117	0	2022/05/20 
2022/05/23 	18.783763885498047	18.783763885498047	18.783763885498047	18.783763885498047	0	2022/05/23 
2022/05/24 	18.832845726356155	18.92283654141084	18.80830192565918	18.80830192565918	1100	2022/05/24 
2022/05/25 	18.91466066922557	19.127367410049885	18.91466066922557	19.102825164794922	13100	2022/05/25 
2022/05/26 	19.307359988502242	19.569154446312215	19.307359988502242	19.438257217407227	12600	2022/05/26 
2022/05/27 	19.618233288956045	19.65913963317871	19.618233288956045	19.65913963317871	4000	2022/05/27 
2022/05/31 	19.61823385990097	19.61823385990097	19.536422729492188	19.536422729492188	900	2022/05/31 
2022/06/01 	19.615343868228383	19.615343868228383	19.549575805664062	19.549575805664062	500	2022/06/01 
2022/06/02 	19.516691207885742	19.516691207885742	19.516691207885742	19.516691207885742	0	2022/06/02 
2022/06/03 	19.500248512038407	19.500248512038407	19.467365264892578	19.467365264892578	100	2022/06/03 
2022/06/06 	19.45338901394833	19.45338901394833	19.33582878112793	19.33582878112793	200	2022/06/06 
2022/06/07 	19.257726669311523	19.257726669311523	19.257726669311523	19.257726669311523	100	2022/06/07 
2022/06/08 	19.200176239013672	19.200176239013672	19.200176239013672	19.200176239013672	100	2022/06/08 
2022/06/09 	19.122081997873558	19.122081997873558	19.03987153031267	19.06453514099121	1300	2022/06/09 
2022/06/10 	18.842573102025465	18.842573102025465	18.62882644831945	18.65349006652832	7100	2022/06/10 
2022/06/13 	18.341092988060083	18.341092988060083	18.036916162527614	18.069799423217773	18100	2022/06/13 
2022/06/14 	18.234217135060614	18.234217135060614	18.049243927001953	18.049243927001953	3000	2022/06/14 
2022/06/15 	18.31642513807468	18.4561824798584	18.31642513807468	18.4561824798584	7700	2022/06/15 
2022/06/16 	18.143783508730554	18.168447123190727	18.028689777318704	18.061573028564453	30200	2022/06/16 
2022/06/17 	18.2259902836153	18.26380656367206	18.2259902836153	18.23832130432129	1100	2022/06/17 
2022/06/21 	18.2547664642334	18.2547664642334	18.2547664642334	18.2547664642334	0	2022/06/21 
2022/06/22 	18.135563738351355	18.152006149291992	18.135563738351355	18.152006149291992	200	2022/06/22 
2022/06/23 	18.2424373626709	18.2424373626709	18.2424373626709	18.2424373626709	100	2022/06/23 
2022/06/24 	18.316425605777034	18.365751266479492	18.316425605777034	18.365751266479492	4000	2022/06/24 
2022/06/27 	18.34931182861328	18.34931182861328	18.34931182861328	18.34931182861328	100	2022/06/27 
2022/06/28 	18.2835390199643	18.2835390199643	18.11911964416504	18.11911964416504	7000	2022/06/28 
2022/06/29 	18.036905797031785	18.069789038824517	18.036905797031785	18.053346633911133	10100	2022/06/29 
2022/06/30 	17.95058883440378	18.01224708557129	17.95058883440378	18.01224708557129	300	2022/06/30 
2022/07/01 	18.053576763572764	18.144506454467773	18.053576763572764	18.144506454467773	5000	2022/07/01 
2022/07/05 	18.111448922132606	18.111448922132606	18.003987800428288	18.037052154541016	1600	2022/07/05 
2022/07/06 	18.11144279709792	18.136242236798413	18.09490983729759	18.12714958190918	10200	2022/07/06 
2022/07/07 	18.20237440094923	18.31810197830206	18.20237440094923	18.293302536010742	11100	2022/07/07 
2022/07/08 	18.30983105033288	18.41729369749073	18.30983105033288	18.375961303710938	24700	2022/07/08 
2022/07/11 	18.392498537255314	18.392498537255314	18.3429012298584	18.3429012298584	1300	2022/07/11 
2022/07/12 	18.35942500657674	18.35942500657674	18.334627151489258	18.334627151489258	700	2022/07/12 
2022/07/13 	18.384232024817173	18.400764986144242	18.351167678833008	18.351167678833008	2100	2022/07/13 
2022/07/14 	18.185837557588414	18.318098068237305	18.185837557588414	18.318098068237305	5000	2022/07/14 
2022/07/15 	18.384228487007757	18.53302195697803	18.384228487007757	18.524755477905273	9500	2022/07/15 
2022/07/18 	18.64461959478222	18.64461959478222	18.450361251831055	18.450361251831055	1600	2022/07/18 
2022/07/19 	18.582625715345714	18.665288958143044	18.582625715345714	18.65702247619629	3300	2022/07/19 
2022/07/20 	18.80581461358742	18.880211368961593	18.80581461358742	18.83888053894043	2100	2022/07/20 
2022/07/21 	18.76448073066453	19.00420234379176	18.76448073066453	18.97113800048828	9100	2022/07/21 
2022/07/22 	19.078600513582742	19.078600513582742	19.012470245361328	19.012470245361328	3200	2022/07/22 
2022/07/25 	18.962869674378986	18.962869674378986	18.95460319519043	18.95460319519043	1000	2022/07/25 
2022/07/26 	18.971136667321012	18.971136667321012	18.905006408691406	18.905006408691406	400	2022/07/26 
2022/07/27 	18.99593909264164	19.04553798103222	18.99593909264164	19.03727149963379	4100	2022/07/27 
2022/07/28 	19.11166646530767	19.243927001953125	19.11166646530767	19.243927001953125	7200	2022/07/28 
2022/07/29 	19.326589584350586	19.326589584350586	19.326589584350586	19.326589584350586	1100	2022/07/29 
2022/08/01 	19.318281173706055	19.318281173706055	19.318281173706055	19.318281173706055	500	2022/08/01 
2022/08/02 	19.318281173706055	19.318281173706055	19.318281173706055	19.318281173706055	0	2022/08/02 
2022/08/03 	19.430448532104492	19.430448532104492	19.430448532104492	19.430448532104492	100	2022/08/03 
2022/08/04 	19.53431053776024	19.567545460744437	19.526831848066738	19.530155181884766	3700	2022/08/04 
2022/08/05 	19.393062876385333	19.476152579591265	19.380599975585938	19.380599975585938	1100	2022/08/05 
2022/08/08 	19.542623048030865	19.542623048030865	19.526004791259766	19.526004791259766	1000	2022/08/08 
2022/08/09 	19.426290397574913	19.426290397574913	19.35566520690918	19.35566520690918	2600	2022/08/09 
2022/08/10 	19.607427870415012	19.607427870415012	19.592472076416016	19.592472076416016	700	2022/08/10 
2022/08/11 	19.775265942480722	19.791884193906213	19.592469931211372	19.61739730834961	5200	2022/08/11 
2022/08/12 	19.634018457253266	19.742035531374665	19.592474404009064	19.663101196289062	1800	2022/08/12 
2022/08/15 	19.667252496861547	19.7087965448865	19.667252496861547	19.688024520874023	800	2022/08/15 
2022/08/16 	19.634019890273763	19.646484375	19.634019890273763	19.646484375	700	2022/08/16 
2022/08/17 	19.467838287353516	19.467838287353516	19.467838287353516	19.467838287353516	300	2022/08/17 
2022/08/18 	19.50938472137581	19.50938472137581	19.484458923339844	19.484458923339844	400	2022/08/18 
2022/08/19 	19.32658708255773	19.32658708255773	19.234357833862305	19.234357833862305	8200	2022/08/19 
2022/08/22 	19.060700451994823	19.06900957853059	19.03743553161621	19.03743553161621	6400	2022/08/22 
2022/08/23 	19.010844230666063	19.07731565303608	19.010844230666063	19.04408073425293	3500	2022/08/23 
2022/08/24 	19.077318039307457	19.085627166243516	19.060701370239258	19.060701370239258	2300	2022/08/24 
2022/08/25 	19.152100752444035	19.21691131591797	19.152100752444035	19.21691131591797	2300	2022/08/25 
2022/08/26 	18.977614499575026	18.977614499575026	18.900341033935547	18.900341033935547	1100	2022/08/26 
2022/08/29 	18.828879586104318	18.83469581604004	18.828879586104318	18.83469581604004	200	2022/08/29 
2022/08/30 	18.794818027416927	18.803125570601022	18.645256893237367	18.72003746032715	29300	2022/08/30 
2022/08/31 	18.581281661987305	18.581281661987305	18.581281661987305	18.581281661987305	200	2022/08/31 
2022/09/01 	18.459330345308313	18.61635971069336	18.459330345308313	18.61635971069336	9800	2022/09/01 
2022/09/02 	18.6932058440592	18.6932058440592	18.601327896118164	18.601327896118164	300	2022/09/02 
2022/09/06 	18.576267288517023	18.584620117948997	18.501093416768555	18.528657913208008	9400	2022/09/06 
2022/09/07 	18.592967558185595	18.78257179260254	18.592967558185595	18.78257179260254	800	2022/09/07 
2022/09/08 	18.668143397346615	18.83686637878418	18.668143397346615	18.83686637878418	900	2022/09/08 
2022/09/09 	18.91872215270996	18.91872215270996	18.91872215270996	18.91872215270996	100	2022/09/09 
2022/09/12 	18.97635840321714	18.977193208203843	18.953805923461914	18.953805923461914	1300	2022/09/12 
2022/09/13 	18.718251765650418	18.726604590425023	18.534494400024414	18.534494400024414	1300	2022/09/13 
2022/09/14 	18.618025373098767	18.63472943338407	18.60967254638672	18.60967254638672	1600	2022/09/14 
2022/09/15 	18.526142188315355	18.53449501336637	18.459321181045716	18.465167999267578	15200	2022/09/15 
2022/09/16 	18.283921025807867	18.384153366088867	18.283921025807867	18.384153366088867	4200	2022/09/16 
2022/09/19 	18.392509746836424	18.496917724609375	18.392509746836424	18.496917724609375	2700	2022/09/19 
2022/09/20 	18.375800061832205	18.375800061832205	18.308979034423828	18.308979034423828	300	2022/09/20 
2022/09/21 	18.367450975722708	18.367450975722708	18.254690170288086	18.254690170288086	1200	2022/09/21 
2022/09/22 	18.107682397973054	18.14777374267578	18.107682397973054	18.14777374267578	300	2022/09/22 
2022/09/23 	17.899697826905616	17.91640347997474	17.899697826905616	17.903873443603516	1500	2022/09/23 
2022/09/26 	17.824528597365582	17.84123425476108	17.67835807800293	17.67835807800293	14300	2022/09/26 
2022/09/27 	17.799474626316748	17.799474626316748	17.640775620221206	17.66583251953125	2300	2022/09/27 
2022/09/28 	17.92308807373047	17.92308807373047	17.92308807373047	17.92308807373047	100	2022/09/28 
2022/09/29 	17.714269638061523	17.714269638061523	17.714269638061523	17.714269638061523	100	2022/09/29 
2022/09/30 	17.65329933166504	17.65329933166504	17.65329933166504	17.65329933166504	100	2022/09/30 
2022/10/03 	17.817955623880362	17.84315840211749	17.817955623880362	17.838958740234375	600	2022/10/03 
2022/10/04 	18.145579627276238	18.191783905029297	18.12037685696212	18.191783905029297	4300	2022/10/04 
2022/10/05 	18.044771490415247	18.165742874145508	18.044771490415247	18.165742874145508	2100	2022/10/05 
2022/10/06 	18.162384994890758	18.17750601908548	18.15398406982422	18.15398406982422	500	2022/10/06 
2022/10/07 	18.069970833051848	18.069970833051848	17.92715835571289	17.92715835571289	2500	2022/10/07 
2022/10/10 	17.813750464971957	17.813750464971957	17.641535539276276	17.694459915161133	300	2022/10/10 
2022/10/11 	17.74234962463379	17.74234962463379	17.74234962463379	17.74234962463379	100	2022/10/11 
2022/10/12 	17.784345626831055	17.784345626831055	17.784345626831055	17.784345626831055	100	2022/10/12 
2022/10/13 	17.574332266595114	17.802831649780273	17.53232924546826	17.802831649780273	1300	2022/10/13 
2022/10/14 	17.885156736592048	17.885156736592048	17.712940216064453	17.712940216064453	2300	2022/10/14 
2022/10/17 	17.94395529027894	17.960755528306272	17.94395529027894	17.958236694335938	300	2022/10/17 
2022/10/18 	18.153983214941416	18.153983214941416	18.023771286010742	18.023771286010742	3100	2022/10/18 
2022/10/19 	17.91036148696645	17.91036148696645	17.891040802001953	17.891040802001953	100	2022/10/19 
2022/10/20 	17.99436965208091	17.99436965208091	17.8011531829834	17.8011531829834	500	2022/10/20 
2022/10/21 	17.970006942749023	17.970006942749023	17.970006942749023	17.970006942749023	0	2022/10/21 
2022/10/24 	18.044770565557158	18.06157241282172	18.019569396972656	18.019569396972656	2800	2022/10/24 
2022/10/25 	18.183385848999023	18.183385848999023	18.183385848999023	18.183385848999023	0	2022/10/25 
2022/10/26 	18.205219268798828	18.205219268798828	18.205219268798828	18.205219268798828	0	2022/10/26 
2022/10/27 	18.376604080200195	18.376604080200195	18.376604080200195	18.376604080200195	100	2022/10/27 
2022/10/28 	18.490017236798632	18.511018753051758	18.490017236798632	18.511018753051758	900	2022/10/28 
2022/10/31 	18.34719886382516	18.34719886382516	18.26319122314453	18.26319122314453	2200	2022/10/31 
2022/11/01 	18.260655090499096	18.317249298095703	18.260655090499096	18.317249298095703	600	2022/11/01 
2022/11/02 	18.18632698059082	18.18632698059082	18.18632698059082	18.18632698059082	0	2022/11/02 
2022/11/03 	18.0638490915618	18.110307693481445	18.0638490915618	18.110307693481445	300	2022/11/03 
2022/11/04 	18.17787742614746	18.17787742614746	18.17787742614746	18.17787742614746	100	2022/11/04 
2022/11/07 	18.13564206734999	18.152536392211914	18.13564206734999	18.152536392211914	300	2022/11/07 
2022/11/08 	18.14409212319613	18.220114986066562	18.14409212319613	18.179569244384766	400	2022/11/08 
2022/11/09 	17.93291664123535	17.93291664123535	17.93291664123535	17.93291664123535	100	2022/11/09 
2022/11/10 	18.389053827261975	18.457473754882812	18.366246647677812	18.457473754882812	1400	2022/11/10 
2022/11/11 	18.405946140366865	18.50308609008789	18.405946140366865	18.50308609008789	10100	2022/11/11 
2022/11/14 	18.46507811582501	18.46507811582501	18.389055252075195	18.389055252075195	7200	2022/11/14 
2022/11/15 	18.515755796121006	18.570661544799805	18.515755796121006	18.570661544799805	1300	2022/11/15 
2022/11/16 	18.60022553616696	18.60022553616696	18.544475555419922	18.544475555419922	1100	2022/11/16 
2022/11/17 	18.470985412597656	18.470985412597656	18.470985412597656	18.470985412597656	100	2022/11/17 
2022/11/18 	18.54870101236415	18.549545245353617	18.5115354272476	18.529273986816406	3300	2022/11/18 
2022/11/21 	18.532650208958636	18.532650208958636	18.514911651611328	18.514911651611328	800	2022/11/21 
2022/11/22 	18.665271759033203	18.665271759033203	18.665271759033203	18.665271759033203	300	2022/11/22 
2022/11/23 	18.735370775586826	18.77338218688965	18.735370775586826	18.77338218688965	500	2022/11/23 
2022/11/25 	18.769166946411133	18.769166946411133	18.769166946411133	18.769166946411133	200	2022/11/25 
2022/11/28 	18.701589943435962	18.701589943435962	18.591780048916068	18.61205291748047	1600	2022/11/28 
2022/11/29 	18.583328285148262	18.617116928100586	18.583328285148262	18.617116928100586	700	2022/11/29 
2022/11/30 	18.76916387138897	18.853633880615234	18.76916387138897	18.853633880615234	200	2022/11/30 
2022/12/01 	18.889304935891502	18.98273277282715	18.889304935891502	18.98273277282715	1300	2022/12/01 
2022/12/02 	18.96999168395996	18.96999168395996	18.96999168395996	18.96999168395996	200	2022/12/02 
2022/12/05 	18.880814649901595	18.880814649901595	18.8341007232666	18.8341007232666	400	2022/12/05 
2022/12/06 	18.846838502660265	18.846838502660265	18.73642349243164	18.73642349243164	500	2022/12/06 
2022/12/07 	18.787388231402847	18.845142364501953	18.787388231402847	18.845142364501953	2900	2022/12/07 
2022/12/08 	18.82560311772258	18.83579444885254	18.820506642164663	18.83579444885254	500	2022/12/08 
2022/12/09 	18.897797897721933	18.897797897721933	18.846837997436523	18.846837997436523	3200	2022/12/09 
2022/12/12 	18.880807450645655	18.898643493652344	18.880807450645655	18.898643493652344	100	2022/12/12 
2022/12/13 	19.135613017303918	19.178079329882337	19.025198012622454	19.10503578186035	3700	2022/12/13 
2022/12/14 	19.11862740191829	19.14410816353291	18.931773343369425	19.042186737060547	7200	2022/12/14 
2022/12/15 	18.89271458663701	18.943960189819336	18.89271458663701	18.943960189819336	20900	2022/12/15 
2022/12/16 	18.87563745208783	18.89271986761301	18.84659767150879	18.84659767150879	8500	2022/12/16 
2022/12/19 	18.73043889695537	18.743249893188477	18.73043889695537	18.743249893188477	600	2022/12/19 
2022/12/20 	18.697978973388672	18.697978973388672	18.697978973388672	18.697978973388672	100	2022/12/20 
2022/12/21 	18.811578358740984	18.8927190142863	18.811578358740984	18.835493087768555	7200	2022/12/21 
2022/12/22 	18.81584886835406	18.81584886835406	18.718481063842773	18.718481063842773	8600	2022/12/22 
2022/12/23 	18.788522720336914	18.788522720336914	18.788522720336914	18.788522720336914	100	2022/12/23 
2022/12/27 	18.798761972010766	18.798761972010766	18.627941131591797	18.627941131591797	7200	2022/12/27 
2022/12/28 	18.576707800541573	18.576707800541573	18.39649200439453	18.39649200439453	3800	2022/12/28 
2022/12/29 	18.499829012884195	18.499829012884195	18.465665817260742	18.465665817260742	100	2022/12/29 
2022/12/30 	18.516918182373047	18.516918182373047	18.516918182373047	18.516918182373047	0	2022/12/30 
2023/01/03 	18.6706549046431	18.67919611311552	18.61086807440512	18.619407653808594	8800	2023/01/03 
2023/01/04 	18.70481923476115	18.798770904541016	18.68773681678862	18.798770904541016	5800	2023/01/04 
2023/01/05 	18.76460751741013	18.77314872705586	18.747526727187836	18.768878936767578	3200	2023/01/05 
2023/01/06 	18.832931394613947	19.09770394778543	18.832931394613947	19.08232879638672	136500	2023/01/06 
2023/01/09 	19.13186938205783	19.183115005493164	19.081477390776865	19.183115005493164	3500	2023/01/09 
2023/01/10 	19.150660517451993	19.150660517451993	19.14809799194336	19.14809799194336	300	2023/01/10 
2023/01/11 	19.242898929718894	19.289873123168945	19.225816516245086	19.289873123168945	2800	2023/01/11 
2023/01/12 	19.38382775720716	19.420555114746094	19.38382775720716	19.420555114746094	200	2023/01/12 
2023/01/13 	19.371019220347954	19.441909790039062	19.371019220347954	19.441909790039062	2700	2023/01/13 
2023/01/17 	19.40944948821315	19.40944948821315	19.37101487025357	19.40517807006836	4100	2023/01/17 
2023/01/18 	19.55038012456714	19.55038012456714	19.4060380856558	19.41799545288086	600	2023/01/18 
2023/01/19 	19.353936793321406	19.353936793321406	19.31123237671504	19.315502166748047	1000	2023/01/19 
2023/01/20 	19.31293487548828	19.31293487548828	19.31293487548828	19.31293487548828	100	2023/01/20 
2023/01/23 	19.319766998291016	19.379553812781744	19.315495580645383	19.319766998291016	7000	2023/01/23 
2023/01/24 	19.285606542441943	19.36247578679245	19.285606542441943	19.341123580932617	1200	2023/01/24 
2023/01/25 	19.268524126126522	19.341123580932617	19.259982917968813	19.341123580932617	1900	2023/01/25 
2023/01/26 	19.34538924826434	19.41371726989746	19.34538924826434	19.41371726989746	600	2023/01/26 
2023/01/27 	19.36247578679245	19.36247578679245	19.33685216231932	19.341123580932617	700	2023/01/27 
2023/01/30 	19.294147327252755	19.294147327252755	19.234360500529494	19.243755340576172	2500	2023/01/30 
2023/01/31 	19.285601501320986	19.35392951965332	19.26424930104247	19.35392951965332	900	2023/01/31 
2023/02/01 	19.399435325415187	19.58316057109357	19.359941529010012	19.57801055908203	2200	2023/02/01 
2023/02/02 	19.703356305789455	19.72052574157715	19.703356305789455	19.72052574157715	200	2023/02/02 
2023/02/03 	19.574575016593958	19.61750270014239	19.49730682373047	19.49730682373047	900	2023/02/03 
2023/02/06 	19.480135798071863	19.480135798071863	19.390848188606263	19.406301498413086	3200	2023/02/06 
2023/02/07 	19.342774985140423	19.458677291870117	19.342774985140423	19.458677291870117	600	2023/02/07 
2023/02/08 	19.420044850659888	19.424336801265596	19.36853161824693	19.377117156982422	1100	2023/02/08 
2023/02/09 	19.454381367300165	19.454381367300165	19.244041442871094	19.244041442871094	1800	2023/02/09 
2023/02/10 	19.153896351314287	19.153896351314287	19.072336196899414	19.072336196899414	200	2023/02/10 
2023/02/13 	19.068042415735086	19.128141180904983	19.068042415735086	19.102384567260742	1500	2023/02/13 
2023/02/14 	18.99936206130132	19.098094940185547	18.99936206130132	19.098094940185547	9400	2023/02/14 
2023/02/15 	19.03370475769043	19.03370475769043	19.03370475769043	19.03370475769043	100	2023/02/15 
2023/02/16 	18.910065801158005	18.954709600706185	18.906631914657893	18.91779327392578	3300	2023/02/16 
2023/02/17 	18.776143273711977	18.9521427154541	18.776143273711977	18.9521427154541	800	2023/02/17 
2023/02/21 	18.716040785076167	18.716040785076167	18.60443208415488	18.6173095703125	5600	2023/02/21 
2023/02/22 	18.72463113793358	18.80189934980115	18.72463113793358	18.741802215576172	700	2023/02/22 
2023/02/23 	18.93840542852174	18.946990966796875	18.93840542852174	18.946990966796875	1200	2023/02/23 
2023/02/24 	18.75038702110135	18.836240768432617	18.75038702110135	18.836240768432617	4200	2023/02/24 
2023/02/27 	18.887752922284307	18.973606672163143	18.887752922284307	18.96502113342285	1200	2023/02/27 
2023/02/28 	18.965018487933634	18.965018487933634	18.905779425155917	18.92209243774414	600	2023/02/28 
2023/03/01 	18.88151854787071	18.89878434513189	18.88151854787071	18.894468307495117	1000	2023/03/01 
2023/03/02 	18.8383478220241	18.911733627319336	18.78654714263058	18.911733627319336	2500	2023/03/02 
2023/03/03 	18.996338659842692	19.114617160212322	18.996338659842692	19.101667404174805	600	2023/03/03 
2023/03/06 	19.18368689139805	19.18368689139805	19.097352981567383	19.097352981567383	1900	2023/03/06 
2023/03/07 	19.080081045870966	19.080081045870966	18.989429473876953	18.989429473876953	1200	2023/03/07 
2023/03/08 	18.985118991604434	18.989436675744546	18.86425018310547	18.86425018310547	2300	2023/03/08 
2023/03/09 	18.950583550762733	18.950583550762733	18.782228469848633	18.782228469848633	200	2023/03/09 
2023/03/10 	18.812445110750478	18.84697834224338	18.76064279344068	18.777910232543945	7400	2023/03/10 
2023/03/13 	18.682945945167432	18.89878405136101	18.648412704467773	18.648412704467773	8000	2023/03/13 
2023/03/14 	18.89015071561347	18.89015071561347	18.809860229492188	18.809860229492188	3000	2023/03/14 
2023/03/15 	18.71748251764452	18.75978660583496	18.700215072383138	18.75978660583496	800	2023/03/15 
2023/03/16 	18.75201276228338	18.93331761510185	18.743379041033553	18.89878273010254	5900	2023/03/16 
2023/03/17 	18.83834525963805	18.83834525963805	18.786544587290443	18.80381202697754	4400	2023/03/17 
2023/03/20 	18.812447065685717	18.821079139420743	18.726111507911277	18.729564666748047	2300	2023/03/20 
2023/03/21 	18.907412284370867	18.966983795166016	18.907412284370867	18.966983795166016	900	2023/03/21 
2023/03/22 	18.941949103661738	19.114618568163856	18.941949103661738	19.036916732788086	161100	2023/03/22 
2023/03/23 	19.028288168676127	19.08008885290904	18.94195259714523	18.950586318969727	3800	2023/03/23 
2023/03/24 	18.88928985595703	18.88928985595703	18.88928985595703	18.88928985595703	100	2023/03/24 
2023/03/27 	18.890146255493164	18.890146255493164	18.890146255493164	18.890146255493164	100	2023/03/27 
2023/03/28 	18.838346481323242	18.838346481323242	18.838346481323242	18.838346481323242	100	2023/03/28 
2023/03/29 	19.02396350793501	19.05849838256836	19.02396350793501	19.05849838256836	500	2023/03/29 
2023/03/30 	19.080091461945027	19.174196243286133	19.080091461945027	19.174196243286133	1600	2023/03/30 
2023/03/31 	19.39952278137207	19.39952278137207	19.39952278137207	19.39952278137207	200	2023/03/31 
2023/04/03 	19.401265190341555	19.422990798950195	19.401265190341555	19.422990798950195	700	2023/04/03 
2023/04/04 	19.388226680520653	19.388226680520653	19.3560733795166	19.3560733795166	300	2023/04/04 
2023/04/05 	19.388226608664134	19.388226608664134	19.2248477935791	19.2248477935791	2400	2023/04/05 
2023/04/06 	19.340430907889694	19.340430907889694	19.310014724731445	19.310014724731445	1200	2023/04/06 
2023/04/10 	19.231801406296828	19.318705498023558	19.231801406296828	19.291765213012695	1400	2023/04/10 
2023/04/11 	19.318706851317785	19.37345598540028	19.318706851317785	19.362159729003906	1100	2023/04/11 
2023/04/12 	19.483824471409452	19.49251504694668	19.353469153466683	19.362159729003906	13200	2023/04/12 
2023/04/13 	19.353469645655302	19.535966763904803	19.353469645655302	19.48469352722168	3000	2023/04/13 
2023/04/14 	19.492509709432955	19.492509709432955	19.414296208572456	19.438629150390625	2500	2023/04/14 
2023/04/17 	19.396920448329176	19.4003963470459	19.370850379174858	19.4003963470459	600	2023/04/17 
2023/04/18 	19.45775070846194	19.45775070846194	19.418643951416016	19.418643951416016	2500	2023/04/18 
2023/04/19 	19.364763711372543	19.396917011974306	19.358678817749023	19.358678817749023	4000	2023/04/19 
2023/04/20 	19.292633553764333	19.318703618455547	19.292633553764333	19.30219268798828	3800	2023/04/20 
2023/04/21 	19.336085382035996	19.363025665283203	19.318704233316975	19.363025665283203	4400	2023/04/21 
2023/04/24 	19.405612049221205	19.432552337646484	19.38823089716143	19.432552337646484	3800	2023/04/24 
2023/04/25 	19.422983344291747	19.431673915911247	19.399518966674805	19.399518966674805	5200	2023/04/25 
2023/04/26 	19.3882313931082	19.3882313931082	19.32653045654297	19.32653045654297	5000	2023/04/26 
2023/04/27 	19.336081699749858	19.440366914646738	19.32739112704535	19.414295196533203	11800	2023/04/27 
2023/04/28 	19.492506867341227	19.54030418395996	19.48381629545081	19.54030418395996	7400	2023/04/28 
2023/05/01 	19.45458119598886	19.462454683942408	19.403844833374023	19.403844833374023	4100	2023/05/01 
2023/05/02 	19.38023541458763	19.419599533081055	19.358365162173275	19.419599533081055	4000	2023/05/02 
2023/05/03 	19.454579299684834	19.480822588506626	19.40646743774414	19.40646743774414	1600	2023/05/03 
2023/05/04 	19.3058763865672	19.32862091064453	19.28838085550243	19.32862091064453	3300	2023/05/04 
2023/05/05 	19.40209797471311	19.449333901160152	19.37585468104332	19.44845962524414	3900	2023/05/05 
2023/05/08 	19.410846795463968	19.410846795463968	19.36710797030104	19.38460350036621	5100	2023/05/08 
2023/05/09 	19.305873047109426	19.348735922877875	19.305873047109426	19.327741622924805	1400	2023/05/09 
2023/05/10 	19.445837020874023	19.46333255168932	19.42396844158773	19.445837020874023	3700	2023/05/10 
2023/05/11 	19.402103998535974	19.419599533081055	19.402103998535974	19.419599533081055	200	2023/05/11 
2023/05/12 	19.36710639161939	19.36710639161939	19.318994522094727	19.318994522094727	900	2023/05/12 
2023/05/15 	19.358359788301616	19.358359788301616	19.353986740112305	19.353986740112305	4500	2023/05/15 
2023/05/16 	19.288375702077825	19.288375702077825	19.223644256591797	19.223644256591797	3800	2023/05/16 
2023/05/17 	19.279633155180658	19.279633155180658	19.257762908935547	19.257762908935547	300	2023/05/17 
2023/05/18 	19.214019699083877	19.240262985229492	19.214019699083877	19.240262985229492	900	2023/05/18 
2023/05/19 	19.279632568359375	19.297126428971247	19.279632568359375	19.279632568359375	2600	2023/05/19 
2023/05/22 	19.355734550130475	19.371479857503015	19.349611282348633	19.349611282348633	1900	2023/05/22 
2023/05/23 	19.310250907018055	19.310250907018055	19.25339126586914	19.25339126586914	700	2023/05/23 
2023/05/24 	19.227145716350574	19.227145716350574	19.078437058171872	19.113428115844727	3300	2023/05/24 
2023/05/25 	19.11342727510551	19.118676267218646	19.052194595336914	19.052194595336914	1800	2023/05/25 
2023/05/26 	19.192161560058594	19.192161560058594	19.192161560058594	19.192161560058594	100	2023/05/26 
2023/05/30 	19.305875523941197	19.305875523941197	19.21839954099164	19.26213836669922	4900	2023/05/30 
2023/05/31 	19.218399464464877	19.24901580810547	19.218399464464877	19.24901580810547	3000	2023/05/31 
2023/06/01 	19.292126653549282	19.371301041073323	19.292126653549282	19.35370635986328	1900	2023/06/01 
2023/06/02 	19.415278957807082	19.490055486611823	19.415278957807082	19.43903160095215	11300	2023/06/02 
2023/06/05 	19.397688502224163	19.397688502224163	19.388011932373047	19.388011932373047	1200	2023/06/05 
2023/06/06 	19.437274286093693	19.44607162475586	19.41088394802797	19.44607162475586	2300	2023/06/06 
2023/06/07 	19.494460453701322	19.494460453701322	19.35370635986328	19.35370635986328	5800	2023/06/07 
2023/06/08 	19.380093425478673	19.481260299682617	19.380093425478673	19.481260299682617	2300	2023/06/08 
2023/06/09 	19.512049555127014	19.512049555127014	19.490936279296875	19.490936279296875	700	2023/06/09 
2023/06/12 	19.44167372866989	19.500614051794333	19.44167372866989	19.498855590820312	3000	2023/06/12 
2023/06/13 	19.547238682783362	19.556036021526673	19.48741912841797	19.48741912841797	600	2023/06/13 
2023/06/14 	19.525247092961973	19.529646601500893	19.45926956616608	19.494457244873047	1600	2023/06/14 
2023/06/15 	19.555161246146188	19.574514389038086	19.54724313609704	19.574514389038086	1100	2023/06/15 
2023/06/16 	19.563078957487974	19.563078957487974	19.52964973449707	19.52964973449707	200	2023/06/16 
2023/06/20 	19.512052972695635	19.529647651955937	19.488300323486328	19.488300323486328	5300	2023/06/20 
2023/06/21 	19.468063517386835	19.468063517386835	19.415281165002185	19.428476333618164	6100	2023/06/21 
2023/06/22 	19.391528813065662	19.391528813065662	19.375694274902344	19.375694274902344	500	2023/06/22 
2023/06/23 	19.30971834097845	19.30971834097845	19.30531883239746	19.30531883239746	400	2023/06/23 
2023/06/26 	19.353701039077198	19.38009305363648	19.353701039077198	19.356340408325195	3100	2023/06/26 
2023/06/27 	19.388895415568516	19.4064884185791	19.388895415568516	19.4064884185791	200	2023/06/27 
2023/06/28 	19.39768500896063	19.512048721313477	19.39768500896063	19.512048721313477	1100	2023/06/28 
2023/06/29 	19.457505405159942	19.4794979095459	19.457505405159942	19.4794979095459	1400	2023/06/29 
2023/06/30 	19.60441780090332	19.60441780090332	19.60441780090332	19.60441780090332	100	2023/06/30 
2023/07/03 	19.584959030151367	19.584959030151367	19.584959030151367	19.584959030151367	100	2023/07/03 
2023/07/05 	19.55842034895296	19.55842034895296	19.487652728304656	19.492074966430664	4000	2023/07/05 
2023/07/06 	19.319581336150545	19.35496430714299	19.319581336150545	19.350542068481445	1200	2023/07/06 
2023/07/07 	19.454037767775255	19.46996018698002	19.377962112426758	19.377962112426758	900	2023/07/07 
2023/07/10 	19.433695081568104	19.469963852115544	19.399196218924658	19.458463668823242	4800	2023/07/10 
2023/07/11 	19.500921506486122	19.536304473876953	19.487653104618712	19.536304473876953	12000	2023/07/11 
2023/07/12 	19.673421331090637	19.720304489135742	19.64865274289824	19.720304489135742	1300	2023/07/12 
2023/07/13 	19.783105448644257	19.859181096932886	19.783105448644257	19.831758499145508	3700	2023/07/13 
2023/07/14 	19.753031662021545	19.788416317356123	19.726493170520612	19.739763259887695	1700	2023/07/14 
2023/07/17 	19.743303548224738	19.8061091249124	19.735341493733305	19.775148391723633	4000	2023/07/17 
2023/07/18 	19.797258377075195	19.81495070258258	19.797258377075195	19.797258377075195	800	2023/07/18 
2023/07/19 	19.814954994269065	19.885722624393	19.814954994269065	19.8326473236084	1900	2023/07/19 
2023/07/20 	19.779569267289403	19.779569267289403	19.726492286665678	19.75303077697754	6400	2023/07/20 
2023/07/21 	19.894568789062667	19.92995344774133	19.78134024341769	19.8326473236084	4600	2023/07/21 
2023/07/24 	19.837065141258197	19.837065141258197	19.784873962402344	19.784873962402344	1500	2023/07/24 
2023/07/25 	19.735338688718528	19.814952473383556	19.735338688718528	19.770723342895508	1300	2023/07/25 
2023/07/26 	19.766297109404963	19.819374084472656	19.761874871765812	19.819374084472656	2200	2023/07/26 
2023/07/27 	19.779574041993946	19.78311217077632	19.664575576782227	19.664575576782227	17800	2023/07/27 
2023/07/28 	19.68226405665189	19.76187784399453	19.67341789281012	19.75745391845703	9400	2023/07/28 
2023/07/31 	19.861834448310148	19.861834448310148	19.841489791870117	19.841489791870117	1000	2023/07/31 
2023/08/01 	19.763212291440922	19.78189115418494	19.719628278371555	19.746313095092773	6000	2023/08/01 
2023/08/02 	19.692950524774865	19.692950524774865	19.612897742435397	19.66626739501953	11000	2023/08/02 
2023/08/03 	19.57731538991532	19.603109528781935	19.550630569458008	19.550630569458008	7900	2023/08/03 
2023/08/04 	19.70628898849018	19.70628898849018	19.67515754699707	19.67515754699707	4600	2023/08/04 
2023/08/07 	19.667155744344807	19.71073977163688	19.667155744344807	19.68850326538086	2000	2023/08/07 
2023/08/08 	19.69205870237236	19.76410551748297	19.65736962076625	19.724079132080078	8700	2023/08/08 
2023/08/09 	19.71073811992213	19.74186956537915	19.71073811992213	19.737422943115234	4200	2023/08/09 
2023/08/10 	19.751656376705125	19.758773348518112	19.70362572378556	19.728530883789062	1800	2023/08/10 
2023/08/11 	19.675159495272634	19.675159495272634	19.639579732022288	19.65736961364746	700	2023/08/11 
2023/08/14 	19.639580892995006	19.719633668504034	19.6351342705941	19.681386947631836	1500	2023/08/14 
2023/08/15 	19.648471870665215	19.648471870665215	19.603998869481295	19.63068199157715	11100	2023/08/15 
2023/08/16 	19.62712790753337	19.62712790753337	19.51505470275879	19.51505470275879	3000	2023/08/16 
2023/08/17 	19.515053884729838	19.515053884729838	19.386079788208008	19.386079788208008	2500	2023/08/17 
2023/08/18 	19.37274008975162	19.4705810546875	19.37274008975162	19.4705810546875	900	2023/08/18 
2023/08/21 	19.408317431994277	19.477697295548168	19.390527549386963	19.44300651550293	2500	2023/08/21 
2023/08/22 	19.46168327331543	19.488368094333328	19.44300440756382	19.46168327331543	6000	2023/08/22 
2023/08/23 	19.54173425449178	19.657366771802046	19.54173425449178	19.64847183227539	7000	2023/08/23 
2023/08/24 	19.621788413306263	19.621788413306263	19.51772117614746	19.51772117614746	3700	2023/08/24 
2023/08/25 	19.55063583664366	19.605783462524414	19.523062023703282	19.605783462524414	1000	2023/08/25 
2023/08/28 	19.65203485130449	19.701845169067383	19.65203485130449	19.701845169067383	2500	2023/08/28 
2023/08/29 	19.70184373203608	19.817476272583008	19.70184373203608	19.817476272583008	1700	2023/08/29 
2023/08/30 	19.87084674799726	19.87084674799726	19.82815170288086	19.82815170288086	2200	2023/08/30 
2023/08/31 	19.835265391802352	19.835265391802352	19.79968732140874	19.826372146606445	900	2023/08/31 
2023/09/01 	19.86929142677933	19.86929142677933	19.802226882924312	19.817428588867188	2700	2023/09/01 
2023/09/05 	19.792392345749054	19.792392345749054	19.71727752685547	19.71727752685547	700	2023/09/05 
2023/09/06 	19.66362192307046	19.690448760986328	19.659151636200505	19.690448760986328	600	2023/09/06 
2023/09/07 	19.681509403688427	19.770930504451808	19.681509403688427	19.76645851135254	2600	2023/09/07 
2023/09/08 	19.802230226094906	19.802230226094906	19.745895385742188	19.745895385742188	1300	2023/09/08 
2023/09/11 	19.761984948545283	19.761984948545283	19.761091232299805	19.761091232299805	300	2023/09/11 
2023/09/12 	19.735156384961368	19.74856894973183	19.72621410659266	19.744098663330078	1300	2023/09/12 
2023/09/13 	19.77092978228214	19.806697197941638	19.77092978228214	19.7888126373291	1300	2023/09/13 
2023/09/14 	19.81563904838986	19.824581328502145	19.80759048461914	19.80759048461914	13200	2023/09/14 
2023/09/15 	19.78881311456651	19.78881311456651	19.758411407470703	19.758411407470703	2200	2023/09/15 
2023/09/18 	19.735156384961368	19.753934657866097	19.735156384961368	19.744098663330078	700	2023/09/18 
2023/09/19 	19.690448760986328	19.690448760986328	19.690448760986328	19.690448760986328	100	2023/09/19 
2023/09/20 	19.71370069459206	19.744104108317217	19.682403564453125	19.682403564453125	2800	2023/09/20 
2023/09/21 	19.5563233605259	19.5831485002533	19.502669669939404	19.53843879699707	5300	2023/09/21 
2023/09/22 	19.565258026123047	19.565258026123047	19.565258026123047	19.565258026123047	100	2023/09/22 
2023/09/25 	19.53843305383839	19.562577036948806	19.511606216430664	19.511606216430664	2500	2023/09/25 
2023/09/26 	19.466903663970314	19.484788228799612	19.413249969482422	19.413249969482422	2400	2023/09/26 
2023/09/27 	19.440068097748004	19.441857235654883	19.404300689697266	19.404300689697266	2700	2023/09/27 
2023/09/28 	19.502669669939404	19.54290908509635	19.502669669939404	19.53843879699707	4500	2023/09/28 
2023/09/29 	19.601029310444087	19.601029310444087	19.49819564819336	19.49819564819336	100	2023/09/29 
2023/10/02 	19.388462909886314	19.401954680044156	19.347985883775685	19.392959594726562	29600	2023/10/02 
2023/10/03 	19.195068080215645	19.213058246366725	19.132104214323533	19.141998291015625	23000	2023/10/03 
2023/10/04 	19.177077893875985	19.267926002515633	19.109617344335458	19.231046676635742	3200	2023/10/04 
2023/10/05 	19.240040808796888	19.267026056661404	19.231045726175385	19.262529373168945	2700	2023/10/05 
2023/10/06 	19.22205477575691	19.32099726575919	19.14559742168031	19.312002182006836	5100	2023/10/06 
2023/10/09 	19.31560260679225	19.47391128540039	19.31560260679225	19.47391128540039	1800	2023/10/09 
2023/10/10 	19.446929931640625	19.46491838647685	19.446929931640625	19.446929931640625	5500	2023/10/10 
2023/10/11 	19.419939147231627	19.419939147231627	19.38395881652832	19.38395881652832	700	2023/10/11 
2023/10/12 	19.338987019346774	19.356977186466434	19.27152475046644	19.30390739440918	3600	2023/10/12 
2023/10/13 	19.29401206970215	19.29401206970215	19.29401206970215	19.29401206970215	100	2023/10/13 
2023/10/16 	19.31200052002197	19.33808677534986	19.29401206970215	19.29401206970215	7200	2023/10/16 
2023/10/17 	19.28501638135153	19.28501638135153	19.208559036254883	19.208559036254883	2200	2023/10/17 
2023/10/18 	19.204065621927022	19.204065621927022	19.1024227142334	19.1024227142334	1900	2023/10/18 
2023/10/19 	19.105118404746804	19.132103653181954	19.035858154296875	19.035858154296875	900	2023/10/19 
2023/10/20 	19.05115206392413	19.087130684143155	19.05115206392413	19.073638916015625	700	2023/10/20 
2023/10/23 	19.123109382420857	19.240042032665393	19.123109382420857	19.204063415527344	14800	2023/10/23 
2023/10/24 	19.195066078418346	19.25802993774414	19.195066078418346	19.25802993774414	900	2023/10/24 
2023/10/25 	19.222057544799902	19.24004599925914	19.15909194946289	19.15909194946289	3700	2023/10/25 
2023/10/26 	19.2490333682762	19.2490333682762	19.159084269488165	19.177074432373047	1300	2023/10/26 
2023/10/27 	19.267022439362904	19.267022439362904	19.168078264739265	19.19056510925293	2700	2023/10/27 
2023/10/30 	19.23104855619151	19.25713481432367	19.23104855619151	19.24004364013672	9100	2023/10/30 
2023/10/31 	19.320999088610503	19.365974511615498	19.320999088610503	19.3389892578125	2600	2023/10/31 
2023/11/01 	19.436629319230693	19.51889944862241	19.400465639633058	19.47821617126465	10200	2023/11/01 
2023/11/02 	19.71779415668583	19.753957835629464	19.71779415668583	19.744916915893555	8800	2023/11/02 
2023/11/03 	19.889568068592705	19.97907196639838	19.857925711888456	19.969125747680664	6000	2023/11/03 
2023/11/06 	19.998058494427884	20.025179530611407	19.904034993732147	19.979976654052734	22000	2023/11/06 
2023/11/07 	19.862446037270974	20.01613822877086	19.862446037270974	19.930252075195312	40500	2023/11/07 
2023/11/08 	19.977263004088407	20.011617808983353	19.925731658935547	19.925731658935547	6900	2023/11/08 
2023/11/09 	19.99714876611519	19.99714876611519	19.772036283508456	19.862442016601562	11500	2023/11/09 
2023/11/10 	19.961895144061398	19.961895144061398	19.799162026750093	19.876008987426758	27400	2023/11/10 
2023/11/13 	19.82627851660746	19.943806995057848	19.790114846697374	19.8443603515625	6100	2023/11/13 
2023/11/14 	20.115582638164756	20.13366447461178	20.01613426208496	20.01613426208496	6900	2023/11/14 
2023/11/15 	20.12462456390051	20.12462456390051	19.989014232516354	20.02065658569336	6500	2023/11/15 
2023/11/16 	19.998055710317242	20.086654301689983	19.998055710317242	20.05229949951172	13700	2023/11/16 
2023/11/17 	20.061339976641	20.101117949797427	20.034217220451588	20.07942008972168	5400	2023/11/17 
2023/11/20 	20.079420445432223	20.178868828842887	20.04325849425132	20.06134033203125	5000	2023/11/20 
2023/11/21 	20.16078758239746	20.178869420707752	20.124625630155894	20.16078758239746	37000	2023/11/21 
2023/11/22 	20.196953503654736	20.23311545991525	20.16078982301502	20.17977523803711	14300	2023/11/22 
2023/11/24 	20.178868342170873	20.205991098186626	20.178868342170873	20.18338966369629	7000	2023/11/24 
2023/11/27 	20.22407201713653	20.250289473029287	20.16982650756836	20.16982650756836	7400	2023/11/27 
2023/11/28 	20.242155283632663	20.37686205527439	20.22407516867134	20.309961318969727	12600	2023/11/28 
2023/11/29 	20.468172953011912	20.468172953011912	20.39584732055664	20.39584732055664	1100	2023/11/29 
2023/11/30 	20.33075496095807	20.386805902126692	20.25119556013857	20.2873592376709	8500	2023/11/30 
2023/12/01 	20.481904006320757	20.580994647897555	20.427357076425523	20.550085067749023	6400	2023/12/01 
2023/12/04 	20.427358108288246	20.518267928745317	20.392812411193773	20.4682674407959	6900	2023/12/04 
2023/12/05 	20.477361154934336	20.577362143328543	20.477361154934336	20.51827049255371	2400	2023/12/05 
2023/12/06 	20.636450635886398	20.636450635886398	20.52281379699707	20.52281379699707	2500	2023/12/06 
2023/12/07 	20.518268485089564	20.59917855694271	20.469178325125682	20.582815170288086	14100	2023/12/07 
2023/12/08 	20.590084887934275	20.590993483204	20.480992766951967	20.519174575805664	5500	2023/12/08 
2023/12/11 	20.545541140576205	20.55463229590536	20.383722737222612	20.48735809326172	5200	2023/12/11 
2023/12/12 	20.490994250760693	20.609175792361125	20.490994250760693	20.519174575805664	9700	2023/12/12 
2023/12/13 	20.681905271336298	20.93554209266141	20.672814115889008	20.918270111083984	16800	2023/12/13 
2023/12/14 	21.080922250712604	21.11747431839115	20.96669965356492	20.980405807495117	14800	2023/12/14 
2023/12/15 	20.998683987742083	21.035236059156848	20.953908920288086	20.953908920288086	7000	2023/12/15 
2023/12/18 	20.98497772216797	21.053511984261263	20.916443460074674	20.98497772216797	2600	2023/12/18 
2023/12/19 	21.135745616603202	21.135745616603202	21.07726440807643	21.08091926574707	9300	2023/12/19 
2023/12/20 	21.126615448875572	21.22713016400804	21.126615448875572	21.135751724243164	17400	2023/12/20 
2023/12/21 	21.217990681037126	21.227128698672683	21.053511592293074	21.181440353393555	10600	2023/12/21 
2023/12/22 	21.199712862398304	21.254539216193415	21.14488476570483	21.22712516784668	9100	2023/12/22 
2023/12/26 	21.19058034061867	21.23535541116552	21.136667251586914	21.136667251586914	6800	2023/12/26 
2023/12/27 	21.135747112131757	21.350486137285387	21.135747112131757	21.2636775970459	4500	2023/12/27 
2023/12/28 	21.32672814009558	21.32672814009558	21.20884895324707	21.20884895324707	10700	2023/12/28 
2023/12/29 	21.26367811031798	21.26367811031798	21.07178324976392	21.148540496826172	15900	2023/12/29 
2024/01/02 	21.126610832217626	21.144885121858223	20.97218132019043	20.97218132019043	10200	2024/01/02 
2024/01/03 	20.97218345848049	21.09737063404983	20.925580093623978	21.062646865844727	11800	2024/01/03 
2024/01/04 	21.099199826759975	21.099199826759975	20.925580978393555	20.925580978393555	12300	2024/01/04 
2024/01/05 	20.925578963718984	21.035233421313784	20.879890623078595	20.89816665649414	16500	2024/01/05 
2024/01/08 	20.84333656390087	21.099195778566333	20.84333656390087	21.04619598388672	12700	2024/01/08 
2024/01/09 	21.080920517362202	21.1174725820353	20.998680114746094	20.998680114746094	22400	2024/01/09 
2024/01/10 	21.227123388807463	21.227123388807463	21.133005142211914	21.133005142211914	11900	2024/01/10 
2024/01/11 	21.199712680108416	21.28012478117636	21.108334262636724	21.20884895324707	18700	2024/01/11 
2024/01/12 	21.21798742481334	21.336779892946403	21.21798742481334	21.254539489746094	6300	2024/01/12 
2024/01/16 	21.20063113106472	21.236268182274404	21.126615448875572	21.135751724243164	32400	2024/01/16 
2024/01/17 	21.126612986253072	21.126612986253072	21.03980269429103	21.062646865844727	9600	2024/01/17 
2024/01/18 	21.099199384947536	21.15402574642622	21.053511040865065	21.10833740234375	7100	2024/01/18 
2024/01/19 	21.080922990384796	21.09006100762506	21.01695861260152	21.07178497314453	6600	2024/01/19 
2024/01/22 	21.208848366993806	21.208848366993806	21.053507327353707	21.11747169494629	16600	2024/01/22 
2024/01/23 	21.22712618755492	21.22712618755492	20.998681002386487	21.112903594970703	21700	2024/01/23 
2024/01/24 	21.09005969662211	21.217988444236337	21.09005969662211	21.140317916870117	11900	2024/01/24 
2024/01/25 	21.1905752097657	21.2636775970459	21.12204095917247	21.2636775970459	5100	2024/01/25 
2024/01/26 	21.327641876713212	21.37333021498077	21.19240167651977	21.254539489746094	11700	2024/01/26 
2024/01/29 	21.364193698592008	21.364193698592008	21.227126931268366	21.26276397705078	12200	2024/01/29 
2024/01/30 	21.391608364560042	21.391608364560042	21.190577216229144	21.291091918945312	22000	2024/01/30 
2024/01/31 	21.33678162632767	21.382469968306903	21.2134210115055	21.236265182495117	13200	2024/01/31 
2024/02/01 	21.33092029953109	21.402600189176468	21.270268894190604	21.365840911865234	9000	2024/02/01 
2024/02/02 	21.285887072194523	21.30150958658894	21.2371826171875	21.2371826171875	7800	2024/02/02 
2024/02/05 	21.227993165794793	21.227993165794793	21.07176977193514	21.145286560058594	27900	2024/02/05 
2024/02/06 	21.21421141531461	21.29232400281829	21.200427562781705	21.216968536376953	2500	2024/02/06 
2024/02/07 	21.29232415111965	21.30978358093102	21.227997168479643	21.2509708404541	11500	2024/02/07 
2024/02/08 	21.209616394472487	21.283133192522804	21.15447923412943	21.255563735961914	8500	2024/02/08 
2024/02/09 	21.301508720534418	21.347456053159238	21.264749452211856	21.306102752685547	21800	2024/02/09 
2024/02/12 	21.32907649398981	21.34745612821571	21.182042925739363	21.26474952697754	16000	2024/02/12 
2024/02/13 	21.154478234700633	21.154478234700633	21.0717716217041	21.0717716217041	141300	2024/02/13 
2024/02/14 	21.062581430785293	21.20961501733909	21.062581430785293	21.163667678833008	20800	2024/02/14 
2024/02/15 	21.17285564778606	21.27853591934249	21.17285564778606	21.2371826171875	22400	2024/02/15 
2024/02/16 	21.172857497089947	21.21880483559603	21.13609822406219	21.163667678833008	28400	2024/02/16 
2024/02/20 	21.218803829978754	21.264751166307263	21.200424194335938	21.200424194335938	6700	2024/02/20 
2024/02/21 	21.23718346562157	21.28313080195008	21.136097222364608	21.200424194335938	28100	2024/02/21 
2024/02/22 	21.402598391514676	21.402598391514676	21.163668367396475	21.20961570739746	85500	2024/02/22 
2024/02/23 	21.21880128740575	21.310697701829685	21.21880128740575	21.227991104125977	12000	2024/02/23 
2024/02/26 	21.283130959371697	21.29232077726108	21.117717742919922	21.117717742919922	10100	2024/02/26 
2024/02/27 	21.264753346314752	21.264753346314752	21.209616186512314	21.23075294494629	6800	2024/02/27 
2024/02/28 	21.23718085587353	21.23718085587353	21.099335358270192	21.15447425842285	133100	2024/02/28 
2024/02/29 	21.21880462259074	21.26475196063558	21.1728572845459	21.1728572845459	14200	2024/02/29 
2024/03/01 	21.295679903240853	21.341855462251868	21.192249469324132	21.32338523864746	10700	2024/03/01 
2024/03/04 	21.369556189431485	21.526549546319654	21.221797943115234	21.221797943115234	10300	2024/03/04 
2024/03/05 	21.378794369075962	21.40649970476901	21.295680123414297	21.340930938720703	10200	2024/03/05 
2024/03/06 	21.517319414156017	21.517319414156017	21.249508191276465	21.364944458007812	8100	2024/03/06 
2024/03/07 	21.508085165128993	21.508085165128993	21.277212641302796	21.36956024169922	14500	2024/03/07 
2024/03/08 	21.4065012309716	21.52655417136583	21.388031005859375	21.388031005859375	8000	2024/03/08 
2024/03/11 	21.388029179055987	21.443438088242438	21.26797624891577	21.3557071685791	5500	2024/03/11 
2024/03/12 	21.355705106382278	21.461906239325025	21.355705106382278	21.42034912109375	1700	2024/03/12 
2024/03/13 	21.443437180818062	21.49884784907716	21.424968719482422	21.424968719482422	43000	2024/03/13 
2024/03/14 	21.895946954547362	22.237639028010918	21.286443698243616	21.351089477539062	19500	2024/03/14 
2024/03/15 	21.397264913606787	21.434203600333728	21.30029887935386	21.341856002807617	17100	2024/03/15 
2024/03/18 	21.424966540490985	21.43419988951105	21.355704092920035	21.41573143005371	6400	2024/03/18 
2024/03/19 	21.43420408306569	21.545023668577375	21.355708271117148	21.498849868774414	16900	2024/03/19 
2024/03/20 	21.508084817013142	21.57272884081138	21.397265232346488	21.563493728637695	12800	2024/03/20 
2024/03/21 	21.655839966719387	21.665073316144305	21.424967479916056	21.45267105102539	20900	2024/03/21 
2024/03/22 	21.56349186729538	21.618900774137085	21.424968719482422	21.424968719482422	14700	2024/03/22 
2024/03/25 	21.517314910888672	21.57272557554376	21.424967325964744	21.517314910888672	7300	2024/03/25 
2024/03/26 	21.563495266034227	21.591198843112895	21.475762574838	21.48038101196289	18100	2024/03/26 
2024/03/27 	21.535790834042263	21.59119975194959	21.535790834042263	21.581966400146484	7600	2024/03/27 
2024/03/28 	21.59119975194959	21.60043486517043	21.526555720821417	21.581966400146484	12600	2024/03/28 
2024/04/01 	21.649761594857072	21.649761594857072	21.45471954345703	21.45471954345703	180100	2024/04/01 
2024/04/02 	21.519734309974783	21.519734309974783	21.37113033092396	21.390634536743164	35400	2024/04/02 
2024/04/03 	21.389706475583953	21.454720495602576	21.389706475583953	21.39899444580078	6000	2024/04/03 
2024/04/04 	21.49094151790406	21.501157753302298	21.389705657958984	21.389705657958984	4800	2024/04/04 
2024/04/05 	21.38042177595891	21.454723777560442	21.37113380432129	21.37113380432129	25000	2024/04/05 
2024/04/08 	21.41292428953741	21.47329520674112	21.408279418945312	21.408279418945312	5700	2024/04/08 
2024/04/09 	21.436147141140083	21.482585226327153	21.431504041221135	21.473299026489258	14300	2024/04/09 
2024/04/10 	21.324688491638554	21.38041630721006	21.241100311279297	21.241100311279297	70600	2024/04/10 
2024/04/11 	21.30147246018028	21.306117331216196	21.231815338134766	21.231815338134766	14000	2024/04/11 
2024/04/12 	21.23181193651101	21.27825001043468	21.20859112805021	21.259674072265625	12300	2024/04/12 
2024/04/15 	21.250389646925942	21.250389646925942	21.10178565979004	21.10178565979004	10100	2024/04/15 
2024/04/16 	21.055346353027133	21.111072402085885	21.055346353027133	21.064634323120117	3800	2024/04/16 
2024/04/17 	21.092500686645508	21.10643353032526	21.092500686645508	21.092500686645508	4400	2024/04/17 
2024/04/18 	21.036767959594727	21.092494002154872	21.01819202157503	21.036767959594727	6600	2024/04/18 
2024/04/19 	21.120362418624776	21.148226331603592	21.08692714024966	21.111074447631836	2500	2024/04/19 
2024/04/22 	21.157511985711963	21.24110194399544	21.139864311308116	21.19466209411621	16700	2024/04/22 
2024/04/23 	21.231810313929785	21.315400257803432	21.203946408805624	21.30611228942871	25500	2024/04/23 
2024/04/24 	21.250386921223278	21.278250829549492	21.23645585280969	21.268962860107422	5300	2024/04/24 
2024/04/25 	21.213240147079063	21.22252811798007	21.12965018046935	21.208595275878906	4400	2024/04/25 
2024/04/26 	21.268965176161185	21.287541117068127	21.255962371826172	21.255962371826172	2200	2024/04/26 
2024/04/29 	21.315406799316406	21.32469299904215	21.30611882809129	21.315406799316406	7600	2024/04/29 
2024/04/30 	21.287541253865875	21.287541253865875	21.190948486328125	21.190948486328125	3700	2024/04/30 
2024/05/01 	21.24326036364462	21.34602076950997	21.2152343124611	21.2993106842041	12200	2024/05/01 
2024/05/02 	21.271288220152947	21.40207290649414	21.271288220152947	21.40207290649414	22300	2024/05/02 
2024/05/03 	21.551540421701358	21.551540421701358	21.476806064861687	21.500160217285156	3600	2024/05/03 
2024/05/06 	21.570226318379184	21.570226318379184	21.53846381307376	21.551542282104492	4900	2024/05/06 
2024/05/07 	21.588910354653876	21.588910354653876	21.51977977679907	21.551542282104492	35000	2024/05/07 
2024/05/08 	21.50015981840105	21.551540021864014	21.495489700726043	21.532855987548828	15100	2024/05/08 
2024/05/09 	21.505765561204633	21.55154019838645	21.504831894023503	21.542198181152344	10300	2024/05/09 
2024/05/10 	21.53285598807227	21.542198005230087	21.477739334106445	21.477739334106445	10000	2024/05/10 
2024/05/13 	21.54219986276156	21.570225916651633	21.523517608642578	21.523517608642578	31200	2024/05/13 
2024/05/14 	21.504834330289775	21.5552790908997	21.504834330289775	21.51511001586914	3200	2024/05/14 
2024/05/15 	21.579566910139768	21.7103515918024	21.579566910139768	21.691667556762695	14800	2024/05/15 
2024/05/16 	21.701010905703203	21.701010905703203	21.644960578952887	21.6543025970459	5400	2024/05/16 
2024/05/17 	21.63561577234658	21.654299806124506	21.58890746970929	21.607589721679688	17600	2024/05/17 
2024/05/20 	21.598256309020165	21.64309550972038	21.598256309020165	21.612268447875977	14800	2024/05/20 
2024/05/21 	21.598256309020165	21.672990685931318	21.598256309020165	21.612268447875977	19700	2024/05/21 
2024/05/22 	21.67298784624151	21.67298784624151	21.551543386043015	21.556215286254883	23500	2024/05/22 
2024/05/23 	21.570224456363178	21.570224456363178	21.495490099523508	21.500160217285156	7700	2024/05/23 
2024/05/24 	21.514174790051953	21.598251166785627	21.514174790051953	21.588909149169922	13900	2024/05/24 
2024/05/28 	21.62627955040461	21.62627955040461	21.495494842529297	21.495494842529297	15100	2024/05/28 
2024/05/29 	21.495490146571242	21.495490146571242	21.420755789568	21.448780059814453	7200	2024/05/29 
2024/05/30 	21.49548929710474	21.51417333106909	21.486147280122562	21.504831314086914	7200	2024/05/30 
2024/05/31 	21.537530145802357	21.56368708386382	21.523518009500226	21.551542282104492	9900	2024/05/31 
2024/06/03 	21.62952548902876	21.657712254821057	21.610733117074414	21.64455795288086	6800	2024/06/03 
2024/06/04 	21.66711165677614	21.66711165677614	21.629528699428356	21.639863967895508	32100	2024/06/04 
2024/06/05 	21.723487151492872	21.732881546020508	21.69529859149188	21.732881546020508	9800	2024/06/05 
2024/06/06 	21.75167498917899	21.75167498917899	21.676507284285364	21.677446365356445	11800	2024/06/06 
2024/06/07 	21.65771554699938	21.65771554699938	21.601340214705978	21.6483211517334	10100	2024/06/07 
2024/06/10 	21.629527487872622	21.676506629960738	21.629527487872622	21.667110443115234	8400	2024/06/10 
2024/06/11 	21.685902374616987	21.704694747924805	21.662412804051897	21.704694747924805	11200	2024/06/11 
2024/06/12 	21.845634285524408	21.845634285524408	21.78455996744327	21.78925895690918	10700	2024/06/12 
2024/06/13 	21.8024169491607	21.8024169491607	21.770470267088626	21.77516746520996	16300	2024/06/13 
2024/06/14 	21.761075082277337	21.761075082277337	21.667114986260223	21.6859073638916	23900	2024/06/14 
2024/06/17 	21.67650561717188	21.731002781473766	21.63610362854937	21.72818374633789	31300	2024/06/17 
2024/06/18 	21.770466583324307	21.80335234102814	21.76952750228688	21.78925895690918	15900	2024/06/18 
2024/06/20 	21.73288415700882	21.751676532600527	21.70469738576083	21.72348976135254	17700	2024/06/20 
2024/06/21 	21.77986195887464	21.77986195887464	21.751673399547286	21.762008666992188	7900	2024/06/21 
2024/06/24 	21.817444912505135	21.817444912505135	21.762008666992188	21.762008666992188	7300	2024/06/24 
2024/06/25 	21.770466583324307	21.798655143701616	21.74791609345034	21.78925895690918	4200	2024/06/25 
2024/06/26 	21.77046511707017	21.789257489389364	21.751672744750977	21.751672744750977	17400	2024/06/26 
2024/06/27 	21.798654998384034	21.817445579704255	21.732881691275452	21.761070251464844	39100	2024/06/27 
2024/06/28 	21.81744490771235	21.845633467033515	21.73664093017578	21.73664093017578	74600	2024/06/28 
2024/07/01 	21.816954010269612	21.816954010269612	21.70451545715332	21.70451545715332	21700	2024/07/01 
2024/07/02 	21.788608421712837	21.788608421712837	21.750814720644023	21.779159545898438	11700	2024/07/02 
2024/07/03 	21.807505197447707	21.854747772216797	21.807505197447707	21.854747772216797	8500	2024/07/03 
2024/07/05 	21.901994318802053	21.920892071457196	21.873647689819336	21.873647689819336	20700	2024/07/05 
2024/07/08 	21.920891103668726	21.920891103668726	21.86419784820625	21.86892318725586	29100	2024/07/08 
2024/07/09 	21.92089194232384	21.92089194232384	21.854749808420472	21.864198684692383	8200	2024/07/09 
2024/07/10 	21.897267458921476	21.911441673522972	21.86892263409601	21.901992797851562	27300	2024/07/10 
2024/07/11 	22.005927884146274	22.005927884146274	21.95395997080466	21.986083984375	10100	2024/07/11 
2024/07/12 	22.005928323150265	22.053170898663993	21.996479447609772	22.034273147583008	17400	2024/07/12 
2024/07/15 	22.100415774219012	22.100415774219012	22.034275440740924	22.0626220703125	14900	2024/07/15 
2024/07/16 	22.251592389141692	22.251592389141692	22.081518032075675	22.152381896972656	16000	2024/07/16 
2024/07/17 	22.119309203471104	22.128758078147932	22.109860328794273	22.115530014038086	6300	2024/07/17 
2024/07/18 	22.166555767948186	22.166555767948186	22.05411720275879	22.05411720275879	6600	2024/07/18 
2024/07/19 	22.157108693758047	22.157108693758047	22.04844751649359	22.05411720275879	12000	2024/07/19 
2024/07/22 	22.147662046302486	22.147662046302486	22.090968782322708	22.14293670654297	16500	2024/07/22 
2024/07/23 	22.147659663626527	22.176004490377963	22.119313034686208	22.165611267089844	19900	2024/07/23 
2024/07/24 	22.147658501753224	22.147658501753224	22.081518173217773	22.081518173217773	15100	2024/07/24 
2024/07/25 	22.157108185059663	22.17600413519501	22.090966051924955	22.10702896118164	17700	2024/07/25 
2024/07/26 	22.147661080897585	22.147661080897585	22.109865573225218	22.138212203979492	103600	2024/07/26 
2024/07/29 	22.223247990324296	22.223247990324296	22.10986328125	22.10986328125	25100	2024/07/29 
2024/07/30 	22.138212203979492	22.147661080897585	22.090967819389036	22.138212203979492	7200	2024/07/30 
2024/07/31 	22.204351682318766	22.242147188530843	22.176005052659704	22.223249435424805	7500	2024/07/31 
2024/08/01 	22.237496685682327	22.237496685682327	22.15200424194336	22.15200424194336	17400	2024/08/01 
2024/08/02 	22.104510119550625	22.140606970819878	22.057013309028946	22.09501075744629	13800	2024/08/02 
2024/08/05 	21.90502699931793	22.000018807937508	21.90502699931793	21.93352508544922	26400	2024/08/05 
2024/08/06 	22.009515657655424	22.114006816391388	21.971518213817674	22.057010650634766	20900	2024/08/06 
2024/08/07 	22.095010491521183	22.14250548965317	22.019017407419174	22.02851676940918	26100	2024/08/07 
2024/08/08 	22.095008462667302	22.178600303958355	22.095008462667302	22.123506546020508	35600	2024/08/08 
2024/08/09 	22.18999838035057	22.18999838035057	22.08550722873403	22.101655960083008	8200	2024/08/09 
2024/08/12 	22.17100039442465	22.17100039442465	22.095007321226483	22.11400604248047	30500	2024/08/12 
2024/08/13 	22.1900019562694	22.25459508025677	22.152004508897285	22.21849822998047	39300	2024/08/13 
2024/08/14 	22.21849898078724	22.313490790609464	22.171003981785162	22.25649642944336	36500	2024/08/14 
2024/08/15 	22.32298698931389	22.332486350131738	22.26599263622463	22.29448890686035	37800	2024/08/15 
2024/08/16 	22.322987639878644	22.389481355723593	22.294489556594577	22.379981994628906	34700	2024/08/16 
2024/08/19 	23.206412635047247	23.225411360792464	22.360989269385392	22.398984909057617	91700	2024/08/19 
2024/08/20 	22.427478033900943	22.446474943623446	22.360984320327653	22.389480590820312	37200	2024/08/20 
2024/08/21 	22.455975343875895	22.493972788715418	22.436978433274028	22.446475982666016	6500	2024/08/21 
2024/08/22 	22.45597850616887	22.465477868716466	22.398984142701426	22.408483505249023	19000	2024/08/22 
2024/08/23 	22.55096863714668	22.588014880045343	22.493974277931972	22.551918029785156	24400	2024/08/23 
2024/08/26 	22.58897050787944	22.58897050787944	22.493978682708264	22.531024932861328	15600	2024/08/26 
2024/08/27 	22.54146880852394	22.579466255092246	22.493973812131536	22.550968170166016	50400	2024/08/27 
2024/08/28 	22.51297451256304	22.52247206322124	22.417982699617827	22.452178955078125	32100	2024/08/28 
2024/08/29 	22.49397124958334	22.54146624056504	22.47497252846355	22.512969970703125	16100	2024/08/29 
2024/08/30 	22.53197249227669	22.560470581054688	22.512975578242912	22.560470581054688	19100	2024/08/30 
2024/09/03 	22.58912091432721	22.58912091432721	22.480234357705417	22.48405647277832	54500	2024/09/03 
2024/09/04 	22.45540133750639	22.579569066138177	22.45540133750639	22.53181266784668	36200	2024/09/04 
2024/09/05 	22.60822522619246	22.627328515262615	22.56524373667957	22.61777687072754	24700	2024/09/05 
2024/09/06 	22.63688156345771	22.646431386795033	22.512711998592152	22.550918579101562	38400	2024/09/06 
2024/09/09 	22.579571840553346	22.636881711692748	22.541367081583783	22.608226776123047	42800	2024/09/09 
2024/09/10 	22.81358280466776	22.81358280466776	22.522263999940986	22.560470581054688	16900	2024/09/10 
2024/09/11 	22.53181508068617	22.598674774169922	22.503160145568838	22.598674774169922	34900	2024/09/11 
2024/09/12 	22.589120052472076	22.632101538398945	22.560466943047338	22.61968421936035	11300	2024/09/12 
2024/09/13 	22.694189551598402	22.713292841801902	22.627329857676187	22.655982971191406	20000	2024/09/13 
2024/09/16 	22.694185615466044	22.750539036539276	22.665530685130772	22.703737258911133	55000	2024/09/16 
2024/09/17 	22.770599212810716	22.780150857208668	22.71329116821289	22.71329116821289	61300	2024/09/17 
2024/09/18 	22.808802686520494	22.894765659480164	22.713289891489563	22.732391357421875	76500	2024/09/18 
2024/09/19 	22.856563210986476	22.92342290296707	22.81835663168901	22.84701156616211	101600	2024/09/19 
2024/09/20 	22.904320120101012	22.91387176513672	22.818357136569663	22.91387176513672	121400	2024/09/20 
2024/09/23 	22.84701073124691	22.923422065259512	22.8374590867716	22.87566566467285	42500	2024/09/23 
2024/09/24 	22.904320957395736	22.923424248165492	22.81835797072191	22.885217666625977	72100	2024/09/24 
2024/09/25 	22.808801651000977	22.87566315499282	22.799251829363275	22.808801651000977	18700	2024/09/25 
2024/09/26 	22.818354930179527	22.883305381426034	22.799253463745117	22.799253463745117	56800	2024/09/26 
2024/09/27 	22.866113782182182	22.894766893519964	22.808803915926845	22.818355560302734	64000	2024/09/27 
2024/09/30 	22.894767022932	22.894767022932	22.770599288923353	22.847965240478516	38000	2024/09/30 
2024/10/01 	22.863330363272897	22.872932989974373	22.80571643457782	22.815319061279297	67200	2024/10/01 
2024/10/02 	22.853727736571425	22.853727736571425	22.776908554473398	22.815319061279297	20200	2024/10/02 
2024/10/03 	22.84412375542901	22.84412375542901	22.776905377893293	22.800912857055664	30400	2024/10/03 
2024/10/04 	22.85372398845262	22.85372398845262	22.757701400213573	22.77786636352539	80100	2024/10/04 
2024/10/07 	22.815318103276326	22.815318103276326	22.67128237182973	22.68184471130371	33900	2024/10/07 
2024/10/08 	22.690484924477488	22.757703305992692	22.690484924477488	22.752901077270508	33100	2024/10/08 
2024/10/09 	22.709692001342773	22.757705134854938	22.709692001342773	22.709692001342773	29800	2024/10/09 
2024/10/10 	22.709691681841015	22.74810218811035	22.68088563365276	22.74810218811035	48800	2024/10/10 
2024/10/11 	22.71929304248309	22.805714845259907	22.71929304248309	22.776906967163086	9700	2024/10/11 
2024/10/14 	22.757704814677687	22.815318742567943	22.728896934975683	22.74810218811035	50500	2024/10/14 
2024/10/15 	22.728893997800036	22.80571316889789	22.728893997800036	22.757701873779297	10300	2024/10/15 
2024/10/16 	22.738497820507234	22.87293091912918	22.738497820507234	22.834522247314453	25100	2024/10/16 
2024/10/17 	22.844125349389	22.844125349389	22.757703546612184	22.776906967163086	13600	2024/10/17 
2024/10/18 	22.74810044633932	22.892136170793343	22.74810044633932	22.834522247314453	32700	2024/10/18 
2024/10/21 	22.89213496532216	22.89213496532216	22.738496623126455	22.757701873779297	77900	2024/10/21 
2024/10/22 	22.748102508152506	22.767305930043598	22.709692001342773	22.709692001342773	27400	2024/10/22 
2024/10/23 	22.700086985462445	22.700086985462445	22.642473062825466	22.661678314208984	13600	2024/10/23 
2024/10/24 	22.719294468091736	22.776908396386936	22.69048658818726	22.728897094726562	26700	2024/10/24 
2024/10/25 	22.75770425897369	22.776907680125696	22.69048587464371	22.700088500976562	10200	2024/10/25 
2024/10/28 	22.757704579191266	22.79611325354942	22.738499326255326	22.767305374145508	21400	2024/10/28 
2024/10/29 	22.707769320990018	22.783626947495772	22.700086121820775	22.757701873779297	32900	2024/10/29 
2024/10/30 	22.911342939651338	22.911342939651338	22.738499326255326	22.767305374145508	28900	2024/10/30 
2024/10/31 	22.728895504462205	22.728895504462205	22.680884206161018	22.69048500061035	18200	2024/10/31 
2024/11/01 	22.77645566760409	22.77645566760409	22.65088653564453	22.65088653564453	43600	2024/11/01 
2024/11/04 	22.631566317283866	22.73781839050997	22.631566317283866	22.699180603027344	22900	2024/11/04 
2024/11/05 	22.786113105906406	22.815091445657895	22.718498822170652	22.795772552490234	51900	2024/11/05 
2024/11/06 	22.892364493061827	22.892364493061827	22.776452979864747	22.863386154174805	22000	2024/11/06 
2024/11/07 	22.892365086305652	22.969638816322547	22.892365086305652	22.94066047668457	60600	2024/11/07 
2024/11/08 	22.965773571962284	22.988955875210674	22.959979377913474	22.96963882446289	14800	2024/11/08 
2024/11/11 	23.037252417148427	23.037252417148427	22.955148045115944	23.00827407836914	24200	2024/11/11 
2024/11/12 	22.94066121120833	22.94066121120833	22.815092086791992	22.815092086791992	100800	2024/11/12 
2024/11/13 	22.87304560047048	22.94065988218919	22.853726707879133	22.863386154174805	23500	2024/11/13 
2024/11/14 	22.94066306859253	22.94066306859253	22.805434486372178	22.844070434570312	40000	2024/11/14 
2024/11/15 	22.80543327331543	22.815092720438976	22.752307235311502	22.80543327331543	30100	2024/11/15 
2024/11/18 	22.863386787261387	22.882705680387673	22.795772503670435	22.853727340698242	59200	2024/11/18 
2024/11/19 	22.776456088498325	22.9213441180064	22.776456088498325	22.90202522277832	45500	2024/11/19 
2024/11/20 	22.882706321833915	22.921342266818478	22.85566060763939	22.873046875	106000	2024/11/20 
2024/11/21 	22.892365106589654	22.950319943565916	22.892365106589654	22.897193908691406	43800	2024/11/21 
2024/11/22 	22.89236576866783	22.940661160486307	22.873046875	22.873046875	34800	2024/11/22 
2024/11/25 	22.940664263917732	23.00827855855096	22.940664263917732	22.984130859375	21700	2024/11/25 
2024/11/26 	22.882703149109876	22.95804424467671	22.882703149109876	22.892362594604492	27400	2024/11/26 
2024/11/27 	22.950319025931115	22.998614414421805	22.925204097423254	22.980262756347656	14700	2024/11/27 
2024/11/29 	23.114524874531398	23.114524874531398	23.017932259593376	23.027591705322266	8100	2024/11/29 
2024/12/02 	23.022735595703125	23.051877112231082	23.004277572581845	23.022735595703125	38700	2024/12/02 
2024/12/03 	23.022736787800103	23.051878305836983	23.022736787800103	23.042163848876953	8400	2024/12/03 
2024/12/04 	23.139305571593514	23.139305571593514	23.0567354702452	23.071306228637695	24200	2024/12/04 
2024/12/05 	23.081024169921875	23.110167543950023	23.061595253903107	23.081024169921875	32100	2024/12/05 
2024/12/06 	23.149022665716213	23.498735729727162	23.10045223031173	23.105308532714844	32000	2024/12/06 
2024/12/09 	23.1344510505747	23.149021810088815	23.08102246189858	23.129592895507812	84000	2024/12/09 
2024/12/10 	23.19759137934603	23.19759137934603	23.081021601889997	23.10045051574707	22900	2024/12/10 
2024/12/11 	23.100449801159353	23.139305774828326	23.07227732108512	23.119876861572266	22700	2024/12/11 
2024/12/12 	23.05188001653335	23.090737847257138	22.993595123291016	22.993595123291016	15300	2024/12/12 
2024/12/13 	23.037309341064606	23.037309341064606	22.936281204223633	22.936281204223633	21700	2024/12/13 
2024/12/16 	23.0130211392461	23.061591568688108	23.003306682789077	23.022735595703125	46700	2024/12/16 
2024/12/17 	23.05188001653335	23.05188001653335	22.959595447829376	22.993595123291016	27800	2024/12/17 
2024/12/18 	23.084446698083884	23.084446698083884	22.7034513344627	22.722990036010742	63000	2024/12/18 
2024/12/19 	22.73275711887	22.80114070415279	22.683910369873047	22.683910369873047	37400	2024/12/19 
2024/12/20 	22.840218347265548	22.92814064025879	22.762065404973015	22.92814064025879	292000	2024/12/20 
2024/12/23 	22.928138056165047	22.928138056165047	22.793325503640702	22.849985122680664	117000	2024/12/23 
2024/12/24 	22.898834228515625	22.898834228515625	22.80114258577285	22.898834228515625	78300	2024/12/24 
2024/12/26 	22.90860389105335	22.947679430694663	22.79137354550315	22.937910079956055	63600	2024/12/26 
2024/12/27 	22.859756737115674	22.94767902891064	22.84998738654811	22.88906478881836	120000	2024/12/27 
2024/12/30 	22.957448558117683	22.957448558117683	22.830450726377357	22.90860366821289	270600	2024/12/30 
2024/12/31 	22.947679207474103	22.967217908761267	22.86952626563857	22.90860366821289	38500	2024/12/31 
2025/01/02 	22.986757011793554	22.986757011793554	22.88027239223664	22.957448959350586	24000	2025/01/02 
2025/01/03 	22.928139494238305	23.035600483261724	22.928139494238305	23.016061782836914	53600	2025/01/03 
2025/01/06 	23.07467970737865	23.973439501492855	22.879296414318233	23.00629425048828	224700	2025/01/06 
2025/01/07 	23.270060912189624	23.270060912189624	22.928141084295596	22.976987838745117	54800	2025/01/07 
2025/01/08 	23.04536942871277	23.04536942871277	22.908602254767306	22.96721649169922	43600	2025/01/08 
2025/01/10 	22.840219674538364	22.95745002644612	22.830452186583177	22.859758377075195	30500	2025/01/10 
2025/01/13 	23.045368388048075	23.45567175466931	22.781601538795943	22.849985122680664	117900	2025/01/13 
2025/01/14 	22.90860340070961	22.90860340070961	22.83045045978666	22.879295349121094	209100	2025/01/14 
2025/01/15 	23.006294869638367	23.07468032836914	22.976988679209835	23.07468032836914	55000	2025/01/15 
2025/01/16 	22.99652654207579	23.11180227394602	22.99652654207579	23.089332580566406	21400	2025/01/16 
2025/01/17 	23.094215571316912	23.12352362303295	23.0844462207449	23.113754272460938	80300	2025/01/17 
2025/01/21 	23.22121589907573	23.22121589907573	23.1625997940442	23.163578033447266	42700	2025/01/21 
2025/01/22 	23.21144436009418	23.21144436009418	23.123522074148475	23.152830123901367	79200	2025/01/22 
2025/01/23 	23.10398350943688	23.1919057958968	23.10398350943688	23.172367095947266	58600	2025/01/23 
2025/01/24 	23.240752912467357	23.250520399283253	23.187022418414863	23.192882537841797	81700	2025/01/24 
2025/01/27 	23.18213870929918	23.24075481487074	23.18213870929918	23.21144676208496	30100	2025/01/27 
2025/01/28 	23.270060737027322	23.270060737027322	23.172369092176794	23.182138442993164	68100	2025/01/28 
2025/01/29 	23.221216113013554	23.24954592638726	23.172369358370588	23.21144676208496	64300	2025/01/29 
2025/01/30 	23.29936732222591	23.29936732222591	23.201675683527398	23.23098373413086	85700	2025/01/30 
2025/01/31 	23.201675145871565	23.253451023756146	23.152830259310715	23.172367095947266	39500	2025/01/31 
2025/02/03 	23.135038375854492	23.170405224963385	23.076096125660133	23.135038375854492	210100	2025/02/03 
2025/02/04 	23.174335767178846	23.208718904545602	23.125217534866465	23.203807830810547	43800	2025/02/04 
2025/02/05 	23.25292542918386	23.292219639214405	23.20380719821058	23.272573471069336	42700	2025/02/05 
2025/02/06 	23.351162739583867	23.351162739583867	23.223452346676112	23.2332763671875	34700	2025/02/06 
2025/02/07 	23.18415730194133	23.239170315828122	23.144861221313477	23.144861221313477	13200	2025/02/07 
2025/02/10 	23.203805983058007	23.203805983058007	23.174333921773208	23.179244995117188	14100	2025/02/10 
2025/02/11 	23.223451694904554	23.223451694904554	23.09574317932129	23.09574317932129	53500	2025/02/11 
2025/02/12 	23.085918717444667	23.11539077758789	23.051535584147693	23.11539077758789	17900	2025/02/12 
2025/02/13 	23.115392784537786	23.213629246063917	23.115392784537786	23.19398307800293	29000	2025/02/13 
2025/02/14 	23.233275924805437	23.262747985778436	23.21559343771775	23.2529239654541	21200	2025/02/14 
2025/02/18 	23.302042927056036	23.302042927056036	23.220505242162922	23.26274871826172	102800	2025/02/18 
2025/02/19 	23.262747800202707	23.30204200744629	23.23327573946482	23.30204200744629	65500	2025/02/19 
2025/02/20 	23.341339009590698	23.341339009590698	23.252924697628053	23.26274871826172	55400	2025/02/20 
2025/02/21 	23.28239720327874	23.321691412821984	23.238190046454857	23.243101119995117	53900	2025/02/21 
2025/02/24 	23.302043660157143	23.302043660157143	23.233277387298386	23.272573471069336	34800	2025/02/24 
2025/02/25 	23.331513625772573	23.331513625772573	23.28239539921441	23.32168960571289	66300	2025/02/25 
2025/02/26 	23.321691069975156	23.35116313200461	23.31186704929867	23.341339111328125	27400	2025/02/26 
2025/02/27 	23.360987307177496	23.360987307177496	23.272572994244758	23.292219161987305	36300	2025/02/27 
2025/02/28 	23.321689896240922	23.35116195678711	23.292217835694736	23.35116195678711	30200	2025/02/28 
2025/03/03 	23.390689974466703	23.390689974466703	23.277047220571927	23.311634063720703	49200	2025/03/03 
2025/03/04 	23.33139979483544	23.33139979483544	23.163405739662586	23.262226104736328	85200	2025/03/04 
2025/03/05 	23.212813704077806	23.3313985126176	23.212813704077806	23.311634063720703	103500	2025/03/05 
2025/03/06 	23.262225959028996	23.262225959028996	23.1861330155549	23.193050384521484	107000	2025/03/06 
2025/03/07 	23.14364039229599	23.26222520275475	23.14364039229599	23.22269630432129	125100	2025/03/07 
2025/03/10 	23.22269643064381	23.22269643064381	23.11893589895399	23.143640518188477	124100	2025/03/10 
2025/03/11 	23.16340496877137	23.16340496877137	22.995410919189453	22.995410919189453	189100	2025/03/11 
2025/03/12 	23.074465550515768	23.094229998743728	23.020114260309644	23.044818878173828	76600	2025/03/12 
2025/03/13 	23.034937152201472	23.034937152201472	22.8768253326416	22.8768253326416	47600	2025/03/13 
2025/03/14 	22.906472782067162	23.034937932998453	22.906472782067162	22.995410919189453	38900	2025/03/14 
2025/03/17 	23.074466705322266	23.08434892993082	22.993433594437086	23.074466705322266	31600	2025/03/17 
2025/03/18 	23.00529314385211	23.04482015766111	22.995410919189453	22.995410919189453	30000	2025/03/18 
2025/03/19 	22.9954114179377	23.183168036075564	22.9954114179377	23.123876571655273	40500	2025/03/19 
2025/03/20 	23.163405471163248	23.17328769604024	23.11399434677828	23.123876571655273	53300	2025/03/20 
2025/03/21 	23.04481952988821	23.133757664587698	23.04481952988821	23.09423065185547	56000	2025/03/21 
2025/03/24 	23.20293344610204	23.212815671388018	23.173288655085855	23.190086364746094	77300	2025/03/24 
2025/03/25 	23.21281317657789	23.22269540080177	23.173286164523915	23.18316650390625	176400	2025/03/25 
2025/03/26 	23.16340484195764	23.193049630941687	23.034937806888045	23.074466705322266	322200	2025/03/26 
2025/03/27 	23.05470213038778	23.079406749353645	23.005292892456055	23.005292892456055	28100	2025/03/27 
2025/03/28 	22.995409513424686	22.995409513424686	22.926235829856466	22.975645065307617	67300	2025/03/28 
2025/03/31 	22.906472132819143	22.97268096285657	22.871885289900966	22.945999145507812	54700	2025/03/31 
2025/04/01 	22.966871934657636	23.01656150817871	22.917180465600833	23.01656150817871	34300	2025/04/01 
2025/04/02 	23.00662210133597	23.046375274658203	22.99171560910795	23.046375274658203	28100	2025/04/02 
2025/04/03 	22.77804709952627	22.862519749748344	22.6886043548584	22.6886043548584	23600	2025/04/03 
2025/04/04 	22.549472772086002	22.549472772086002	22.211578369140625	22.211578369140625	113900	2025/04/04 
2025/04/07 	22.12213480636948	22.48487398237782	21.913434437871093	22.012815475463867	223100	2025/04/07 
2025/04/08 	22.30102098972679	22.44015330937002	21.893560428883884	22.06250762939453	75400	2025/04/08 
2025/04/09 	21.61529393830974	22.956933251518866	21.61529393830974	22.569347381591797	123400	2025/04/09 
2025/04/10 	22.529595847277992	22.529595847277992	22.10225870315742	22.27120590209961	56500	2025/04/10 
2025/04/11 	22.28114432270066	22.440153229019476	22.151950297142502	22.420276641845703	19200	2025/04/11 
2025/04/14 	22.609100890997087	22.609100890997087	22.420277100058538	22.509719848632812	35600	2025/04/14 
2025/04/15 	22.579284786182225	22.733325488277032	22.496798658176836	22.559410095214844	11800	2025/04/15 
2025/04/16 	22.559410225395634	22.609099796404248	22.460029187842775	22.535558700561523	34900	2025/04/16 
2025/04/17 	22.62897760238152	22.686617052928856	22.61903930853715	22.658790588378906	22600	2025/04/17 
2025/04/21 	22.609099306751812	22.609099306751812	22.450090408325195	22.450090408325195	39100	2025/04/21 
2025/04/22 	22.599161663419405	22.648853130316173	22.544501997600783	22.592205047607422	18300	2025/04/22 
2025/04/23 	22.807862728661885	22.89730547626728	22.726369857788086	22.726369857788086	66000	2025/04/23 
2025/04/24 	22.82773720153935	22.939044952392578	22.80786250990099	22.939044952392578	26200	2025/04/24 
2025/04/25 	23.026498901298364	23.026498901298364	22.879414812393506	23.006622314453125	23100	2025/04/25 
2025/04/28 	22.91718000777878	22.986746167532836	22.897305316088826	22.9271183013916	29700	2025/04/28 
2025/04/29 	23.00662200686723	23.062274932861328	22.946994142664355	23.062274932861328	21200	2025/04/29 
2025/04/30 	22.902272941163062	22.946001052856445	22.877428155521503	22.946001052856445	27100	2025/04/30 
2025/05/01 	23.020000457763672	23.020000457763672	22.889999389648438	22.915000915527344	88000	2025/05/01 
2025/05/02 	23.010000228881836	23.040000915527344	22.979999542236328	23.020999908447266	69400	2025/05/02 
2025/05/05 	22.950000762939453	23.065000534057617	22.950000762939453	23.020000457763672	31500	2025/05/05 
2025/05/06 	23.059999465942383	23.059999465942383	22.96500015258789	23.020000457763672	65200	2025/05/06 
2025/05/07 	23.020000457763672	23.079999923706055	22.959999084472656	23.024999618530273	28500	2025/05/07 
2025/05/08 	22.979999542236328	23.128000259399414	22.969999313354492	22.969999313354492	27700	2025/05/08 
2025/05/09 	23.09000015258789	23.09000015258789	23.020000457763672	23.049999237060547	3900	2025/05/09 
2025/05/12 	23.170000076293945	23.309999465942383	23.170000076293945	23.270000457763672	22400	2025/05/12 
2025/05/13 	23.309999465942383	23.3799991607666	23.280000686645508	23.34000015258789	44700	2025/05/13 
2025/05/14 	23.3700008392334	23.3700008392334	23.260000228881836	23.290000915527344	80300	2025/05/14 
2025/05/15 	23.18400001525879	23.309999465942383	23.18400001525879	23.299999237060547	26300	2025/05/15 
2025/05/16 	23.399999618530273	23.399999618530273	23.239999771118164	23.34000015258789	12700	2025/05/16 
2025/05/19 	23.25	23.30500030517578	23.239999771118164	23.270000457763672	33700	2025/05/19 
