Open	High	Low	Close	Volume	Date
25.51788645967887	25.568753892810587	25.337591879578373	25.344032287597656	8700	2022/08/23 
25.241015035554685	25.305404396261267	25.157306901598805	25.188858032226562	900	2022/08/24 
25.30540726337189	25.543650872535302	25.23457748479162	25.50501823425293	7500	2022/08/25 
25.601595979484774	25.717498778373944	25.408425466768275	25.66534423828125	14600	2022/08/26 
25.498568708431915	25.50500911670795	25.408422642935925	25.483116149902344	15400	2022/08/29 
25.608042017168508	25.608042017168508	25.42130941610333	25.583572387695312	1400	2022/08/30 
25.537216346055605	25.608046134143194	25.333744049072266	25.333744049072266	1900	2022/08/31 
25.07295594290283	25.07295594290283	24.861112631133867	24.962203979492188	6100	2022/09/01 
25.34045427850766	25.464575222035943	24.955023199928302	25.09874153137207	35300	2022/09/02 
24.817830512363297	24.817830512363297	24.507524490356445	24.507524490356445	27500	2022/09/06 
24.713309773790836	24.892305374145508	24.692404068535495	24.892305374145508	5900	2022/09/07 
24.817830748838784	24.883157021442926	24.66757583618164	24.66757583618164	90700	2022/09/08 
24.621193245608993	24.794965511164072	24.576117271661104	24.713306427001953	165500	2022/09/09 
24.742705567271702	24.808031845881725	24.412802128604167	24.486623764038086	27200	2022/09/12 
24.308278854549098	24.530391693115238	24.23837968582801	24.530391693115234	20800	2022/09/13 
24.497724298875834	24.65451083088509	24.442196721887356	24.630990982055664	5500	2022/09/14 
24.576120413847356	24.634915061642786	24.54345727441385	24.595720291137695	8100	2022/09/15 
24.471592403962646	24.60877905975598	24.4258635186982	24.478126525878906	29800	2022/09/16 
24.432403555549772	24.54345873463853	24.40627204563314	24.51079559326172	14900	2022/09/19 
24.27561902061989	24.41933984515677	24.190692852299176	24.327226638793945	25700	2022/09/20 
24.41280156717438	24.63491439819336	24.34094116713328	24.63491439819336	32400	2022/09/21 
24.295212001636322	24.295212001636322	24.086164926796425	24.171091079711914	40400	2022/09/22 
24.197221032102245	24.3344076988929	24.069833056934133	24.225311279296875	16000	2022/09/23 
24.1645548849292	24.1645548849292	23.798721327035526	23.877113342285156	30400	2022/09/26 
23.694201259420506	23.703347037398615	23.315301895141605	23.3153018951416	16600	2022/09/27 
23.766061619896686	24.02083757520116	23.651739395341803	23.988174438476562	10000	2022/09/28 
23.752993318019318	23.981637742594724	23.739927566323964	23.948974609375	6300	2022/09/29 
23.877115858070155	23.88364998038447	23.635405665227882	23.661537170410156	4600	2022/09/30 
23.98817335987814	24.125360023175567	23.890181462072842	23.9620418548584	37400	2022/10/03 
24.097697496101688	24.16552039306842	23.978006748242	24.012582778930664	14400	2022/10/04 
23.80511395120926	23.80511395120926	23.565732506109892	23.76521873474121	7400	2022/10/05 
23.559079483237163	23.771862384169683	23.552428590761124	23.646852493286133	8500	2022/10/06 
23.399495275654033	23.53913614063749	23.32967611144867	23.436067581176758	7600	2022/10/07 
23.333001044531706	23.333001044531706	22.967280533929802	23.080320358276367	5100	2022/10/10 
23.273159985533024	23.379551472575393	23.19336700439453	23.19336700439453	3000	2022/10/11 
23.06037176357459	23.299753189086914	23.06037176357459	23.299753189086914	3100	2022/10/12 
22.85423817301057	23.273155685591565	22.85423817301057	23.080320358276367	8100	2022/10/13 
23.23991388078648	23.23991388078648	22.868206977868006	22.900789260864258	6200	2022/10/14 
23.033776807148914	23.086973815034185	22.767799377441406	22.767799377441406	19100	2022/10/17 
22.827643203821623	22.84093991832343	22.56166325547545	22.813676834106445	13100	2022/10/18 
22.588264441213482	22.648109809872636	22.402077440622186	22.422027587890625	13500	2022/10/19 
22.302329480807202	22.362174829690566	22.016401984650273	22.029701232910156	15200	2022/10/20 
21.710530679152836	21.843518111851953	21.62408681864026	21.730478286743164	76900	2022/10/21 
21.73712564524908	21.823569501790836	21.51968810815539	21.644033432006836	34700	2022/10/24 
21.99645790726226	22.117477788286553	21.99645790726226	22.116146087646484	26700	2022/10/25 
22.236507386065654	22.34223175048828	22.236507386065654	22.34223175048828	31900	2022/10/26 
22.38877302729765	22.48785154893597	22.337572311494537	22.47854232788086	9400	2022/10/27 
22.44197259802272	22.50780173494762	22.3807980721589	22.40872573852539	24900	2022/10/28 
22.395422611714626	22.40872186052658	22.189288059987877	22.289695739746094	8300	2022/10/31 
22.541715186842286	22.56166279476044	22.435323716990915	22.482534408569336	10700	2022/11/01 
22.557047468675517	22.60446447994035	22.428344521532864	22.48659896850586	21900	2022/11/02 
22.31318500924642	22.51640370615866	22.279316087772074	22.4554386138916	13400	2022/11/03 
22.292866212269434	22.401248321320768	22.211580276489258	22.211580276489258	12200	2022/11/04 
22.299638592188032	22.299638592188032	22.01513652967892	22.028684616088867	22400	2022/11/07 
22.13706709201022	22.319962385540595	22.13706709201022	22.211580276489258	11200	2022/11/08 
22.15806449035419	22.35383084976178	22.122841533053702	22.292865753173828	14600	2022/11/09 
22.685755229427603	22.916067557077806	22.685755229427603	22.909292221069336	38100	2022/11/10 
22.875422912852144	22.97025694312569	22.875422912852144	22.93638801574707	14900	2022/11/11 
22.916067557077806	22.936388397036083	22.828006277202668	22.909292221069336	17100	2022/11/14 
23.004125268209194	23.078638456911364	22.96754569062326	23.051542282104492	25300	2022/11/15 
23.132829666137695	23.153150504224357	23.105733492666594	23.132829666137695	23300	2022/11/16 
23.166696925307104	23.166696925307104	23.13350501960312	23.13960075378418	11600	2022/11/17 
23.220887387016536	23.234435473187983	23.054927853474446	23.065088272094727	18300	2022/11/18 
23.207338976949792	23.234435148914518	23.112504959106445	23.112504959106445	13100	2022/11/21 
23.227660366979546	23.376684131688943	23.227660366979546	23.35636329650879	13900	2022/11/22 
23.49861113883204	23.62596001790097	23.44374437444532	23.54602813720703	18000	2022/11/23 
23.539262392283327	23.566358566284183	23.498618131282043	23.56635856628418	14400	2022/11/25 
23.681507424043716	23.681507424043716	23.593448756922918	23.634090423583984	38400	2022/11/28 
23.52233135551066	23.620553067939518	23.47694796819151	23.478302001953125	46400	2022/11/29 
23.46474925936932	23.62054838417987	23.42410758230863	23.586679458618164	27400	2022/11/30 
23.742477542743025	23.9389209200371	23.719446054202574	23.91860008239746	35300	2022/12/01 
23.937140253680496	24.01956558227539	23.840979990490446	24.01956558227539	50200	2022/12/02 
24.01269576538325	24.01269576538325	23.896616963534516	23.930273056030273	52800	2022/12/05 
23.992094933769252	24.01957004840953	23.971489907874616	23.99896240234375	15400	2022/12/06 
24.08138530816395	24.08138530816395	24.019567616567574	24.06077766418457	42600	2022/12/07 
24.108857799851652	24.108857799851652	24.026435084446778	24.06077766418457	23400	2022/12/08 
24.04017615041605	24.08825629310318	24.0127010345459	24.0127010345459	15800	2022/12/09 
24.088255519160775	24.115730634148164	23.85472228211032	24.047042846679688	72300	2022/12/12 
24.1294678429397	24.1294678429397	24.047042499168683	24.11573028564453	43700	2022/12/13 
24.093063004175335	24.143205218934725	24.093063004175335	24.10886001586914	15000	2022/12/14 
24.101997669519744	24.15007781982422	24.101997669519744	24.15007781982422	26600	2022/12/15 
23.930272539496656	24.067645465566887	23.820374722674593	23.992090225219727	43200	2022/12/16 
23.978354692732587	23.978354692732587	23.648661214462773	23.72421646118164	34100	2022/12/19 
23.380786714331514	23.41856433977075	23.305231463453037	23.373916625976562	42000	2022/12/20 
23.538764093461698	23.538764093461698	23.257150741910003	23.415128707885742	21000	2022/12/21 
23.421993372489567	23.483811057878512	23.380783329010686	23.40825843811035	50400	2022/12/22 
23.329453604777218	23.329453604777218	23.099296288439827	23.141143798828125	25400	2022/12/23 
22.7993932157803	22.893549438423086	22.66688010526407	22.694778442382812	34800	2022/12/27 
22.820317640879587	22.841240062849433	22.54133959880001	22.583187103271484	58700	2022/12/28 
22.6947814570272	22.896340717234203	22.659909861262562	22.848217010498047	17300	2022/12/29 
22.666876094681655	22.785440015660306	22.569234592574205	22.61805534362793	20200	2022/12/30 
23.155081995596895	23.207390693659754	22.91097562481384	23.012802124023438	13400	2023/01/03 
23.42709330892049	23.441042477962533	23.208794001449846	23.343400955200195	38400	2023/01/04 
23.13416249692538	23.415931411081218	23.120913049839768	23.40825843811035	20100	2023/01/05 
23.32945291872048	23.84207359864063	23.322477003594823	23.83160972595215	22700	2023/01/06 
23.692123251607985	23.96342834927181	23.643302488059128	23.950176239013672	41600	2023/01/09 
23.72699083170736	23.754889166310722	23.5177586432454	23.583316802978516	26400	2023/01/10 
23.817661233751892	23.9571475982666	23.761864559520518	23.9571475982666	26800	2023/01/11 
24.012941054178018	24.40211296081543	23.726989788396327	24.40211296081543	108400	2023/01/12 
24.2849476051113	24.403514213431478	24.160104801816875	24.261234283447266	147000	2023/01/13 
24.02689380182611	24.20125442061943	23.97807304140653	24.103612899780273	86600	2023/01/17 
24.591813316998813	24.612738394300333	24.305862092168518	24.605762481689453	64900	2023/01/18 
24.549972534179688	24.59879328838674	24.41048352478887	24.549972534179688	46800	2023/01/19 
24.410489671298613	24.410489671298613	24.222179860284726	24.250078201293945	63400	2023/01/20 
24.14545677888443	24.257047464023337	24.12453435683707	24.180328369140625	69000	2023/01/23 
24.22217427352599	24.647614563927487	24.152431097621193	24.45233154296875	41600	2023/01/24 
24.438381676590424	24.556945604343237	24.36166258897082	24.480226516723633	19400	2023/01/25 
24.46628145084869	24.504638336385256	24.340741601994672	24.445356369018555	41300	2023/01/26 
24.305870698755975	24.445359734523613	24.257746994718797	24.417461395263672	26500	2023/01/27 
24.382586980441342	24.479531436701116	24.333766222650937	24.35468864440918	61500	2023/01/30 
24.48022648986191	24.48720240356415	24.27099430783083	24.466279983520508	38800	2023/01/31 
24.577876236880208	24.793384661736116	24.43141128173413	24.72433853149414	57300	2023/02/01 
24.861431794223417	24.97450243831142	24.769561053459167	24.783695220947266	115100	2023/02/02 
24.536357678309084	24.642359906508485	24.3879502455224	24.52928924560547	68100	2023/02/03 
24.34554917909831	24.455085618009853	24.317280841373698	24.387948989868164	77200	2023/02/06 
24.310214205586263	24.44448476108574	24.17594095426982	24.1971435546875	59900	2023/02/07 
24.183017563914678	24.303153991699215	24.013410182304764	24.30315399169922	38900	2023/02/08 
24.458618126376116	24.522220533906975	24.048735345440175	24.08407211303711	76800	2023/02/09 
24.048732053409832	24.048732053409832	23.744854225228774	23.81552505493164	104700	2023/02/10 
23.907405228994303	24.02754164321796	23.87206845227669	23.9992733001709	86800	2023/02/13 
24.013402186237542	24.091138764598007	23.76606097856058	23.96393394470215	102200	2023/02/14 
23.857928436759988	23.925065061097268	23.617652971350516	23.744857788085938	72700	2023/02/15 
23.54699010903192	23.54699010903192	23.34204866989399	23.405651092529297	88900	2023/02/16 
23.334979398779286	23.539920806884766	23.28551115486653	23.539920806884766	96800	2023/02/17 
23.320844097808937	23.349112434620537	23.1441710364619	23.16537094116211	113000	2023/02/21 
23.292575598715718	23.40564624935737	23.264307262101067	23.334978103637695	94500	2023/02/22 
23.412709809007268	23.561114501624296	23.391507213050264	23.511646270751953	98400	2023/02/23 
23.398580954415134	23.433915027941378	23.207773722392997	23.299644470214844	57400	2023/02/24 
23.370311460910216	23.411298660674582	23.28550914947982	23.349111557006836	96900	2023/02/27 
23.25723923451168	23.433912277221676	23.179502664388608	23.43391227722168	66200	2023/02/28 
23.384443189848422	23.384443189848422	23.172436085475788	23.257238388061523	88200	2023/03/01 
23.013976582429837	23.071049129306417	22.93550591252777	23.04964828491211	92100	2023/03/02 
23.327867277013954	23.52048301696777	23.30646371388454	23.520483016967773	70000	2023/03/03 
23.584688025738437	23.623924716150047	23.38493685963339	23.41347312927246	34800	2023/03/06 
23.442010604396234	23.629632640937167	23.378518353663228	23.516916275024414	35900	2023/03/07 
23.677428153994654	23.734500696488254	23.463411562380873	23.57042121887207	59100	2023/03/08 
23.541882266220703	23.656737615333228	23.46555060676668	23.61322021484375	63200	2023/03/09 
23.948514054381715	24.112593509842576	23.937813634451174	24.06265640258789	127500	2023/03/10 
24.19106762943104	24.255272872359665	23.99845190064516	24.07692527770996	97100	2023/03/13 
24.08406036271253	24.163246746099592	23.934249021539333	23.991321563720703	58900	2023/03/14 
24.25527572631836	24.319480976801593	24.180370054316025	24.25527572631836	44400	2023/03/15 
24.36941844052284	24.376551147848186	24.235301227583076	24.290945053100586	73600	2023/03/16 
24.397950737900466	24.526361219786907	24.397950737900466	24.41935157775879	229100	2023/03/17 
24.36941454181777	24.407225232288475	24.31947743442339	24.355146408081055	109100	2023/03/20 
24.33375059427134	24.33375059427134	24.183939241144827	24.2838134765625	113000	2023/03/21 
24.298077188101256	24.525648892230144	24.22673651767484	24.497825622558594	80400	2023/03/22 
24.419355620407696	24.54063341620844	24.269544273861506	24.526365280151367	79500	2023/03/23 
24.61197055297385	24.61197055297385	24.47642734701249	24.57630157470703	90500	2023/03/24 
24.362286867638907	24.462161103056584	24.269545339878718	24.2838134765625	50400	2023/03/27 
24.2909454000093	24.39652906378687	24.23387557648542	24.326614379882812	240900	2023/03/28 
24.19820046760543	24.31876524923383	24.14826335854101	24.30521011352539	66400	2023/03/29 
24.2838106745164	24.419353875319146	24.276675246313438	24.397953033447266	56200	2023/03/30 
24.504963448345897	24.690446508836267	24.462161758516494	24.65477752685547	79900	2023/03/31 
24.66904211988891	24.818853455507227	24.604836872999847	24.754648208618164	69800	2023/04/03 
24.680492971007933	24.913121838205342	24.607794716786966	24.840423583984375	58100	2023/04/04 
24.949475522124395	25.043981888547243	24.8985881186249	25.022171020507812	282100	2023/04/05 
25.080327856965894	25.116675603576812	25.019989543792754	25.05124855041504	333800	2023/04/06 
25.01489742972904	25.01489742972904	24.862235250661474	24.920391082763672	181000	2023/04/10 
24.927664866348714	24.971281051635742	24.891317120891113	24.971281051635742	53700	2023/04/11 
25.007631570248563	25.007631570248563	24.825890069805347	24.971281051635742	85500	2023/04/12 
25.029440247472557	25.043979900626226	24.804079783323637	24.8695068359375	58800	2023/04/13 
24.76773327328998	24.76773327328998	24.6077998537719	24.680498123168945	139700	2023/04/14 
24.65141589072369	24.65141589072369	24.38970769825468	24.418787002563477	116400	2023/04/17 
24.41151988826548	24.556184304718077	24.41151988826548	24.52056312561035	60000	2023/04/18 
24.455137847285773	24.49875680927986	24.32065090082603	24.491485595703125	126200	2023/04/19 
24.64415845541936	24.736482376011747	24.636887239517844	24.687774658203125	45800	2023/04/20 
24.73138288111351	24.74592253343847	24.593260343759066	24.615068435668945	83600	2023/04/21 
24.71684725926676	24.767008097363114	24.669595461371816	24.74955940246582	72500	2023/04/24 
24.86950900012212	24.94220727221678	24.847700905071488	24.92766761779785	99800	2023/04/25 
24.934932688727194	24.94220390153179	24.796810150146484	24.796810150146484	124300	2023/04/26 
24.796818391692135	24.796818391692135	24.66523768237888	24.695043563842773	132900	2023/04/27 
24.89131639225105	24.956743441421576	24.84769743508565	24.905853271484375	133800	2023/04/28 
24.840422764165762	24.8549624145301	24.440592085188168	24.498750686645508	277800	2023/05/01 
24.70630917400526	24.85033675664441	24.632447069093384	24.825223922729492	161600	2023/05/02 
24.86140868042949	24.950040364931166	24.831863846412116	24.92788314819336	106600	2023/05/03 
24.831864856792293	24.95004138011981	24.802322839123338	24.824480056762695	117400	2023/05/04 
24.735850265624737	24.83925437927246	24.676760590654165	24.83925437927246	250700	2023/05/05 
24.750620459867022	24.750620459867022	24.60290190400266	24.63983154296875	204600	2023/05/08 
24.654602067583333	24.661986867788755	24.529037923686072	24.565967559814453	180200	2023/05/09 
24.728462665358876	24.8023247591255	24.691533027250955	24.765392303466797	165900	2023/05/10 
24.972202754506014	25.001744773759235	24.86141102526662	24.97958755493164	246500	2023/05/11 
24.986978113125875	25.001747715715066	24.854029149414778	24.87618637084961	184500	2023/05/12 
24.706308380909263	24.706308380909263	24.632446278368434	24.661991119384766	256000	2023/05/15 
24.52164886126876	24.57335090637207	24.403472355668313	24.57335090637207	255800	2023/05/16 
24.632446873888618	24.639834493096863	24.447795839399046	24.521657943725586	199400	2023/05/17 
24.440405904724322	24.440405904724322	24.329614180278778	24.351774215698242	284400	2023/05/18 
24.248371130715867	24.33700282347681	24.174509038789484	24.218826293945312	601400	2023/05/19 
24.248368771646366	24.3000708221895	24.14496185300966	24.16712188720703	945400	2023/05/22 
24.10064786842409	24.24836922310495	24.07110303397782	24.204051971435547	281600	2023/05/23 
24.277908873774894	24.277908873774894	24.108030318591645	24.122802734375	240200	2023/05/24 
24.21883071880311	24.21883071880311	23.982477616557645	24.048952102661133	409000	2023/05/25 
24.034179065064578	24.248374938964844	23.982477001371567	24.248374938964844	306800	2023/05/26 
24.351775555393868	24.47733688695926	24.285301080579615	24.46256446838379	632300	2023/05/30 
24.469947266086976	24.676755450302743	24.4404024347561	24.669370651245117	500900	2023/05/31 
24.780168086620694	24.794940507379668	24.676763958859034	24.758010864257812	571700	2023/06/01 
24.7960775932976	24.7960775932976	24.549757584023705	24.5721492767334	417400	2023/06/02 
24.467651732127216	24.646793821893258	24.393010855688736	24.542295455932617	197300	2023/06/05 
24.527361144389445	24.676645710751384	24.45271743752534	24.669179916381836	183700	2023/06/06 
24.661714421152592	24.68410610721502	24.318361947154177	24.355682373046875	397000	2023/06/07 
24.39300640375658	24.624397634272068	24.34001122031532	24.60200309753418	206200	2023/06/08 
24.527362159189604	24.654252195059147	24.452718449237175	24.587074279785156	263800	2023/06/09 
24.699038800396515	24.699038800396515	24.415398392953477	24.661718368530273	258400	2023/06/12 
24.661714430380034	24.676643170215897	24.378074068230617	24.452714920043945	682700	2023/06/13 
24.56468281713839	24.68410990679783	24.50497069599188	24.631860733032227	228600	2023/06/14 
24.82592986645639	24.99014319030898	24.7736806902063	24.870716094970703	350100	2023/06/15 
24.825927734375	24.870713959043016	24.69903770219842	24.825927734375	210900	2023/06/16 
24.91550071674278	24.96774988962344	24.89310618024652	24.930429458618164	287800	2023/06/20 
24.90057270801653	24.98267936706543	24.796074359178455	24.98267936706543	339500	2023/06/21 
24.89310513806041	24.930428414869464	24.788606796674063	24.818464279174805	237900	2023/06/22 
25.005070981307757	25.01253392875945	24.92296432250692	24.967750549316406	571500	2023/06/23 
25.027465239382668	25.034931034966956	24.95282436774022	25.00507354736328	288900	2023/06/26 
25.03493434761986	25.07225478837937	24.922970177974214	24.99761390686035	274500	2023/06/27 
25.049854863887624	25.072246551513672	24.95281947189778	25.072246551513672	231400	2023/06/28 
24.885642037522135	24.885642037522135	24.721428732147842	24.788606643676758	584400	2023/06/29 
24.863254752295934	25.012536495580832	24.813243602928114	25.00507354736328	329600	2023/06/30 
25.057320003887607	25.094640435653044	24.930429966411843	24.93789291381836	403200	2023/07/03 
24.951543963446515	24.951543963446515	24.655676310752273	24.731538772583008	1377000	2023/07/05 
24.55705592217343	24.572228995265124	24.367396849478926	24.428089141845703	859700	2023/07/06 
24.367395419915287	24.397741564318356	24.272567336115213	24.299118041992188	864500	2023/07/07 
24.2687744708745	24.390157607136302	24.24601486151594	24.337053298950195	384400	2023/07/10 
24.435674552441387	24.51153991889657	24.351465876755217	24.450847625732422	480700	2023/07/11 
24.54947484832028	24.761892118414835	24.469818372034823	24.723960876464844	639600	2023/07/12 
24.852925876831772	24.974307578656337	24.777063398429437	24.96672248840332	549300	2023/07/13 
24.95154787795019	24.97430604127632	24.830166183597697	24.852924346923828	500100	2023/07/14 
24.852924346923828	24.890858477757877	24.75430370986534	24.852924346923828	613900	2023/07/17 
24.997066612673823	25.034997848802686	24.921201246448277	24.98189353942871	734300	2023/07/18 
25.05775804082072	25.232244056317327	24.962928495835513	25.224658966064453	1340100	2023/07/19 
25.103277264701962	25.103277264701962	24.852925876831772	24.96672248840332	1131000	2023/07/20 
25.065343995292906	25.080517068538015	24.951547392938494	24.98189353942871	629700	2023/07/21 
25.050172863590557	25.050172863590557	24.883271938926324	24.913618087768555	949800	2023/07/24 
24.814994348319104	24.92120297443133	24.792236183857344	24.875686645507812	1207200	2023/07/25 
24.96672443020279	24.97203486198334	24.82258455244059	24.898447036743164	982300	2023/07/26 
24.807408989088405	24.814994079170717	24.348434348956967	24.458436965942383	2451200	2023/07/27 
24.473607755391367	24.579819276963814	24.412160131687713	24.57223129272461	1342400	2023/07/28 
24.564646173239925	24.68981897335735	24.534300024255316	24.6405086517334	1276300	2023/07/31 
24.450847697786944	24.481193844458446	24.177739612663007	24.246015548706055	1806000	2023/08/01 
23.984189220560452	23.984189220560452	23.778086672727305	23.961288452148438	1668800	2023/08/02 
23.50328757236493	23.518553297193087	23.320084314842106	23.411685943603516	1638500	2023/08/03 
23.45748112029286	23.85441900191469	23.45748112029286	23.80098533630371	1698600	2023/08/04 
23.709386184682923	23.729996730971923	23.571984484034058	23.587251663208008	557700	2023/08/07 
23.900222078690053	24.022356602833547	23.800988323807854	23.84678840637207	607900	2023/08/08 
23.892587987652586	24.00709037559835	23.892587987652586	23.991823196411133	509600	2023/08/09 
23.953657553508748	24.022358410503966	23.59488754383477	23.617788314819336	510100	2023/08/10 
23.549087524414062	23.65595487739393	23.51091957266519	23.549087524414062	368200	2023/08/11 
23.495655752293107	23.678857567661098	23.434588480503777	23.510921478271484	493100	2023/08/14 
23.41931883702599	23.50939316264468	23.358251571655273	23.358251571655273	579100	2023/08/15 
23.281918403636404	23.411686531665502	23.15978386619237	23.19795036315918	1112800	2023/08/16 
23.098712153457672	23.113979331690526	22.984211228627796	23.0758113861084	1829700	2023/08/17 
23.098714381328758	23.190314547644192	23.05291429817104	23.13688087463379	514500	2023/08/18 
22.907881546024292	22.938414452866276	22.823913504281368	22.892614364624023	780500	2023/08/21 
22.8926051218708	23.04527396231725	22.877337946634565	23.02237319946289	277800	2023/08/22 
23.2055769477569	23.42694664001465	23.2055769477569	23.42694664001465	284800	2023/08/23 
23.373515314860324	23.426948982207353	23.34298095868588	23.350614547729492	354100	2023/08/24 
23.304818210712718	23.431531732495788	23.289551030174547	23.41931915283203	284700	2023/08/25 
23.47275237922039	23.488019559466167	23.406341746705536	23.45748519897461	275900	2023/08/28 
23.426952546591874	23.63076489159554	23.396418185771665	23.62542152404785	468400	2023/08/29 
23.6177879338428	23.640687248499496	23.564354258365892	23.62542152404785	304200	2023/08/30 
23.701750632752603	23.724651399617503	23.663584143935996	23.69411849975586	371100	2023/08/31 
23.65595219132563	23.65595219132563	23.472750411608562	23.52618408203125	593800	2023/09/01 
23.435129745016095	23.435129745016095	23.280798375273974	23.288515090942383	437600	2023/09/05 
23.388827042345078	23.404260472092506	23.28079597773881	23.357961654663086	471800	2023/09/06 
23.396546243905206	23.419696390986847	23.346388327801492	23.41197967529297	291800	2023/09/07 
23.458276910153035	23.59717483961721	23.450560194981367	23.504575729370117	328000	2023/09/08 
23.37339495722592	23.425866557543642	23.32709466823557	23.37725257873535	462600	2023/09/11 
23.43513396155494	23.49686622619629	23.350251545743102	23.49686622619629	316500	2023/09/12 
23.435130553566776	23.581743740885866	23.411980405762833	23.51229476928711	300600	2023/09/13 
23.47370943414307	23.50457482182506	23.319378080294513	23.357961654663086	377100	2023/09/14 
23.3116635885131	23.334813735341932	23.242216091652615	23.24993133544922	368500	2023/09/15 
23.22678720575172	23.350251736040615	23.219070488632	23.3425350189209	248900	2023/09/18 
23.265365025359564	23.327097279109854	23.20363277160927	23.211349487304688	357500	2023/09/19 
23.280798197887663	23.357963882170765	23.24993133544922	23.24993133544922	268700	2023/09/20 
22.910406284775302	22.910406284775302	22.74835818924521	22.756074905395508	707400	2023/09/21 
22.786945785414428	22.956709155196684	22.74836219786389	22.92584228515625	392000	2023/09/22 
22.540011896616356	22.58631219480814	22.385681984749873	22.40111541748047	716900	2023/09/25 
22.478277936153866	22.485994651935094	22.277649213094094	22.304656982421875	481800	2023/09/26 
22.462842332231556	22.499881973247252	22.13103096653408	22.20819664001465	454000	2023/09/27 
22.030718026997064	22.28150613061227	21.891821562765514	22.26993179321289	509100	2023/09/28 
22.393399033341957	22.47519357876393	22.146469993241638	22.29308319091797	464900	2023/09/29 
22.138753502069516	22.16190217993127	21.868674309781237	21.93040657043457	655400	2023/10/02 
21.77293569465194	21.843095648586562	21.39875026492113	21.429931640625	955800	2023/10/03 
21.62481721019741	21.765137099502482	21.52347589396626	21.757341384887695	539600	2023/10/04 
21.710569034799253	21.733954692248574	21.593636286910968	21.648204803466797	299100	2023/10/05 
21.258434948631564	21.601437589862442	21.21166064465195	21.383163452148438	606700	2023/10/06 
21.515680131311296	21.866478366910187	21.414337328425898	21.862581253051758	260900	2023/10/09 
21.679387171069774	21.975618398660377	21.558557303685728	21.866479873657227	495200	2023/10/10 
22.170508111844672	22.295236587524414	22.09255244282465	22.295236587524414	428400	2023/10/11 
22.23286804245015	22.23286804245015	21.6793842378286	21.71836280822754	507500	2023/10/12 
22.100349808579384	22.147122618731487	21.99900698522219	22.092554092407227	291900	2023/10/13 
21.772933195279165	21.788524624781683	21.67938610514462	21.74954605102539	556900	2023/10/16 
21.43772921638331	21.593640569072985	21.32859216162905	21.500093460083008	882800	2023/10/17 
21.320789696913263	21.367562493163433	21.16487839357217	21.30909538269043	700600	2023/10/18 
21.164882841128122	21.31299846173891	20.88424451777379	20.888141632080078	639800	2023/10/19 
20.938813740628444	21.01287080997381	20.892039446102242	20.97779083251953	387900	2023/10/20 
20.884244715604186	21.250634425974525	20.814084762380826	21.157087326049805	663000	2023/10/23 
21.196063511725214	21.3753604888916	21.15708493828869	21.3753604888916	363500	2023/10/24 
21.157086640828528	21.196065217401713	20.99338107986314	21.032358169555664	548100	2023/10/25 
21.04794986238295	21.27402114868164	21.016767000735953	21.27402114868164	423400	2023/10/26 
21.203861959793112	21.242839051373615	21.13759911984938	21.219451904296875	668000	2023/10/27 
21.14150080351972	21.2584335821905	21.05652853090197	21.20386505126953	566500	2023/10/30 
21.28181390261486	21.344178134707015	21.16098403930664	21.16098403930664	359300	2023/10/31 
21.305201988336247	21.49229469287708	21.301304874168594	21.484498977661133	696800	2023/11/01 
21.70598793592268	21.753449585287104	21.63479470748672	21.7218074798584	1325500	2023/11/02 
21.872106090789757	21.872106090789757	21.793002330109793	21.800912857055664	674000	2023/11/03 
21.77718278055086	21.79300232566063	21.753451199718093	21.785093307495117	542000	2023/11/06 
21.86419775453996	21.90375039323231	21.852332717321698	21.87606430053711	541400	2023/11/07 
21.93538706198409	21.951208114624023	21.90374646548285	21.951208114624023	573600	2023/11/08 
21.951212228719317	21.951212228719317	21.82464680143622	21.872108459472656	748500	2023/11/09 
21.93539047241211	21.943300999961973	21.911660398541375	21.93539047241211	345600	2023/11/10 
21.91165831672328	21.943298915137717	21.872105682731846	21.93934440612793	358500	2023/11/13 
22.014487813787717	22.014487813787717	21.974936696361	21.998666763305664	689600	2023/11/14 
21.974936696361	21.998666763305664	21.974936696361	21.998666763305664	415200	2023/11/15 
22.014493189868187	22.022403717041016	22.006582662695358	22.022403717041016	452900	2023/11/16 
22.07777560988183	22.1489688447279	22.046925610456206	22.117326736450195	524800	2023/11/17 
22.06195541320161	22.21225241580461	22.054044885824734	22.204341888427734	1411100	2023/11/20 
22.220162943181485	22.220162943181485	22.12128361413877	22.204341888427734	651300	2023/11/21 
22.291354149209138	22.299264675865068	22.19722144692736	22.263668060302734	464000	2023/11/22 
22.212250103830435	22.22016063038394	22.164788453288075	22.188518524169922	391500	2023/11/24 
22.251804854453695	22.362550735473633	22.235985307547057	22.362550735473633	772400	2023/11/27 
22.34673083468409	22.386281967163086	22.307179702205097	22.386281967163086	609300	2023/11/28 
22.457468607694338	22.457468607694338	22.402096434997627	22.453514099121094	736700	2023/11/29 
22.457471036059054	22.457471036059054	22.370458259031906	22.410009384155273	1115300	2023/11/30 
22.441655409097965	22.53657872947706	22.410013296452284	22.50493812561035	890500	2023/12/01 
22.502509709663016	22.54287957990166	22.486361145562825	22.534805297851562	963400	2023/12/04 
22.591326601440105	22.615549450666858	22.50251256763275	22.55095672607422	2082000	2023/12/05 
22.56710529222539	22.56710529222539	22.534808159923053	22.55095672607422	778700	2023/12/06 
22.550963398065214	22.583258999910583	22.542889112600747	22.56711196899414	603100	2023/12/07 
22.567105405193747	22.60747528076172	22.559031122077744	22.60747528076172	659700	2023/12/08 
22.599403856572067	22.623626708984375	22.59132957243463	22.623626708984375	558000	2023/12/11 
22.63170152599102	22.639775810318564	22.60747867300838	22.611515045166016	565100	2023/12/12 
22.647846221923828	22.649461694627853	22.60747634445643	22.647846221923828	886900	2023/12/13 
22.66399622004091	22.696293356063933	22.655921936035156	22.655921936035156	1249700	2023/12/14 
22.639771099863637	22.69628953838491	22.631696817216035	22.688215255737305	850100	2023/12/15 
22.631700993121807	22.647848021384448	22.599403856572067	22.623626708984375	1015800	2023/12/18 
22.688218648220232	22.712439959772812	22.6599594247341	22.6922550201416	773200	2023/12/19 
22.72051191615984	22.768957614326624	22.672067758005074	22.760883331298828	816400	2023/12/20 
22.76895808931414	22.777030832498323	22.696291080560062	22.72051239013672	811200	2023/12/21 
22.783544874333028	22.783544874333028	22.659135586916122	22.692312240600586	1516400	2023/12/22 
22.708901111994415	22.7503719329834	22.69231436554889	22.7503719329834	1112600	2023/12/26 
22.81672196397629	22.899662017822266	22.81672196397629	22.899662017822266	674500	2023/12/27 
22.88307291085554	22.932836308687314	22.84989625766776	22.874778747558594	736300	2023/12/28 
22.833309520202587	22.874778754750455	22.77525037710572	22.783544540405273	761700	2023/12/29 
22.71719449880576	22.75451744544361	22.684019425099898	22.725488662719727	1039500	2024/01/02 
22.642549713103904	22.80594142810646	22.584492144816213	22.791841506958008	672800	2024/01/03 
22.667431554392817	22.684019882555283	22.609373987774237	22.61766815185547	712800	2024/01/04 
22.51814236947351	22.696462962970987	22.45179063109888	22.476673126220703	891500	2024/01/05 
22.468374918756293	22.675724261615287	22.443492428111234	22.642547607421875	630600	2024/01/08 
22.592788411932037	22.654993859144305	22.563759625086373	22.588642120361328	504800	2024/01/09 
22.617669867905775	22.650844944797722	22.4683780670166	22.4683780670166	532600	2024/01/10 
22.44349309717082	22.621813663901435	22.402023860142762	22.592784881591797	544400	2024/01/11 
22.601083426585383	22.7213464520096	22.527266461860112	22.559614181518555	476600	2024/01/12 
22.410317945728732	22.418612109495395	22.13661686922879	22.20296859741211	1137500	2024/01/16 
22.161498128130884	22.21955727541329	22.045382997466092	22.1532039642334	1132200	2024/01/17 
22.136619495738998	22.144913660489763	21.896093463817305	21.970739364624023	629400	2024/01/18 
21.937562149804403	22.00391387939453	21.854622092329244	22.00391387939453	704000	2024/01/19 
22.144913566413063	22.17808864332502	22.061973501207923	22.11588478088379	490200	2024/01/22 
22.003912087520504	22.003912087520504	21.896089546998247	21.987323760986328	446400	2024/01/23 
22.0785619477994	22.095148695368316	21.821447586104075	21.879505157470703	721700	2024/01/24 
22.003918707998942	22.04124166295552	21.92927279808578	21.995624542236328	446900	2024/01/25 
22.02879962333642	22.04953424676777	21.92927279808578	21.995624542236328	523700	2024/01/26 
22.12002854169546	22.252731998062103	22.070265141045468	22.20296859741211	477100	2024/01/29 
22.32737619284238	22.352258682250977	22.17808442029052	22.352258682250977	481100	2024/01/30 
22.443496466058274	22.501554039392296	22.393733057764862	22.476673126220703	710400	2024/01/31 
22.634257826775265	22.684021232273576	22.609375333051037	22.65084457397461	847800	2024/02/01 
22.46026179051243	22.543849130939012	22.40174842015697	22.476978302001953	921100	2024/02/02 
22.20949730311318	22.37667519005872	22.12172962991369	22.16770362854004	1147200	2024/02/05 
22.184421788186896	22.34741935146193	22.176062734387344	22.326520919799805	546400	2024/02/06 
22.242932764066822	22.368315377861528	22.242932764066822	22.2596492767334	351500	2024/02/07 
22.176062607887246	22.205318498855547	22.084114610943168	22.146806716918945	675000	2024/02/08 
22.09247242337141	22.157670806915572	22.09247242337141	22.1175479888916	502900	2024/02/09 
22.142628570548112	22.19278130366523	22.050680564561194	22.15098762512207	560300	2024/02/12 
21.900215491603696	21.95872726093026	21.78319035862443	21.787370681762695	802700	2024/02/13 
21.758119756908386	21.925296051045876	21.75561188131898	21.879322052001953	637800	2024/02/14 
22.05067896052632	22.117549797926966	21.945357750343767	22.017244338989258	331000	2024/02/15 
21.883500154091415	21.942011930814708	21.875141101084324	21.933652877807617	326400	2024/02/16 
21.900212628297982	22.01723615165107	21.900212628297982	21.954544067382812	662400	2024/02/20 
21.983806549854357	21.983806549854357	21.808271212112295	21.824989318847656	378000	2024/02/21 
21.850064989753957	21.95037203632233	21.841705936346056	21.925294876098633	283800	2024/02/22 
21.933656989179035	22.162689982660286	21.933656989179035	22.15098762512207	342500	2024/02/23 
22.167703165976725	22.18442127318773	22.042320550547117	22.12590789794922	387000	2024/02/26 
22.10083031460743	22.11754682596648	22.00888232766425	22.02560043334961	435100	2024/02/27 
22.07575221922026	22.142623044797507	22.025599498618888	22.13426399230957	210000	2024/02/28 
22.1927782931711	22.27636723324505	22.184420834057484	22.21785545349121	902300	2024/02/29 
22.16770537766558	22.34324073791504	22.117551051028638	22.34324073791504	1206200	2024/03/01 
22.268839584467532	22.302656269794394	22.235021286595476	22.277294158935547	549700	2024/03/04 
22.412563930201934	22.471744338417594	22.40410935580753	22.446380615234375	533900	2024/03/05 
22.446381412833876	22.54783469662656	22.446381412833876	22.52669906616211	389700	2024/03/06 
22.59856194606031	22.59856194606031	22.488655693242094	22.522472381591797	661900	2024/03/07 
22.530922434918118	22.55628615549897	22.505560326882282	22.5351505279541	449400	2024/03/08 
22.573196913763756	22.590104449479455	22.530924043111686	22.55628776550293	339000	2024/03/11 
22.53092695681556	22.556290682486846	22.497110268465853	22.522472381591797	486200	2024/03/12 
22.48865509033203	22.518245296549228	22.44638221534654	22.48865509033203	289700	2024/03/13 
22.412564329375815	22.412564329375815	22.167386505206906	22.184295654296875	571400	2024/03/14 
22.226563499270316	22.226563499270316	22.15892691821015	22.192745208740234	281200	2024/03/15 
22.150479568670484	22.19275082999523	22.099752120026483	22.142024993896484	358500	2024/03/18 
22.1927497255735	22.243475559147875	22.146250372903165	22.201204299926758	335600	2024/03/19 
22.218113448633275	22.328019690135285	22.08284348407149	22.201204299926758	363800	2024/03/20 
22.29420310877897	22.29420310877897	22.17584067982897	22.251930236816406	327200	2024/03/21 
22.421021012863076	22.433702069600738	22.378748136161928	22.404111862182617	415300	2024/03/22 
22.40411207462294	22.40411207462294	22.268842092987338	22.311113357543945	886100	2024/03/25 
22.36183889738728	22.421019307722794	22.31111144920377	22.408336639404297	464400	2024/03/26 
22.446383207811692	22.573200225830078	22.433702151028005	22.573200225830078	282300	2024/03/27 
22.564745650459162	22.632380640881127	22.522472773604576	22.573200225830078	433400	2024/03/28 
22.446380912621674	22.454835487128094	22.226568425635605	22.23079490661621	1037200	2024/04/01 
22.008995828658755	22.145485599139864	21.949281757459072	22.12842559814453	981400	2024/04/02 
21.966348316722556	22.11989974975586	21.89810341616184	22.11989974975586	490200	2024/04/03 
22.247856895320737	22.281980156322945	22.136959551236846	22.25638771057129	394800	2024/04/04 
22.06018392213898	22.15401963606661	21.983408211688502	21.987672805786133	455600	2024/04/05 
21.923690483799696	22.00899536825108	21.906628856074867	21.96634292602539	570600	2024/04/08 
22.060182299286815	22.191553265373216	22.060182299286815	22.171079635620117	447600	2024/04/09 
21.915163560329464	21.949285194750036	21.667774795662	21.6976318359375	553700	2024/04/10 
21.710425558532382	21.744547187744416	21.531281717138345	21.59099578857422	605900	2024/04/11 
21.75308068646562	21.855448840908274	21.71042823791504	21.71042823791504	271200	2024/04/12 
21.48863336017406	21.48863336017406	21.29669407471175	21.369203567504883	1139200	2024/04/15 
21.17726393575957	21.29242586921905	21.10475282263654	21.232711791992188	549800	2024/04/16 
21.318020690217246	21.48863375310051	21.283899053892647	21.463041305541992	322700	2024/04/17 
21.44597613134347	21.463037760230872	21.313752575182335	21.352140426635742	275900	2024/04/18 
21.454508542575066	21.480100987810925	21.36920201887547	21.394794464111328	173700	2024/04/19 
21.326549175512472	21.411855697631836	21.326549175512472	21.411855697631836	237800	2024/04/22 
21.36067548828181	21.497165292346686	21.33508303986209	21.40332794189453	212900	2024/04/23 
21.335082651811653	21.335082651811653	21.224183671096757	21.309490203857422	292300	2024/04/24 
21.1388760403417	21.198590117450195	21.11328359568667	21.164466857910156	266300	2024/04/25 
21.25830685938781	21.3521442077993	21.25830685938781	21.283899307250977	242900	2024/04/26 
21.369200553966397	21.44597625732422	21.3393435167813	21.44597625732422	371000	2024/04/29 
21.3521450394386	21.38626667749837	21.27536931994557	21.318021774291992	256000	2024/04/30 
21.394794822401956	21.539815426993897	21.36920237673751	21.420387268066406	408000	2024/05/01 
21.35749231816901	21.525491686077263	21.34026119242186	21.5125675201416	227600	2024/05/02 
21.702112197875977	21.71934168480335	21.592696328819315	21.702112197875977	258900	2024/05/03 
21.71072312653097	21.77964598927469	21.68487643678307	21.77103042602539	310700	2024/05/06 
21.857185433645835	21.908877172299402	21.8399543063444	21.848569869995117	303900	2024/05/07 
21.814108034981505	21.83133916261438	21.792569947065804	21.796876907348633	240000	2024/05/08 
21.73657061037412	21.891647479749103	21.73657061037412	21.87441635131836	339200	2024/05/09 
21.85718741243075	21.85718741243075	21.796878461415805	21.839956283569336	216500	2024/05/10 
21.900263449742305	21.900263449742305	21.84857170674316	21.857187271118164	467300	2024/05/13 
21.917495321655924	21.951955937073528	21.883033062987383	21.934724807739258	260500	2024/05/14 
22.04672601353248	22.098417759476305	22.038110448666682	22.072572708129883	468800	2024/05/15 
22.115650177001953	22.124265742369438	22.0898034808995	22.115650177001953	281400	2024/05/16 
22.07256938198428	22.07256938198428	21.99503095312743	22.01226043701172	196200	2024/05/17 
21.9605712890625	21.995033547397288	21.92611067397863	21.9605712890625	271800	2024/05/20 
22.05533790588379	22.08549155626761	22.020875652159024	22.05533790588379	318900	2024/05/21 
22.01225971412639	22.08979814043687	21.986414667523345	22.085491180419922	241200	2024/05/22 
22.098416796282468	22.098416796282468	21.917494871739358	21.973493576049805	338000	2024/05/23 
21.951950860988546	22.055335969836857	21.927827942799034	22.04241180419922	288300	2024/05/24 
22.029494682341735	22.038110247128746	21.74518761737422	21.762418746948242	452600	2024/05/28 
21.633183826635502	21.667644434989946	21.435891872973247	21.503952026367188	869700	2024/05/29 
21.65903260981434	21.715032956711283	21.615956431124925	21.684879302978516	292900	2024/05/30 
21.822722775988062	21.8830300771785	21.796876085513283	21.865798950195312	311400	2024/05/31 
21.943340053018495	22.145801711621974	21.943340053018495	22.141494750976562	314400	2024/06/03 
22.234573174371356	22.330262402508716	22.204126903454437	22.299816131591797	280400	2024/06/04 
22.356356159963823	22.399850351336145	22.267625620320544	22.3824520111084	467400	2024/06/05 
22.32155947950833	22.406809023748423	22.32155947950833	22.3824520111084	227300	2024/06/06 
22.18237993981405	22.199778283072245	22.117136982194488	22.156282424926758	416300	2024/06/07 
22.034497478429547	22.060594993480183	21.97360493584207	22.008399963378906	354900	2024/06/10 
22.060593935434795	22.199777357301485	22.017098079103164	22.191078186035156	266000	2024/06/11 
22.39984985752774	22.512935748121002	22.3511358333216	22.356355667114258	415700	2024/06/12 
22.46944102608257	22.599925253432787	22.447693931390365	22.56513023376465	444400	2024/06/13 
22.617325813669094	22.678218348465123	22.617325813669094	22.66082000732422	304800	2024/06/14 
22.556435611417484	22.617328152510364	22.5303380970074	22.599929809570312	385100	2024/06/17 
22.626023395380905	22.7478084564209	22.626023395380905	22.7478084564209	354200	2024/06/18 
22.669520899736888	22.721715927124023	22.6260267027782	22.721715927124023	459900	2024/06/20 
22.765206796340046	22.791304306218766	22.663428332929755	22.7478084564209	307300	2024/06/21 
22.73041183899557	22.817401885986328	22.721714327573924	22.817401885986328	451000	2024/06/24 
22.817404774911203	22.852201461791992	22.773910575507568	22.852201461791992	307300	2024/06/25 
22.660820931879876	22.66952010280525	22.60862756552482	22.617326736450195	412900	2024/06/26 
22.695616689606027	22.71301503074693	22.626024984239546	22.66082000732422	409700	2024/06/27 
22.73041339707829	22.739112568293375	22.338960647583008	22.338960647583008	696500	2024/06/28 
22.13018596895229	22.260670221454678	21.960556274779456	21.973604202270508	929800	2024/07/01 
22.164461973781457	22.1820515411142	22.028132341993633	22.15566635131836	445600	2024/07/02 
22.26121406181697	22.437123184308767	22.26121406181697	22.428327560424805	333500	2024/07/03 
22.507483455478	22.645571208844242	22.46350701959615	22.613027572631836	372700	2024/07/05 
22.62182388713287	22.674597624917176	22.542664958049958	22.665802001953125	404100	2024/07/08 
22.61303009068114	22.639416961704626	22.463509520995757	22.569053649902344	354200	2024/07/09 
22.62182449456634	22.639415740966797	22.55146118655811	22.639415740966797	353600	2024/07/10 
22.8592997753311	22.972760455195946	22.841708530094856	22.86809539794922	643300	2024/07/11 
22.85929993589212	22.947254485097634	22.82411912276601	22.942855834960938	621500	2024/07/12 
22.709779739379883	22.797734296462494	22.686031723776658	22.709779739379883	486400	2024/07/15 
22.868097008129183	23.032571639722665	22.841710138416875	23.02641487121582	548700	2024/07/16 
22.956052627894664	23.070392380098614	22.903280563615432	23.03521156311035	424600	2024/07/17 
22.920867456064467	22.995629409521754	22.836432498598768	22.86809539794922	406300	2024/07/18 
22.788936383717918	22.806527628886027	22.736164325807056	22.771345138549805	309300	2024/07/19 
22.87689323007748	22.88568885354511	22.630620805764895	22.709779739379883	437400	2024/07/22 
22.75375869849264	22.78893951607101	22.67459976194917	22.683395385742188	810400	2024/07/23 
22.71857582037927	22.740564040694338	22.438880692294358	22.454713821411133	597600	2024/07/24 
22.560258482502025	22.736167604362286	22.55146285864964	22.621826171875	375000	2024/07/25 
22.727371901253413	22.815326461876822	22.722973250545703	22.7977352142334	526600	2024/07/26 
22.929661399317315	22.929661399317315	22.83291123519743	22.885684967041016	685500	2024/07/29 
22.947253343211884	22.986832804505163	22.850503176140887	22.9560489654541	546200	2024/07/30 
23.087983474817992	23.131959915161133	23.044007034474852	23.131959915161133	853600	2024/07/31 
23.237505188688214	23.34305099172684	23.228709565302193	23.272686004638672	868100	2024/08/01 
23.45006784674317	23.521021084290375	23.44119848059244	23.51215171813965	909100	2024/08/02 
23.521024507680444	23.55650028578809	23.44120189236465	23.52989387512207	1866400	2024/08/05 
23.41459196049582	23.52989203656894	23.41459196049582	23.450069427490234	592100	2024/08/06 
23.37024708291344	23.432330959197593	23.2992938397803	23.361377716064453	562300	2024/08/07 
23.25494629430748	23.325013106110426	23.23720925281073	23.317031860351562	395400	2024/08/08 
23.450068625891753	23.494413766460177	23.450068625891753	23.476675033569336	343800	2024/08/09 
23.485547037913925	23.547630918346464	23.458940627247905	23.52989387512207	554000	2024/08/12 
23.591975006619393	23.618581414185233	23.57423627380305	23.59640884399414	378000	2024/08/13 
23.627452654372817	23.653174326493975	23.61858328726126	23.636322021484375	347600	2024/08/14 
23.60084395058306	23.6540584564209	23.591974584333645	23.6540584564209	420100	2024/08/15 
23.707274803238253	23.742752270990895	23.65406029326806	23.733882904052734	1619300	2024/08/16 
23.725011955585437	23.81370392739599	23.698403856544672	23.79596519470215	606300	2024/08/19 
23.858050872687844	23.933439646511626	23.809270199918124	23.915700912475586	654400	2024/08/20 
23.920134554316075	23.991087798220544	23.84120006432188	23.924570083618164	589200	2024/08/21 
23.86691671592911	23.87135224461264	23.720576410884817	23.787094116210938	628300	2024/08/22 
23.875790549090787	23.946743796376662	23.83233183314834	23.911266326904297	473200	2024/08/23 
23.97335079140286	23.97335079140286	23.866920079559545	23.884658813476562	609100	2024/08/26 
23.787097858913807	23.875789838295454	23.75162208215643	23.866920471191406	581600	2024/08/27 
23.893526858571505	23.902396225039332	23.840310659764544	23.858049392700195	455300	2024/08/28 
23.778227976688328	23.844747382698213	23.74275220069948	23.813705444335938	1117300	2024/08/29 
23.849183483329316	23.89353032209682	23.636323732222085	23.645193099975586	757000	2024/08/30 
23.866918887889874	23.946741494872146	23.844746317430065	23.92900276184082	1007400	2024/09/03 
23.94692670761607	24.124377699897153	23.911078902906198	24.11720848083496	725100	2024/09/04 
24.162020485682365	24.206832381696785	24.090323161458347	24.188907623291016	775900	2024/09/05 
24.179944652461106	24.3502264343514	24.170982273477513	24.242679595947266	946600	2024/09/06 
24.242680513482476	24.359189735279834	24.206832705590337	24.35022735595703	1019500	2024/09/09 
24.34126460869495	24.426404646876	24.323339850320295	24.40848159790039	618900	2024/09/10 
24.421921282667103	24.46673146364641	24.388760654727164	24.43984603881836	871700	2024/09/11 
24.42192484290787	24.439849601672208	24.35918989663178	24.43088722229004	530000	2024/09/12 
24.466730062084387	24.475692439646608	24.403995128547557	24.4577693939209	564200	2024/09/13 
24.4936190783955	24.54739163850536	24.46673194364114	24.538429260253906	708700	2024/09/16 
24.5294715954446	24.54739464474362	24.484659698699367	24.50258445739746	717800	2024/09/17 
24.480177036518572	24.535742757560865	24.390554960947092	24.412960052490234	676000	2024/09/18 
24.296452299211747	24.412959799668876	24.28748992080752	24.40399742126465	1087200	2024/09/19 
24.381593424569974	24.420130114979248	24.3054157688124	24.36815071105957	697300	2024/09/20 
24.2785265593366	24.377111008392372	24.170979732239505	24.28748893737793	918900	2024/09/23 
24.170982132606316	24.35918867136691	24.135134326279864	24.305416107177734	775100	2024/09/24 
24.24267886906668	24.24267886906668	24.132444858731777	24.135133743286133	846300	2024/09/25 
24.206831876903795	24.222963475372968	24.041032138605544	24.170982360839844	986500	2024/09/26 
24.260603203716702	24.33230052278728	24.206830641763503	24.26956558227539	906600	2024/09/27 
24.305415180846467	24.332300607216894	24.15484961369657	24.19786834716797	910200	2024/09/30 
24.40399851688697	24.500789814839603	24.336783239935983	24.36815071105957	1348400	2024/10/01 
24.131531803729903	24.194752085636946	24.036703964734166	24.17668914794922	894900	2024/10/02 
24.095408549220224	24.122501234185293	23.95993995666504	23.95993995666504	568600	2024/10/03 
23.634811401367188	23.752217042868804	23.616748464958807	23.634811401367188	1645200	2024/10/04 
23.562560689891505	23.585138498454118	23.45418479718403	23.490310668945312	898500	2024/10/07 
23.400000637580536	23.526437759399414	23.34581354574053	23.526437759399414	607900	2024/10/08 
23.454186881377524	23.508375693834793	23.349424944597892	23.390968322753906	534900	2024/10/09 
23.264531742883147	23.30968736506404	23.156155838041816	23.282594680786133	754000	2024/10/10 
23.18324817515982	23.296138943110037	23.165185238869444	23.201311111450195	903400	2024/10/11 
23.074872108631222	23.219372152728276	23.029716490817044	23.210342407226562	689000	2024/10/14 
23.40903056450605	23.526436209521027	23.377421286133693	23.517406463623047	503500	2024/10/15 
23.65287277289248	23.67996545313616	23.57159128700881	23.61674690246582	420900	2024/10/16 
23.390969734647427	23.395486330579757	23.21034551661686	23.237438201904297	801800	2024/10/17 
23.282595200916795	23.326848193964114	23.246469324303778	23.25550079345703	577100	2024/10/18 
23.110996406602187	23.110996406602187	22.91230929014758	22.92133903503418	1559800	2024/10/21 
22.957466642598682	22.993590792608273	22.885216620003092	22.93037223815918	584000	2024/10/22 
22.82199945416964	22.925858760309147	22.776842110689515	22.867155075073242	553100	2024/10/23 
22.90328145279805	23.065844447743235	22.8581241083263	23.020687103271484	503300	2024/10/24 
23.065843070840938	23.090226140565935	22.885217148889414	22.912311553955078	650900	2024/10/25 
22.91231259188296	22.93037380683512	22.758781068042122	22.858123779296875	889700	2024/10/28 
22.731686146266746	22.90328060374506	22.6594361203669	22.885217666625977	970700	2024/10/29 
23.05681281349216	23.16338173407403	22.916827630498506	22.93940544128418	531500	2024/10/30 
22.948437950558443	23.081196930961582	22.850900494383964	22.98456382751465	749000	2024/10/31 
23.029719663748235	23.06584554103796	22.68653244237904	22.704593658447266	735600	2024/11/01 
23.03483410868847	23.080446945569687	22.87062511188699	23.007465362548828	719400	2024/11/04 
22.970976372715967	23.153429467659045	22.879748955235296	23.116939544677734	624100	2024/11/05 
22.460106520231378	22.688174206610572	22.432737771459262	22.58782386779785	1466600	2024/11/06 
22.70641757712337	22.91624116433454	22.67905056923979	22.852380752563477	1395900	2024/11/07 
22.989222070585896	23.16164047920735	22.970976239192165	23.13518524169922	905200	2024/11/08 
23.0895697938684	23.107815624575153	22.934483712897364	23.01658821105957	772000	2024/11/11 
22.870626155318817	22.989222320649823	22.66080431206337	22.697294235229492	1096900	2024/11/12 
22.897994978964178	22.897994978964178	22.46466604730689	22.49659538269043	1140100	2024/11/13 
22.651680427587106	22.779397763234215	22.591470577922298	22.615190505981445	660600	2024/11/14 
22.55133233815209	22.657156775358207	22.450983738755298	22.569578170776367	511200	2024/11/15 
22.441858659713816	22.633434663751384	22.441858659713816	22.606067657470703	487800	2024/11/18 
22.715540301720406	22.73378613350128	22.66992746228651	22.688173294067383	435900	2024/11/19 
22.615190071770726	22.706415744042445	22.578698410847505	22.65167999267578	476000	2024/11/20 
22.64255721093889	22.724661708482035	22.58782145924952	22.633434295654297	414100	2024/11/21 
22.66992746228651	22.729225545565207	22.633435798724758	22.688173294067383	365500	2024/11/22 
22.961852525667613	23.039394696369317	22.916239688786398	23.007465362548828	616600	2024/11/25 
22.989221271807256	23.007465362548828	22.925360864148086	23.007465362548828	724900	2024/11/26 
23.089570999145508	23.116939746634287	23.043958160015816	23.089570999145508	434100	2024/11/27 
23.18992055944391	23.18992055944391	23.139745394064544	23.171674728393555	336500	2024/11/29 
23.208167727374942	23.2355347355087	23.136097908587292	23.226411819458008	661300	2024/12/02 
23.24581966136066	23.24581966136066	23.167256105933156	23.19036293029785	502800	2024/12/03 
23.107179963113484	23.27355194091797	23.107179963113484	23.27355194091797	564500	2024/12/04 
23.245822618355827	23.29203803590177	23.218095130766184	23.282794952392578	409800	2024/12/05 
23.319767360990273	23.319767360990273	23.282796786978317	23.29203987121582	1108600	2024/12/06 
23.29203987121582	23.319767360990273	23.255067534265805	23.29203987121582	767500	2024/12/09 
23.25506591796875	23.26430900156383	23.21809534652636	23.25506591796875	467500	2024/12/10 
23.255062743694076	23.282791990694328	23.1626336832976	23.19036293029785	765100	2024/12/11 
23.125666676461833	23.144152843974105	23.005508350570036	23.014751434326172	920500	2024/12/12 
22.968535613760796	22.996263099477996	22.802163647706394	22.839134216308594	649300	2024/12/13 
22.903835367868272	22.931562853066563	22.816026963572966	22.89459228515625	824400	2024/12/16 
22.89459157314569	23.060963530912424	22.88996915046455	22.968534469604492	696600	2024/12/17 
22.885351074365623	22.97315772290536	22.69124984741211	22.69124984741211	976100	2024/12/18 
22.441693142783183	22.478663712889304	22.275321169960957	22.35850715637207	1787400	2024/12/19 
22.503477046561287	22.56032742991456	22.446626663208008	22.446626663208008	1985700	2024/12/20 
22.389771958428064	22.446624142638417	22.257120476419043	22.2665958404541	1481000	2024/12/23 
22.162369040604837	22.36134807442628	22.152893676399916	22.332921981811523	1189100	2024/12/24 
22.2097462033911	22.361348418520787	22.205007617595257	22.342397689819336	957800	2024/12/26 
22.266595783929628	22.35187225278778	22.190794679082483	22.209745407104492	764900	2024/12/27 
22.33292335469316	22.40872446575134	22.33292335469316	22.370824813842773	1073000	2024/12/30 
22.408725296136968	22.484526410004058	22.266598433541308	22.28554916381836	724900	2024/12/31 
22.418199142061017	22.45610060004665	22.255227571549366	22.35187339782715	544200	2025/01/02 
22.418200661275492	22.418200661275492	22.266598433541308	22.28554916381836	576400	2025/01/03 
22.238171257917347	22.276072716630402	22.135839849529525	22.200271606445312	958800	2025/01/06 
22.13394712450215	22.16710999914874	21.911280559954104	21.963394165039062	1179400	2025/01/07 
21.849690616887283	22.010768203959906	21.811790964938986	21.991817474365234	823900	2025/01/08 
21.792840422808844	21.92549191663054	21.754938963293466	21.83074188232422	1051600	2025/01/10 
21.859166169719693	21.887592264356226	21.729357466085755	21.83074188232422	2240800	2025/01/13 
21.821267739066528	21.821267739066528	21.707565161396044	21.811792373657227	575600	2025/01/14 
22.1434205401309	22.22774821084721	22.092253933900423	22.181320190429688	465300	2025/01/15 
22.17184556473034	22.342398514859507	22.05814480280491	22.257122039794922	508000	2025/01/16 
22.418200316218613	22.418200316218613	22.238171995839817	22.276073455810547	486500	2025/01/17 
22.3613503770362	22.441888270209827	22.3613503770362	22.399250030517578	766400	2025/01/21 
22.40872412180378	22.43715021572968	22.33292301190906	22.36134910583496	571500	2025/01/22 
22.266598433541308	22.295024528956883	22.219223415089793	22.28554916381836	361000	2025/01/23 
22.27607228909687	22.361348762323555	22.242909416979938	22.35187339782715	351700	2025/01/24 
22.47505065859845	22.503476753525483	22.427675640961144	22.494001388549805	552700	2025/01/27 
22.456101735888176	22.494001388549805	22.409671905335035	22.494001388549805	444100	2025/01/28 
22.55084951414376	22.55084951414376	22.418198032242962	22.48452377319336	487500	2025/01/29 
22.579277329744386	22.579277329744386	22.51295158373122	22.531902313232422	425800	2025/01/30 
22.56032644747108	22.579277176843952	22.418199591656588	22.47504997253418	482700	2025/01/31 
22.598229333770053	22.65507971823894	22.522428218731154	22.56980323791504	929700	2025/02/03 
22.519714516815668	22.625667572021484	22.500451828096132	22.625667572021484	592400	2025/02/04 
22.654564521650222	22.750885314596797	22.654564521650222	22.73162078857422	758600	2025/02/05 
22.741252746883397	22.76051543548156	22.694055944776878	22.750885009765625	521700	2025/02/06 
22.73162078857422	22.73162078857422	22.677681585444052	22.73162078857422	588800	2025/02/07 
22.731620941054416	22.765332943236903	22.712356414902615	22.721988677978516	609100	2025/02/10 
22.69309013537085	22.718134384866417	22.67382744787371	22.71235466003418	627200	2025/02/11 
22.538979873200233	22.62566840571444	22.490820393877392	22.5775089263916	611500	2025/02/12 
22.72198784715616	22.7894118490558	22.69887078405253	22.7701473236084	626900	2025/02/13 
22.837570412354985	22.84720267469354	22.808675462505505	22.827939987182617	534600	2025/02/14 
22.779781341552734	22.837573085181624	22.750886388321494	22.779781341552734	825800	2025/02/18 
22.75088372564035	22.837570412354985	22.741251463301793	22.827939987182617	458800	2025/02/19 
22.866466673738234	22.866466673738234	22.7990426760844	22.856834411621094	471900	2025/02/20 
22.876100178519536	23.054292444450926	22.876100178519536	23.010948181152344	810200	2025/02/21 
23.001316910684096	23.08800544102061	22.972421958682812	23.068742752075195	804900	2025/02/24 
23.203590393066406	23.222854918873068	23.16506134145308	23.203590393066406	1010400	2025/02/25 
23.222853936474785	23.27101341178785	23.193957148987213	23.261381149291992	870100	2025/02/26 
23.21322425803834	23.261383738712446	23.19395973090213	23.222856521606445	704600	2025/02/27 
23.271014557738397	23.30954360961914	23.232487343023966	23.30954360961914	1093600	2025/02/28 
23.280646446551298	23.343255236268124	23.26234459605219	23.328805923461914	1180100	2025/03/03 
23.337568976209095	23.347305356600966	23.26065472805526	23.288888931274414	1342600	2025/03/04 
23.249944743101377	23.317124471740804	23.201264695374874	23.22073745727539	968100	2025/03/05 
23.211001076325132	23.235341100188382	23.113639123847342	23.22073745727539	906800	2025/03/06 
23.318098773008405	23.318098773008405	23.18179130045172	23.211000442504883	737700	2025/03/07 
23.288888931274414	23.347305356600966	23.269416170490672	23.288888931274414	1024700	2025/03/10 
23.30836106030888	23.339516362503627	23.210999116053735	23.249942779541016	699400	2025/03/11 
23.220736818103266	23.284022364025553	23.21100043742101	23.240209579467773	912200	2025/03/12 
23.220736702735934	23.32783317565918	23.172054799566524	23.32783317565918	771400	2025/03/13 
23.29862403869629	23.327831321251423	23.269414899116576	23.29862403869629	478900	2025/03/14 
23.34730656560047	23.42519575574412	23.34730656560047	23.366779327392578	583900	2025/03/17 
23.36677672980665	23.434929531477987	23.347303970179247	23.415456771850586	410500	2025/03/18 
23.434930797335632	23.464139938354492	23.39598713300182	23.464139938354492	545700	2025/03/19 
23.464140572522233	23.483613333727764	23.454404191919465	23.473876953125	692000	2025/03/20 
23.493347927418142	23.493347927418142	23.337569551358428	23.35704231262207	720200	2025/03/21 
23.288888411570124	23.288888411570124	23.142846423000414	23.16231918334961	940200	2025/03/24 
23.142846369228618	23.249942836851098	23.123373608924663	23.191526412963867	547200	2025/03/25 
23.123374363881517	23.125322382785367	23.026012416207603	23.055221557617188	641000	2025/03/26 
22.987068810545107	23.014329933121036	22.91891600410528	22.99680519104004	716400	2025/03/27 
23.16231970442453	23.3083616962797	23.16231970442453	23.259679794311523	625700	2025/03/28 
23.425195693969727	23.4933485030376	23.308362837574737	23.425195693969727	783800	2025/03/31 
23.532293892370443	23.6393922243093	23.503084749925822	23.600446701049805	865800	2025/04/01 
23.7362505994034	23.74608984721551	23.450863610783703	23.578794479370117	964400	2025/04/02 
23.726409631193775	23.785454503469335	23.618159134519715	23.628000259399414	1387700	2025/04/03 
23.775613660087796	23.913385656029504	23.726409912109375	23.726409912109375	3052700	2025/04/04 
23.56895524915539	23.628000121085307	23.155637391640678	23.175317764282227	4775900	2025/04/07 
23.05722864421195	23.293410015323907	22.835808022231145	22.850568771362305	1484900	2025/04/08 
22.506137647715587	22.988341490804917	22.24043291468598	22.978500366210938	1987900	2025/04/09 
22.811205045924236	22.98834153495081	22.407728321809312	22.456932067871094	1090500	2025/04/10 
22.260115361870447	22.60454534071028	22.059360547773366	22.50613784790039	1019200	2025/04/11 
22.702955720101574	22.7620005938137	22.565183722439052	22.732479095458984	579000	2025/04/14 
22.68327374658379	22.89977474784057	22.62422887215136	22.830888748168945	456300	2025/04/15 
22.83088788559104	22.988342129463863	22.737398137852235	22.939136505126953	420300	2025/04/16 
22.889932476148463	22.951929872747755	22.75314403307943	22.840726852416992	506600	2025/04/17 
22.653751285310836	22.730509431111273	22.4864559173584	22.4864559173584	705800	2025/04/21 
22.634068967636104	22.737397962442508	22.594704468470255	22.60454559326172	448500	2025/04/22 
23.106431943223747	23.11627306812067	22.771841204739026	22.821046829223633	512700	2025/04/23 
22.988342728925595	23.017864227294922	22.88993335468822	23.017864227294922	351700	2025/04/24 
23.10643211623583	23.17531811402742	23.09167136728125	23.155637741088867	533400	2025/04/25 
23.13595529732072	23.26191906808548	23.116273047544396	23.224523544311523	783100	2025/04/28 
23.224523158615888	23.362295150756836	23.204840909166435	23.362295150756836	365300	2025/04/29 
23.313091916756665	23.340646315790735	23.23436479423037	23.273727416992188	556700	2025/04/30 
23.313091314062067	23.313091314062067	23.145795948393307	23.19499969482422	548800	2025/05/01 
23.049999237060547	23.149999618530273	23.020000457763672	23.049999237060547	817100	2025/05/02 
23.010000228881836	23.014999389648438	22.8700008392334	22.969999313354492	732600	2025/05/05 
22.920000076293945	23.049999237060547	22.850000381469727	23.040000915527344	538500	2025/05/06 
23.170000076293945	23.200000762939453	23.1200008392334	23.15999984741211	505000	2025/05/07 
23.190000534057617	23.200000762939453	22.93000030517578	22.940000534057617	510700	2025/05/08 
22.969999313354492	23.038000106811523	22.940000534057617	22.950000762939453	529600	2025/05/09 
22.809999465942383	22.920000076293945	22.760000228881836	22.790000915527344	891400	2025/05/12 
22.770000457763672	22.790000915527344	22.59000015258789	22.670000076293945	920200	2025/05/13 
22.649999618530273	22.670000076293945	22.510000228881836	22.530000686645508	1072700	2025/05/14 
22.6200008392334	22.799999237060547	22.573999404907227	22.739999771118164	932000	2025/05/15 
22.8700008392334	22.8700008392334	22.75	22.770000457763672	923100	2025/05/16 
22.520000457763672	22.75	22.510000228881836	22.739999771118164	650200	2025/05/19 
